{"motiondata":[{"position":[194.603443145752,-418.2448387145996,2397.130727767944],"positionTracked":true,"id":4168,"skeleton":{"1":{"id":1,"position":[237.1761202812195,202.4896889925003,2586.344718933106],"positionconfidence":1,"rotation":[0.9999209642410278,0.01257652044296265,0,-0.01255481876432896,0.998195469379425,0.05872180312871933,0.0007385159842669964,-0.05871716141700745,0.9982744455337524],"rotationconfidence":1},"2":{"id":2,"position":[239.7147417068481,0.6516071152873337,2574.47099685669],"positionconfidence":1,"rotation":[0.9985643625259399,0.01557451859116554,-0.05125215277075768,-0.01255481876432896,0.998195469379425,0.05872180312871933,0.05207422748208046,-0.05799403786659241,0.9969578981399536],"rotationconfidence":1},"3":{"id":3,"position":[225.2825945615768,-337.8773331642151,2572.314977645874],"positionconfidence":1,"rotation":[0.9977295994758606,-0.04220088198781014,-0.05248600989580154,0.04259239509701729,0.999072253704071,0.006362880114465952,0.05216879770159721,-0.00858393870294094,0.9986014366149902],"rotationconfidence":1},"4":{"id":4,"position":[220.0720608234406,-395.0919210910797,2518.240451812744],"positionconfidence":1,"rotation":[0.9977810382843018,-0.0538112223148346,-0.03920857608318329,0.06604235619306564,0.7251821160316467,0.6853825449943542,-0.008447916246950626,-0.6864511966705322,0.7271268367767334],"rotationconfidence":1},"6":{"id":6,"position":[56.34243413805962,-121.5330362319946,2577.836275100708],"positionconfidence":1,"rotation":[0.3303562104701996,0.866557776927948,-0.374088853597641,0.1873515993356705,-0.4486584365367889,-0.8738450407981873,-0.9250752329826355,0.2185939699411392,-0.3105680644512177],"rotationconfidence":1},"7":{"id":7,"position":[-21.22412249445915,-324.9979615211487,2665.671110153198],"positionconfidence":1,"rotation":[-0.2600665390491486,0.2313302755355835,0.9374709129333496,0.2767692804336548,0.9479994773864746,-0.1571489274501801,-0.9250752329826355,0.2185939699411392,-0.3105680644512177],"rotationconfidence":1},"8":{"id":8,"position":[48.03869500756264,-386.6075277328491,2415.99702835083],"positionconfidence":1,"rotation":[0.01914126239717007,0.5128825306892395,0.8582453727722168,0,0.8584026098251343,-0.5129765272140503,-0.9998167753219604,0.00981901865452528,0.01643090881407261],"rotationconfidence":1},"9":{"id":9,"position":[46.77549377083778,-420.4545021057129,2359.358310699463],"positionconfidence":0.5,"rotation":[0.01914126239717007,0.5128825306892395,0.8582453727722168,0,0.8584026098251343,-0.5129765272140503,-0.9998167753219604,0.00981901865452528,0.01643090881407261],"rotationconfidence":0.5},"12":{"id":12,"position":[408.3157181739807,-121.5950325131416,2559.448003768921],"positionconfidence":1,"rotation":[0.2942383587360382,-0.9325568675994873,0.2091924548149109,-0.4090881943702698,-0.320707768201828,-0.8542793989181519,0.8637537360191345,0.1657836139202118,-0.4758625328540802],"rotationconfidence":1},"13":{"id":13,"position":[478.5063564777374,-344.0567255020142,2609.350919723511],"positionconfidence":1,"rotation":[-0.4592450559139252,-0.1297272890806198,-0.8787859678268433,-0.20742067694664,0.9775921702384949,-0.03591712564229965,0.8637537360191345,0.1657836139202118,-0.4758625328540802],"rotationconfidence":1},"14":{"id":14,"position":[362.7487719058991,-376.7558634281158,2387.843608856201],"positionconfidence":1,"rotation":[-0.5480175018310547,0.07890171557664871,-0.8327372074127197,0,-0.9955412745475769,-0.09432737529277802,-0.8364668488502502,-0.05169305205345154,0.5455740690231323],"rotationconfidence":1},"15":{"id":15,"position":[326.3614773750305,-371.5169429779053,2332.5514793396],"positionconfidence":0.5,"rotation":[-0.5480175018310547,0.07890171557664871,-0.8327372074127197,0,-0.9955412745475769,-0.09432737529277802,-0.8364668488502502,-0.05169305205345154,0.5455740690231323],"rotationconfidence":0.5},"17":{"id":17,"position":[134.361669421196,-472.5541770458221,2503.667116165161],"positionconfidence":1,"rotation":[0.8508151173591614,-0.5023892521858215,-0.154009222984314,0.5254319310188293,0.8100967407226562,0.260124146938324,-0.005921214818954468,-0.3022389113903046,0.9532138705253601],"rotationconfidence":1},"18":{"id":18,"position":[-56.51632323861122,-766.8446898460388,2409.169673919678],"positionconfidence":1,"rotation":[0.7640469670295715,-0.6451606750488281,0,0.5701003670692444,0.675154983997345,0.4681360125541687,-0.3020229339599609,-0.3576779067516327,0.8836564421653748],"rotationconfidence":1},"19":{"id":19,"position":[-275.498777627945,-1026.179909706116,2229.352951049805],"positionconfidence":0.5,"rotation":[0.0874798595905304,-0.9961662888526917,0,0.9598379135131836,0.08428962528705597,-0.2675937712192535,0.2665678858757019,0.02340906485915184,0.9635317921638489],"rotationconfidence":0.5},"20":{"id":20,"position":[-307.4104487895966,-1028.982281684876,2114.005565643311],"positionconfidence":0.5,"rotation":[0.0874798595905304,-0.9961662888526917,0,0.9598379135131836,0.08428962528705597,-0.2675937712192535,0.2665678858757019,0.02340906485915184,0.9635317921638489],"rotationconfidence":0.5},"21":{"id":21,"position":[297.7962195873261,-473.9634394645691,2504.235506057739],"positionconfidence":1,"rotation":[0.921947717666626,0.3575852513313294,0.1488122940063477,-0.3872609734535217,0.8574353456497192,0.3388708829879761,-0.006421692669391632,-0.370050460100174,0.9289894700050354],"rotationconfidence":1},"22":{"id":22,"position":[438.9043748378754,-786.3913178443909,2380.759477615356],"positionconfidence":1,"rotation":[0.8981284499168396,0.4309568703174591,0.08741586655378342,-0.2726782858371735,0.3898556232452393,0.8795790076255798,0.3449810445308685,-0.8138113617897034,0.4676530063152313],"rotationconfidence":1},"23":{"id":23,"position":[547.1184849739075,-941.107988357544,2031.692981719971],"positionconfidence":0.5,"rotation":[-0.9552358984947205,-0.2958455383777618,0,0.2538073658943176,-0.8195016980171204,-0.5138083696365356,0.1520078927278519,-0.4908080995082855,0.8579050302505493],"rotationconfidence":0.5},"24":{"id":24,"position":[528.695285320282,-881.6225528717041,1927.71577835083],"positionconfidence":0.5,"rotation":[-0.9552358984947205,-0.2958455383777618,0,0.2538073658943176,-0.8195016980171204,-0.5138083696365356,0.1520078927278519,-0.4908080995082855,0.8579050302505493],"rotationconfidence":0.5}},"skeletonTracked":true,"frameCount":1},{"position":[195.7398802042007,-413.7280285358429,2398.581266403198],"positionTracked":true,"id":4168,"skeleton":{"1":{"id":1,"position":[236.7129027843475,202.2030502557755,2584.856271743774],"positionconfidence":1,"rotation":[0.9999260306358337,0.01216485537588596,0,-0.01213976554572582,0.9978636503219604,0.06419388949871063,0.0007809093804098666,-0.06418914347887039,0.9979375004768372],"rotationconfidence":1},"2":{"id":2,"position":[239.1636818647385,0.7540786173194647,2571.89679145813],"positionconfidence":1,"rotation":[0.9983118176460266,0.01574195548892021,-0.05590958893299103,-0.01213976554572582,0.9978636503219604,0.06419388949871063,0.05680067837238312,-0.06340678781270981,0.9963700771331787],"rotationconfidence":1},"3":{"id":3,"position":[225.0079065561295,-337.8167152404785,2570.409536361694],"positionconfidence":1,"rotation":[0.9975016117095947,-0.04145465046167374,-0.05720219016075134,0.0417734831571579,0.9991174340248108,0.004388867877423763,0.0569697692990303,-0.006767437793314457,0.9983530044555664],"rotationconfidence":1},"4":{"id":4,"position":[219.6232974529266,-395.172119140625,2516.45302772522],"positionconfidence":1,"rotation":[0.9976547360420227,-0.05350883677601814,-0.04268177971243858,0.06822007894515991,0.7266618609428406,0.6835997104644775,-0.005563402082771063,-0.6849082112312317,0.7286080121994019],"rotationconfidence":1},"6":{"id":6,"position":[56.02939799427986,-121.3373765349388,2576.734304428101],"positionconfidence":1,"rotation":[0.3290249109268189,0.8662205934524536,-0.3760378956794739,0.187133252620697,-0.4501218497753143,-0.8731388449668884,-0.9255937337875366,0.2169152498245239,-0.3101999759674072],"rotationconfidence":1},"7":{"id":7,"position":[-21.26516215503216,-324.8299956321716,2665.073156356812],"positionconfidence":1,"rotation":[-0.2592432796955109,0.2338521331548691,0.9370731115341187,0.2758063673973084,0.9477662444114685,-0.1602182537317276,-0.9255937337875366,0.2169152498245239,-0.3101999759674072],"rotationconfidence":1},"8":{"id":8,"position":[47.94971644878388,-387.2657418251038,2414.885759353638],"positionconfidence":1,"rotation":[0.01900632493197918,0.5051825642585754,0.862803041934967,0,0.8629589676856995,-0.5052738785743713,-0.9998191595077515,0.009603399783372879,0.01640167832374573],"rotationconfidence":1},"9":{"id":9,"position":[46.69316485524178,-420.664519071579,2357.84387588501],"positionconfidence":0.5,"rotation":[0.01900632493197918,0.5051825642585754,0.862803041934967,0,0.8629589676856995,-0.5052738785743713,-0.9998191595077515,0.009603399783372879,0.01640167832374573],"rotationconfidence":0.5},"12":{"id":12,"position":[407.559335231781,-121.6844916343689,2556.672334671021],"positionconfidence":1,"rotation":[0.2953628599643707,-0.9318932890892029,0.2105608582496643,-0.4100450873374939,-0.3227130770683289,-0.853064775466919,0.8629159331321716,0.1656241714954376,-0.4774356186389923],"rotationconfidence":1},"13":{"id":13,"position":[477.946937084198,-343.7629640102387,2606.850862503052],"positionconfidence":1,"rotation":[-0.4604542255401611,-0.1315960884094238,-0.8778749704360962,-0.2082259804010391,0.9773695468902588,-0.03729401156306267,0.8629159331321716,0.1656241714954376,-0.4774356186389923],"rotationconfidence":1},"14":{"id":14,"position":[362.5479638576508,-376.7435550689697,2386.837959289551],"positionconfidence":1,"rotation":[-0.5479041934013367,0.0800323635339737,-0.8327038288116455,0,-0.995413064956665,-0.09567058831453323,-0.8365409970283508,-0.05241831764578819,0.5453909635543823],"rotationconfidence":1},"15":{"id":15,"position":[326.1224925518036,-371.4228868484497,2331.478595733643],"positionconfidence":0.5,"rotation":[-0.5479041934013367,0.0800323635339737,-0.8327038288116455,0,-0.995413064956665,-0.09567058831453323,-0.8365409970283508,-0.05241831764578819,0.5453909635543823],"rotationconfidence":0.5},"17":{"id":17,"position":[134.0462118387222,-472.5562632083893,2502.433776855469],"positionconfidence":1,"rotation":[0.8512156009674072,-0.500828206539154,-0.1568537056446075,0.5248125195503235,0.811190128326416,0.2579582929611206,-0.00195461860857904,-0.3018968999385834,0.9533385038375854],"rotationconfidence":1},"18":{"id":18,"position":[-56.62329494953156,-767.2695517539978,2408.715009689331],"positionconfidence":1,"rotation":[0.7601409554481506,-0.6497582197189331,0,0.5726746320724487,0.6699621677398682,0.4724346697330475,-0.3069683015346527,-0.359116941690445,0.8813657164573669],"rotationconfidence":1},"19":{"id":19,"position":[-276.9111692905426,-1024.980545043945,2226.985931396484],"positionconfidence":0.5,"rotation":[0.03900165855884552,-0.9992391467094421,0,0.9621910452842712,0.03755562007427216,-0.2697736620903015,0.2695684134960175,0.01052162051200867,0.9629237055778503],"rotationconfidence":0.5},"20":{"id":20,"position":[-309.3039393424988,-1026.244878768921,2111.275911331177],"positionconfidence":0.5,"rotation":[0.03900165855884552,-0.9992391467094421,0,0.9621910452842712,0.03755562007427216,-0.2697736620903015,0.2695684134960175,0.01052162051200867,0.9629237055778503],"rotationconfidence":0.5},"21":{"id":21,"position":[297.2957789897919,-474.0190207958221,2502.305269241333],"positionconfidence":1,"rotation":[0.9212120175361633,0.3614017367362976,0.1440735459327698,-0.38905268907547,0.8581158518791199,0.3350750207901001,-0.002535092644393444,-0.3647273182868958,0.9311108589172363],"rotationconfidence":1},"22":{"id":22,"position":[439.0161633491516,-786.6052389144897,2380.247354507446],"positionconfidence":1,"rotation":[0.8969540596008301,0.4343078136444092,0.08276551961898804,-0.2679711282253265,0.3851364254951477,0.8830975890159607,0.3516601622104645,-0.8142767548561096,0.4618316292762756],"rotationconfidence":1},"23":{"id":23,"position":[545.4888939857483,-939.6311640739441,2029.366970062256],"positionconfidence":0.5,"rotation":[-0.9504783749580383,-0.3107907176017761,0,0.2644385695457459,-0.8087215423583984,-0.5253967642784119,0.1632884293794632,-0.4993782341480255,0.8508573770523071],"rotationconfidence":0.5},"24":{"id":24,"position":[525.6702899932861,-879.0207505226135,1926.096916198731],"positionconfidence":0.5,"rotation":[-0.9504783749580383,-0.3107907176017761,0,0.2644385695457459,-0.8087215423583984,-0.5253967642784119,0.1632884293794632,-0.4993782341480255,0.8508573770523071],"rotationconfidence":0.5}},"skeletonTracked":true,"frameCount":2},{"position":[195.3123956918716,-417.1403646469116,2397.998094558716],"positionTracked":true,"id":4168,"skeleton":{"1":{"id":1,"position":[236.2716197967529,201.9882798194885,2583.636045455933],"positionconfidence":1,"rotation":[0.9999287128448486,0.01193664502352476,0,-0.01190878730267286,0.9975951313972473,0.0682811513543129,0.0008150478824973106,-0.0682762861251831,0.9976661801338196],"rotationconfidence":1},"2":{"id":2,"position":[238.6726140975952,0.8577973931096494,2569.869518280029],"positionconfidence":1,"rotation":[0.9981401562690735,0.01594275049865246,-0.05884158238768578,-0.01190878730267286,0.9975951313972473,0.0682811513543129,0.05978865548968315,-0.06745341420173645,0.9959294199943542],"rotationconfidence":1},"3":{"id":3,"position":[224.7442156076431,-337.7669155597687,2568.8157081604],"positionconfidence":1,"rotation":[0.997350811958313,-0.04083595052361488,-0.0601978562772274,0.04109730571508408,0.999150276184082,0.003109385026618838,0.06001973524689674,-0.005575117655098438,0.9981816411018372],"rotationconfidence":1},"4":{"id":4,"position":[219.2266136407852,-395.240068435669,2514.947414398193],"positionconfidence":1,"rotation":[0.9975500106811523,-0.05328748747706413,-0.0453232116997242,0.06987441331148148,0.7278348207473755,0.6821832060813904,-0.003364013507962227,-0.6836788654327393,0.7297751903533936],"rotationconfidence":1},"6":{"id":6,"position":[55.7592548429966,-121.159739792347,2575.747728347778],"positionconfidence":1,"rotation":[0.3276938796043396,0.86595219373703,-0.3778140544891357,0.1866931915283203,-0.4513601958751679,-0.8725936412811279,-0.9261546730995178,0.2154083102941513,-0.3095753788948059],"rotationconfidence":1},"7":{"id":7,"position":[-21.2631244212389,-324.6963322162628,2664.550542831421],"positionconfidence":1,"rotation":[-0.2583352029323578,0.2356966137886047,0.9368618726730347,0.2747736871242523,0.9476532340049744,-0.1626439690589905,-0.9261546730995178,0.2154083102941513,-0.3095753788948059],"rotationconfidence":1},"8":{"id":8,"position":[47.81828075647354,-387.7239525318146,2414.024353027344],"positionconfidence":1,"rotation":[0.01892435736954212,0.4988639652729034,0.8664737939834595,0,0.8666289448738098,-0.4989533126354218,-0.999821126461029,0.009442370384931564,0.01640039496123791],"rotationconfidence":1},"9":{"id":9,"position":[46.56307026743889,-420.8124876022339,2356.553077697754],"positionconfidence":0.5,"rotation":[0.01892435736954212,0.4988639652729034,0.8664737939834595,0,0.8666289448738098,-0.4989533126354218,-0.999821126461029,0.009442370384931564,0.01640039496123791],"rotationconfidence":0.5},"12":{"id":12,"position":[406.9822132587433,-121.7025518417358,2554.625988006592],"positionconfidence":1,"rotation":[0.2965300977230072,-0.931204617023468,0.2119614779949188,-0.4105274677276611,-0.3246795833110809,-0.8520858287811279,0.8622859716415405,0.1656530946493149,-0.4785624146461487],"rotationconfidence":1},"13":{"id":13,"position":[477.6186347007752,-343.5247540473938,2605.117321014404],"positionconfidence":1,"rotation":[-0.4613422453403473,-0.1328012943267822,-0.8772270083427429,-0.208869069814682,0.9772015810012817,-0.03808992356061935,0.8622859716415405,0.1656530946493149,-0.4785624146461487],"rotationconfidence":1},"14":{"id":14,"position":[362.358957529068,-376.7032325267792,2385.954856872559],"positionconfidence":1,"rotation":[-0.5475316643714905,0.08090824633836746,-0.8328642845153809,0,-0.9953146576881409,-0.09668941050767899,-0.8367850184440613,-0.05294051393866539,0.5449662804603577],"rotationconfidence":1},"15":{"id":15,"position":[325.8864283561707,-371.3137209415436,2330.475568771362],"positionconfidence":0.5,"rotation":[-0.5475316643714905,0.08090824633836746,-0.8328642845153809,0,-0.9953146576881409,-0.09668941050767899,-0.8367850184440613,-0.05294051393866539,0.5449662804603577],"rotationconfidence":0.5},"17":{"id":17,"position":[133.7638795375824,-472.5623428821564,2501.345634460449],"positionconfidence":1,"rotation":[0.8515869379043579,-0.4995801448822022,-0.1588069200515747,0.524212658405304,0.8121484518051147,0.2561564147472382,0.001004144782200456,-0.3013879954814911,0.9535011053085327],"rotationconfidence":1},"18":{"id":18,"position":[-56.71685189008713,-767.6689624786377,2408.267259597778],"positionconfidence":1,"rotation":[0.7572280764579773,-0.6531506180763245,0,0.5745165944099426,0.6660639643669128,0.4756989181041718,-0.3107030391693115,-0.3602125644683838,0.8796082139015198],"rotationconfidence":1},"19":{"id":19,"position":[-277.9501080513001,-1024.155020713806,2225.086450576782],"positionconfidence":0.5,"rotation":[0.008180215954780579,-0.999966561794281,0,0.9624929428100586,0.007873663678765297,-0.2711928486824036,0.2711837589740753,0.002218415960669518,0.9625251293182373],"rotationconfidence":0.5},"20":{"id":20,"position":[-310.5922639369965,-1024.4220495224,2109.228134155273],"positionconfidence":0.5,"rotation":[0.008180215954780579,-0.999966561794281,0,0.9624929428100586,0.007873663678765297,-0.2711928486824036,0.2711837589740753,0.002218415960669518,0.9625251293182373],"rotationconfidence":0.5},"21":{"id":21,"position":[296.8644499778748,-474.0502238273621,2500.703573226929],"positionconfidence":1,"rotation":[0.9205682277679443,0.3644523024559021,0.1404583901166916,-0.390581488609314,0.8586298823356628,0.3319651782512665,0.0003837014373857528,-0.3604570329189301,0.9327756762504578],"rotationconfidence":1},"22":{"id":22,"position":[439.1250014305115,-786.7869138717651,2379.7926902771],"positionconfidence":1,"rotation":[0.8962467312812805,0.4362523257732391,0.08015986531972885,-0.265119880437851,0.3819937407970429,0.8853204250335693,0.3556025326251984,-0.8147175312042236,0.4580197930335999],"rotationconfidence":1},"23":{"id":23,"position":[544.5290803909302,-938.6566877365112,2027.814626693726],"positionconfidence":0.5,"rotation":[-0.9477059245109558,-0.3191449046134949,0,0.2701272368431091,-0.8021471500396729,-0.5325328707695007,0.1699551641941071,-0.504684567451477,0.8464093208312988],"rotationconfidence":0.5},"24":{"id":24,"position":[523.8989591598511,-877.3952126502991,1925.07266998291],"positionconfidence":0.5,"rotation":[-0.9477059245109558,-0.3191449046134949,0,0.2701272368431091,-0.8021471500396729,-0.5325328707695007,0.1699551641941071,-0.504684567451477,0.8464093208312988],"rotationconfidence":0.5}},"skeletonTracked":true,"frameCount":3},{"position":[195.131853222847,-415.3559505939484,2397.155284881592],"positionTracked":true,"id":4168,"skeleton":{"1":{"id":1,"position":[235.8762919902802,201.8879503011704,2582.751274108887],"positionconfidence":1,"rotation":[0.9999342560768127,0.01146231964230537,0,-0.01143241208046675,0.9973252415657043,0.0721912831068039,0.0008274795836769044,-0.07218653708696365,0.9973906874656677],"rotationconfidence":1},"2":{"id":2,"position":[238.1793707609177,0.9750937460921705,2568.20821762085],"positionconfidence":1,"rotation":[0.9980384111404419,0.01582506857812405,-0.06057175993919373,-0.01143241208046675,0.9973252415657043,0.0721912831068039,0.06155218183994293,-0.07135719805955887,0.9955499172210693],"rotationconfidence":1},"3":{"id":3,"position":[224.4839519262314,-337.6789689064026,2567.393779754639],"positionconfidence":1,"rotation":[0.9972683191299438,-0.04018120467662811,-0.06198031082749367,0.04040759056806564,0.9991804361343384,0.002402954734861851,0.06183295324444771,-0.004900865256786346,0.9980745315551758],"rotationconfidence":1},"4":{"id":4,"position":[218.8733667135239,-395.2441215515137,2513.595104217529],"positionconfidence":1,"rotation":[0.997472882270813,-0.05302390828728676,-0.04728884622454643,0.07102847099304199,0.7287590503692627,0.6810765266418457,-0.0016511658905074,-0.6827142238616943,0.7306835651397705],"rotationconfidence":1},"6":{"id":6,"position":[55.5037222802639,-121.0020110011101,2574.834823608398],"positionconfidence":1,"rotation":[0.3262231945991516,0.8656939268112183,-0.3796743750572205,0.1861340254545212,-0.4526104629039764,-0.8720654249191284,-0.9267861843109131,0.2138176262378693,-0.308787077665329],"rotationconfidence":1},"7":{"id":7,"position":[-21.21150121092796,-324.5801329612732,2664.119720458984],"positionconfidence":1,"rotation":[-0.2573433816432953,0.2373304963111877,0.9367222785949707,0.2735723257064819,0.947605550289154,-0.1649300754070282,-0.9267861843109131,0.2138176262378693,-0.308787077665329],"rotationconfidence":1},"8":{"id":8,"position":[47.74437099695206,-388.1734907627106,2413.122415542603],"positionconfidence":1,"rotation":[0.0190471988171339,0.4933392405509949,0.8696285486221313,0,0.8697863221168518,-0.4934287369251251,-0.9998188018798828,0.009398435242474079,0.01656699366867542],"rotationconfidence":1},"9":{"id":9,"position":[46.47704213857651,-420.9984242916107,2355.260610580444],"positionconfidence":0.5,"rotation":[0.0190471988171339,0.4933392405509949,0.8696285486221313,0,0.8697863221168518,-0.4934287369251251,-0.9998188018798828,0.009398435242474079,0.01656699366867542],"rotationconfidence":0.5},"12":{"id":12,"position":[406.5435230731964,-121.6588243842125,2553.083896636963],"positionconfidence":1,"rotation":[0.2974625825881958,-0.930618405342102,0.2132260650396347,-0.4108504056930542,-0.3263726234436035,-0.8512831330299377,0.8618109226226807,0.1656208634376526,-0.4794286191463471],"rotationconfidence":1},"13":{"id":13,"position":[477.3935973644257,-343.3148860931397,2603.870391845703],"positionconfidence":1,"rotation":[-0.4619452357292175,-0.1341066062450409,-0.8767108917236328,-0.2094961553812027,0.9770287871360779,-0.03906676918268204,0.8618109226226807,0.1656208634376526,-0.4794286191463471],"rotationconfidence":1},"14":{"id":14,"position":[362.2811436653137,-376.7330050468445,2385.402202606201],"positionconfidence":1,"rotation":[-0.5470021963119507,0.08152731508016586,-0.8331518173217773,0,-0.995246410369873,-0.09738893061876297,-0.8371312022209167,-0.05327196046710014,0.5444019436836243],"rotationconfidence":1},"15":{"id":15,"position":[325.7650434970856,-371.2905049324036,2329.78367805481],"positionconfidence":0.5,"rotation":[-0.5470021963119507,0.08152731508016586,-0.8331518173217773,0,-0.995246410369873,-0.09738893061876297,-0.8371312022209167,-0.05327196046710014,0.5444019436836243],"rotationconfidence":0.5},"17":{"id":17,"position":[133.505180478096,-472.5396037101746,2500.300407409668],"positionconfidence":1,"rotation":[0.8519372940063477,-0.4986187815666199,-0.159943550825119,0.5236339569091797,0.8130632042884827,0.2544318735599518,0.003179702442139387,-0.3005119264125824,0.9537727236747742],"rotationconfidence":1},"18":{"id":18,"position":[-56.79585784673691,-768.0261135101318,2407.833814620972],"positionconfidence":1,"rotation":[0.7549997568130493,-0.6557250618934631,0,0.575920820236206,0.6631133556365967,0.4781169295310974,-0.3135132491588593,-0.3609781563282013,0.8782961368560791],"rotationconfidence":1},"19":{"id":19,"position":[-278.7394523620606,-1023.571252822876,2223.581075668335],"positionconfidence":0.5,"rotation":[-0.01275813207030296,-0.9999186396598816,0,0.9621747136116028,-0.01227655075490475,-0.2721564471721649,0.2721343040466309,-0.003472208045423031,0.9622529745101929],"rotationconfidence":0.5},"20":{"id":20,"position":[-311.5147948265076,-1023.153066635132,2107.689142227173],"positionconfidence":0.5,"rotation":[-0.01275813207030296,-0.9999186396598816,0,0.9621747136116028,-0.01227655075490475,-0.2721564471721649,0.2721343040466309,-0.003472208045423031,0.9622529745101929],"rotationconfidence":0.5},"21":{"id":21,"position":[296.5084910392761,-474.0119278430939,2499.293088912964],"positionconfidence":1,"rotation":[0.9200317859649658,0.3668976724147797,0.1375773847103119,-0.3918353617191315,0.859155535697937,0.3291153311729431,0.002551277168095112,-0.3567042350769043,0.9342138171195984],"rotationconfidence":1},"22":{"id":22,"position":[439.2216801643372,-786.9311571121216,2379.42361831665],"positionconfidence":1,"rotation":[0.8956556916236877,0.4377622604370117,0.07851842045783997,-0.2631568610668182,0.3793098032474518,0.8870583772659302,0.358537882566452,-0.8151615262031555,0.4549311399459839],"rotationconfidence":1},"23":{"id":23,"position":[543.891429901123,-937.8003478050232,2026.599168777466],"positionconfidence":0.5,"rotation":[-0.9457350373268127,-0.3249388337135315,0,0.2738734185695648,-0.797109067440033,-0.5381547212600708,0.1748673617839813,-0.5089517831802368,0.8428460955619812],"rotationconfidence":0.5},"24":{"id":24,"position":[522.6717591285706,-876.0404586791992,1924.322128295898],"positionconfidence":0.5,"rotation":[-0.9457350373268127,-0.3249388337135315,0,0.2738734185695648,-0.797109067440033,-0.5381547212600708,0.1748673617839813,-0.5089517831802368,0.8428460955619812],"rotationconfidence":0.5}},"skeletonTracked":true,"frameCount":4},{"position":[196.7929303646088,-414.9700105190277,2397.505044937134],"positionTracked":true,"id":4168,"skeleton":{"1":{"id":1,"position":[235.5028241872788,201.843872666359,2582.007169723511],"positionconfidence":1,"rotation":[0.9999386668205261,0.01107066590338945,0,-0.01103902608156204,0.9970808625221252,0.07555033266544342,0.0008363925153389573,-0.07554569840431213,0.9971418976783752],"rotationconfidence":1},"2":{"id":2,"position":[237.7249747514725,1.131987548433244,2566.79892539978],"positionconfidence":1,"rotation":[0.9979735016822815,0.01572084054350853,-0.06165816634893417,-0.01103902608156204,0.9970808625221252,0.07555033266544342,0.0626658946275711,-0.07471658289432526,0.9952338337898254],"rotationconfidence":1},"3":{"id":3,"position":[224.2600917816162,-337.5805914402008,2566.219806671143],"positionconfidence":1,"rotation":[0.9972236156463623,-0.03953485935926437,-0.06310399621725082,0.03972169384360313,0.9992094039916992,0.001708412659354508,0.06298655271530151,-0.004210265818983316,0.9980054497718811],"rotationconfidence":1},"4":{"id":4,"position":[218.582034111023,-395.2310085296631,2512.487173080444],"positionconfidence":1,"rotation":[0.9974145889282227,-0.05268207564949989,-0.04887596145272255,0.0718626007437706,0.7296348214149475,0.6800506114959717,-0.0001648731122259051,-0.6818047165870667,0.7315342426300049],"rotationconfidence":1},"6":{"id":6,"position":[55.28397485613823,-120.8719462156296,2574.073076248169],"positionconfidence":1,"rotation":[0.3249023854732513,0.8655004501342773,-0.3812443614006043,0.1856578290462494,-0.4536397159099579,-0.8716318011283875,-0.9273454546928406,0.2124142944812775,-0.3080756068229675],"rotationconfidence":1},"7":{"id":7,"position":[-21.14958874881268,-324.4816660881043,2663.761138916016],"positionconfidence":1,"rotation":[-0.256413459777832,0.2389250844717026,0.9365719556808472,0.272548258304596,0.9475204944610596,-0.1671002060174942,-0.9273454546928406,0.2124142944812775,-0.3080756068229675],"rotationconfidence":1},"8":{"id":8,"position":[47.7362722158432,-388.6692523956299,2412.149667739868],"positionconfidence":1,"rotation":[0.01944140717387199,0.4884835481643677,0.8723564743995667,0,0.8725214004516602,-0.4885758757591248,-0.9998109936714172,0.009498602710664272,0.0169630441814661],"rotationconfidence":1},"9":{"id":9,"position":[46.43948003649712,-421.2523698806763,2353.961229324341],"positionconfidence":0.5,"rotation":[0.01944140717387199,0.4884835481643677,0.8723564743995667,0,0.8725214004516602,-0.4885758757591248,-0.9998109936714172,0.009498602710664272,0.0169630441814661],"rotationconfidence":0.5},"12":{"id":12,"position":[406.2084257602692,-121.5971261262894,2551.92232131958],"positionconfidence":1,"rotation":[0.2979489862918854,-0.9303845763206482,0.2135675251483917,-0.4113070368766785,-0.3270204365253449,-0.8508139848709106,0.8614250421524048,0.1656573116779327,-0.4801090657711029],"rotationconfidence":1},"13":{"id":13,"position":[477.1496951580048,-343.1204855442047,2602.77247428894],"positionconfidence":1,"rotation":[-0.4623570442199707,-0.1354049742221832,-0.8762941360473633,-0.2101736813783646,0.976843535900116,-0.04004840925335884,0.8614250421524048,0.1656573116779327,-0.4801090657711029],"rotationconfidence":1},"14":{"id":14,"position":[362.2370958328247,-376.7735660076141,2384.981393814087],"positionconfidence":1,"rotation":[-0.5464363694190979,0.08199547231197357,-0.8334770798683167,0,-0.9951958060264587,-0.09790497273206711,-0.8375006318092346,-0.05349883809685707,0.5438112020492554],"rotationconfidence":1},"15":{"id":15,"position":[325.6790637969971,-371.2878525257111,2329.219579696655],"positionconfidence":0.5,"rotation":[-0.5464363694190979,0.08199547231197357,-0.8334770798683167,0,-0.9951958060264587,-0.09790497273206711,-0.8375006318092346,-0.05349883809685707,0.5438112020492554],"rotationconfidence":0.5},"17":{"id":17,"position":[133.2934200763702,-472.5161492824554,2499.429225921631],"positionconfidence":1,"rotation":[0.8522573709487915,-0.4977549016475678,-0.1609267145395279,0.5230989456176758,0.8138236999511719,0.2530978620052338,0.004985273815691471,-0.299885094165802,0.9539622664451599],"rotationconfidence":1},"18":{"id":18,"position":[-56.85476958751679,-768.3437466621399,2407.427310943604],"positionconfidence":1,"rotation":[0.7531532049179077,-0.6578450202941895,0,0.577113926410675,0.6607258319854736,0.4799800515174866,-0.3157524764537811,-0.3614985048770905,0.8772792816162109],"rotationconfidence":1},"19":{"id":19,"position":[-279.3821394443512,-1023.110747337341,2222.353458404541],"positionconfidence":0.5,"rotation":[-0.02775373123586178,-0.9996148347854614,0,0.9616615176200867,-0.0266999788582325,-0.2729363441467285,0.2728312015533447,-0.00757500110194087,0.9620320796966553],"rotationconfidence":0.5},"20":{"id":20,"position":[-312.2410476207733,-1022.198438644409,2106.489419937134],"positionconfidence":0.5,"rotation":[-0.02775373123586178,-0.9996148347854614,0,0.9616615176200867,-0.0266999788582325,-0.2729363441467285,0.2728312015533447,-0.00757500110194087,0.9620320796966553],"rotationconfidence":0.5},"21":{"id":21,"position":[296.2175905704498,-473.954051733017,2498.125791549683],"positionconfidence":1,"rotation":[0.9195899963378906,0.3689035177230835,0.1351462602615356,-0.3928552865982056,0.8595973253250122,0.326737105846405,0.004363106563687325,-0.3535570800304413,0.9354028105735779],"rotationconfidence":1},"22":{"id":22,"position":[439.309149980545,-787.0492935180664,2379.116773605347],"positionconfidence":1,"rotation":[0.8951889276504517,0.4389276206493378,0.07732632756233215,-0.2617077231407166,0.3772462010383606,0.8883660435676575,0.3607573211193085,-0.8154923319816589,0.4525773823261261],"rotationconfidence":1},"23":{"id":23,"position":[543.4309840202332,-937.1387362480164,2025.675535202026],"positionconfidence":0.5,"rotation":[-0.9442710280418396,-0.3291690349578857,0,0.276560515165329,-0.7933555245399475,-0.5423111319541931,0.1785120218992233,-0.5120886564254761,0.8401777744293213],"rotationconfidence":0.5},"24":{"id":24,"position":[521.7803120613098,-875.030517578125,1923.775315284729],"positionconfidence":0.5,"rotation":[-0.9442710280418396,-0.3291690349578857,0,0.276560515165329,-0.7933555245399475,-0.5423111319541931,0.1785120218992233,-0.5120886564254761,0.8401777744293213],"rotationconfidence":0.5}},"skeletonTracked":true,"frameCount":5},{"position":[197.0930248498917,-414.2915308475494,2396.609544754028],"positionTracked":true,"id":4168,"skeleton":{"1":{"id":1,"position":[235.0651472806931,201.7550617456436,2581.244945526123],"positionconfidence":1,"rotation":[0.9999376535415649,0.01116697117686272,0,-0.01113301981240511,0.9968975186347961,0.07791869342327118,0.0008701158221811056,-0.07791383564472198,0.9969596862792969],"rotationconfidence":1},"2":{"id":2,"position":[237.3042553663254,1.25588127411902,2565.573692321777],"positionconfidence":1,"rotation":[0.9979326725006104,0.01600951328873634,-0.06224232167005539,-0.01113301981240511,0.9968975186347961,0.07791869342327118,0.06329666078090668,-0.07706467062234879,0.9950149059295654],"rotationconfidence":1},"3":{"id":3,"position":[224.0648418664932,-337.4743163585663,2565.147161483765],"positionconfidence":1,"rotation":[0.9972089529037476,-0.03889608755707741,-0.0637291818857193,0.03905557468533516,0.9992362856864929,0.001258243573829532,0.0636315643787384,-0.003743711160495877,0.9979664087295532],"rotationconfidence":1},"4":{"id":4,"position":[218.3477133512497,-395.1860964298248,2511.461019515991],"positionconfidence":1,"rotation":[0.9973790049552917,-0.05208836495876312,-0.05021838843822479,0.07234242558479309,0.7302634716033936,0.6793245673179626,0.00128774531185627,-0.6811769604682922,0.7321175932884216],"rotationconfidence":1},"6":{"id":6,"position":[55.04662171006203,-120.77846378088,2573.333263397217],"positionconfidence":1,"rotation":[0.323444277048111,0.8655715584754944,-0.3823213875293732,0.185273289680481,-0.454149454832077,-0.8714481592178345,-0.9279318451881409,0.2110310047864914,-0.3072593510150909],"rotationconfidence":1},"7":{"id":7,"position":[-21.06737531721592,-324.4676887989044,2663.302421569824],"positionconfidence":1,"rotation":[-0.2553060054779053,0.2407761365175247,0.9364004731178284,0.2715902626514435,0.9473609924316406,-0.169546365737915,-0.9279318451881409,0.2110310047864914,-0.3072593510150909],"rotationconfidence":1},"8":{"id":8,"position":[47.73575440049171,-389.3551230430603,2410.949230194092],"positionconfidence":1,"rotation":[0.01997105218470097,0.4838984310626984,0.8748962879180908,0,0.8750708699226379,-0.4839949905872345,-0.9998006820678711,0.009665889665484428,0.01747608557343483],"rotationconfidence":1},"9":{"id":9,"position":[46.40264064073563,-421.656459569931,2352.547883987427],"positionconfidence":0.5,"rotation":[0.01997105218470097,0.4838984310626984,0.8748962879180908,0,0.8750708699226379,-0.4839949905872345,-0.9998006820678711,0.009665889665484428,0.01747608557343483],"rotationconfidence":0.5},"12":{"id":12,"position":[405.9443175792694,-121.4804276823998,2550.956964492798],"positionconfidence":1,"rotation":[0.2980886399745941,-0.9303191900253296,0.2136572003364563,-0.4117012321949005,-0.3272494077682495,-0.8505350947380066,0.8611882925033569,0.1655719131231308,-0.4805628657341003],"rotationconfidence":1},"13":{"id":13,"position":[476.911336183548,-342.9648280143738,2601.823091506958],"positionconfidence":1,"rotation":[-0.4625414907932282,-0.1367081850767136,-0.8759943842887878,-0.210736945271492,0.976676344871521,-0.04114760830998421,0.8611882925033569,0.1655719131231308,-0.4805628657341003],"rotationconfidence":1},"14":{"id":14,"position":[362.2545897960663,-376.8526315689087,2384.677886962891],"positionconfidence":1,"rotation":[-0.5461488962173462,0.082628533244133,-0.8336029648780823,0,-0.9951232671737671,-0.09863878041505814,-0.8376880884170532,-0.05387146025896072,0.5434854626655579],"rotationconfidence":1},"15":{"id":15,"position":[325.6427347660065,-371.3135123252869,2328.796148300171],"positionconfidence":0.5,"rotation":[-0.5461488962173462,0.082628533244133,-0.8336029648780823,0,-0.9951232671737671,-0.09863878041505814,-0.8376880884170532,-0.05387146025896072,0.5434854626655579],"rotationconfidence":0.5},"17":{"id":17,"position":[133.1329941749573,-472.4991619586945,2498.561859130859],"positionconfidence":1,"rotation":[0.8525159358978271,-0.4970671236515045,-0.1616804897785187,0.5226600766181946,0.8145143389701843,0.2517789900302887,0.006540005560964346,-0.2991496026515961,0.9541837573051453],"rotationconfidence":1},"18":{"id":18,"position":[-56.89915642142296,-768.6455845832825,2407.018423080444],"positionconfidence":1,"rotation":[0.7518025040626526,-0.6593884229660034,0,0.5779839754104614,0.6589891314506531,0.4813188314437866,-0.3173760771751404,-0.3618566989898682,0.8765456080436707],"rotationconfidence":1},"19":{"id":19,"position":[-279.8352539539337,-1022.826433181763,2221.367359161377],"positionconfidence":0.5,"rotation":[-0.03796787187457085,-0.9992789030075073,0,0.9612025022506714,-0.03652114793658257,-0.2734151780605316,0.273218035697937,-0.01038099359720945,0.9618961215019226],"rotationconfidence":0.5},"20":{"id":20,"position":[-312.7254247665405,-1021.576762199402,2105.573654174805],"positionconfidence":0.5,"rotation":[-0.03796787187457085,-0.9992789030075073,0,0.9612025022506714,-0.03652114793658257,-0.2734151780605316,0.273218035697937,-0.01038099359720945,0.9618961215019226],"rotationconfidence":0.5},"21":{"id":21,"position":[296.027809381485,-473.8445281982422,2497.023582458496],"positionconfidence":1,"rotation":[0.9192730188369751,0.3705343008041382,0.1328209340572357,-0.393575519323349,0.8601577281951904,0.3243871331214905,0.005949605721980333,-0.350475400686264,0.9365530014038086],"rotationconfidence":1},"22":{"id":22,"position":[439.3895268440247,-787.1609926223755,2378.864049911499],"positionconfidence":1,"rotation":[0.8948392868041992,0.4397720694541931,0.0765710100531578,-0.260697603225708,0.3756119310855866,0.8893550634384155,0.3623525202274323,-0.8157917261123657,0.4507598280906677],"rotationconfidence":1},"23":{"id":23,"position":[543.1258082389832,-936.623752117157,2024.973630905151],"positionconfidence":0.5,"rotation":[-0.9432254433631897,-0.3321530818939209,0,0.2783361673355103,-0.7903998494148254,-0.545707643032074,0.1812584847211838,-0.514725387096405,0.8379755616188049],"rotationconfidence":0.5},"24":{"id":24,"position":[521.1526155471802,-874.2257952690125,1923.389434814453],"positionconfidence":0.5,"rotation":[-0.9432254433631897,-0.3321530818939209,0,0.2783361673355103,-0.7903998494148254,-0.545707643032074,0.1812584847211838,-0.514725387096405,0.8379755616188049],"rotationconfidence":0.5}},"skeletonTracked":true,"frameCount":6},{"position":[193.3957487344742,-419.0398454666138,2395.122051239014],"positionTracked":true,"id":4168,"skeleton":{"1":{"id":1,"position":[234.6311360597611,201.7104625701904,2580.530166625977],"positionconfidence":1,"rotation":[0.999932050704956,0.01165203470736742,0,-0.01161473989486694,0.9967315793037415,0.07994556427001953,0.0009315285133197904,-0.07994013279676437,0.9967991709709167],"rotationconfidence":1},"2":{"id":2,"position":[236.965611577034,1.374900108203292,2564.461708068848],"positionconfidence":1,"rotation":[0.9979091882705688,0.01663782261312008,-0.06245483830571175,-0.01161473989486694,0.9967315793037415,0.07994556427001953,0.06358082592487335,-0.07905301451683044,0.9948408007621765],"rotationconfidence":1},"3":{"id":3,"position":[223.8731682300568,-337.3516798019409,2564.192533493042],"positionconfidence":1,"rotation":[0.9972077012062073,-0.03849317133426666,-0.06399312615394592,0.03862309828400612,0.999253511428833,0.0007940730429254472,0.06391479074954987,-0.003263468854129314,0.9979500770568848],"rotationconfidence":1},"4":{"id":4,"position":[218.1186974048615,-395.1184451580048,2510.557174682617],"positionconfidence":1,"rotation":[0.9973435401916504,-0.05181294307112694,-0.0511997677385807,0.0728072002530098,0.7308815717697144,0.6786098480224609,0.002260196255519986,-0.6805347800254822,0.7327123284339905],"rotationconfidence":1},"6":{"id":6,"position":[54.77710068225861,-120.7080110907555,2572.592258453369],"positionconfidence":1,"rotation":[0.321910172700882,0.8656064867973328,-0.3835352659225464,0.1852375566959381,-0.4548524916172028,-0.8710891604423523,-0.9284723401069641,0.2093673050403595,-0.3067644536495209],"rotationconfidence":1},"7":{"id":7,"position":[-20.98106406629086,-324.419379234314,2662.853240966797],"positionconfidence":1,"rotation":[-0.254440188407898,0.2431158870458603,0.936