{"motiondata":[{"position":[158.2300662994385,-461.3783657550812,2424.436569213867],"positionTracked":true,"id":4576,"skeleton":{"1":{"id":1,"position":[212.4649733304977,127.3164600133896,2635.926485061646],"positionconfidence":1,"rotation":[0.9970347285270691,-0.07695275545120239,0,0.07695206254720688,0.997025728225708,0.004243768751621246,-0.0003265696868766099,-0.004231184720993042,0.9999909400939941],"rotationconfidence":1},"2":{"id":2,"position":[197.4157989025116,-67.66745448112488,2635.096549987793],"positionconfidence":1,"rotation":[0.9955179691314697,-0.0770689845085144,0.05481027066707611,0.07695206254720688,0.997025728225708,0.004243768751621246,-0.05497431755065918,-0.000006984360425121849,0.9984877109527588],"rotationconfidence":1},"3":{"id":3,"position":[184.7648024559021,-401.194155216217,2621.202707290649],"positionconfidence":1,"rotation":[0.9977221488952637,-0.04010418429970741,0.05424254760146141,0.03787092864513397,0.9984167218208313,0.04159140586853027,-0.0558246560394764,-0.03944244980812073,0.9976612329483032],"rotationconfidence":1},"4":{"id":4,"position":[184.5950037240982,-456.8369686603546,2567.561388015747],"positionconfidence":1,"rotation":[0.9917369484901428,-0.09059242904186249,0.090833380818367,0.002196941059082747,0.7199346423149109,0.6940382719039917,-0.1282687336206436,-0.688103973865509,0.7141849398612976],"rotationconfidence":1},"6":{"id":6,"position":[33.90791639685631,-172.0781028270721,2615.819454193115],"positionconfidence":1,"rotation":[0.2652914226055145,0.9628433585166931,-0.05052769184112549,0.1333305388689041,-0.0885375440120697,-0.9871088862419128,-0.9549049139022827,0.2551346719264984,-0.151864692568779],"rotationconfidence":1},"7":{"id":7,"position":[-24.83389712870121,-385.2744698524475,2627.007484436035],"positionconfidence":1,"rotation":[-0.1207335069775581,0.1336262673139572,0.9836499691009521,0.2712563276290894,0.9576273560523987,-0.09679707884788513,-0.9549049139022827,0.2551346719264984,-0.151864692568779],"rotationconfidence":1},"8":{"id":8,"position":[5.776880774646998,-419.1540777683258,2377.612829208374],"positionconfidence":1,"rotation":[-0.4838501811027527,0.434805691242218,0.759495198726654,0,0.8678449392318726,-0.4968351721763611,-0.8751507997512817,-0.2403937876224518,-0.4199069440364838],"rotationconfidence":1},"9":{"id":9,"position":[13.45167402178049,-426.0509312152863,2365.565776824951],"positionconfidence":1,"rotation":[-0.4838501811027527,0.434805691242218,0.759495198726654,0,0.8678449392318726,-0.4968351721763611,-0.8751507997512817,-0.2403937876224518,-0.4199069440364838],"rotationconfidence":1},"12":{"id":12,"position":[366.8781220912933,-179.64206635952,2634.151935577393],"positionconfidence":1,"rotation":[0.07800763845443726,-0.9967730641365051,-0.01893115974962711,-0.1918642371892929,0.003624138422310352,-0.981414794921875,0.9783163070678711,0.08019005507230759,-0.1909623742103577],"rotationconfidence":1},"13":{"id":13,"position":[384.8015069961548,-408.6651206016541,2629.802227020264],"positionconfidence":1,"rotation":[-0.1770724207162857,-0.1544308960437775,-0.9720064401626587,-0.1074357405304909,0.9847438931465149,-0.1368828117847443,0.9783163070678711,0.08019005507230759,-0.1909623742103577],"rotationconfidence":1},"14":{"id":14,"position":[338.6867344379425,-448.8833844661713,2376.663684844971],"positionconfidence":0.5,"rotation":[-0.1972307115793228,-0.1123350486159325,-0.9738999009132385,0,-0.9934133887290955,0.1145858392119408,-0.9803572297096252,0.02259984612464905,0.1959316283464432],"rotationconfidence":0.5},"15":{"id":15,"position":[330.3972482681274,-453.6047577857971,2335.731267929077],"positionconfidence":1,"rotation":[-0.1972307115793228,-0.1123350486159325,-0.9738999009132385,0,-0.9934133887290955,0.1145858392119408,-0.9803572297096252,0.02259984612464905,0.1959316283464432],"rotationconfidence":1},"17":{"id":17,"position":[105.7478040456772,-525.9019136428833,2542.738676071167],"positionconfidence":1,"rotation":[0.9366551041603088,-0.3456251919269562,-0.05674851685762405,0.3235365450382233,0.7917130589485168,0.5181838274002075,-0.1341688483953476,-0.5037197470664978,0.8533844947814941],"rotationconfidence":1},"18":{"id":18,"position":[3.449945710599423,-776.2308120727539,2378.895998001099],"positionconfidence":1,"rotation":[0.7756492495536804,-0.6311641335487366,0,0.6106591820716858,0.7504503726959229,0.2528231739997864,-0.1595729142427445,-0.196102112531662,0.9675124287605286],"rotationconfidence":1},"19":{"id":19,"position":[-216.6515737771988,-1046.717643737793,2287.77027130127],"positionconfidence":0.5,"rotation":[0.5426660776138306,-0.8399484753608704,0,0.8005629181861877,0.5172201991081238,-0.3026256561279297,0.2541899681091309,0.1642246842384338,0.9531095623970032],"rotationconfidence":0.5},"20":{"id":20,"position":[-240.9166842699051,-1062.394618988037,2196.785926818848],"positionconfidence":0.5,"rotation":[0.5426660776138306,-0.8399484753608704,0,0.8005629181861877,0.5172201991081238,-0.3026256561279297,0.2541899681091309,0.1642246842384338,0.9531095623970032],"rotationconfidence":0.5},"21":{"id":21,"position":[258.3394944667816,-535.0527763366699,2561.327695846558],"positionconfidence":1,"rotation":[0.9822873473167419,0.02755230478942394,0.1853438019752502,-0.1328809261322022,0.7998198866844177,0.5853466391563416,-0.1321140229701996,-0.5996073484420776,0.7893142104148865],"rotationconfidence":1},"22":{"id":22,"position":[301.5707433223724,-795.2647805213928,2370.89204788208],"positionconfidence":1,"rotation":[0.9306362271308899,0.3343380987644196,0.1487759351730347,-0.3535874783992767,0.7167795896530151,0.6010016202926636,0.09429818391799927,-0.6119191646575928,0.7852787971496582],"rotationconfidence":1},"23":{"id":23,"position":[428.6993741989136,-1052.975296974182,2154.808282852173],"positionconfidence":0.5,"rotation":[0.2604106962680817,0.9654979705810547,0,-0.9496685266494751,0.2561412453651428,-0.1803371161222458,-0.1741151064634323,0.0469617061316967,0.983604907989502],"rotationconfidence":0.5},"24":{"id":24,"position":[445.3142881393433,-1057.456612586975,2060.947895050049],"positionconfidence":0.5,"rotation":[0.2604106962680817,0.9654979705810547,0,-0.9496685266494751,0.2561412453651428,-0.1803371161222458,-0.1741151064634323,0.0469617061316967,0.983604907989502],"rotationconfidence":0.5}},"skeletonTracked":true,"frameCount":1},{"position":[161.1502021551132,-457.4607908725739,2426.225185394287],"positionTracked":true,"id":4576,"skeleton":{"1":{"id":1,"position":[212.3252302408218,128.2835602760315,2635.315418243408],"positionconfidence":1,"rotation":[0.9970434904098511,-0.0768394023180008,0,0.0768391340970993,0.9970399737358093,0.002677703276276588,-0.0002057531237369403,-0.00266978656873107,0.9999964833259583],"rotationconfidence":1},"2":{"id":2,"position":[197.2736269235611,-67.02122837305069,2634.790897369385],"positionconfidence":1,"rotation":[0.9953804612159729,-0.07686574012041092,0.05752990767359734,0.0768391340970993,0.9970399737358093,0.002677703276276588,-0.05756543204188347,0.001755214645527303,0.9983402490615845],"rotationconfidence":1},"3":{"id":3,"position":[184.6227645874023,-400.6857573986054,2620.982885360718],"positionconfidence":1,"rotation":[0.9975784420967102,-0.04017265886068344,0.0567760095000267,0.03785533830523491,0.9984287023544312,0.0413178913295269,-0.05834664404392242,-0.0390685573220253,0.9975316524505615],"rotationconfidence":1},"4":{"id":4,"position":[184.6383064985275,-456.3710987567902,2567.368984222412],"positionconfidence":1,"rotation":[0.9917251467704773,-0.08889775723218918,0.09261992573738098,-0.0002010593452723697,0.7203785181045532,0.6935811042785645,-0.1283792108297348,-0.6878604292869568,0.7143996357917786],"rotationconfidence":1},"6":{"id":6,"position":[33.78824889659882,-171.4786440134049,2615.368843078613],"positionconfidence":1,"rotation":[0.2557738721370697,0.9647500514984131,-0.06194362789392471,0.1306935399770737,-0.0979938730597496,-0.9865679740905762,-0.9578616619110107,0.2442426979541779,-0.1511508822441101],"rotationconfidence":1},"7":{"id":7,"position":[-22.19622768461704,-382.6457262039185,2628.927230834961],"positionconfidence":1,"rotation":[-0.1198916435241699,0.1382212042808533,0.9831178784370422,0.2610116302967072,0.9598126411437988,-0.1031141355633736,-0.9578616619110107,0.2442426979541779,-0.1511508822441101],"rotationconfidence":1},"8":{"id":8,"position":[7.407375145703554,-416.77525639534,2386.176109313965],"positionconfidence":1,"rotation":[-0.2650060057640076,0.3533295392990112,0.8971788883209229,0,0.9304453730583191,-0.3664306402206421,-0.9642466902732849,-0.09710632264614105,-0.2465736120939255],"rotationconfidence":1},"9":{"id":9,"position":[13.63209635019302,-425.0746071338654,2365.102291107178],"positionconfidence":1,"rotation":[-0.2650060057640076,0.3533295392990112,0.8971788883209229,0,0.9304453730583191,-0.3664306402206421,-0.9642466902732849,-0.09710632264614105,-0.2465736120939255],"rotationconfidence":1},"12":{"id":12,"position":[366.9192790985107,-178.2342195510864,2634.589433670044],"positionconfidence":1,"rotation":[0.07577972114086151,-0.9970259666442871,-0.0140213193371892,-0.1842722445726395,-0.0001834378635976464,-0.9828752279281616,0.9799495935440063,0.07706575840711594,-0.1837381273508072],"rotationconfidence":1},"13":{"id":13,"position":[384.2954933643341,-406.8512916564941,2631.374359130859],"positionconfidence":1,"rotation":[-0.1703265160322189,-0.1544616669416428,-0.9732062816619873,-0.1033813804388046,0.9849885702133179,-0.1382383108139038,0.9799495935440063,0.07706575840711594,-0.1837381273508072],"rotationconfidence":1},"14":{"id":14,"position":[340.909481048584,-446.1961686611176,2383.476734161377],"positionconfidence":0.5,"rotation":[-0.1976075321435928,-0.1362361758947372,-0.9707682728767395,0,-0.9902956485748291,0.1389766186475754,-0.9802812337875366,0.02746282704174519,0.1956898719072342],"rotationconfidence":0.5},"15":{"id":15,"position":[331.1819732189179,-452.9025852680206,2335.689306259155],"positionconfidence":1,"rotation":[-0.1976075321435928,-0.1362361758947372,-0.9707682728767395,0,-0.9902956485748291,0.1389766186475754,-0.9802812337875366,0.02746282704174519,0.1956898719072342],"rotationconfidence":1},"17":{"id":17,"position":[105.8040037751198,-525.6131887435913,2542.498826980591],"positionconfidence":1,"rotation":[0.936729907989502,-0.3455565273761749,-0.05592703074216843,0.323138415813446,0.7921645641326904,0.5177421569824219,-0.1346057653427124,-0.5030567049980164,0.8537067770957947],"rotationconfidence":1},"18":{"id":18,"position":[3.588031977415085,-776.1927247047424,2378.725290298462],"positionconfidence":1,"rotation":[0.7753562927246094,-0.6315240263938904,0,0.6111077070236206,0.7502900958061218,0.2522143125534058,-0.159279391169548,-0.1955559551715851,0.9676713347434998],"rotationconfidence":1},"19":{"id":19,"position":[-216.5772020816803,-1046.501517295837,2287.859439849854],"positionconfidence":0.5,"rotation":[0.5452387928962708,-0.8382807374000549,0,0.7989981174468994,0.5196883678436279,-0.3025327324867249,0.2536073923110962,0.1649525910615921,0.953139066696167],"rotationconfidence":0.5},"20":{"id":20,"position":[-240.7885491847992,-1062.249183654785,2196.865320205689],"positionconfidence":0.5,"rotation":[0.5452387928962708,-0.8382807374000549,0,0.7989981174468994,0.5196883678436279,-0.3025327324867249,0.2536073923110962,0.1649525910615921,0.953139066696167],"rotationconfidence":0.5},"21":{"id":21,"position":[258.4260404109955,-534.6131324768066,2561.259746551514],"positionconfidence":1,"rotation":[0.9822556972503662,0.02751539461314678,0.1855172067880631,-0.1328259855508804,0.8004054427146912,0.5845582485198975,-0.132404625415802,-0.5988272428512573,0.7898575663566589],"rotationconfidence":1},"22":{"id":22,"position":[301.697313785553,-795.3645586967468,2370.82576751709],"positionconfidence":1,"rotation":[0.9293331503868103,0.33773073554039,0.149257555603981,-0.3566065728664398,0.716092050075531,0.60003662109375,0.09576866030693054,-0.6108601689338684,0.7859250903129578],"rotationconfidence":1},"23":{"id":23,"position":[429.8305511474609,-1052.66547203064,2155.225038528442],"positionconfidence":0.5,"rotation":[0.2616154253482819,0.9651722311973572,0,-0.9491382241249084,0.2572693228721619,-0.1815187036991119,-0.1751967966556549,0.04748808965086937,0.9833874106407166],"rotationconfidence":0.5},"24":{"id":24,"position":[446.550726890564,-1057.197570800781,2061.373949050903],"positionconfidence":0.5,"rotation":[0.2616154253482819,0.9651722311973572,0,-0.9491382241249084,0.2572693228721619,-0.1815187036991119,-0.1751967966556549,0.04748808965086937,0.9833874106407166],"rotationconfidence":0.5}},"skeletonTracked":true,"frameCount":2},{"position":[158.5231423377991,-458.9458107948303,2425.092697143555],"positionTracked":true,"id":4576,"skeleton":{"1":{"id":1,"position":[212.1772170066834,129.5014768838882,2634.881258010864],"positionconfidence":1,"rotation":[0.9970364570617676,-0.0769306942820549,0,0.07693063467741013,0.9970356822013855,0.001266014180146158,-0.00009739535016706213,-0.001262262347154319,0.9999992251396179],"rotationconfidence":1},"2":{"id":2,"position":[197.080984711647,-66.14857912063599,2634.63282585144],"positionconfidence":1,"rotation":[0.9952201247215271,-0.07686703652143478,0.06023717671632767,0.07693063467741013,0.9970356822013855,0.001266014180146158,-0.06015592440962791,0.003374121151864529,0.9981833100318909],"rotationconfidence":1},"3":{"id":3,"position":[184.418112039566,-399.9992609024048,2620.800256729126],"positionconfidence":1,"rotation":[0.9974256753921509,-0.04028985649347305,0.05931808426976204,0.03787004575133324,0.9984259605407715,0.04136818274855614,-0.06089144200086594,-0.03901531547307968,0.9973816275596619],"rotationconfidence":1},"4":{"id":4,"position":[184.6370995044708,-455.7289183139801,2567.196846008301],"positionconfidence":1,"rotation":[0.9916309118270874,-0.08745363354682922,0.09497372061014175,-0.002832036465406418,0.7207189798355103,0.6932215094566345,-0.1290741115808487,-0.6876888871192932,0.7144396305084229],"rotationconfidence":1},"6":{"id":6,"position":[33.68879854679108,-170.8143502473831,2615.055799484253],"positionconfidence":1,"rotation":[0.2494200766086578,0.9656691551208496,-0.07261322438716888,0.1278944164514542,-0.1071739941835403,-0.9859800338745117,-0.9599127769470215,0.2366363853216171,-0.150235041975975],"rotationconfidence":1},"7":{"id":7,"position":[-20.3772597014904,-380.1396191120148,2630.795955657959],"positionconfidence":1,"rotation":[-0.1193348318338394,0.1399650722742081,0.9829388856887817,0.2536267638206482,0.9614638686180115,-0.1061152964830399,-0.9599127769470215,0.2366363853216171,-0.150235041975975],"rotationconfidence":1},"8":{"id":8,"position":[8.554939180612564,-414.0735268592835,2392.486810684204],"positionconfidence":1,"rotation":[-0.1786160171031952,0.3115008175373077,0.9333078861236572,0,0.9485617876052856,-0.3165919780731201,-0.9839188456535339,-0.05654839798808098,-0.1694283336400986],"rotationconfidence":1},"9":{"id":9,"position":[13.85755650699139,-423.3211278915405,2364.779472351074],"positionconfidence":1,"rotation":[-0.1786160171031952,0.3115008175373077,0.9333078861236572,0,0.9485617876052856,-0.3165919780731201,-0.9839188456535339,-0.05654839798808098,-0.1694283336400986],"rotationconfidence":1},"12":{"id":12,"position":[366.9883906841278,-176.9778579473496,2635.163068771362],"positionconfidence":1,"rotation":[0.08126300573348999,-0.9966914057731628,-0.00157562643289566,-0.1818989813327789,-0.01327638421207666,-0.983227550983429,0.9799535870552063,0.0801866352558136,-0.1823760420084],"rotationconfidence":1},"13":{"id":13,"position":[385.5437338352203,-404.5592844486237,2634.803295135498],"positionconfidence":1,"rotation":[-0.1686773598194122,-0.1531788408756256,-0.973696231842041,-0.1060135737061501,0.9849398136138916,-0.1365824788808823,0.9799535870552063,0.0801866352558136,-0.1823760420084],"rotationconfidence":1},"14":{"id":14,"position":[343.3932065963745,-442.8369104862213,2391.487836837769],"positionconfidence":0.5,"rotation":[-0.1925394386053085,-0.1388793736696243,-0.9714118838310242,0,-0.9899343848228455,0.141527459025383,-0.981289267539978,0.02724961750209332,0.1906014084815979],"rotationconfidence":0.5},"15":{"id":15,"position":[333.1156075000763,-450.2501785755158,2339.634656906128],"positionconfidence":1,"rotation":[-0.1925394386053085,-0.1388793736696243,-0.9714118838310242,0,-0.9899343848228455,0.141527459025383,-0.981289267539978,0.02724961750209332,0.1906014084815979],"rotationconfidence":1},"17":{"id":17,"position":[105.8128029108048,-525.116503238678,2542.245149612427],"positionconfidence":1,"rotation":[0.936804473400116,-0.3456070423126221,-0.05434373021125794,0.3225259184837341,0.7929622530937195,0.5169023275375366,-0.1355525404214859,-0.501763641834259,0.8543177247047424],"rotationconfidence":1},"18":{"id":18,"position":[3.706185147166252,-776.1558294296265,2378.602027893066],"positionconfidence":1,"rotation":[0.7750454545021057,-0.6319054961204529,0,0.6115570068359375,0.7500876784324646,0.2517269551753998,-0.1590676456689835,-0.1950998306274414,0.9677982926368713],"rotationconfidence":1},"19":{"id":19,"position":[-216.4821475744247,-1046.221494674683,2287.968873977661],"positionconfidence":0.5,"rotation":[0.5478113293647766,-0.8366018533706665,0,0.7974463701248169,0.5221720933914185,-0.3023497462272644,0.2529463768005371,0.1656306385993958,0.9531970024108887],"rotationconfidence":0.5},"20":{"id":20,"position":[-240.6336665153503,-1062.036037445068,2196.956872940064],"positionconfidence":0.5,"rotation":[0.5478113293647766,-0.8366018533706665,0,0.7974463701248169,0.5221720933914185,-0.3023497462272644,0.2529463768005371,0.1656306385993958,0.9531970024108887],"rotationconfidence":0.5},"21":{"id":21,"position":[258.482426404953,-534.0664982795715,2561.212301254273],"positionconfidence":1,"rotation":[0.9821014404296875,0.02747245691716671,0.1863390207290649,-0.1331208497285843,0.8011266589164734,0.5835023522377014,-0.1332509070634842,-0.597864031791687,0.7904447317123413],"rotationconfidence":1},"22":{"id":22,"position":[301.9489049911499,-795.649528503418,2370.68772315979],"positionconfidence":1,"rotation":[0.928315281867981,0.3402881324291229,0.149782195687294,-0.3590244948863983,0.7157926559448242,0.598950982093811,0.0966029167175293,-0.6097908020019531,0.7866530418395996],"rotationconfidence":1},"23":{"id":23,"position":[430.7618737220764,-1052.465915679932,2155.792474746704],"positionconfidence":0.5,"rotation":[0.2630583941936493,0.9647799730300903,0,-0.9485445022583008,0.2586315870285034,-0.1826831102371216,-0.1762489825487137,0.04805632308125496,0.983171820640564],"rotationconfidence":0.5},"24":{"id":24,"position":[447.5833773612976,-1057.052493095398,2061.956882476807],"positionconfidence":0.5,"rotation":[0.2630583941936493,0.9647799730300903,0,-0.9485445022583008,0.2586315870285034,-0.1826831102371216,-0.1762489825487137,0.04805632308125496,0.983171820640564],"rotationconfidence":0.5}},"skeletonTracked":true,"frameCount":3},{"position":[157.2975218296051,-460.0368142127991,2424.732685089111],"positionTracked":true,"id":4576,"skeleton":{"1":{"id":1,"position":[212.0560854673386,130.4941326379776,2634.585618972778],"positionconfidence":1,"rotation":[0.997029185295105,-0.07702495902776718,0,0.07702495902776718,0.997029185295105,0.0002245572541141883,-0.00001729651376081165,-0.000223890136112459,1],"rotationconfidence":1},"2":{"id":2,"position":[196.9268769025803,-65.34191220998764,2634.541511535645],"positionconfidence":1,"rotation":[0.9950693845748901,-0.07688766717910767,0.06265149265527725,0.07702495902776718,0.997029185295105,0.0002245572541141883,-0.06248262524604797,0.004602278117090464,0.9980353713035583],"rotationconfidence":1},"3":{"id":3,"position":[184.236079454422,-399.3638753890991,2620.658159255981],"positionconfidence":1,"rotation":[0.9972808957099915,-0.04045090824365616,0.06159909814596176,0.03793380036950111,0.9984181523323059,0.04149844497442246,-0.06318031251430511,-0.03904892131686211,0.9972379207611084],"rotationconfidence":1},"4":{"id":4,"position":[184.6371740102768,-455.1288783550263,2567.058324813843],"positionconfidence":1,"rotation":[0.9915340542793274,-0.0862027257680893,0.09710467606782913,-0.005185529589653015,0.7209548950195312,0.6929625868797302,-0.1297433525323868,-0.6875995397567749,0.7144043445587158],"rotationconfidence":1},"6":{"id":6,"position":[33.61820057034493,-170.217290520668,2614.822626113892],"positionconfidence":1,"rotation":[0.2451952397823334,0.9661028385162354,-0.08077481389045715,0.1257699131965637,-0.1143127158284187,-0.9854514002799988,-0.9612810015678406,0.2314689606428146,-0.1495356112718582],"rotationconfidence":1},"7":{"id":7,"position":[-19.20752786099911,-378.3578872680664,2632.225036621094],"positionconfidence":1,"rotation":[-0.1188352927565575,0.1413956135511398,0.9827947020530701,0.2486301511526108,0.9625119566917419,-0.1084142327308655,-0.9612810015678406,0.2314689606428146,-0.1495356112718582],"rotationconfidence":1},"8":{"id":8,"position":[9.279281832277775,-412.2527837753296,2396.632671356201],"positionconfidence":1,"rotation":[-0.1411043852567673,0.2820086479187012,0.9489787817001343,0,0.9585695266723633,-0.2848587334156036,-0.9899947643280029,-0.04019481688737869,-0.135258361697197],"rotationconfidence":1},"9":{"id":9,"position":[14.04526643455029,-421.7779934406281,2364.579677581787],"positionconfidence":1,"rotation":[-0.1411043852567673,0.2820086479187012,0.9489787817001343,0,0.9585695266723633,-0.2848587334156036,-0.9899947643280029,-0.04019481688737869,-0.135258361697197],"rotationconfidence":1},"12":{"id":12,"position":[367.0792281627655,-175.9289354085922,2635.725498199463],"positionconfidence":1,"rotation":[0.08282351493835449,-0.996545135974884,0.00617696437984705,-0.1787444949150085,-0.0209527462720871,-0.9836724400520325,0.9804033041000366,0.08036710321903229,-0.1798623204231262],"rotationconfidence":1},"13":{"id":13,"position":[385.8829438686371,-402.1781086921692,2637.127876281738],"positionconfidence":1,"rotation":[-0.1659742295742035,-0.1548566222190857,-0.9738951921463013,-0.1061220094561577,0.9846625924110413,-0.138483077287674,0.9804033041000366,0.08036710321903229,-0.1798623204231262],"rotationconfidence":1},"14":{"id":14,"position":[344.9318706989288,-440.3861165046692,2396.83723449707],"positionconfidence":0.5,"rotation":[-0.1869301348924637,-0.1415146142244339,-0.9721269011497498,0,-0.989569902420044,0.1440538167953491,-0.9823732376098633,0.02692800015211105,0.1849804371595383],"rotationconfidence":0.5},"15":{"id":15,"position":[334.5313668251038,-448.2597708702087,2342.74959564209],"positionconfidence":1,"rotation":[-0.1869301348924637,-0.1415146142244339,-0.9721269011497498,0,-0.989569902420044,0.1440538167953491,-0.9823732376098633,0.02692800015211105,0.1849804371595383],"rotationconfidence":1},"17":{"id":17,"position":[105.8202087879181,-524.6388912200928,2542.027950286865],"positionconfidence":1,"rotation":[0.9368661046028137,-0.3456712365150452,-0.0528511293232441,0.3219677209854126,0.7937151789665222,0.5160940289497375,-0.1364500969648361,-0.5005273222923279,0.8548998236656189],"rotationconfidence":1},"18":{"id":18,"position":[3.808012697845697,-776.1194705963135,2378.508806228638],"positionconfidence":1,"rotation":[0.7747822999954224,-0.6322280168533325,0,0.6119400262832642,0.7499198317527771,0.2512956261634827,-0.1588761359453201,-0.1946994066238403,0.9679102301597595],"rotationconfidence":1},"19":{"id":19,"position":[-216.3785398006439,-1045.953512191773,2288.088321685791],"positionconfidence":0.5,"rotation":[0.550329864025116,-0.8349473476409912,0,0.7959280610084534,0.5246114730834961,-0.3021281659603119,0.2522611021995544,0.1662701368331909,0.9532673358917236],"rotationconfidence":0.5},"20":{"id":20,"position":[-240.4680252075195,-1061.83135509491,2197.056770324707],"positionconfidence":0.5,"rotation":[0.550329864025116,-0.8349473476409912,0,0.7959280610084534,0.5246114730834961,-0.3021281659603119,0.2522611021995544,0.1662701368331909,0.9532673358917236],"rotationconfidence":0.5},"21":{"id":21,"position":[258.5360407829285,-533.5511565208435,2561.184883117676],"positionconfidence":1,"rotation":[0.9819682240486145,0.02732984162867069,0.1870602369308472,-0.1332908421754837,0.8017798066139221,0.5825656056404114,-0.1340596973896027,-0.5969943404197693,0.7909651398658752],"rotationconfidence":1},"22":{"id":22,"position":[302.1449744701386,-795.8704829216003,2370.586156845093],"positionconfidence":1,"rotation":[0.9273257255554199,0.3426459133625031,0.1505347043275833,-0.3614521622657776,0.7156547904014587,0.5976542830467224,0.0970529168844223,-0.6086313128471375,0.7874951958656311],"rotationconfidence":1},"23":{"id":23,"position":[431.6564202308655,-1052.295804023743,2156.441450119019],"positionconfidence":0.5,"rotation":[0.264165461063385,0.9644774198532104,0,-0.9479987621307373,0.2596520483493805,-0.1840631365776062,-0.1775247305631638,0.04862311854958534,0.9829144477844238],"rotationconfidence":0.5},"24":{"id":24,"position":[448.5993385314941,-1056.936383247376,2062.632322311401],"positionconfidence":0.5,"rotation":[0.264165461063385,0.9644774198532104,0,-0.9479987621307373,0.2596520483493805,-0.1840631365776062,-0.1775247305631638,0.04862311854958534,0.9829144477844238],"rotationconfidence":0.5}},"skeletonTracked":true,"frameCount":4},{"position":[159.0121239423752,-458.7833285331726,2425.582408905029],"positionTracked":true,"id":4576,"skeleton":{"1":{"id":1,"position":[211.9764685630798,131.3388347625732,2634.416103363037],"positionconfidence":1,"rotation":[0.9970109462738037,-0.07725973427295685,0,0.07725973427295685,0.9970109462738037,-0.0003566666564438492,0.00002755597051873338,0.0003556005540303886,0.9999998807907104],"rotationconfidence":1},"2":{"id":2,"position":[196.7927515506744,-64.60194289684296,2634.486198425293],"positionconfidence":1,"rotation":[0.9949263334274292,-0.0770750641822815,0.06465982645750046,0.07725973427295685,0.9970109462738037,-0.0003566666564438492,-0.0644390657544136,0.005350457970052958,0.9979072213172913],"rotationconfidence":1},"3":{"id":3,"position":[184.0642988681793,-398.7684845924377,2620.53918838501],"positionconfidence":1,"rotation":[0.9971530437469482,-0.04063284769654274,0.06352059543132782,0.03802948817610741,0.9984074234962463,0.04167023673653603,-0.06511261314153671,-0.03913594409823418,0.9971101880073547],"rotationconfidence":1},"4":{"id":4,"position":[184.6266984939575,-454.5605480670929,2566.93696975708],"positionconfidence":1,"rotation":[0.99142986536026,-0.08517393469810486,0.09905578196048737,-0.007268870249390602,0.7210980653762817,0.6927948594093323,-0.1304370015859604,-0.6875775456428528,0.7142990827560425],"rotationconfidence":1},"6":{"id":6,"position":[33.55913236737251,-169.6360111236572,2614.648342132568],"positionconfidence":1,"rotation":[0.242155134677887,0.966386079788208,-0.08636481314897537,0.1241791695356369,-0.1191520392894745,-0.9850799441337585,-0.9622580409049988,0.2278174310922623,-0.1488582938909531],"rotationconfidence":1},"7":{"id":7,"position":[-18.41286569833756,-377.0444393157959,2633.184194564819],"positionconfidence":1,"rotation":[-0.1182582452893257,0.142599567770958,0.9826903343200684,0.2451011091470718,0.9632053971290588,-0.1102762892842293,-0.9622580409049988,0.2278174310922623,-0.1488582938909531],"rotationconfidence":1},"8":{"id":8,"position":[9.747455827891827,-411.001056432724,2399.180412292481],"positionconfidence":1,"rotation":[-0.1225352361798286,0.2572050094604492,0.9585565328598022,0,0.9658349752426147,-0.2591579854488373,-0.9924641847610474,-0.03175598382949829,-0.1183488145470619],"rotationconfidence":1},"9":{"id":9,"position":[14.19492624700069,-420.3364253044128,2364.389181137085],"positionconfidence":1,"rotation":[-0.1225352361798286,0.2572050094604492,0.9585565328598022,0,0.9658349752426147,-0.2591579854488373,-0.9924641847610474,-0.03175598382949829,-0.1183488145470619],"rotationconfidence":1},"12":{"id":12,"position":[367.1304285526276,-175.0728785991669,2636.217594146729],"positionconfidence":1,"rotation":[0.08309704810380936,-0.9964649677276611,0.01235351245850325,-0.1755665838718414,-0.0268410611897707,-0.9841016530990601,0.9809542298316956,0.07960706204175949,-0.1771763414144516],"rotationconfidence":1},"13":{"id":13,"position":[385.9038650989533,-400.1960456371307,2639.008522033691],"positionconfidence":1,"rotation":[-0.1631857603788376,-0.1569798439741135,-0.9740265607833862,-0.1053525060415268,0.9843881130218506,-0.1409993022680283,0.9809542298316956,0.07960706204175949,-0.1771763414144516],"rotationconfidence":1},"14":{"id":14,"position":[345.9913432598114,-438.5907053947449,2400.777816772461],"positionconfidence":0.5,"rotation":[-0.1845414936542511,-0.1498060077428818,-0.9713405966758728,0,-0.9883151650428772,0.1524239182472229,-0.9828246831893921,0.02812853828072548,0.1823851615190506],"rotationconfidence":0.5},"15":{"id":15,"position":[335.1427018642426,-447.3973512649536,2343.67561340332],"positionconfidence":1,"rotation":[-0.1845414936542511,-0.1498060077428818,-0.9713405966758728,0,-0.9883151650428772,0.1524239182472229,-0.9828246831893921,0.02812853828072548,0.1823851615190506],"rotationconfidence":1},"17":{"id":17,"position":[105.8168783783913,-524.1561532020569,2541.826248168945],"positionconfidence":1,"rotation":[0.9369242191314697,-0.3457400798797607,-0.05134886130690575,0.3214147984981537,0.7944787740707397,0.515263020992279,-0.1373514980077744,-0.4992667138576508,0.8554924130439758],"rotationconfidence":1},"18":{"id":18,"position":[3.896536305546761,-776.0846614837646,2378.436803817749],"positionconfidence":1,"rotation":[0.7745254635810852,-0.6325426697731018,0,0.6123024821281433,0.7497420310974121,0.2509430348873138,-0.1587321758270264,-0.1943617761135101,0.9680017232894897],"rotationconfidence":1},"19":{"id":19,"position":[-216.2791192531586,-1045.681715011597,2288.201093673706],"positionconfidence":0.5,"rotation":[0.5526936650276184,-0.8333844542503357,0,0.7945046424865723,0.5269088745117188,-0.3018766045570374,0.2515792846679688,0.1668452918529511,0.9533470869064331],"rotationconfidence":0.5},"20":{"id":20,"position":[-240.3069585561752,-1061.616778373718,2197.14879989624],"positionconfidence":0.5,"rotation":[0.5526936650276184,-0.8333844542503357,0,0.7945046424865723,0.5269088745117188,-0.3018766045570374,0.2515792846679688,0.1668452918529511,0.9533470869064331],"rotationconfidence":0.5},"21":{"id":21,"position":[258.5706114768982,-533.0458879470825,2561.163187026978],"positionconfidence":1,"rotation":[0.9818645715713501,0.02696819975972176,0.1876554489135742,-0.1332240104675293,0.8023805022239685,0.5817533135414124,-0.1348822265863419,-0.5962032079696655,0.7914217710494995],"rotationconfidence":1},"22":{"id":22,"position":[302.2225797176361,-795.9526181221008,2370.546817779541],"positionconfidence":1,"rotation":[0.9264882206916809,0.3446003198623657,0.1512291580438614,-0.3635995388031006,0.7160857915878296,0.5958327054977417,0.09703108668327332,-0.6070188283920288,0.7887415885925293],"rotationconfidence":1},"23":{"id":23,"position":[432.3695302009583,-1052.268624305725,2157.27424621582],"positionconfidence":0.5,"rotation":[0.26654914021492,0.9638214111328125,0,-0.9470941424369812,0.2619231343269348,-0.185496911406517,-0.1787858605384827,0.04944403097033501,0.9826448559761047],"rotationconfidence":0.5},"24":{"id":24,"position":[449.4314193725586,-1056.987166404724,2063.498497009277],"positionconfidence":0.5,"rotation":[0.26654914021492,0.9638214111328125,0,-0.9470941424369812,0.2619231343269348,-0.185496911406517,-0.1787858605384827,0.04944403097033501,0.9826448559761047],"rotationconfidence":0.5}},"skeletonTracked":true,"frameCount":5},{"position":[156.9568514823914,-456.7510187625885,2423.126697540283],"positionTracked":true,"id":4576,"skeleton":{"1":{"id":1,"position":[211.9193971157074,132.0013552904129,2634.120225906372],"positionconfidence":1,"rotation":[0.9969419240951538,-0.0781453475356102,0,0.07814531028270721,0.9969414472579956,-0.0009976307628676295,0.00007796020508976653,0.0009945799829438329,0.9999994039535522],"rotationconfidence":1},"2":{"id":2,"position":[196.568101644516,-63.84330987930298,2634.316205978394],"positionconfidence":1,"rotation":[0.994626522064209,-0.07789561152458191,0.06819381564855576,0.07814531028270721,0.9969414472579956,-0.0009976307628676295,-0.06790753453969955,0.006321297492831945,0.9976716637611389],"rotationconfidence":1},"3":{"id":3,"position":[183.7763786315918,-398.082971572876,2620.362520217896],"positionconfidence":1,"rotation":[0.9969123005867004,-0.04095004126429558,0.06700032204389572,0.03820988163352013,0.998400092124939,0.04168075323104858,-0.06859995424747467,-0.03899198397994041,0.9968820214271545],"rotationconfidence":1},"4":{"id":4,"position":[184.5761835575104,-453.9456963539124,2566.774606704712],"positionconfidence":1,"rotation":[0.9911683797836304,-0.08413618057966232,0.1025010570883751,-0.01033151056617498,0.7216088771820068,0.6922239065170288,-0.1322067379951477,-0.6871693730354309,0.714366614818573],"rotationconfidence":1},"6":{"id":6,"position":[33.44776481389999,-168.7890142202377,2614.013433456421],"positionconfidence":1,"rotation":[0.2471710592508316,0.9660088419914246,-0.07571925222873688,0.1317390501499176,-0.1109203323721886,-0.9850590825080872,-0.9599745869636536,0.2335029095411301,-0.1546773761510849],"rotationconfidence":1},"7":{"id":7,"position":[-19.09259706735611,-374.1304278373718,2630.108833312988],"positionconfidence":1,"rotation":[-0.1226080656051636,0.1461876779794693,0.981629490852356,0.2518252730369568,0.9613040685653687,-0.1117071136832237,-0.9599745869636536,0.2335029095411301,-0.1546773761510849],"rotationconfidence":1},"8":{"id":8,"position":[9.951343759894371,-408.7600111961365,2397.576093673706],"positionconfidence":1,"rotation":[-0.1124770194292069,0.2325639426708221,0.9660553932189941,0,0.9722247123718262,-0.2340491116046906,-0.9936543107032776,-0.02632514573633671,-0.1093529388308525],"rotationconfidence":1},"9":{"id":9,"position":[14.08511213958263,-417.3072278499603,2362.071514129639],"positionconfidence":1,"rotation":[-0.1124770194292069,0.2325639426708221,0.9660553932189941,0,0.9722247123718262,-0.2340491116046906,-0.9936543107032776,-0.02632514573633671,-0.1093529388308525],"rotationconfidence":1},"12":{"id":12,"position":[367.0711219310761,-174.2833256721497,2636.756658554077],"positionconfidence":1,"rotation":[0.07979539781808853,-0.9966608285903931,0.01731916330754757,-0.1483576744794846,-0.02905539236962795,-0.9885068535804749,0.9857091903686523,0.07630886137485504,-0.1501807570457459],"rotationconfidence":1},"13":{"id":13,"position":[385.0235342979431,-398.5126316547394,2640.653133392334],"positionconfidence":1,"rotation":[-0.135210394859314,-0.1733524650335312,-0.9755342602729797,-0.1004761159420013,0.981899082660675,-0.160557359457016,0.9857091903686523,0.07630886137485504,-0.1501807570457459],"rotationconfidence":1},"14":{"id":14,"position":[348.8063514232636,-444.9464678764343,2379.348516464233],"positionconfidence":1,"rotation":[-0.3622401356697083,-0.05729314684867859,-0.9303222298622131,0,-0.998108983039856,0.0614677406847477,-0.9320846796035767,0.02226608246564865,0.3615551292896271],"rotationconfidence":1},"15":{"id":15,"position":[336.1860513687134,-446.942538022995,2346.936464309692],"positionconfidence":1,"rotation":[-0.3622401356697083,-0.05729314684867859,-0.9303222298622131,0,-0.998108983039856,0.0614677406847477,-0.9320846796035767,0.02226608246564865,0.3615551292896271],"rotationconfidence":1},"17":{"id":17,"position":[105.7797595858574,-523.5442519187927,2541.493892669678],"positionconfidence":1,"rotation":[0.9368577599525452,-0.3463155627250671,-0.04861376434564591,0.320760190486908,0.7955759167671204,0.5139765739440918,-0.1393221467733383,-0.4971162676811218,0.8564256429672241],"rotationconfidence":1},"18":{"id":18,"position":[3.979941830039024,-776.0365605354309,2378.37290763855],"positionconfidence":1,"rotation":[0.7743081450462341,-0.6328086853027344,0,0.6126052737236023,0.7495871782302856,0.250666618347168,-0.1586240082979202,-0.1940931975841522,0.9680733680725098],"rotationconfidence":1},"19":{"id":19,"position":[-216.1775231361389,-1045.422434806824,2288.288593292236],"positionconfidence":0.5,"rotation":[0.5559939742088318,-0.8311862349510193,0,0.7925850749015808,0.5301730036735535,-0.3012062907218933,0.2503585517406464,0.1674689054489136,0.9535589218139648],"rotationconfidence":0.5},"20":{"id":20,"position":[-240.0899082422257,-1061.417818069458,2197.211742401123],"positionconfidence":0.5,"rotation":[0.5559939742088318,-0.8311862349510193,0,0.7925850749015808,0.5301730036735535,-0.3012062907218933,0.2503585517406464,0.1674689054489136,0.9535589218139648],"rotationconfidence":0.5},"21":{"id":21,"position":[258.5726976394653,-532.5121283531189,2561.144590377808],"positionconfidence":1,"rotation":[0.9816253185272217,0.02591051533818245,0.1890514343976975,-0.133063942193985,0.8030583262443542,0.5808539986610413,-0.1367690861225128,-0.5953369140625,0.7917500734329224],"rotationconfidence":1},"22":{"id":22,"position":[302.2293448448181,-795.9856986999512,2370.5735206604],"positionconfidence":1,"rotation":[0.9261662364006042,0.3446753621101379,0.1530202478170395,-0.365073025226593,0.7177405953407288,0.5929333567619324,0.09454067796468735,-0.6050184369087219,0.7905787825584412],"rotationconfidence":1},"23":{"id":23,"position":[432.7408969402313,-1052.573919296265,2158.603191375732],"positionconfidence":0.5,"rotation":[0.2718394994735718,0.9623425602912903,0,-0.9451062679290771,0.2669706344604492,-0.1884163469076157,-0.1813210844993591,0.05121900886297226,0.9820892214775085],"rotationconfidence":0.5},"24":{"id":24,"position":[450.0367343425751,-1057.459592819214,2064.923763275147],"positionconfidence":0.5,"rotation":[0.2718394994735718,0.9623425602912903,0,-0.9451062679290771,0.2669706344604492,-0.1884163469076157,-0.1813210844993591,0.05121900886297226,0.9820892214775085],"rotationconfidence":0.5}},"skeletonTracked":true,"frameCount":6},{"position":[154.8594683408737,-457.522064447403,2420.760154724121],"positionTracked":true,"id":4576,"skeleton":{"1":{"id":1,"position":[211.8953615427017,132.5635313987732,2633.823394775391],"positionconfidence":1,"rotation":[0.9968556761741638,-0.07923926413059235,0,0.07923915237188339,0.9968542456626892,-0.001613772357814014,0.0001278741401620209,0.001608698163181543,0.9999986886978149],"rotationconfidence":1},"2":{"id":2,"position":[196.3370442390442,-63.16514313220978,2634.140253067017],"positionconfidence":1,"rotation":[0.9942148327827454,-0.07891138643026352,0.07286816090345383,0.07923915237188339,0.9968542456626892,-0.001613772357814014,-0.07251160591840744,0.007378449197858572,0.9973403215408325],"rotationconfidence":1},"3":{"id":3,"position":[183.4342330694199,-397.3802924156189,2620.150089263916],"positionconfidence":1,"rotation":[0.9965676665306091,-0.04147275164723396,0.07164297997951508,0.03854385763406754,0.9983825087547302,0.04179204627871513,-0.0732603445649147,-0.03888721019029617,0.996554434299469],"rotationconfidence":1},"4":{"id":4,"position":[184.5065504312515,-453.300416469574,2566.577911376953],"positionconfidence":1,"rotation":[0.9907271265983582,-0.08360359817743301,0.1070984527468681,-0.01384564768522978,0.7220346927642822,0.6917182803153992,-0.1351589411497116,-0.6867868900299072,0.7141818404197693],"rotationconfidence":1},"6":{"id":6,"position":[33.3305187523365,-167.7699834108353,2613.014936447144],"positionconfidence":1,"rotation":[0.2613074779510498,0.9630111455917358,-0.06578723341226578,0.1461449861526489,-0.1068409159779549,-0.9834767580032349,-0.954127848148346,0.2473753690719605,-0.1686575710773468],"rotationconfidence":1},"7":{"id":7,"position":[-21.48283086717129,-369.7766959667206,2626.814842224121],"positionconfidence":1,"rotation":[-0.1325058043003082,0.1562511175870895,0.9787889122962952,0.2684811949729919,0.9562378525733948,-0.1163048669695854,-0.954127848148346,0.