{"motiondata":[{"position":[180.0359636545181,-480.3840517997742,2412.418365478516],"positionTracked":true,"id":4570,"skeleton":{"1":{"id":1,"position":[238.6983782052994,101.2051030993462,2640.461921691895],"positionconfidence":1,"rotation":[0.999997615814209,0.002194390166550875,0,-0.002173392567783594,0.9904288649559021,0.1380069702863693,0.0003028411301784217,-0.1380066424608231,0.9904312491416931],"rotationconfidence":1},"2":{"id":2,"position":[239.1147613525391,-88.5433480143547,2614.022254943848],"positionconfidence":1,"rotation":[0.9999975562095642,0.00218195584602654,0.00008923536370275542,-0.002173392567783594,0.9904288649559021,0.1380069702863693,0.0002127438347088173,-0.1380068212747574,0.9904311895370483],"rotationconfidence":1},"3":{"id":3,"position":[209.2941403388977,-421.0965633392334,2568.810939788818],"positionconfidence":1,"rotation":[0.9960756897926331,-0.08766190707683563,-0.01219489704817534,0.08850564807653427,0.9869961142539978,0.1341842114925385,0.0002734727459028363,-0.1347369402647018,0.9908814430236816],"rotationconfidence":1},"4":{"id":4,"position":[203.7222236394882,-473.0127155780792,2511.368989944458],"positionconfidence":1,"rotation":[0.9947712421417236,-0.1020377203822136,-0.0042717345058918,0.0717783123254776,0.6687920689582825,0.7399762868881226,-0.07264860719442368,-0.7364138960838318,0.6726192831993103],"rotationconfidence":1},"6":{"id":6,"position":[49.08581450581551,-199.283555150032,2584.990739822388],"positionconfidence":1,"rotation":[0.3814215660095215,0.9210139513015747,-0.07906214147806168,0.2227370291948319,-0.1745758652687073,-0.9591201543807983,-0.8971654772758484,0.3482190668582916,-0.2717309296131134],"rotationconfidence":1},"7":{"id":7,"position":[-47.51449823379517,-432.5431287288666,2605.014324188232],"positionconfidence":1,"rotation":[-0.06270108371973038,0.5085655450820923,0.8587372899055481,0.4372216761112213,0.7874673008918762,-0.4344337284564972,-0.8971654772758484,0.3482190668582916,-0.2717309296131134],"rotationconfidence":1},"8":{"id":8,"position":[-35.03573313355446,-533.7578058242798,2434.10849571228],"positionconfidence":1,"rotation":[-0.3264631927013397,-0.01684514246881008,0.9450598359107971,0,0.9998412132263184,0.01782158762216568,-0.9452099800109863,0.00581809226423502,-0.3264113664627075],"rotationconfidence":1},"9":{"id":9,"position":[-17.91289448738098,-532.8742861747742,2384.540557861328],"positionconfidence":1,"rotation":[-0.3264631927013397,-0.01684514246881008,0.9450598359107971,0,0.9998412132263184,0.01782158762216568,-0.9452099800109863,0.00581809226423502,-0.3264113664627075],"rotationconfidence":1},"12":{"id":12,"position":[404.6461582183838,-205.7524770498276,2584.012985229492],"positionconfidence":1,"rotation":[0.2210070341825485,-0.9739128947257996,-0.05147499963641167,-0.3159664571285248,-0.02156812511384487,-0.9485252499580383,0.9226706624031067,0.2258950918912888,-0.3124904930591583],"rotationconfidence":1},"13":{"id":13,"position":[459.809422492981,-448.8407373428345,2571.164846420288],"positionconfidence":1,"rotation":[-0.2123472690582275,-0.3787776529788971,-0.900797426700592,-0.3218501210212708,0.8974958658218384,-0.3015188276767731,0.9226706624031067,0.2258950918912888,-0.3124904930591583],"rotationconfidence":1},"14":{"id":14,"position":[416.9903099536896,-525.219976902008,2389.522075653076],"positionconfidence":1,"rotation":[-0.2319002747535706,-0.404995322227478,-0.8844212889671326,0,-0.9092066287994385,0.4163450598716736,-0.9727395176887512,0.09655053168535233,0.2108452618122101],"rotationconfidence":1},"15":{"id":15,"position":[404.7960042953491,-546.5163588523865,2343.015432357788],"positionconfidence":1,"rotation":[-0.2319002747535706,-0.404995322227478,-0.8844212889671326,0,-0.9092066287994385,0.4163450598716736,-0.9727395176887512,0.09655053168535233,0.2108452618122101],"rotationconfidence":1},"17":{"id":17,"position":[114.4624873995781,-542.4191951751709,2486.481189727783],"positionconfidence":1,"rotation":[0.8237245678901672,-0.5409600734710693,-0.169823631644249,0.5654383897781372,0.7616122364997864,0.3165853917598724,-0.04192028194665909,-0.3568039238452911,0.9332382082939148],"rotationconfidence":1},"18":{"id":18,"position":[-66.2965252995491,-785.8909368515015,2385.275363922119],"positionconfidence":1,"rotation":[0.9378120303153992,-0.3471435308456421,0,0.3032395541667938,0.8192048668861389,0.486774206161499,-0.1689805239439011,-0.4565027058124542,0.8735278248786926],"rotationconfidence":1},"19":{"id":19,"position":[-160.8995646238327,-1041.462063789368,2233.414173126221],"positionconfidence":0.5,"rotation":[0.3499822318553925,-0.9367563128471375,0,0.9281696081161499,0.346774160861969,-0.1350884437561035,0.1265449523925781,0.04727855324745178,0.990833580493927],"rotationconfidence":0.5},"20":{"id":20,"position":[-172.1459478139877,-1045.663833618164,2145.356178283691],"positionconfidence":0.5,"rotation":[0.3499822318553925,-0.9367563128471375,0,0.9281696081161499,0.346774160861969,-0.1350884437561035,0.1265449523925781,0.04727855324745178,0.990833580493927],"rotationconfidence":0.5},"21":{"id":21,"position":[276.2223780155182,-556.7421317100525,2488.271236419678],"positionconfidence":1,"rotation":[0.9387322664260864,0.2954155802726746,0.1775147914886475,-0.341585636138916,0.865991473197937,0.3652095198631287,-0.04583772271871567,-0.4034704566001892,0.9138438701629639],"rotationconfidence":1},"22":{"id":22,"position":[375.1676082611084,-807.5891137123108,2382.483005523682],"positionconfidence":1,"rotation":[0.6602897644042969,0.7069627046585083,0.253419041633606,-0.5731236338615417,0.256272166967392,0.7783661484718323,0.4853315949440002,-0.6591876149177551,0.5743909478187561],"rotationconfidence":1},"23":{"id":23,"position":[570.3924298286438,-894.8838710784912,2117.345809936523],"positionconfidence":0.5,"rotation":[-0.7801073789596558,0.6256457567214966,0,-0.6051118969917297,-0.7545040845870972,-0.2540930509567261,-0.1589722186326981,-0.1982198357582092,0.9671797752380371],"rotationconfidence":0.5},"24":{"id":24,"position":[583.7709307670593,-878.2024383544922,2035.951614379883],"positionconfidence":0.5,"rotation":[-0.7801073789596558,0.6256457567214966,0,-0.6051118969917297,-0.7545040845870972,-0.2540930509567261,-0.1589722186326981,-0.1982198357582092,0.9671797752380371],"rotationconfidence":0.5}},"skeletonTracked":true,"frameCount":1},{"position":[184.3800991773605,-480.0319373607636,2411.7431640625],"positionTracked":true,"id":4570,"skeleton":{"1":{"id":1,"position":[242.5428032875061,100.4747152328491,2638.35334777832],"positionconfidence":1,"rotation":[0.9997417330741882,-0.02272680401802063,0,0.02253795601427555,0.9914343953132629,0.1286467462778091,-0.002923729363828898,-0.1286135166883469,0.9916905760765076],"rotationconfidence":1},"2":{"id":2,"position":[238.2349818944931,-89.0243798494339,2613.76428604126],"positionconfidence":1,"rotation":[0.9997348189353943,-0.02296233922243118,0.001816399744711816,0.02253795601427555,0.9914343953132629,0.1286467462778091,-0.004754871129989624,-0.1285716891288757,0.9916889071464539],"rotationconfidence":1},"3":{"id":3,"position":[208.2771509885788,-421.6813147068024,2568.485021591187],"positionconfidence":1,"rotation":[0.996030330657959,-0.08872722089290619,-0.007137570530176163,0.088880255818367,0.9869416952133179,0.1343365758657455,-0.004874944686889648,-0.134437695145607,0.9909100532531738],"rotationconfidence":1},"4":{"id":4,"position":[202.9321938753128,-473.4348952770233,2511.025428771973],"positionconfidence":1,"rotation":[0.9949228763580322,-0.1006216108798981,-0.001919468282721937,0.06895366311073303,0.6676571369171143,0.7412686944007874,-0.07330610603094101,-0.7376375794410706,0.6712056398391724],"rotationconfidence":1},"6":{"id":6,"position":[48.57296124100685,-198.9629417657852,2583.868265151978],"positionconfidence":1,"rotation":[0.383976012468338,0.9200165271759033,-0.07830698788166046,0.2240669578313828,-0.1751165837049484,-0.9587116241455078,-0.8957434296607971,0.3505762815475464,-0.2733858823776245],"rotationconfidence":1},"7":{"id":7,"position":[-48.6452691257,-431.9003522396088,2603.694677352905],"positionconfidence":1,"rotation":[-0.05751839280128479,0.5183861255645752,0.8532100915908813,0.4408346712589264,0.7799820303916931,-0.4441763758659363,-0.8957434296607971,0.3505762815475464,-0.2733858823776245],"rotationconfidence":1},"8":{"id":8,"position":[-37.18539699912071,-535.182774066925,2433.70246887207],"positionconfidence":1,"rotation":[-0.357375979423523,0.01374995429068804,0.9338594079017639,0,0.9998916387557983,-0.01472219917923212,-0.9339606165885925,-0.005261360201984644,-0.3573372662067413],"rotationconfidence":1},"9":{"id":9,"position":[-16.36120676994324,-535.9839797019958,2379.286766052246],"positionconfidence":1,"rotation":[-0.357375979423523,0.01374995429068804,0.9338594079017639,0,0.9998916387557983,-0.01472219917923212,-0.9339606165885925,-0.005261360201984644,-0.3573372662067413],"rotationconfidence":1},"12":{"id":12,"position":[404.3902456760407,-206.345722079277,2584.617137908936],"positionconfidence":1,"rotation":[0.216769739985466,-0.9750698804855347,-0.0474286824464798,-0.3084672689437866,-0.02231939882040024,-0.9509730339050293,0.9262067079544067,0.2207724004983902,-0.3056153655052185],"rotationconfidence":1},"13":{"id":13,"position":[458.562433719635,-450.0221312046051,2572.764396667481],"positionconfidence":1,"rotation":[-0.208694726228714,-0.3748744428157806,-0.90328049659729,-0.3139868080615997,0.9004047513008118,-0.3011371791362763,0.9262067079544067,0.2207724004983902,-0.3056153655052185],"rotationconfidence":1},"14":{"id":14,"position":[416.4979159832001,-525.5818367004395,2390.699148178101],"positionconfidence":1,"rotation":[-0.2029109001159668,-0.4353761076927185,-0.8770831823348999,0,-0.8957166075706482,0.4446255564689636,-0.9791973233222961,0.09021937102079391,0.1817506700754166],"rotationconfidence":1},"15":{"id":15,"position":[405.7998955249786,-548.5360622406006,2344.456911087036],"positionconfidence":1,"rotation":[-0.2029109001159668,-0.4353761076927185,-0.8770831823348999,0,-0.8957166075706482,0.4446255564689636,-0.9791973233222961,0.09021937102079391,0.1817506700754166],"rotationconfidence":1},"17":{"id":17,"position":[113.7390658259392,-542.8664684295654,2485.953330993652],"positionconfidence":1,"rotation":[0.8220192193984985,-0.5437148213386536,-0.1692880690097809,0.567783534526825,0.759754478931427,0.3168515861034393,-0.04365955293178558,-0.3565770983695984,0.9332451820373535],"rotationconfidence":1},"18":{"id":18,"position":[-67.08694249391556,-784.8308086395264,2385.043382644653],"positionconfidence":1,"rotation":[0.9413716793060303,-0.3373713791370392,0,0.294628918170929,0.8221067786216736,0.4871695935726166,-0.1643570810556412,-0.4586076438426971,0.8733074069023132],"rotationconfidence":1},"19":{"id":19,"position":[-159.382700920105,-1042.364835739136,2232.432126998901],"positionconfidence":0.5,"rotation":[0.517669141292572,-0.8555808663368225,0,0.8497084975242615,0.5141160488128662,-0.1169623211026192,0.1000707298517227,0.06054778397083283,0.9931364059448242],"rotationconfidence":0.5},"20":{"id":20,"position":[-168.130561709404,-1047.65772819519,2145.615339279175],"positionconfidence":0.5,"rotation":[0.517669141292572,-0.8555808663368225,0,0.8497084975242615,0.5141160488128662,-0.1169623211026192,0.1000707298517227,0.06054778397083283,0.9931364059448242],"rotationconfidence":0.5},"21":{"id":21,"position":[275.6686210632324,-556.9686889648438,2488.14058303833],"positionconfidence":1,"rotation":[0.9367368221282959,0.30025914311409,0.1799129545688629,-0.3468291759490967,0.8655726313591003,0.3612388670444489,-0.04726244881749153,-0.4007848203182221,0.9149523973464966],"rotationconfidence":1},"22":{"id":22,"position":[376.3561546802521,-808.2519769668579,2383.269786834717],"positionconfidence":1,"rotation":[0.6680042147636414,0.7008501887321472,0.2501586973667145,-0.5724408030509949,0.2691630423069,0.774507999420166,0.4754806160926819,-0.6605756282806396,0.5809972882270813],"rotationconfidence":1},"23":{"id":23,"position":[570.4224109649658,-899.5023965835571,2120.699644088745],"positionconfidence":0.5,"rotation":[-0.7416941523551941,0.6707382798194885,0,-0.6493980884552002,-0.7180964350700378,-0.250239223241806,-0.1678450256586075,-0.1856009662151337,0.9681840538978577],"rotationconfidence":0.5},"24":{"id":24,"position":[584.488034248352,-883.948802947998,2039.564609527588],"positionconfidence":0.5,"rotation":[-0.7416941523551941,0.6707382798194885,0,-0.6493980884552002,-0.7180964350700378,-0.250239223241806,-0.1678450256586075,-0.1856009662151337,0.9681840538978577],"rotationconfidence":0.5}},"skeletonTracked":true,"frameCount":2},{"position":[181.7750334739685,-480.5764555931091,2412.07218170166],"positionTracked":true,"id":4570,"skeleton":{"1":{"id":1,"position":[246.3222593069077,99.33409094810486,2636.021137237549],"positionconfidence":1,"rotation":[0.9989439845085144,-0.04594534263014793,0,0.04562255367636681,0.9919258952140808,0.1183279827237129,-0.005436619743704796,-0.1182030290365219,0.992974579334259],"rotationconfidence":1},"2":{"id":2,"position":[237.6385927200317,-89.46625888347626,2613.49892616272],"positionconfidence":1,"rotation":[0.9989094734191895,-0.04647570475935936,0.004459226503968239,0.04562255367636681,0.9919258952140808,0.1183279827237129,-0.009922599419951439,-0.1179955154657364,0.9929646253585815],"rotationconfidence":1},"3":{"id":3,"position":[207.5495421886444,-422.1040904521942,2568.247318267822],"positionconfidence":1,"rotation":[0.9959540963172913,-0.08984479308128357,-0.001801791368052363,0.08927243202924728,0.9869168400764465,0.1342588514089584,-0.01028424128890038,-0.1338765174150467,0.9909446835517883],"rotationconfidence":1},"4":{"id":4,"position":[202.3882120847702,-473.7328886985779,2510.782480239868],"positionconfidence":1,"rotation":[0.9949759244918823,-0.1001127287745476,0.0005794948665425181,0.0666637197136879,0.6668373346328735,0.7422155737876892,-0.07469165325164795,-0.7384479641914368,0.6701609492301941],"rotationconfidence":1},"6":{"id":6,"position":[48.25090989470482,-198.6429691314697,2582.736730575562],"positionconfidence":1,"rotation":[0.386089414358139,0.9191774725914001,-0.07776685804128647,0.2291257530450821,-0.1772191971540451,-0.9571283459663391,-0.8935526609420776,0.3517187535762787,-0.2790296971797943],"rotationconfidence":1},"7":{"id":7,"position":[-49.48179796338081,-431.3188791275024,2602.42223739624],"positionconfidence":1,"rotation":[-0.06155657395720482,0.5196555852890015,0.8521553874015808,0.4447183609008789,0.7786218523979187,-0.4426890313625336,-0.8935526609420776,0.3517187535762787,-0.2790296971797943],"rotationconfidence":1},"8":{"id":8,"position":[-37.2290350496769,-534.7557067871094,2432.801723480225],"positionconfidence":1,"rotation":[-0.3980337679386139,-0.02748510800302029,0.9169589281082153,0,0.9995511174201965,0.02996074222028256,-0.9173707962036133,0.01192538719624281,-0.3978551030158997],"rotationconfidence":1},"9":{"id":9,"position":[-14.20623529702425,-533.1659317016602,2379.763603210449],"positionconfidence":1,"rotation":[-0.3980337679386139,-0.02748510800302029,0.9169589281082153,0,0.9995511174201965,0.02996074222028256,-0.9173707962036133,0.01192538719624281,-0.3978551030158997],"rotationconfidence":1},"12":{"id":12,"position":[404.4317901134491,-207.0791125297546,2585.293531417847],"positionconfidence":1,"rotation":[0.2131780385971069,-0.9759634137153625,-0.04528363421559334,-0.3027909994125366,-0.02192902937531471,-0.9528047442436218,0.9289094805717468,0.2168285101652145,-0.3001877069473267],"rotationconfidence":1},"13":{"id":13,"position":[457.7012360095978,-450.9552121162415,2573.977947235107],"positionconfidence":1,"rotation":[-0.2052634507417679,-0.3732174634933472,-0.904751718044281,-0.3082112669944763,0.9020500183105469,-0.3021782636642456,0.9289094805717468,0.2168285101652145,-0.3001877069473267],"rotationconfidence":1},"14":{"id":14,"position":[416.3739681243897,-526.0979533195496,2391.817331314087],"positionconfidence":1,"rotation":[-0.185903400182724,-0.4500108659267426,-0.8734586238861084,0,-0.8889549374580383,0.457994669675827,-0.9825679063796997,0.08514276891946793,0.1652597486972809],"rotationconfidence":1},"15":{"id":15,"position":[406.5109491348267,-549.9730706214905,2345.476388931274],"positionconfidence":1,"rotation":[-0.185903400182724,-0.4500108659267426,-0.8734586238861084,0,-0.8889549374580383,0.457994669675827,-0.9825679063796997,0.08514276891946793,0.1652597486972809],"rotationconfidence":1},"17":{"id":17,"position":[113.2032573223114,-543.1963205337524,2485.518217086792],"positionconfidence":1,"rotation":[0.8199968934059143,-0.5469931960105896,-0.16853366792202,0.5705170035362244,0.7574482560157776,0.3174625933170319,-0.04599433392286301,-0.3564696609973908,0.9331741333007812],"rotationconfidence":1},"18":{"id":18,"position":[-68.07632744312286,-783.8726043701172,2384.645700454712],"positionconfidence":1,"rotation":[0.9462571740150452,-0.323415070772171,0,0.2828671932220459,0.8276209831237793,0.4847985208034515,-0.1567911505699158,-0.458744078874588,0.8746258020401001],"rotationconfidence":1},"19":{"id":19,"position":[-156.8495780229569,-1043.607950210571,2232.499599456787],"positionconfidence":0.5,"rotation":[0.7257394790649414,-0.6879696846008301,0,0.6841942667961121,0.7217567563056946,-0.1046205386519432,0.07197575271129608,0.0759272500872612,0.9945122003555298],"rotationconfidence":0.5},"20":{"id":20,"position":[-163.0426049232483,-1050.140976905823,2146.928548812866],"positionconfidence":0.5,"rotation":[0.7257394790649414,-0.6879696846008301,0,0.6841942667961121,0.7217567563056946,-0.1046205386519432,0.07197575271129608,0.0759272500872612,0.9945122003555298],"rotationconfidence":0.5},"21":{"id":21,"position":[275.2828299999237,-557.192325592041,2488.160371780396],"positionconfidence":1,"rotation":[0.9349583983421326,0.3038813769817352,0.1830547153949738,-0.3512992858886719,0.8649408221244812,0.3584218919277191,-0.04941376298666,-0.3994165062904358,0.9154369235038757],"rotationconfidence":1},"22":{"id":22,"position":[377.6069283485413,-809.1264963150024,2383.761644363403],"positionconfidence":1,"rotation":[0.6742913722991943,0.6950535774230957,0.2494627088308334,-0.5739578604698181,0.2807140946388245,0.7692671418190002,0.4646541774272919,-0.6618912816047668,0.5882145762443542],"rotationconfidence":1},"23":{"id":23,"position":[571.1764097213745,-903.7984013557434,2124.32336807251],"positionconfidence":0.5,"rotation":[-0.7072352766990662,0.7069782614707947,0,-0.6846219897270203,-0.6848708987236023,-0.2494889944791794,-0.1763832867145538,-0.1764474213123322,0.9683777093887329],"rotationconfidence":0.5},"24":{"id":24,"position":[585.9308838844299,-889.0385627746582,2043.318510055542],"positionconfidence":0.5,"rotation":[-0.7072352766990662,0.7069782614707947,0,-0.6846219897270203,-0.6848708987236023,-0.2494889944791794,-0.1763832867145538,-0.1764474213123322,0.9683777093887329],"rotationconfidence":0.5}},"skeletonTracked":true,"frameCount":3},{"position":[182.2036355733872,-480.5710911750794,2412.77813911438],"positionTracked":true,"id":4570,"skeleton":{"1":{"id":1,"position":[250.0887215137482,98.29682111740112,2634.207725524902],"positionconfidence":1,"rotation":[0.9977021813392639,-0.06775280088186264,0,0.0673379898071289,0.9915938973426819,0.1104858070611954,-0.007485722657293081,-0.1102319285273552,0.9938777089118958],"rotationconfidence":1},"2":{"id":2,"position":[237.3123914003372,-89.84260261058807,2613.244771957398],"positionconfidence":1,"rotation":[0.9976062178611755,-0.06866185367107391,0.008217141032218933,0.0673379898071289,0.9915938973426819,0.1104858070611954,-0.01573422737419605,-0.1096680015325546,0.9938437938690186],"rotationconfidence":1},"3":{"id":3,"position":[207.0278972387314,-422.4126040935516,2568.069219589233],"positionconfidence":1,"rotation":[0.9958197474479675,-0.09124479442834854,0.004147915169596672,0.0898682102560997,0.9868902564048767,0.1340569257736206,-0.01632553525269032,-0.1331237852573395,0.9909648895263672],"rotationconfidence":1},"4":{"id":4,"position":[202.0084112882614,-473.9497005939484,2510.606288909912],"positionconfidence":1,"rotation":[0.9949547648429871,-0.1002784743905067,0.003026300575584173,0.06489188969135284,0.6662713885307312,0.7428805232048035,-0.07651126384735107,-0.738936185836792,0.669417142868042],"rotationconfidence":1},"6":{"id":6,"position":[48.16541075706482,-198.2984691858292,2581.576108932495],"positionconfidence":1,"rotation":[0.388362318277359,0.9183207154273987,-0.07656203955411911,0.2348089814186096,-0.1789574474096298,-0.955426037311554,-0.8910889029502869,0.3530740439891815,-0.2851302921772003],"rotationconfidence":1},"7":{"id":7,"position":[-50.11505633592606,-430.6922554969788,2600.951194763184],"positionconfidence":1,"rotation":[-0.06491641700267792,0.5226516723632812,0.8500711917877197,0.4491618871688843,0.7759986519813538,-0.4428088068962097,-0.8910889029502869,0.3530740439891815,-0.2851302921772003],"rotationconfidence":1},"8":{"id":8,"position":[-37.21121698617935,-534.5829725265503,2431.977272033691],"positionconfidence":1,"rotation":[-0.4376432299613953,-0.07300777733325958,0.896179735660553,0,0.9966980814933777,0.08119656145572662,-0.8991485834121704,0.03553512692451477,-0.4361981749534607],"rotationconfidence":1},"9":{"id":9,"position":[-12.5937070697546,-530.4762721061707,2381.567001342773],"positionconfidence":1,"rotation":[-0.4376432299613953,-0.07300777733325958,0.896179735660553,0,0.9966980814933777,0.08119656145572662,-0.8991485834121704,0.03553512692451477,-0.4361981749534607],"rotationconfidence":1},"12":{"id":12,"position":[404.8254191875458,-207.853302359581,2586.16828918457],"positionconfidence":1,"rotation":[0.2092353105545044,-0.976801335811615,-0.04560321196913719,-0.2963987588882446,-0.01891032420098782,-0.9548770189285278,0.9318628311157227,0.2133107334375382,-0.2934794425964356],"rotationconfidence":1},"13":{"id":13,"position":[457.0670425891876,-451.7399072647095,2574.782133102417],"positionconfidence":1,"rotation":[-0.1989915370941162,-0.3758849501609802,-0.9050484895706177,-0.3033710718154907,0.9017809629440308,-0.3078261911869049,0.9318628311157227,0.2133107334375382,-0.2934794425964356],"rotationconfidence":1},"14":{"id":14,"position":[417.0733988285065,-527.2858738899231,2392.884016036987],"positionconfidence":1,"rotation":[-0.1870632022619247,-0.4458286464214325,-0.8753537535667419,0,-0.8910832405090332,0.4538398683071137,-0.982347846031189,0.08489673584699631,0.1666888892650604],"rotationconfidence":1},"15":{"id":15,"position":[407.0940613746643,-551.0696768760681,2346.18616104126],"positionconfidence":1,"rotation":[-0.1870632022619247,-0.4458286464214325,-0.8753537535667419,0,-0.8910832405090332,0.4538398683071137,-0.982347846031189,0.08489673584699631,0.1666888892650604],"rotationconfidence":1},"17":{"id":17,"position":[112.8099858760834,-543.4354543685913,2485.164642333984],"positionconfidence":1,"rotation":[0.8172085285186768,-0.5513662695884705,-0.1678251773118973,0.5742918848991394,0.7544752359390259,0.3177356719970703,-0.04856881126761437,-0.3560369610786438,0.9332087635993958],"rotationconfidence":1},"18":{"id":18,"position":[-69.08386200666428,-782.3982834815979,2384.529113769531],"positionconfidence":1,"rotation":[0.9521100521087646,-0.305755615234375,0,0.2679452002048492,0.834369957447052,0.4816971123218536,-0.147281602025032,-0.4586286544799805,0.8763377666473389],"rotationconfidence":1},"19":{"id":19,"position":[-153.3411145210266,-1044.771790504456,2233.05606842041],"positionconfidence":0.5,"rotation":[0.8983319997787476,-0.4393169581890106,0,0.4371685385704041,0.8939388394355774,-0.09877630323171616,0.04339411482214928,0.08873393386602402,0.9951096177101135],"rotationconfidence":0.5},"20":{"id":20,"position":[-157.0300161838532,-1052.31499671936,2148.462533950806],"positionconfidence":0.5,"rotation":[0.8983319997787476,-0.4393169581890106,0,0.4371685385704041,0.8939388394355774,-0.09877630323171616,0.04339411482214928,0.08873393386602402,0.9951096177101135],"rotationconfidence":0.5},"21":{"id":21,"position":[275.0257551670075,-557.4151873588562,2488.273620605469],"positionconfidence":1,"rotation":[0.9334955215454102,0.3063948154449463,0.1863014400005341,-0.354812890291214,0.8644205331802368,0.3562091290950775,-0.0519021563231945,-0.3986217975616455,0.9156455397605896],"rotationconfidence":1},"22":{"id":22,"position":[378.4773647785187,-809.4514012336731,2384.414911270142],"positionconfidence":1,"rotation":[0.6806987524032593,0.6887351274490356,0.2495858669281006,-0.5732241272926331,0.2886309921741486,0.7668809294700623,0.4561396241188049,-0.6650835275650024,0.5912703275680542],"rotationconfidence":1},"23":{"id":23,"position":[571.2544918060303,-906.5189361572266,2126.510381698608],"positionconfidence":0.5,"rotation":[-0.6882207989692688,0.7255012392997742,0,-0.7025183439254761,-0.6664188504219055,-0.2497074902057648,-0.181163102388382,-0.1718539148569107,0.9683213233947754],"rotationconfidence":0.5},"24":{"id":24,"position":[586.4126682281494,-892.1396732330322,2045.489549636841],"positionconfidence":0.5,"rotation":[-0.6882207989692688,0.7255012392997742,0,-0.7025183439254761,-0.6664188504219055,-0.2497074902057648,-0.181163102388382,-0.1718539148569107,0.9683213233947754],"rotationconfidence":0.5}},"skeletonTracked":true,"frameCount":4},{"position":[181.4905554056168,-482.9381704330444,2413.021326065064],"positionTracked":true,"id":4570,"skeleton":{"1":{"id":1,"position":[253.6624073982239,97.98842668533325,2633.212327957153],"positionconfidence":1,"rotation":[0.9961863160133362,-0.08725268393754959,0,0.08675557374954224,0.9905106425285339,0.1065933257341385,-0.009300554171204567,-0.1061868146061897,0.9943028092384338],"rotationconfidence":1},"2":{"id":2,"position":[237.1827512979507,-90.16404300928116,2612.964391708374],"positionconfidence":1,"rotation":[0.9959887266159058,-0.08858969807624817,0.01258488092571497,0.08675557374954224,0.9905106425285339,0.1065933257341385,-0.02190852910280228,-0.105073943734169,0.9942230582237244],"rotationconfidence":1},"3":{"id":3,"position":[206.6344767808914,-422.6332008838654,2567.937850952148],"positionconfidence":1,"rotation":[0.9956223964691162,-0.0928872749209404,0.01038520503789187,0.09067671000957489,0.9868711233139038,0.1336526721715927,-0.02266349270939827,-0.1321258991956711,0.9909737706184387],"rotationconfidence":1},"4":{"id":4,"position":[201.7325311899185,-474.1066098213196,2510.478973388672],"positionconfidence":1,"rotation":[0.9948676228523254,-0.1010294109582901,0.005630834028124809,0.0634157583117485,0.6659040451049805,0.7433372139930725,-0.07884851843118668,-0.7391650676727295,0.6688932180404663],"rotationconfidence":1},"6":{"id":6,"position":[48.25520887970924,-197.8932172060013,2580.461740493774],"positionconfidence":1,"rotation":[0.3909090161323547,0.9174045920372009,-0.07455827295780182,0.2518868744373322,-0.1845370829105377,-0.9499994516372681,-0.885292649269104,0.352583110332489,-0.3032193779945374],"rotationconfidence":1},"7":{"id":7,"position":[-50.62580481171608,-429.9520552158356,2599.321365356445],"positionconfidence":1,"rotation":[-0.08670325577259064,0.515458345413208,0.8525168895721436,0.4568800032138825,0.7810170650482178,-0.4257613718509674,-0.885292649269104,0.352583110332489,-0.3032193779945374],"rotationconfidence":1},"8":{"id":8,"position":[-33.33791717886925,-532.7300429344177,2429.336786270142],"positionconfidence":1,"rotation":[-0.4213334023952484,-0.1136790663003922,0.8997528553009033,0,0.9921128749847412,0.1253482699394226,-0.9069058895111084,0.05281341448426247,-0.4180102944374085],"rotationconfidence":1},"9":{"id":9,"position":[-9.676579385995865,-526.3460278511047,2378.808259963989],"positionconfidence":1,"rotation":[-0.4213334023952484,-0.1136790663003922,0.8997528553009033,0,0.9921128749847412,0.1253482699394226,-0.9069058895111084,0.05281341448426247,-0.4180102944374085],"rotationconfidence":1},"12":{"id":12,"position":[405.5704474449158,-208.6740434169769,2587.196111679077],"positionconfidence":1,"rotation":[0.2048343569040299,-0.9776541590690613,-0.04727863892912865,-0.2847589254379273,-0.01330891158431768,-0.9585067629814148,0.9364588856697083,0.209798127412796,-0.2811218500137329],"rotationconfidence":1},"13":{"id":13,"position":[456.6290080547333,-452.3715078830719,2575.411081314087],"positionconfidence":1,"rotation":[-0.184777095913887,-0.3861841857433319,-0.9037251472473145,-0.2981646656990051,0.8982463479042053,-0.3228797316551209,0.9364588856697083,0.209798127412796,-0.2811218500137329],"rotationconfidence":1},"14":{"id":14,"position":[419.6010828018189,-529.7598838806152,2394.311428070068],"positionconfidence":1,"rotation":[-0.2216202318668366,-0.4110347330570221,-0.8842709064483643,0,-0.9068207740783691,0.4215165376663208,-0.9751331806182861,0.09341659396886826,0.2009698301553726],"rotationconfidence":1},"15":{"id":15,"position":[407.6825678348541,-551.8649220466614,2346.756219863892],"positionconfidence":1,"rotation":[-0.2216202318668366,-0.4110347330570221,-0.8842709064483643,0,-0.9068207740783691,0.4215165376663208,-0.9751331806182861,0.09341659396886826,0.2009698301553726],"rotationconfidence":1},"17":{"id":17,"position":[112.5099062919617,-543.6047315597534,2484.878778457642],"positionconfidence":1,"rotation":[0.8150479197502136,-0.5549981594085693,-0.1663548797369003,0.5770955681800842,0.7520870566368103,0.3183170557022095,-0.05155202373862267,-0.3554463088512421,0.93327397108078],"rotationconfidence":1},"18":{"id":18,"position":[-69.99128311872482,-781.4453840255737,2384.213924407959],"positionconfidence":1,"rotation":[0.9566751718521118,-0.2911573946475983,0,0.2558498382568359,0.8406627774238586,0.477312296628952,-0.1389729976654053,-0.4566328227519989,0.87873375415802],"rotationconfidence":1},"19":{"id":19,"position":[-150.4769176244736,-1045.902371406555,2234.060287475586],"positionconfidence":0.5,"rotation":[0.9713846445083618,-0.2375120222568512,0,0.2362641841173172,0.9662811756134033,-0.1023718044161797,0.02431453205645084,0.09944239258766174,0.994746208190918],"rotationconfidence":0.5},"20":{"id":20,"position":[-152.5271385908127,-1054.287433624268,2150.182485580444],"positionconfidence":0.5,"rotation":[0.9713846445083618,-0.2375120222568512,0,0.2362641841173172,0.9662811756134033,-0.1023718044161797,0.02431453205645084,0.09944239258766174,0.994746208190918],"rotationconfidence":0.5},"21":{"id":21,"position":[274.8569548130035,-557.6473474502563,2488.498210906982],"positionconfidence":1,"rotation":[0.9322229623794556,0.3079733848571777,0.1900336146354675,-0.3576965928077698,0.8638235330581665,0.3547704815864563,-0.05489565432071686,-0.3986995220184326,0.9154371023178101],"rotationconfidence":1},"22":{"id":22,"position":[379.2177140712738,-809.6745610237122,2384.99116897583],"positionconfidence":1,"rotation":[0.6856998205184937,0.6834585070610046,0.2504000663757324,-0.5734968781471252,0.2954405546188355,0.7640787363052368,0.4482377767562866,-0.6675323247909546,0.5945448279380798],"rotationconfidence":1},"23":{"id":23,"position":[571.6300010681152,-908.7969660758972,2128.637313842773],"positionconfidence":0.5,"rotation":[-0.6725003123283386,0.7400968074798584,0,-0.7164711356163025,-0.6510325074195862,-0.2506504952907562,-0.1855056434869766,-0.1685625463724136,0.9680776000022888],"rotationconfidence":0.5},"24":{"id":24,"position":[587.1637463569641,-894.681990146637,2047.573089599609],"positionconfidence":0.5,"rotation":[-0.6725003123283386,0.7400968074798584,0,-0.7164711356163025,-0.6510325074195862,-0.2506504952907562,-0.1855056434869766,-0.1685625463724136,0.9680776000022888],"rotationconfidence":0.5}},"skeletonTracked":true,"frameCount":5},{"position":[179.4787496328354,-479.907363653183,2413.501977920532],"positionTracked":true,"id":4570,"skeleton":{"1":{"id":1,"position":[256.0356259346008,97.58055210113525,2632.463216781616],"positionconfidence":1,"rotation":[0.9950107336044312,-0.09976764768362045,0,0.09922612458467484,0.989609956741333,0.1040485501289368,-0.01038067881017923,-0.1035294234752655,0.994572103023529],"rotationconfidence":1},"2":{"id":2,"position":[237.1790558099747,-90.48131108283997,2612.690210342407],"positionconfidence":1,"rotation":[0.9946874976158142,-0.1015240177512169,0.01701313816010952,0.09922612458467484,0.989609956741333,0.1040485501289368,-0.02739980258047581,-0.1018076613545418,0.9944266676902771],"rotationconfidence":1},"3":{"id":3,"position":[206.341490149498,-422.7958023548126,2567.839860916138],"positionconfidence":1,"rotation":[0.9953963160514832,-0.09451626986265182,0.01590909622609615,0.09157613664865494,0.9868508577346802,0.1331889182329178,-0.02828842215240002,-0.1311188489198685,0.9909630417823792],"rotationconfidence":1},"4":{"id":4,"position":[201.5316933393478,-474.2220044136047,2510.386943817139],"positionconfidence":1,"rotation":[0.9947342276573181,-0.1021622270345688,0.008169224485754967,0.06225719302892685,0.6656520366668701,0.7436608076095581,-0.08141190558671951,-0.7392362952232361,0.6685072183609009],"rotationconfidence":1},"6":{"id":6,"position":[48.39371144771576,-197.5154578685761,2579.500198364258],"positionconfidence":1,"rotation":[0.3936616480350494,0.9164502024650574,-0.07176004350185394,0.2651369571685791,-0.187941387295723,-0.9457167983055115,-0.880189061164856,0.3532662093639374,-0.3169701397418976],"rotationconfidence":1},"7":{"id":7,"position":[-51.12576112151146,-429.198294878006,2597.641468048096],"positionconfidence":1,"rotation":[-0.1010331809520721,0.5130707025527954,0.8523795008659363,0.4637449681758881,0.7822796106338501,-0.415907621383667,-0.880189061164856,0.3532662093639374,-0.3169701397418976],"rotationconfidence":1},"8":{"id":8,"position":[-30.95367923378944,-531.6369533538818,2427.457094192505],"positionconfidence":1,"rotation":[-0.4145135879516602,-0.1439914405345917,0.8985793590545654,0,0.9874030947685242,0.1582248657941818,-0.9100430607795715,0.06558635830879211,-0.4092920124530792],"rotationconfidence":1},"9":{"id":9,"position":[-7.649878971278667,-523.5418081283569,2376.939296722412],"positionconfidence":1,"rotation":[-0.4145135879516602,-0.1439914405345917,0.8985793590545654,0,0.9874030947685242,0.1582248657941818,-0.9100430607795715,0.06558635830879211,-0.4092920124530792],"rotationconfidence":1},"12":{"id":12,"position":[406.3175022602081,-209.3882709741592,2588.146686553955],"positionconfidence":1,"rotation":[0.2009390592575073,-0.9783636927604675,-0.0492745116353035,-0.274271696805954,-0.007899465970695019,-0.9616198539733887,0.9404246807098389,0.206741601228714,-0.2699247896671295],"rotationconfidence":1},"13":{"id":13,"position":[456.3266336917877,-452.8805911540985,2575.883388519287],"positionconfidence":1,"rotation":[-0.172233060002327,-0.3948237299919128,-0.9024688601493835,-0.2931505739688873,0.8951939344406128,-0.3356942534446716,0.9404246807098389,0.206741601228714,-0.2699247896671295],"rotationconfidence":1},"14":{"id":14,"position":[421.8780994415283,-531.84974193573,2395.379543304443],"positionconfidence":1,"rotation":[-0.2530430257320404,-0.3790242969989777,-0.8901178240776062,0,-0.9200612306594849,0.391774594783783,-0.9674549698829651,0.09913583099842072,0.2328150719404221],"rotationconfidence":1},"15":{"id":15,"position":[408.1704616546631,-552.3819327354431,2347.160816192627],"positionconfidence":1,"rotation":[-0.2530430257320404,-0.3790242969989777,-0.8901178240776062,0,-0.9200612306594849,0.391774594783783,-0.9674549698829651,0.09913583099842072,0.2328150719404221],"rotationconfidence":1},"17":{"id":17,"position":[112.2825741767883,-543.7257885932922,2484.642505645752],"positionconfidence":1,"rotation":[0.8143617510795593,-0.5567900538444519,-0.1637068539857864,0.5777778625488281,0.7512505054473877,0.3190542459487915,-0.05466138571500778,-0.3544117212295532,0.9334904551506042],"rotationconfidence":1},"18":{"id":18,"position":[-70.55317610502243,-781.4563512802124,2383.678913116455],"positionconfidence":1,"rotation":[0.9582203030586243,-0.2860311567783356,0,0.2517782151699066,0.8434709906578064,0.474514901638031,-0.1357260495424271,-0.4546898007392883,0.8802474141120911],"rotationconfidence":1},"19":{"id":19,"position":[-149.689644575119,-1046.567916870117,2234.534025192261],"positionconfidence":0.5,"rotation":[0.9861752390861511,-0.1657060384750366,0,0.1647743433713913,0.9806303977966309,-0.1058939546346664,0.01754726655781269,0.1044299826025963,0.9943774342536926],"rotationconfidence":0.5},"20":{"id":20,"position":[-151.163637638092,-1055.340170860291,2151.005029678345],"positionconfidence":0.5,"rotation":[0.9861752390861511,-0.1657060384750366,0,0.1647743433713913,0.9806303977966309,-0.1058939546346664,0.01754726655781269,0.1044299826025963,0.9943774342536926],"rotationconfidence":0.5},"21":{"id":21,"position":[274.7737765312195,-557.8740835189819,2488.785743713379],"positionconfidence":1,"rotation":[0.9309358596801758,0.3087291121482849,0.1950507760047913,-0.3605026304721832,0.8621733784675598,0.3559422492980957,-0.05827786028385162,-0.4016757309436798,0.91392582654953],"rotationconfidence":1},"22":{"id":22,"position":[380.9898793697357,-811.8991255760193,2383.913278579712],"positionconfidence":1,"rotation":[0.6860041618347168,0.681817352771759,0.2540143132209778,-0.5809412002563477,0.303074836730957,0.7554157972335815,0.4380702674388886,-0.6657857894897461,0.6040064096450806],"rotationconfidence":1},"23":{"id":23,"position":[574.1896033287048,-912.6906991004944,2132.689714431763],"positionconfidence":0.5,"rotation":[-0.6402876377105713,0.7681352496147156,0,-0.7427565455436707,-0.619132936000824,-0.2549258172512054,-0.1958175003528595,-0.163225844502449,0.9669606685638428],"rotationconfidence":0.5},"24":{"id":24,"position":[590.5899405479431,-899.0200161933899,2051.703691482544],"positionconfidence":0.5,"rotation":[-0.6402876377105713,0.7681352496147156,0,-0.7427565455436707,-0.619132936000824,-0.2549258172512054,-0.1958175003528595,-0.163225844502449,0.9669606685638428],"rotationconfidence":0.5}},"skeletonTracked":true,"frameCount":6},{"position":[179.4310361146927,-477.9518842697144,2413.371801376343],"positionTracked":true,"id":4570,"skeleton":{"1":{"id":1,"position":[257.7826976776123,97.22813963890076,2631.933450698853],"positionconfidence":1,"rotation":[0.9940875768661499,-0.108581617474556,0,0.1080088019371033,0.9888433218002319,0.1025818362832069,-0.0111385015770793,-0.101975329220295,0.9947246313095093],"rotationconfidence":1},"2":{"id":2,"position":[237.2492998838425,-90.75944125652313,2612.431764602661],"positionconfidence":1,"rotation":[0.9936366677284241,-0.1106919795274735,0.02081770449876785,0.1080088019371033,0.9888433218002319,0.1025818362832069,-0.03194043412804604,-0.0996805801987648,0.9945066571235657],"rotationconfidence":1},"3":{"id":3,"position":[206.125870347023,-422.9197204113007,2567.766666412354],"positionconfidence":1,"rotation":[0.9951711893081665,-0.09599851816892624,0.02045795507729054,0.09246636927127838,0.9868339896202087,0.1326980888843536,-0.03292741999030113,-0.130165621638298,0.9909452795982361],"rotationconfidence":1},"4":{"id":4,"position":[201.3838142156601,-474.3093848228455,2510.318040847778],"positionconfidence":1,"rotation":[0.9945293664932251,-0.1038929969072342,0.01084294356405735,0.06140556558966637,0.6654521226882935,0.7439104914665222,-0.08450254797935486,-0.7391749620437622,0.6681913137435913],"rotationconfidence":1},"6":{"id":6,"position":[48.55695366859436,-197.184756398201,2578.684568405151],"positionconfidence":1,"rotation":[0.3960845470428467,0.9155595898628235,-0.06976935267448425,0.275755375623703,-0.1910833716392517,-0.9420436024665833,-0.875828742980957,0.3538896143436432,-0.3281556069850922],"rotationconfidence":1},"7":{"id":7,"position":[-51.53553187847138,-428.5511076450348,2596.315622329712],"positionconfidence":1,"rotation":[-0.1129522249102593,0.5107564330101013,0.852273166179657,0.4692182242870331,0.783511221408844,-0.4073625504970551,-0.875828742980957,0.3538896143436432,-0.3281556069850922],"rotat