{"motiondata":[{"position":[155.8639109134674,-444.7741210460663,2408.401250839233],"positionTracked":true,"id":4576,"skeleton":{"1":{"id":1,"position":[204.7227025032044,151.2396782636643,2622.356176376343],"positionconfidence":1,"rotation":[0.997194230556488,-0.0748569592833519,0,0.07483658194541931,0.9969227910041809,-0.02333495765924454,0.001746783964335918,0.02326948568224907,0.9997276663780212],"rotationconfidence":1},"2":{"id":2,"position":[190.5366629362106,-37.73722797632217,2626.779556274414],"positionconfidence":1,"rotation":[0.9968705177307129,-0.07538937032222748,-0.02378420904278755,0.07483658194541931,0.9969227910041809,-0.02333495765924454,0.02547022514045239,0.02148200012743473,0.9994447231292725],"rotationconfidence":1},"3":{"id":3,"position":[175.6654679775238,-375.1723170280457,2599.036455154419],"positionconfidence":1,"rotation":[0.9988030791282654,-0.04195061326026917,-0.02515165507793427,0.04388076066970825,0.9956771731376648,0.0818621814250946,0.02160876058042049,-0.08286787569522858,0.9963262677192688],"rotationconfidence":1},"4":{"id":4,"position":[171.7370897531509,-428.9319813251495,2542.159557342529],"positionconfidence":1,"rotation":[0.9954449534416199,-0.09333038330078125,0.01946177706122398,0.05013152584433556,0.6860474348068237,0.7258276343345642,-0.08109347522258759,-0.7215458154678345,0.6876012682914734],"rotationconfidence":1},"6":{"id":6,"position":[30.97426891326904,-141.1250829696655,2614.190101623535],"positionconfidence":1,"rotation":[0.3469968438148499,0.9358983635902405,-0.06072479858994484,0.1472644507884979,-0.1183160096406937,-0.9819952249526978,-0.9262323975563049,0.3318066298961639,-0.1788798272609711],"rotationconfidence":1},"7":{"id":7,"position":[-40.47868400812149,-333.8435590267181,2626.694440841675],"positionconfidence":1,"rotation":[-0.1460367739200592,0.1216239035129547,0.9817743301391602,0.3475152850151062,0.9354742169380188,-0.06419602781534195,-0.9262323975563049,0.3318066298961639,-0.1788798272609711],"rotationconfidence":1},"8":{"id":8,"position":[-0.5238186568021774,-367.1191930770874,2358.086347579956],"positionconfidence":1,"rotation":[-0.3539828360080719,0.1897869855165482,0.9157931804656982,0,0.9791940450668335,-0.2029260545969009,-0.9352519512176514,-0.07183234393596649,-0.3466178774833679],"rotationconfidence":1},"9":{"id":9,"position":[8.964499458670616,-372.2063302993774,2333.539009094238],"positionconfidence":1,"rotation":[-0.3539828360080719,0.1897869855165482,0.9157931804656982,0,0.9791940450668335,-0.2029260545969009,-0.9352519512176514,-0.07183234393596649,-0.3466178774833679],"rotationconfidence":1},"12":{"id":12,"position":[361.3168597221375,-153.1055122613907,2606.029033660889],"positionconfidence":1,"rotation":[0.2215346693992615,-0.9663065671920776,-0.131049394607544,-0.3704713582992554,0.04091251641511917,-0.9279423356056213,0.9020383954048157,0.2541214525699616,-0.34892538189888],"rotationconfidence":1},"13":{"id":13,"position":[407.0863425731659,-352.7462780475617,2578.953981399536],"positionconfidence":1,"rotation":[-0.3315313458442688,-0.1097932830452919,-0.9370337724685669,-0.2764300405979157,0.9609201550483704,-0.01478852983564138,0.9020383954048157,0.2541214525699616,-0.34892538189888],"rotationconfidence":1},"14":{"id":14,"position":[329.5953869819641,-378.4089684486389,2359.93504524231],"positionconfidence":1,"rotation":[-0.3048641383647919,-0.08644648641347885,-0.9484644532203674,0,-0.9958721995353699,0.09076739847660065,-0.9523959159851074,0.02767172455787659,0.3036057054996491],"rotationconfidence":1},"15":{"id":15,"position":[313.6995136737824,-382.9163610935211,2310.481309890747],"positionconfidence":1,"rotation":[-0.3048641383647919,-0.08644648641347885,-0.9484644532203674,0,-0.9958721995353699,0.09076739847660065,-0.9523959159851074,0.02767172455787659,0.3036057054996491],"rotationconfidence":1},"17":{"id":17,"position":[94.01188790798187,-495.8502948284149,2520.226955413818],"positionconfidence":1,"rotation":[0.9569259285926819,-0.2821846902370453,-0.06829603016376495,0.2814739346504211,0.8440345525741577,0.4564843475818634,-0.07116870582103729,-0.4560453295707703,0.8871062994003296],"rotationconfidence":1},"18":{"id":18,"position":[2.637401223182678,-769.8480486869812,2372.039079666138],"positionconfidence":1,"rotation":[0.8021173477172852,-0.5971664190292358,0,0.5814905762672424,0.7810614109039307,0.2276218831539154,-0.135928139090538,-0.1825794577598572,0.973749577999115],"rotationconfidence":1},"19":{"id":19,"position":[-196.6193467378616,-1037.490844726563,2294.04091835022],"positionconfidence":0.5,"rotation":[0.4410217702388763,-0.8974963426589966,0,0.847181499004364,0.4162974953651428,-0.3301210999488831,0.2962825000286102,0.1455906182527542,0.943938672542572],"rotationconfidence":0.5},"20":{"id":20,"position":[-224.628210067749,-1051.254153251648,2204.806327819824],"positionconfidence":0.5,"rotation":[0.4410217702388763,-0.8974963426589966,0,0.847181499004364,0.4162974953651428,-0.3301210999488831,0.2962825000286102,0.1455906182527542,0.943938672542572],"rotationconfidence":0.5},"21":{"id":21,"position":[242.6810264587402,-506.3241124153137,2526.769638061523],"positionconfidence":1,"rotation":[0.984779953956604,0.09792952239513397,0.1435905396938324,-0.1573782861232758,0.8530274033546448,0.4975704252719879,-0.07375983148813248,-0.5125954151153564,0.8554562330245972],"rotationconfidence":1},"22":{"id":22,"position":[294.0445244312286,-784.7263813018799,2364.377737045288],"positionconfidence":1,"rotation":[0.909000039100647,0.4066366851329804,0.09146302193403244,-0.3827337622642517,0.7274805903434753,0.5694620013237,0.1650265604257584,-0.5526469945907593,0.8169134855270386],"rotationconfidence":1},"23":{"id":23,"position":[428.2180070877075,-1039.756417274475,2164.743661880493],"positionconfidence":0.5,"rotation":[0.2831676006317139,0.9590704441070557,0,-0.9521394968032837,0.2811212241649628,-0.1200055405497551,-0.1150937676429749,0.03398168087005615,0.9927732348442078],"rotationconfidence":0.5},"24":{"id":24,"position":[439.0935301780701,-1042.967438697815,2070.933818817139],"positionconfidence":0.5,"rotation":[0.2831676006317139,0.9590704441070557,0,-0.9521394968032837,0.2811212241649628,-0.1200055405497551,-0.1150937676429749,0.03398168087005615,0.9927732348442078],"rotationconfidence":0.5}},"skeletonTracked":true,"frameCount":1},{"position":[154.8826396465302,-446.9496607780457,2407.972812652588],"positionTracked":true,"id":4576,"skeleton":{"1":{"id":1,"position":[205.0710469484329,151.0120183229446,2621.72269821167],"positionconfidence":1,"rotation":[0.9971364140510559,-0.07562346011400223,0,0.07560505717992783,0.9968937635421753,-0.02205978706479073,0.001668237382546067,0.02199661731719971,0.9997565746307373],"rotationconfidence":1},"2":{"id":2,"position":[190.7549798488617,-37.75310143828392,2625.899791717529],"positionconfidence":1,"rotation":[0.9968509078025818,-0.07609547674655914,-0.02230917662382126,0.07560505717992783,0.9968937635421753,-0.02205978706479073,0.02391852997243404,0.0203036330640316,0.9995077252388],"rotationconfidence":1},"3":{"id":3,"position":[175.810307264328,-375.1794695854187,2598.588705062866],"positionconfidence":1,"rotation":[0.9988235831260681,-0.04232221096754074,-0.02367030084133148,0.04410285130143166,0.9957705140113831,0.08059706538915634,0.02015914395451546,-0.08154618740081787,0.9964657425880432],"rotationconfidence":1},"4":{"id":4,"position":[171.9390749931335,-428.9888143539429,2541.759490966797],"positionconfidence":1,"rotation":[0.9954717755317688,-0.0928974449634552,0.02014893665909767,0.04940436780452728,0.6867107152938843,0.7252500653266907,-0.08121036738157272,-0.7209705114364624,0.6881906390190125],"rotationconfidence":1},"6":{"id":6,"position":[31.18706122040749,-141.1556601524353,2613.32631111145],"positionconfidence":1,"rotation":[0.3606240451335907,0.9312031269073486,-0.05302034690976143,0.1617157310247421,-0.1184092089533806,-0.9797077775001526,-0.918584942817688,0.3447319269180298,-0.1932913810014725],"rotationconfidence":1},"7":{"id":7,"position":[-43.84421184659004,-334.901362657547,2624.3577003479],"positionconfidence":1,"rotation":[-0.1626008301973343,0.1161220446228981,0.9798349738121033,0.3602257966995239,0.9314910173416138,-0.05061426386237145,-0.918584942817688,0.3447319269180298,-0.1932913810014725],"rotationconfidence":1},"8":{"id":8,"position":[0.3839087439700961,-366.487056016922,2357.83839225769],"positionconfidence":1,"rotation":[-0.4945971071720123,0.3383294343948364,0.800566554069519,0,0.9211207032203674,-0.3892771601676941,-0.869122326374054,-0.1925353556871414,-0.4555836319923401],"rotationconfidence":1},"9":{"id":9,"position":[8.97501315921545,-372.363805770874,2343.932628631592],"positionconfidence":1,"rotation":[-0.4945971071720123,0.3383294343948364,0.800566554069519,0,0.9211207032203674,-0.3892771601676941,-0.869122326374054,-0.1925353556871414,-0.4555836319923401],"rotationconfidence":1},"12":{"id":12,"position":[361.7102801799774,-153.1266570091248,2605.65996170044],"positionconfidence":1,"rotation":[0.2158911228179932,-0.9679957628250122,-0.1279655247926712,-0.3644687831401825,0.04169275611639023,-0.9302816987037659,0.9058440327644348,0.2474790215492249,-0.3438031673431397],"rotationconfidence":1},"13":{"id":13,"position":[406.1212539672852,-352.2531092166901,2579.336166381836],"positionconfidence":1,"rotation":[-0.3261453211307526,-0.1104743853211403,-0.9388421773910522,-0.2703251838684082,0.9625743627548218,-0.01935843750834465,0.9058440327644348,0.2474790215492249,-0.3438031673431397],"rotationconfidence":1},"14":{"id":14,"position":[329.8624455928803,-378.0840635299683,2359.817504882813],"positionconfidence":1,"rotation":[-0.2967828214168549,-0.1029482707381249,-0.9493796229362488,0,-0.9941719770431519,0.1078054383397102,-0.9549450278282166,0.03199480101466179,0.2950531542301178],"rotationconfidence":1},"15":{"id":15,"position":[314.1203820705414,-383.5446834564209,2309.460163116455],"positionconfidence":1,"rotation":[-0.2967828214168549,-0.1029482707381249,-0.9493796229362488,0,-0.9941719770431519,0.1078054383397102,-0.9549450278282166,0.03199480101466179,0.2950531542301178],"rotationconfidence":1},"17":{"id":17,"position":[94.17001157999039,-495.9490895271301,2519.904136657715],"positionconfidence":1,"rotation":[0.9568198323249817,-0.2825587391853333,-0.06823855638504028,0.2818118333816528,0.844150960445404,0.4560607671737671,-0.07126030325889587,-0.4555983543395996,0.8873286247253418],"rotationconfidence":1},"18":{"id":18,"position":[2.712380839511752,-769.9050903320312,2371.896743774414],"positionconfidence":1,"rotation":[0.8019012808799744,-0.5974565148353577,0,0.5817909240722656,0.780875027179718,0.2274941504001617,-0.1359178572893143,-0.182427853345871,0.9737794399261475],"rotationconfidence":1},"19":{"id":19,"position":[-196.5964138507843,-1037.415742874146,2293.962240219116],"positionconfidence":0.5,"rotation":[0.4423390924930573,-0.8968479037284851,0,0.8465842008590698,0.417548269033432,-0.3300737142562866,0.2960259020328522,0.1460044831037521,0.9439551830291748],"rotationconfidence":0.5},"20":{"id":20,"position":[-224.5758920907974,-1051.215648651123,2204.742431640625],"positionconfidence":0.5,"rotation":[0.4423390924930573,-0.8968479037284851,0,0.8465842008590698,0.417548269033432,-0.3300737142562866,0.2960259020328522,0.1460044831037521,0.9439551830291748],"rotationconfidence":0.5},"21":{"id":21,"position":[242.949366569519,-506.4483284950256,2526.461601257324],"positionconfidence":1,"rotation":[0.9848514199256897,0.09750790148973465,0.1433876156806946,-0.1568828374147415,0.853286862373352,0.497281938791275,-0.07386184483766556,-0.5122438669204712,0.8556580543518066],"rotationconfidence":1},"22":{"id":22,"position":[294.1241562366486,-784.7883701324463,2364.249467849731],"positionconfidence":1,"rotation":[0.9096596240997314,0.4052007496356964,0.09127845615148544,-0.3813888728618622,0.7278147339820862,0.5699370503425598,0.1645051091909409,-0.5532613396644592,0.8166027069091797],"rotationconfidence":1},"23":{"id":23,"position":[427.8190732002258,-1039.921998977661,2164.459466934204],"positionconfidence":0.5,"rotation":[0.2872803509235382,0.9578465223312378,0,-0.9509205222129822,0.2852030694484711,-0.1200390309095383,-0.1149789690971375,0.0344848595559597,0.992769181728363],"rotationconfidence":0.5},"24":{"id":24,"position":[438.6802315711975,-1043.179512023926,2070.680379867554],"positionconfidence":0.5,"rotation":[0.2872803509235382,0.9578465223312378,0,-0.9509205222129822,0.2852030694484711,-0.1200390309095383,-0.1149789690971375,0.0344848595559597,0.992769181728363],"rotationconfidence":0.5}},"skeletonTracked":true,"frameCount":2},{"position":[156.6692441701889,-444.016695022583,2409.448146820068],"positionTracked":true,"id":4576,"skeleton":{"1":{"id":1,"position":[205.3734064102173,150.8471667766571,2621.26350402832],"positionconfidence":1,"rotation":[0.9970876574516296,-0.07626356929540634,0,0.07624710351228714,0.9968723058700562,-0.02078106068074703,0.001584837911650538,0.02072053961455822,0.9997839331626892],"rotationconfidence":1},"2":{"id":2,"position":[190.946638584137,-37.77174279093742,2625.195503234863],"positionconfidence":1,"rotation":[0.9968376755714417,-0.07667917758226395,-0.02085382677614689,0.07624710351228714,0.9968723058700562,-0.02078106068074703,0.02238208055496216,0.01912530139088631,0.9995665550231934],"rotationconfidence":1},"3":{"id":3,"position":[175.9515702724457,-375.1881718635559,2598.206758499146],"positionconfidence":1,"rotation":[0.998845100402832,-0.04261383786797524,-0.02219966799020767,0.04425594955682755,0.9958397150039673,0.07965368777513504,0.01871296018362045,-0.08054415881633759,0.9965754747390747],"rotationconfidence":1},"4":{"id":4,"position":[172.1501499414444,-429.0426671504974,2541.412591934204],"positionconfidence":1,"rotation":[0.995493471622467,-0.09246520698070526,0.02104754745960236,0.04851207882165909,0.6872677206993103,0.7247825264930725,-0.08148246258497238,-0.7204951643943787,0.688656210899353],"rotationconfidence":1},"6":{"id":6,"position":[31.38408064842224,-141.1737054586411,2612.573146820068],"positionconfidence":1,"rotation":[0.3648205101490021,0.9296077489852905,-0.05230167880654335,0.1659582853317261,-0.1201978251338005,-0.9787800908088684,-0.9161680936813354,0.3483991324901581,-0.1981267333030701],"rotationconfidence":1},"7":{"id":7,"position":[-44.67856138944626,-334.9907100200653,2623.477697372437],"positionconfidence":1,"rotation":[-0.1689297258853912,0.1126080825924873,0.9791741967201233,0.3634541034698486,0.9305576682090759,-0.04431296139955521,-0.9161680936813354,0.3483991324901581,-0.1981267333030701],"rotationconfidence":1},"8":{"id":8,"position":[1.198070589452982,-365.5719459056854,2357.561111450195],"positionconfidence":1,"rotation":[-0.6361120939254761,0.5296465158462524,0.5611025094985962,0,0.7271965742111206,-0.6864292025566101,-0.7715966701507568,-0.4366459250450134,-0.4625785350799561],"rotationconfidence":1},"9":{"id":9,"position":[9.241929277777672,-372.2695112228394,2350.465774536133],"positionconfidence":1,"rotation":[-0.6361120939254761,0.5296465158462524,0.5611025094985962,0,0.7271965742111206,-0.6864292025566101,-0.7715966701507568,-0.4366459250450134,-0.4625785350799561],"rotationconfidence":1},"12":{"id":12,"position":[362.1504306793213,-153.1347632408142,2605.395555496216],"positionconfidence":1,"rotation":[0.2099890261888504,-0.9697586894035339,-0.1243897080421448,-0.358218252658844,0.0420672707259655,-0.9326897263526917,0.9097166061401367,0.240413248538971,-0.3385515511035919],"rotationconfidence":1},"13":{"id":13,"position":[405.1710963249207,-351.8102169036865,2579.911708831787],"positionconfidence":1,"rotation":[-0.3206068873405457,-0.1114401370286942,-0.94063401222229,-0.2638691067695618,0.9642523527145386,-0.02430080063641071,0.9097166061401367,0.240413248538971,-0.3385515511035919],"rotationconfidence":1},"14":{"id":14,"position":[330.146998167038,-377.8879344463348,2359.797239303589],"positionconfidence":1,"rotation":[-0.2898532450199127,-0.1187912225723267,-0.9496703147888184,0,-0.9922672510147095,0.1241195350885391,-0.95707106590271,0.03597645089030266,0.2876118719577789],"rotationconfidence":1},"15":{"id":15,"position":[314.42791223526,-384.3301236629486,2308.295488357544],"positionconfidence":1,"rotation":[-0.2898532450199127,-0.1187912225723267,-0.9496703147888184,0,-0.9922672510147095,0.1241195350885391,-0.95707106590271,0.03597645089030266,0.2876118719577789],"rotationconfidence":1},"17":{"id":17,"position":[94.34099495410919,-496.0521161556244,2519.611120223999],"positionconfidence":1,"rotation":[0.9566845893859863,-0.2830641567707062,-0.06803936511278152,0.2822004854679108,0.8442418575286865,0.4556518495082855,-0.07153702527284622,-0.4551158547401428,0.8875539898872375],"rotationconfidence":1},"18":{"id":18,"position":[2.783283358439803,-769.9596881866455,2371.77848815918],"positionconfidence":1,"rotation":[0.8016163110733032,-0.5978389382362366,0,0.5821828246116638,0.780623733997345,0.2273537516593933,-0.1359209269285202,-0.1822504699230194,0.9738122820854187],"rotationconfidence":1},"19":{"id":19,"position":[-196.6089457273483,-1037.316083908081,2293.911933898926],"positionconfidence":0.5,"rotation":[0.4437903165817261,-0.8961307406425476,0,0.8459212183952332,0.4189250767230988,-0.3300290703773499,0.29574915766716,0.1464636921882629,0.9439707398414612],"rotationconfidence":0.5},"20":{"id":20,"position":[-224.55695271492,-1051.156759262085,2204.707622528076],"positionconfidence":0.5,"rotation":[0.4437903165817261,-0.8961307406425476,0,0.8459212183952332,0.4189250767230988,-0.3300290703773499,0.29574915766716,0.1464636921882629,0.9439707398414612],"rotationconfidence":0.5},"21":{"id":21,"position":[243.2521134614945,-506.5816044807434,2526.214122772217],"positionconfidence":1,"rotation":[0.9849314093589783,0.09684324264526367,0.1432880610227585,-0.1562422215938568,0.8534924983978271,0.4971306920051575,-0.07415153831243515,-0.5120272636413574,0.8557626008987427],"rotationconfidence":1},"22":{"id":22,"position":[294.1913306713104,-784.843385219574,2364.135980606079],"positionconfidence":1,"rotation":[0.9101748466491699,0.404016524553299,0.09139095991849899,-0.3804064691066742,0.7279545068740845,0.5704148411750793,0.1639285534620285,-0.5539429783821106,0.8162564039230347],"rotationconfidence":1},"23":{"id":23,"position":[427.5319278240204,-1040.006995201111,2164.193391799927],"positionconfidence":0.5,"rotation":[0.2888784110546112,0.957365870475769,0,-0.950421929359436,0.2867831289768219,-0.1202240213751793,-0.1150983572006226,0.03473011776804924,0.9927468299865723],"rotationconfidence":0.5},"24":{"id":24,"position":[438.3998811244965,-1043.286323547363,2070.455074310303],"positionconfidence":0.5,"rotation":[0.2888784110546112,0.957365870475769,0,-0.950421929359436,0.2867831289768219,-0.1202240213751793,-0.1150983572006226,0.03473011776804924,0.9927468299865723],"rotationconfidence":0.5}},"skeletonTracked":true,"frameCount":3},{"position":[156.3163250684738,-446.5437829494476,2408.507823944092],"positionTracked":true,"id":4576,"skeleton":{"1":{"id":1,"position":[205.6153863668442,150.7305055856705,2620.946168899536],"positionconfidence":1,"rotation":[0.9970536828041077,-0.07670685648918152,0,0.07669190317392349,0.9968593120574951,-0.01974448375403881,0.001514537259936333,0.01968630962073803,0.9998050332069397],"rotationconfidence":1},"2":{"id":2,"position":[191.1131292581558,-37.77322173118591,2624.679803848267],"positionconfidence":1,"rotation":[0.9968296885490417,-0.07708034664392471,-0.01972665078938007,0.07669190317392349,0.9968593120574951,-0.01974448375403881,0.02118660695850849,0.01816901564598084,0.999610424041748],"rotationconfidence":1},"3":{"id":3,"position":[176.095113158226,-375.1715421676636,2597.904205322266],"positionconfidence":1,"rotation":[0.9988620281219482,-0.04278873652219772,-0.02106689661741257,0.04432811588048935,0.995885968208313,0.0790325328707695,0.01759852468967438,-0.07987645268440247,0.996649444103241],"rotationconfidence":1},"4":{"id":4,"position":[172.361359000206,-429.058700799942,2541.1376953125],"positionconfidence":1,"rotation":[0.9955294728279114,-0.091909259557724,0.02176752500236034,0.04764906316995621,0.6876919269561768,0.7244373559951782,-0.08155184239149094,-0.7201614379882812,0.6889969110488892],"rotationconfidence":1},"6":{"id":6,"position":[31.53547644615173,-141.1720812320709,2612.028121948242],"positionconfidence":1,"rotation":[0.36611407995224,0.9289507865905762,-0.05486977472901344,0.1654082536697388,-0.1229880154132843,-0.9785264134407043,-0.9157513976097107,0.349176436662674,-0.1986838132143021],"rotationconfidence":1},"7":{"id":7,"position":[-44.59839314222336,-334.3485295772553,2623.438358306885],"positionconfidence":1,"rotation":[-0.1684823930263519,0.1151687428355217,0.9789534211158752,0.3647096455097199,0.9299526810646057,-0.04663585498929024,-0.9157513976097107,0.349176436662674,-0.1986838132143021],"rotationconfidence":1},"8":{"id":8,"position":[1.096376683562994,-365.5838966369629,2357.932567596436],"positionconfidence":1,"rotation":[-0.7485389709472656,0.5981903672218323,0.2861077785491943,0,0.4314760565757752,-0.9021244049072266,-0.6630907654762268,-0.6752752661705017,-0.3229766488075256],"rotationconfidence":1},"9":{"id":9,"position":[9.437436237931252,-372.2496032714844,2354.74443435669],"positionconfidence":1,"rotation":[-0.7485389709472656,0.5981903672218323,0.2861077785491943,0,0.4314760565757752,-0.9021244049072266,-0.6630907654762268,-0.6752752661705017,-0.3229766488075256],"rotationconfidence":1},"12":{"id":12,"position":[362.5781834125519,-153.0815958976746,2605.228185653687],"positionconfidence":1,"rotation":[0.2045143991708756,-0.9712507724761963,-0.1218430250883102,-0.352990448474884,0.04292193055152893,-0.9346418380737305,0.9130014181137085,0.2341571599245071,-0.3340641260147095],"rotationconfidence":1},"13":{"id":13,"position":[404.3285250663757,-351.3563871383667,2580.354690551758],"positionconfidence":1,"rotation":[-0.3158414363861084,-0.1125792786478996,-0.9421093463897705,-0.2582103610038757,0.9656584858894348,-0.02882850728929043,0.9130014181137085,0.2341571599245071,-0.3340641260147095],"rotationconfidence":1},"14":{"id":14,"position":[330.371618270874,-377.7177631855011,2359.75193977356],"positionconfidence":1,"rotation":[-0.2839512825012207,-0.128201499581337,-0.9502294063568115,0,-0.9910210967063904,0.1337049603462219,-0.9588385820388794,0.03796569630503655,0.2814017236232758],"rotationconfidence":1},"15":{"id":15,"position":[314.5439326763153,-384.8638236522675,2306.785345077515],"positionconfidence":1,"rotation":[-0.2839512825012207,-0.128201499581337,-0.9502294063568115,0,-0.9910210967063904,0.1337049603462219,-0.9588385820388794,0.03796569630503655,0.2814017236232758],"rotationconfidence":1},"17":{"id":17,"position":[94.50333565473557,-496.1232244968414,2519.39582824707],"positionconfidence":1,"rotation":[0.9565764665603638,-0.2834280729293823,-0.0680447444319725,0.2825500667095184,0.8442986607551575,0.4553299248218536,-0.0716031864285469,-0.4547838866710663,0.8877187371253967],"rotationconfidence":1},"18":{"id":18,"position":[2.845949726179242,-770.0081467628479,2371.689796447754],"positionconfidence":1,"rotation":[0.8013064861297607,-0.5982540845870972,0,0.5825990438461304,0.7803380489349365,0.227268248796463,-0.1359641551971436,-0.1821115165948868,0.9738321900367737],"rotationconfidence":1},"19":{"id":19,"position":[-196.6312825679779,-1037.189602851868,2293.874979019165],"positionconfidence":0.5,"rotation":[0.4451558291912079,-0.8954532146453857,0,0.8452892303466797,0.4202178418636322,-0.3300050497055054,0.2955040335655212,0.1469036489725113,0.9439792037010193],"rotationconfidence":0.5},"20":{"id":20,"position":[-224.5504260063171,-1051.069021224976,2204.68807220459],"positionconfidence":0.5,"rotation":[0.4451558291912079,-0.8954532146453857,0,0.8452892303466797,0.4202178418636322,-0.3300050497055054,0.2955040335655212,0.1469036489725113,0.9439792037010193],"rotationconfidence":0.5},"21":{"id":21,"position":[243.550032377243,-506.667971611023,2526.015758514404],"positionconfidence":1,"rotation":[0.985032320022583,0.09625955671072006,0.1429876536130905,-0.1555704027414322,0.8536843061447144,0.4970121085643768,-0.07422415167093277,-0.5118175745010376,0.8558816909790039],"rotationconfidence":1},"22":{"id":22,"position":[294.251948595047,-784.8920226097107,2364.034652709961],"positionconfidence":1,"rotation":[0.9109963178634644,0.4021106660366058,0.09161237627267838,-0.3789244592189789,0.7284213304519653,0.5708053708076477,0.1627945154905319,-0.5547157526016235,0.8159587383270264],"rotationconfidence":1},"23":{"id":23,"position":[427.0606935024262,-1040.195465087891,2163.973808288574],"positionconfidence":0.5,"rotation":[0.2916865348815918,0.9565139412879944,0,-0.9495324492454529,0.289557546377182,-0.1206005215644836,-0.1153560876846314,0.03517755120992661,0.9927011132240295],"rotationconfidence":0.5},"24":{"id":24,"position":[437.9485249519348,-1043.515682220459,2070.278167724609],"positionconfidence":0.5,"rotation":[0.2916865348815918,0.9565139412879944,0,-0.9495324492454529,0.289557546377182,-0.1206005215644836,-0.1153560876846314,0.03517755120992661,0.9927011132240295],"rotationconfidence":0.5}},"skeletonTracked":true,"frameCount":4},{"position":[156.3518196344376,-445.8572268486023,2411.115407943726],"positionTracked":true,"id":4576,"skeleton":{"1":{"id":1,"position":[205.8606445789337,150.6921947002411,2620.929718017578],"positionconfidence":1,"rotation":[0.9970117807388306,-0.07724970579147339,0,0.07723699510097504,0.9968477487564087,-0.018136041238904,0.001401003799401224,0.01808184757828713,0.9998354911804199],"rotationconfidence":1},"2":{"id":2,"position":[191.2586539983749,-37.7662256360054,2624.358415603638],"positionconfidence":1,"rotation":[0.9968023300170898,-0.07758164405822754,-0.01913716085255146,0.07723699510097504,0.9968477487564087,-0.018136041238904,0.02048386074602604,0.01659995317459106,0.9996524453163147],"rotationconfidence":1},"3":{"id":3,"position":[176.2464046478272,-375.1457929611206,2597.699165344238],"positionconfidence":1,"rotation":[0.9988728165626526,-0.04282967373728752,-0.02046081237494946,0.04431476816534996,0.9959132671356201,0.0786956399679184,0.01700668409466744,-0.07951365411281586,0.9966886639595032],"rotationconfidence":1},"4":{"id":4,"position":[172.5476831197739,-429.0545582771301,2540.958642959595],"positionconfidence":1,"rotation":[0.9955839514732361,-0.09129932522773743,0.02184411324560642,0.0472053699195385,0.6880170106887817,0.7241576313972473,-0.08114422112703323,-0.719928503036499,0.6892884969711304],"rotationconfidence":1},"6":{"id":6,"position":[31.61784633994103,-141.1751210689545,2611.764430999756],"positionconfidence":1,"rotation":[0.3664156198501587,0.9290341734886169,-0.0513327457010746,0.1664335280656815,-0.1197223588824272,-0.9787576198577881,-0.9154449701309204,0.3500885963439941,-0.1984905898571014],"rotationconfidence":1},"7":{"id":7,"position":[-44.80172693729401,-334.9343240261078,2622.470378875732],"positionconfidence":1,"rotation":[-0.1581650525331497,0.1405502855777741,0.9773584604263306,0.3700599670410156,0.926112174987793,-0.0732942670583725,-0.9154449701309204,0.3500885963439941,-0.1984905898571014],"rotationconfidence":1},"8":{"id":8,"position":[-3.719868138432503,-371.4409172534943,2368.610858917236],"positionconfidence":1,"rotation":[-0.7923845648765564,0.05815689638257027,0.6072432994842529,0,0.9954451322555542,-0.09533575922250748,-0.6100218296051025,-0.07554258406162262,-0.7887753844261169],"rotationconfidence":1},"9":{"id":9,"position":[9.613355621695518,-372.4195063114166,2358.392953872681],"positionconfidence":1,"rotation":[-0.7923845648765564,0.05815689638257027,0.6072432994842529,0,0.9954451322555542,-0.09533575922250748,-0.6100218296051025,-0.07554258406162262,-0.7887753844261169],"rotationconfidence":1},"12":{"id":12,"position":[362.8929853439331,-152.956634759903,2605.171918869019],"positionconfidence":1,"rotation":[0.2018685191869736,-0.9717437624931335,-0.1223239377140999,-0.3508563339710236,0.04485686495900154,-0.9353543519973755,0.9144118428230286,0.2317367196083069,-0.331887274980545],"rotationconfidence":1},"13":{"id":13,"position":[403.9927124977112,-350.8002758026123,2580.267190933228],"positionconfidence":1,"rotation":[-0.3133862018585205,-0.1136593520641327,-0.9427993297576904,-0.2562033236026764,0.9661157727241516,-0.0313083678483963,0.9144118428230286,0.2317367196083069,-0.331887274980545],"rotationconfidence":1},"14":{"id":14,"position":[330.5984139442444,-377.4190247058868,2359.465837478638],"positionconfidence":1,"rotation":[-0.2834773063659668,-0.1289762109518051,-0.9502661228179932,0,-0.990914523601532,0.1344932615756989,-0.9589789509773254,0.03812578693032265,0.2809017896652222],"rotationconfidence":1},"15":{"id":15,"position":[314.111202955246,-384.9203586578369,2304.197788238525],"positionconfidence":1,"rotation":[-0.2834773063659668,-0.1289762109518051,-0.9502661228179932,0,-0.990914523601532,0.1344932615756989,-0.9589789509773254,0.03812578693032265,0.2809017896652222],"rotationconfidence":1},"17":{"id":17,"position":[94.64427083730698,-496.1750507354736,2519.317150115967],"positionconfidence":1,"rotation":[0.956536054611206,-0.283442884683609,-0.06854875385761261,0.2827998101711273,0.8442738652229309,0.4552206993103027,-0.0711551383137703,-0.4548206031322479,0.8877360224723816],"rotationconfidence":1},"18":{"id":18,"position":[2.908301306888461,-770.0446844100952,2371.650457382202],"positionconfidence":1,"rotation":[0.8010881543159485,-0.5985462665557861,0,0.5830064415931702,0.7802898287773132,0.226387158036232,-0.1355031877756119,-0.1813560724258423,0.9740372896194458],"rotationconfidence":1},"19":{"id":19,"position":[-196.5839713811874,-1037.04309463501,2294.185638427734],"positionconfidence":0.5,"rotation":[0.4466577470302582,-0.8947049379348755,0,0.8443659543991089,0.4215273559093475,-0.3306976556777954,0.2958768010139465,0.1477086544036865,0.9437367916107178],"rotationconfidence":0.5},"20":{"id":20,"position":[-224.516361951828,-1050.987601280212,2205.091714859009],"positionconfidence":0.5,"rotation":[0.4466577470302582,-0.8947049379348755,0,0.8443659543991089,0.4215273559093475,-0.3306976556777954,0.2958768010139465,0.1477086544036865,0.9437367916107178],"rotationconfidence":0.5},"21":{"id":21,"position":[243.7997907400131,-506.7057013511658,2525.877237319946],"positionconfidence":1,"rotation":[0.9851611256599426,0.09600981324911118,0.1422666311264038,-0.1549703627824783,0.8538609147071838,0.4968962073326111,-0.0737689957022667,-0.5115698575973511,0.8560691475868225],"rotationconfidence":1},"22":{"id":22,"position":[294.2942082881928,-784.9215269088745,2363.972187042236],"positionconfidence":1,"rotation":[0.9117089509963989,0.4006102681159973,0.0910944789648056,-0.3774259686470032,0.7291315197944641,0.5708912014961243,0.1622850149869919,-0.5548680424690247,0.8159564733505249],"rotationconfidence":1},"23":{"id":23,"position":[426.5509247779846,-1040.422081947327,2163.92183303833],"positionconfidence":0.5,"rotation":[0.2985877394676209,0.9543821811676025,0,-0.9474285840988159,0.2964122295379639,-0.1204938068985939,-0.1149971410632134,0.03597797453403473,0.9927140474319458],"rotationconfidence":0.5},"24":{"id":24,"position":[437.3988807201386,-1043.815970420837,2070.276737213135],"positionconfidence":0.5,"rotation":[0.2985877394676209,0.9543821811676025,0,-0.9474285840988159,0.2964122295379639,-0.1204938068985939,-0.1149971410632134,0.03597797453403473,0.9927140474319458],"rotationconfidence":0.5}},"skeletonTracked":true,"frameCount":5},{"position":[157.9925417900085,-444.5178508758545,2410.950183868408],"positionTracked":true,"id":4576,"skeleton":{"1":{"id":1,"position":[206.1181962490082,150.6816893815994,2621.037483215332],"positionconfidence":1,"rotation":[0.9969559907913208,-0.07796666026115417,0,0.07795629650354385,0.9968234896659851,-0.0163007527589798,0.001270915265195072,0.01625113375484943,0.9998671412467957],"rotationconfidence":1},"2":{"id":2,"position":[191.3810223340988,-37.76185587048531,2624.11904335022],"positionconfidence":1,"rotation":[0.9967593550682068,-0.07825586199760437,-0.01862596534192562,0.07795629650354385,0.9968234896659851,-0.0163007527589798,0.01984242908656597,0.01479591615498066,0.9996936917304993],"rotationconfidence":1},"3":{"id":3,"position":[176.3909161090851,-375.112384557724,2597.55277633667],"positionconfidence":1,"rotation":[0.9988844990730286,-0.04281732812523842,-0.01991013251245022,0.04425426945090294,0.995936930179596,0.07842978090047836,0.01647108234465122,-0.0792234018445015,0.9967207908630371],"rotationconfidence":1},"4":{"id":4,"position":[172.7278083562851,-429.0357828140259,2540.838718414307],"positionconfidence":1,"rotation":[0.9956415891647339,-0.09065625071525574,0.0218878760933876,0.04675726965069771,0.6882982850074768,0.7239193320274353,-0.08069320023059845,-0.7197408080101013,0.6895372867584229],"rotationconfidence":1},"6":{"id":6,"position":[31.68945387005806,-141.1726325750351,2611.591577529907],"positionconfidence":1,"rotation":[0.3673001825809479,0.9288848638534546,-0.04757671058177948,0.1702500134706497,-0.1174320951104164,-0.9783785939216614,-0.9143880605697632,0.3512586653232575,-0.2012754827737808],"rotationconfidence":1},"7":{"id":7,"position":[-45.21028697490692,-335.6484472751617,2621.552467346191],"positionconfidence":1,"rotation":[-0.1622214317321777,0.1376063674688339,0.977112352848053,0.3709159791469574,0.9261110424995422,-0.06884393841028214,-0.9143880605697632,0.3512586653232575,-0.2012754827737808],"rotationconfidence":1},"8":{"id":8,"position":[-3.140322864055634,-371.3348209857941,2368.151426315308],"positionconfidence":1,"rotation":[-0.8658367395401001,0.07990945130586624,0.4939041435718536,0,0.987163245677948,-0.159714549779892,-0.5003266930580139,-0.1382867246866226,-0.8547222018241882],"rotationconfidence":1},"9":{"id":9,"position":[9.740748442709446,-372.5236356258392,2360.803604125977],"positionconfidence":1,"rotation":[-0.8658367395401001,0.07990945130586624,0.4939041435718536,0,0.987163245677948,-0.159714549779892,-0.5003266930580139,-0.1382867246866226,-0.8547222018241882],"rotationconfidence":1},"12":{"id":12,"position":[363.2108569145203,-152.8577357530594,2605.184316635132],"positionconfidence":1,"rotation":[0.1995636522769928,-0.9721357822418213,-0.1229887306690216,-0.3491731882095337,0.0467238761484623,-0.9358924627304077,0.9155611991882324,0.2297145128250122,-0.330119401216507],"rotationconfidence":1},"13":{"id":13,"position":[403.7621319293976,-350.3954410552979,2580.193042755127],"positionconfidence":1,"rotation":[-0.3114626705646515,-0.1143060252070427,-0.9433584213256836,-0.2544377446174622,0.966522216796875,-0.03310666605830193,0.9155611991882324,0.2297145128250122,-0.330119401216507],"rotationconfidence":1},"14":{"id":14,"position":[330.801248550415,-377.1719038486481,2359.209060668945],"positionconfidence":1,"rotation":[-0.2838389277458191,-0.1295293718576431,-0.9500829577445984,0,-0.9908339977264404,0.1350851655006409,-0.9588720202445984,0.0383424274623394,0.2812372446060181],"rotationconfidence":1},"15":{"id":15,"position":[313.7299716472626,-384.9623501300812,2302.067041397095],"positionconfidence":1,"rotation":[-0.2838389277458191,-0.1295293718576431,-0.9500829577445984,0,-0.9908339977264404,0.1350851655006409,-0.9588720202445984,0.0383424274623394,0.2812372446060181],"rotationconfidence":1},"17":{"id":17,"position":[94.79232132434845,-496.2160885334015,2519.294261932373],"positionconfidence":1,"rotation":[0.9565010666847229,-0.2834244072437286,-0.06911235302686691,0.2830407619476318,0.8442090749740601,0.4551912248134613,-0.07066702097654343,-0.4549524784088135,0.8877074718475342],"rotationconfidence":1},"18":{"id":18,"position":[2.973435679450631,-770.0788974761963,2371.629476547241],"positionconfidence":1,"rotation":[0.8008834719657898,-0.5988202095031738,0,0.5834120512008667,0.7802761197090149,0.2253876179456711,-0.1349666565656662,-0.1805092245340347,0.9742691516876221],"rotationconfidence":1},"19":{"id":19,"position":[-196.5147852897644,-1036.881566047669,2294.561862945557],"positionconfidence":0.5,"rotation":[0.4482696056365967,-0.8938984274864197,0,0.8433690071105957,0.4229302704334259,-0.3314494788646698,0.2962821424007416,0.1485787183046341,0.9434729814529419],"rotationconfidence":0.5},"20":{"id":20,"position":[-224.46309030056,-1050.897002220154,2205.564022064209],"positionconfidence":0.5,"rotation":[0.4482696056365967,-0.8938984274864197,0,0.8433690071105957,0.4229302704334259,-0.3314494788646698,0.2962821424007416,0.1485787183046341,0.9434729814529419],"rotationconfidence":0.5},"21":{"id":21,"position":[244.0425157546997,-506.7276358604431,2525.788307189941],"positionconfidence":1,"rotation":[0.985295295715332,0.09575654566287994,0.1415056139230728,-0.1543518751859665,0.8540062308311462,0.4968388974666596,-0.07327109575271606,-0.5113746523857117,0.8562285304069519],"rotationconfidence":1},"22":{"id":22,"position":[294.3263947963715,-784.9409580230713,2363.930940628052],"positionconfidence":1,"rotation":[0.9120859503746033,0.3997971713542938,0.09089317172765732,-0.3766672909259796,0.7295282483100891,0.5708854794502258,0.16192926466465,-0.5549331307411194,0.81598299741745],"rotationconfidence":1},"23":{"id":23,"position":[426.2954592704773,-1040.538311004639,2163.915634155273],"positionconfidence":0.5,"rotation":[0.3028305172920227,0.9530444741249084,0,-0.9460886716842651,0.3006202876567841,-0.120597817003727,-0.1149350702762604,0.03652069717645645,0.9927014708518982],"rotationconfidence":0.5},"24":{"id":24,"position":[437.1325075626373,-1043.981790542603,2070.315361022949],"positionconfidence":0.5,"rotation":[0.3028305172920227,0.9530444741249084,0,-0.9460886716842651,0.3006202876567841,-0.120597817003727,-0.1149350702762604,0.03652069717645645,0.9927014708518982],"rotationconfidence":0.5}},"skeletonTracked":true,"frameCount":6},{"position":[158.3022177219391,-444.9520409107208,2410.443305969238],"positionTracked":true,"id":4576,"skeleton":{"1":{"id":1,"position":[206.4315974712372,150.7233381271362,2621.27423286438],"positionconfidence":1,"rotation":[0.9968777894973755,-0.07896053791046143,0,0.07895267009735107,0.9967784285545349,-0.01411750167608261,0.001114725484512746,0.01407342404127121,0.9999004006385803],"rotationconfidence":1},"2":{"id":2,"position":[191.5032416582108,-37.7473384141922,2623.943567276001],"positionconfidence":1,"rotation":[0.9967032670974731,-0.07919632643461227,-0.01762405224144459,0.07895267009735107,0.9967784285545349,-0.01411750167608261,0.01868532784283161,0.01267949305474758,0.9997450113296509],"rotationconfidence":1},"3":{"id":3,"position":[176.513746380806,-375.0793635845184,2597.44930267334],"positionconfidence":1,"rotation":[0.998900830745697,-0.04290425404906273,-0.0188735481351614,0.04425561055541039,0.9959530830383301,0.07822277396917343,0.01544107962399721,-0.07897206395864487,0.9967572093009949],"rotationconfidence":1},"4":{"id":4,"position":[172.910138964653,-429.0126860141754,2540.757894515991],"positionconfidence":1,"rotation":[0.9957180023193359,-0.08976206183433533,0.02210193127393723,0.04600502178072929,0.6885333061218262,0.7237440943717957,-0.08018267154693604,-0.7196281552314758,0.6897144913673401],"rotationconfidence":1},"6":{"id":6,"position":[31.76578506827354,-141.1448866128922,2611.461162567139],"positionconfidence":1,"rotation":[0.3671568632125855,0.9290360808372498,-0.0456920936703682,0.1697770059108734,-0.1152319759130478,-0.9787222743034363,-0.9145334959030151,0.3515871465206146,-0.2000371813774109],"rotationconfidence":1},"7":{"id":7,"position":[-45.10195180773735,-335.647314786911,2621.027231216431],"positionconfidence":1,"rotation":[-0.15935018658638,0.141398623585701,0.9770434498786926,0.3718008995056152,0.9254149198532104,-0.07328829914331436,-0.9145334959030151,0.3515871465206146,-0.2000371813774109],"rotationconfidence":1},"8":{"id":8,"position":[