{"motiondata":[{"position":[166.7680442333221,-470.6495404243469,2414.191484451294],"positionTracked":true,"id":4570,"skeleton":{"1":{"id":1,"position":[253.8220584392548,101.5763804316521,2631.608486175537],"positionconfidence":1,"rotation":[0.9954160451889038,-0.09563914686441422,0,0.09525003284215927,0.9913661479949951,0.09011426568031311,-0.008618451654911041,-0.08970118314027786,0.9959313869476318],"rotationconfidence":1},"2":{"id":2,"position":[235.7221990823746,-86.80767565965652,2614.484548568726],"positionconfidence":1,"rotation":[0.992708683013916,-0.1013151109218597,0.06530416756868362,0.09525003284215927,0.9913661479949951,0.09011426568031311,-0.07387027889490128,-0.08323699235916138,0.9937880635261536],"rotationconfidence":1},"3":{"id":3,"position":[198.1330662965775,-413.7706458568573,2571.327924728394],"positionconfidence":1,"rotation":[0.9906763434410095,-0.1219176799058914,0.06079953163862228,0.1132427677512169,0.9850238561630249,0.1300156563520432,-0.07574019581079483,-0.1219183206558228,0.9896461367607117],"rotationconfidence":1},"4":{"id":4,"position":[195.0581520795822,-464.1448557376862,2513.708829879761],"positionconfidence":1,"rotation":[0.9880952835083008,-0.1380278915166855,0.06794168055057526,0.04014447703957558,0.6576594710350037,0.7522448897361755,-0.1485132724046707,-0.7405622005462646,0.6553713083267212],"rotationconfidence":1},"6":{"id":6,"position":[44.17319595813751,-185.6876164674759,2579.421997070313],"positionconfidence":1,"rotation":[0.4504854679107666,0.8926951289176941,-0.01257915422320366,0.3458924293518066,-0.1875042617321014,-0.919347882270813,-0.8230560421943665,0.4098018109798431,-0.3932444453239441],"rotationconfidence":1},"7":{"id":7,"position":[-70.11143118143082,-412.1573567390442,2582.613229751587],"positionconfidence":1,"rotation":[-0.1330105662345886,0.5340493321418762,0.8349248170852661,0.5521656274795532,0.739495575428009,-0.3850445449352264,-0.8230560421943665,0.4098018109798431,-0.3932444453239441],"rotationconfidence":1},"8":{"id":8,"position":[-42.52872243523598,-522.9043960571289,2409.472942352295],"positionconfidence":1,"rotation":[-0.6194899082183838,-0.4048040807247162,0.6725816130638123,0,0.8567867279052734,0.515670895576477,-0.7850046753883362,0.3194529116153717,-0.5307707190513611],"rotationconfidence":1},"9":{"id":9,"position":[-11.68523635715246,-502.7498006820679,2375.986099243164],"positionconfidence":1,"rotation":[-0.6194899082183838,-0.4048040807247162,0.6725816130638123,0,0.8567867279052734,0.515670895576477,-0.7850046753883362,0.3194529116153717,-0.5307707190513611],"rotationconfidence":1},"12":{"id":12,"position":[412.1768772602081,-206.222340464592,2605.056524276733],"positionconfidence":1,"rotation":[0.210872158408165,-0.9769681692123413,-0.03265344351530075,-0.4149270057678223,-0.05921343713998795,-0.9079260230064392,0.8850811719894409,0.205005094408989,-0.417856901884079],"rotationconfidence":1},"13":{"id":13,"position":[463.7607634067535,-445.2098608016968,2597.068786621094],"positionconfidence":1,"rotation":[-0.3259883522987366,-0.3677519261837006,-0.8709133863449097,-0.3322093486785889,0.9070455431938171,-0.2586610317230225,0.8850811719894409,0.205005094408989,-0.417856901884079],"rotationconfidence":1},"14":{"id":14,"position":[397.2207307815552,-520.2745795249939,2419.299840927124],"positionconfidence":1,"rotation":[-0.08635759353637695,-0.1188586056232452,-0.9891486763954163,0,-0.9928577542304993,0.1193042993545532,-0.9962642788887024,0.01030283235013485,0.08574080467224121],"rotationconfidence":1},"15":{"id":15,"position":[392.5128281116486,-526.7543196678162,2365.37504196167],"positionconfidence":1,"rotation":[-0.08635759353637695,-0.1188586056232452,-0.9891486763954163,0,-0.9928577542304993,0.1193042993545532,-0.9962642788887024,0.01030283235013485,0.08574080467224121],"rotationconfidence":1},"17":{"id":17,"position":[102.6627272367477,-533.7957739830017,2482.676267623901],"positionconfidence":1,"rotation":[0.8361655473709106,-0.544979989528656,-0.06183699145913124,0.5348310470581055,0.7851709723472595,0.3121892809867859,-0.1215843185782433,-0.2941143214702606,0.9480052590370178],"rotationconfidence":1},"18":{"id":18,"position":[-62.5319704413414,-776.3136029243469,2386.249542236328],"positionconfidence":1,"rotation":[0.9557788372039795,-0.2940865755081177,0,0.2554131150245667,0.8300904035568237,0.4956955015659332,-0.1457773894071579,-0.4737752676010132,0.8684964179992676],"rotationconfidence":1},"19":{"id":19,"position":[-144.6846425533295,-1043.309092521668,2226.810932159424],"positionconfidence":0.5,"rotation":[0.9995352625846863,-0.03048393502831459,0,0.03039663285017014,0.9966726899147034,-0.07562769204378128,0.002305429661646485,0.07559254765510559,0.997136116027832],"rotationconfidence":0.5},"20":{"id":20,"position":[-144.8836475610733,-1049.834251403809,2140.738010406494],"positionconfidence":0.5,"rotation":[0.9995352625846863,-0.03048393502831459,0,0.03039663285017014,0.9966726899147034,-0.07562769204378128,0.002305429661646485,0.07559254765510559,0.997136116027832],"rotationconfidence":0.5},"21":{"id":21,"position":[270.2716290950775,-553.906261920929,2497.933387756348],"positionconfidence":1,"rotation":[0.8977227807044983,0.3166738450527191,0.3062867820262909,-0.4192640483379364,0.8276271820068359,0.3731633722782135,-0.1353201866149902,-0.4634123146533966,0.8757497072219849],"rotationconfidence":1},"22":{"id":22,"position":[397.8482186794281,-805.7424426078796,2384.384632110596],"positionconfidence":1,"rotation":[0.9078737497329712,0.3133537173271179,0.2785223126411438,-0.4154496788978577,0.5832544565200806,0.6980084180831909,0.05627415329217911,-0.7494155168533325,0.6597040891647339],"rotationconfidence":1},"23":{"id":23,"position":[522.6413607597351,-980.9409379959106,2174.716234207153],"positionconfidence":0.5,"rotation":[-0.3734292387962341,0.9276586771011353,0,-0.8908632397651672,-0.3586172163486481,-0.2788483202457428,-0.2586760520935059,-0.1041301116347313,0.9603351354598999],"rotationconfidence":0.5},"24":{"id":24,"position":[545.3073978424072,-971.8167185783386,2090.568542480469],"positionconfidence":0.5,"rotation":[-0.3734292387962341,0.9276586771011353,0,-0.8908632397651672,-0.3586172163486481,-0.2788483202457428,-0.2586760520935059,-0.1041301116347313,0.9603351354598999],"rotationconfidence":0.5}},"skeletonTracked":true,"frameCount":1},{"position":[164.3669605255127,-472.1740782260895,2412.04571723938],"positionTracked":true,"id":4570,"skeleton":{"1":{"id":1,"position":[251.4031827449799,102.4017184972763,2631.496906280518],"positionconfidence":1,"rotation":[0.9961705803871155,-0.08743094652891159,0,0.0870792344212532,0.9921631813049316,0.08960738033056259,-0.00783445779234171,-0.08926423639059067,0.9959771633148193],"rotationconfidence":1},"2":{"id":2,"position":[234.773263335228,-87.07623183727264,2614.384174346924],"positionconfidence":1,"rotation":[0.9932386875152588,-0.09340046346187592,0.06894563883543015,0.0870792344212532,0.9921631813049316,0.08960738033056259,-0.07677469402551651,-0.08299777656793594,0.9935880303382874],"rotationconfidence":1},"3":{"id":3,"position":[197.4314153194428,-414.0552580356598,2571.081876754761],"positionconfidence":1,"rotation":[0.9905387163162231,-0.1215572357177734,0.06369457393884659,0.1124954521656036,0.9850518107414246,0.1304518133401871,-0.07859981805086136,-0.1220522299408913,0.9894066452980042],"rotationconfidence":1},"4":{"id":4,"position":[194.5075541734695,-464.3823802471161,2513.461828231812],"positionconfidence":1,"rotation":[0.9879305362701416,-0.1379823833703995,0.07038670033216476,0.03819043934345245,0.6573550701141357,0.7526127099990845,-0.1501163393259049,-0.7408409118652344,0.654690682888031],"rotationconfidence":1},"6":{"id":6,"position":[42.87156090140343,-185.8984231948853,2578.413009643555],"positionconfidence":1,"rotation":[0.4498608112335205,0.8930602669715881,-0.008284969255328178,0.3411620557308197,-0.1804117560386658,-0.9225291609764099,-0.8253688216209412,0.4121831953525543,-0.3858384490013123],"rotationconfidence":1},"7":{"id":7,"position":[-71.27115875482559,-412.4936759471893,2580.515146255493],"positionconfidence":1,"rotation":[-0.1045423448085785,0.5600009560585022,0.8218697905540466,0.55483078956604,0.7186821699142456,-0.419116735458374,-0.8253688216209412,0.4121831953525543,-0.3858384490013123],"rotationconfidence":1},"8":{"id":8,"position":[-49.71982911229134,-527.9374718666077,2411.087274551392],"positionconfidence":1,"rotation":[-0.6278295516967773,-0.4943170249462128,0.6012325882911682,0,0.7724442481994629,0.6350826025009155,-0.7783507704734802,0.3987236320972443,-0.4849633276462555],"rotationconfidence":1},"9":{"id":9,"position":[-18.3536484837532,-503.2415390014648,2381.049871444702],"positionconfidence":1,"rotation":[-0.6278295516967773,-0.4943170249462128,0.6012325882911682,0,0.7724442481994629,0.6350826025009155,-0.7783507704734802,0.3987236320972443,-0.4849633276462555],"rotationconfidence":1},"12":{"id":12,"position":[410.8927547931671,-205.9622555971146,2605.174064636231],"positionconfidence":1,"rotation":[0.2114087492227554,-0.9768639802932739,-0.0322953499853611,-0.4132538437843323,-0.05939356982707977,-0.90867680311203,0.8857356309890747,0.2054484337568283,-0.41624915599823],"rotationconfidence":1},"13":{"id":13,"position":[462.5414311885834,-444.6171522140503,2597.284078598023],"positionconfidence":1,"rotation":[-0.3260341286659241,-0.3629495203495026,-0.8729085922241211,-0.3304151296615601,0.9088776707649231,-0.2544941306114197,0.8857356309890747,0.2054484337568283,-0.41624915599823],"rotationconfidence":1},"14":{"id":14,"position":[395.9543108940125,-518.743634223938,2419.006824493408],"positionconfidence":1,"rotation":[-0.05928847566246986,-0.05864974856376648,-0.9965164065361023,0,-0.9982725977897644,0.05875310674309731,-0.9982408881187439,0.003483382053673267,0.05918605998158455],"rotationconfidence":1},"15":{"id":15,"position":[392.7094042301178,-521.9535827636719,2364.466667175293],"positionconfidence":1,"rotation":[-0.05928847566246986,-0.05864974856376648,-0.9965164065361023,0,-0.9982725977897644,0.05875310674309731,-0.9982408881187439,0.003483382053673267,0.05918605998158455],"rotationconfidence":1},"17":{"id":17,"position":[102.1278575062752,-534.129798412323,2482.026815414429],"positionconfidence":1,"rotation":[0.8348332047462463,-0.5471713542938232,-0.06047243997454643,0.5362424254417419,0.7834450006484985,0.3140987157821655,-0.1244889944791794,-0.2946479320526123,0.9474623799324036],"rotationconfidence":1},"18":{"id":18,"position":[-63.78781795501709,-776.5309810638428,2384.843349456787],"positionconfidence":1,"rotation":[0.9571462273597717,-0.2896051406860352,0,0.251793384552002,0.8321781754493713,0.4940440654754639,-0.1430777013301849,-0.472872406244278,0.8694368600845337],"rotationconfidence":1},"19":{"id":19,"position":[-144.5616185665131,-1043.488740921021,2226.356983184815],"positionconfidence":0.5,"rotation":[0.999954879283905,-0.009497174993157387,0,0.00946920458227396,0.9970098733901978,-0.07669126987457275,0.0007283505401574075,0.07668781280517578,0.9970548748970032],"rotationconfidence":0.5},"20":{"id":20,"position":[-144.6244716644287,-1050.106525421143,2140.316009521484],"positionconfidence":0.5,"rotation":[0.999954879283905,-0.009497174993157387,0,0.00946920458227396,0.9970098733901978,-0.07669126987457275,0.0007283505401574075,0.07668781280517578,0.9970548748970032],"rotationconfidence":0.5},"21":{"id":21,"position":[269.5392668247223,-554.1027188301086,2497.812032699585],"positionconfidence":1,"rotation":[0.9127941727638245,0.2864988148212433,0.2910760641098023,-0.384646475315094,0.8426401615142822,0.3768350183963776,-0.1373095810413361,-0.4559341967105866,0.8793578147888184],"rotationconfidence":1},"22":{"id":22,"position":[388.7242376804352,-815.1997327804565,2381.047487258911],"positionconfidence":1,"rotation":[0.8468064665794373,0.4338008165359497,0.3077914714813232,-0.5144714713096619,0.5210763812065125,0.6810274720191956,0.1350474059581757,-0.7350484132766724,0.6644290089607239],"rotationconfidence":1},"23":{"id":23,"position":[545.0569987297058,-973.5395312309265,2174.103260040283],"positionconfidence":0.5,"rotation":[-0.3900948166847229,0.9207747578620911,0,-0.8758547306060791,-0.3710640370845795,-0.3085289001464844,-0.2840856015682221,-0.1203555092215538,0.9512149691581726],"rotationconfidence":0.5},"24":{"id":24,"position":[569.961667060852,-962.9884362220764,2090.713977813721],"positionconfidence":0.5,"rotation":[-0.3900948166847229,0.9207747578620911,0,-0.8758547306060791,-0.3710640370845795,-0.3085289001464844,-0.2840856015682221,-0.1203555092215538,0.9512149691581726],"rotationconfidence":0.5}},"skeletonTracked":true,"frameCount":2},{"position":[164.4981205463409,-470.7886278629303,2411.85474395752],"positionTracked":true,"id":4570,"skeleton":{"1":{"id":1,"position":[249.213770031929,103.2503321766853,2631.744623184204],"positionconfidence":1,"rotation":[0.9966772198677063,-0.08145242929458618,0,0.08112036436796188,0.9926139116287231,0.09020669013261795,-0.007347553968429565,-0.0899069532752037,0.9959231019020081],"rotationconfidence":1},"2":{"id":2,"position":[233.6461693048477,-87.23966032266617,2614.433288574219],"positionconfidence":1,"rotation":[0.9936051964759827,-0.08766788989305496,0.07115601003170013,0.08112036436796188,0.9926139116287231,0.09020669013261795,-0.07853866368532181,-0.08385762572288513,0.9933778643608093],"rotationconfidence":1},"3":{"id":3,"position":[196.6077089309692,-414.3059849739075,2570.766448974609],"positionconfidence":1,"rotation":[0.9905096292495728,-0.1208984851837158,0.06537845730781555,0.1115479543805122,0.985018789768219,0.1315104961395264,-0.08029843121767044,-0.1229695826768875,0.9891566038131714],"rotationconfidence":1},"4":{"id":4,"position":[193.7583535909653,-464.5761847496033,2513.091325759888],"positionconfidence":1,"rotation":[0.9879164099693298,-0.1376712173223496,0.0711890161037445,0.03721665591001511,0.6566007137298584,0.7533195614814758,-0.150453194975853,-0.7415673732757568,0.653790295124054],"rotationconfidence":1},"6":{"id":6,"position":[41.54627397656441,-186.0931068658829,2577.693462371826],"positionconfidence":1,"rotation":[0.4484632313251495,0.8937727808952332,-0.007136848755180836,0.3375627994537354,-0.1767596155405045,-0.9245578646659851,-0.827606201171875,0.4122210741043091,-0.3809746205806732],"rotationconfidence":1},"7":{"id":7,"position":[-72.11970537900925,-412.6257598400116,2579.50234413147],"positionconfidence":1,"rotation":[-0.08761563897132874,0.575535237789154,0.8130699396133423,0.5544288754463196,0.7062810659408569,-0.4401995241641998,-0.827606201171875,0.4122210741043091,-0.3809746205806732],"rotationconfidence":1},"8":{"id":8,"position":[-54.20052632689476,-530.3344130516052,2413.213014602661],"positionconfidence":1,"rotation":[-0.623722493648529,-0.5316336750984192,0.5730059742927551,0,0.7330762147903442,0.6801464557647705,-0.7816458344459534,0.4242226481437683,-0.457236111164093],"rotationconfidence":1},"9":{"id":9,"position":[-22.90983311831951,-503.6635994911194,2384.466648101807],"positionconfidence":1,"rotation":[-0.623722493648529,-0.5316336750984192,0.5730059742927551,0,0.7330762147903442,0.6801464557647705,-0.7816458344459534,0.4242226481437683,-0.457236111164093],"rotationconfidence":1},"12":{"id":12,"position":[409.5029830932617,-205.6104838848114,2605.137348175049],"positionconfidence":1,"rotation":[0.2124251425266266,-0.9766077995300293,-0.03335698321461678,-0.4127382040023804,-0.05872981995344162,-0.9089543223381042,0.885732889175415,0.2068524658679962,-0.4155590832233429],"rotationconfidence":1},"13":{"id":13,"position":[461.3273143768311,-443.8687562942505,2596.999406814575],"positionconfidence":1,"rotation":[-0.3275847733020783,-0.3557334244251251,-0.8752953410148621,-0.3288852572441101,0.9114087224006653,-0.2473230808973312,0.885732889175415,0.2068524658679962,-0.4155590832233429],"rotationconfidence":1},"14":{"id":14,"position":[394.2289352416992,-516.7327523231506,2417.714834213257],"positionconfidence":1,"rotation":[0.02546487376093864,-0.008442067541182041,-0.9996400475502014,0,-0.9999643564224243,0.008444806560873985,-0.9996756911277771,-0.0002150459331460297,-0.02546396665275097],"rotationconfidence":1},"15":{"id":15,"position":[395.6244885921478,-517.1954035758972,2362.931489944458],"positionconfidence":1,"rotation":[0.02546487376093864,-0.008442067541182041,-0.9996400475502014,0,-0.9999643564224243,0.008444806560873985,-0.9996756911277771,-0.0002150459331460297,-0.02546396665275097],"rotationconfidence":1},"17":{"id":17,"position":[101.4729663729668,-534.4110727310181,2481.316566467285],"positionconfidence":1,"rotation":[0.833743691444397,-0.5487421751022339,-0.06126724556088448,0.5375667810440063,0.7813727259635925,0.3169837892055512,-0.1260698139667511,-0.2972184419631958,0.9464500546455383],"rotationconfidence":1},"18":{"id":18,"position":[-65.5612051486969,-777.2012948989868,2382.822513580322],"positionconfidence":1,"rotation":[0.9588199853897095,-0.2840143442153931,0,0.2474104315042496,0.8352468609809875,0.4910709857940674,-0.1394712030887604,-0.4708486795425415,0.871119499206543],"rotationconfidence":1},"19":{"id":19,"position":[-144.5218175649643,-1043.768882751465,2226.09806060791],"positionconfidence":0.5,"rotation":[0.9999995827674866,-0.0008119166013784707,0,0.0008094088989309967,0.9969109296798706,-0.0785343125462532,0.00006376332021318376,0.07853429019451141,0.996911346912384],"rotationconfidence":0.5},"20":{"id":20,"position":[-144.5273160934448,-1050.541162490845,2140.130996704102],"positionconfidence":0.5,"rotation":[0.9999995827674866,-0.0008119166013784707,0,0.0008094088989309967,0.9969109296798706,-0.0785343125462532,0.00006376332021318376,0.07853429019451141,0.996911346912384],"rotationconfidence":0.5},"21":{"id":21,"position":[268.5435712337494,-554.1529655456543,2497.371196746826],"positionconfidence":1,"rotation":[0.9206525683403015,0.2695315778255463,0.2824029326438904,-0.3651465773582459,0.8504276871681213,0.3787355422973633,-0.1380820870399475,-0.4518023729324341,0.8813670873641968],"rotationconfidence":1},"22":{"id":22,"position":[382.9685747623444,-820.6492066383362,2378.687858581543],"positionconfidence":1,"rotation":[0.8031424283981323,0.5073406100273132,0.3123581409454346,-0.5645207166671753,0.4804141223430634,0.6712068915367126,0.1904692500829697,-0.7154073715209961,0.6722452640533447],"rotationconfidence":1},"23":{"id":23,"position":[556.7347407341003,-968.5263633728027,2172.082424163818],"positionconfidence":0.5,"rotation":[-0.4039125442504883,0.9147976040840149,0,-0.8680893182754517,-0.3832893371582031,-0.3154521584510803,-0.2885748744010925,-0.1274150758981705,0.9489414095878601],"rotationconfidence":0.5},"24":{"id":24,"position":[581.9358825683594,-957.3992490768433,2089.211702346802],"positionconfidence":0.5,"rotation":[-0.4039125442504883,0.9147976040840149,0,-0.8680893182754517,-0.3832893371582031,-0.3154521584510803,-0.2885748744010925,-0.1274150758981705,0.9489414095878601],"rotationconfidence":0.5}},"skeletonTracked":true,"frameCount":3},{"position":[163.8428866863251,-473.401814699173,2414.18194770813],"positionTracked":true,"id":4570,"skeleton":{"1":{"id":1,"position":[247.1376359462738,103.549487888813,2632.011890411377],"positionconfidence":1,"rotation":[0.9970839023590088,-0.07631327211856842,0,0.07599861919879913,0.9929727911949158,0.09071499109268188,-0.006922757718712091,-0.0904504582285881,0.9958769083023071],"rotationconfidence":1},"2":{"id":2,"position":[232.5251996517181,-87.37175911664963,2614.569902420044],"positionconfidence":1,"rotation":[0.9939641356468201,-0.08266361802816391,0.07212503254413605,0.07599861919879913,0.9929727911949158,0.09071499109268188,-0.07911702990531921,-0.0846860408782959,0.9932616949081421],"rotationconfidence":1},"3":{"id":3,"position":[195.8212405443192,-414.5134389400482,2570.464372634888],"positionconfidence":1,"rotation":[0.9905825853347778,-0.1200220882892609,0.06588568538427353,0.1105089113116264,0.9849637746810913,0.1327936947345734,-0.08083318918943405,-0.124262161552906,0.9889514446258545],"rotationconfidence":1},"4":{"id":4,"position":[192.9750293493271,-464.7208154201508,2512.710094451904],"positionconfidence":1,"rotation":[0.9879807829856873,-0.137422189116478,0.07077579945325851,0.03716669231653214,0.655623197555542,0.7541729211807251,-0.1500423550605774,-0.7424778938293457,0.6528506875038147],"rotationconfidence":1},"6":{"id":6,"position":[40.12621566653252,-186.3103955984116,2577.240467071533],"positionconfidence":1,"rotation":[0.446349024772644,0.8948352336883545,-0.0065155322663486,0.335730105638504,-0.1742044687271118,-0.9257095456123352,-0.8294925689697266,0.4110020995140076,-0.378179132938385],"rotationconfidence":1},"7":{"id":7,"position":[-72.86518067121506,-412.8341972827911,2578.889846801758],"positionconfidence":1,"rotation":[-0.08099735528230667,0.5814314484596252,0.8095535039901733,0.5526134371757507,0.7021501064300537,-0.4490029811859131,-0.8294925689697266,0.4110020995140076,-0.378179132938385],"rotationconfidence":1},"8":{"id":8,"position":[-56.35077878832817,-531.3811898231506,2413.831472396851],"positionconfidence":1,"rotation":[-0.6177220940589905,-0.5632855296134949,0.5487520694732666,0,0.6978058815002441,0.7162868976593018,-0.7863964438438416,0.4424662292003632,-0.4310501217842102],"rotationconfidence":1},"9":{"id":9,"position":[-26.29442326724529,-503.9735436439514,2387.130975723267],"positionconfidence":1,"rotation":[-0.6177220940589905,-0.5632855296134949,0.5487520694732666,0,0.6978058815002441,0.7162868976593018,-0.7863964438438416,0.4424662292003632,-0.4310501217842102],"rotationconfidence":1},"12":{"id":12,"position":[408.0924987792969,-205.2826434373856,2604.93278503418],"positionconfidence":1,"rotation":[0.2140585035085678,-0.976186215877533,-0.03520305082201958,-0.414103776216507,-0.05804711580276489,-0.9083768129348755,0.884701669216156,0.2090235352516174,-0.4166679382324219],"rotationconfidence":1},"13":{"id":13,"position":[460.2341055870056,-443.067729473114,2596.357822418213],"positionconfidence":1,"rotation":[-0.3313351273536682,-0.3467729091644287,-0.8774768114089966,-0.3279024660587311,0.9143619537353516,-0.2375337332487106,0.884701669216156,0.2090235352516174,-0.4166679382324219],"rotationconfidence":1},"14":{"id":14,"position":[391.9574916362763,-514.5255327224731,2415.540456771851],"positionconfidence":1,"rotation":[0.1837698817253113,0.04109909385442734,-0.9821097254753113,0,-0.9991255402565002,-0.04181116446852684,-0.9829692840576172,0.007683632895350456,-0.1836091876029968],"rotationconfidence":1},"15":{"id":15,"position":[401.9654095172882,-512.2873187065125,2362.055778503418],"positionconfidence":1,"rotation":[0.1837698817253113,0.04109909385442734,-0.9821097254753113,0,-0.9991255402565002,-0.04181116446852684,-0.9829692840576172,0.007683632895350456,-0.1836091876029968],"rotationconfidence":1},"17":{"id":17,"position":[100.7974743843079,-534.6278548240662,2480.680227279663],"positionconfidence":1,"rotation":[0.8329650163650513,-0.5498654842376709,-0.06178299337625504,0.5386831164360046,0.7803347706794739,0.3176446855068207,-0.1264504343271256,-0.2978683710098267,0.9461948275566101],"rotationconfidence":1},"18":{"id":18,"position":[-66.63966178894043,-777.1767973899841,2381.947755813599],"positionconfidence":1,"rotation":[0.9601229429244995,-0.2795782089233398,0,0.2437192499637604,0.8369766473770142,0.4899703860282898,-0.1369850486516953,-0.4704318046569824,0.8717390894889832],"rotationconfidence":1},"19":{"id":19,"position":[-144.3236023187637,-1043.957710266113,2225.772857666016],"positionconfidence":0.5,"rotation":[0.9999770522117615,0.006774419918656349,0,-0.006753279361873865,0.9968564510345459,-0.07894027978181839,-0.0005347746191546321,0.07893846929073334,0.9968793392181396],"rotationconfidence":0.5},"20":{"id":20,"position":[-144.2775130271912,-1050.760984420776,2139.857292175293],"positionconfidence":0.5,"rotation":[0.9999770522117615,0.006774419918656349,0,-0.006753279361873865,0.9968564510345459,-0.07894027978181839,-0.0005347746191546321,0.07893846929073334,0.9968793392181396],"rotationconfidence":0.5},"21":{"id":21,"position":[267.5279080867767,-554.1262626647949,2496.824026107788],"positionconfidence":1,"rotation":[0.9249240756034851,0.2621424496173859,0.2753123342990875,-0.3543520271778107,0.8567677140235901,0.3746782541275024,-0.1376596391201019,-0.44410640001297,0.8853357434272766],"rotationconfidence":1},"22":{"id":22,"position":[377.8393864631653,-820.8421468734741,2380.184888839722],"positionconfidence":1,"rotation":[0.7800902128219604,0.5430580973625183,0.3107205629348755,-0.5822248458862305,0.4482543468475342,0.6782935261726379,0.2290709465742111,-0.7100393772125244,0.6658607721328735],"rotationconfidence":1},"23":{"id":23,"position":[561.3991618156433,-962.1646404266357,2166.337251663208],"positionconfidence":0.5,"rotation":[-0.4448883831501007,0.8955860733985901,0,-0.8503551483154297,-0.4224196076393127,-0.3137799501419067,-0.2810169160366058,-0.1395970433950424,0.9494957327842712],"rotationconfidence":0.5},"24":{"id":24,"position":[585.9151482582092,-949.9861598014832,2083.503007888794],"positionconfidence":0.5,"rotation":[-0.4448883831501007,0.8955860733985901,0,-0.8503551483154297,-0.4224196076393127,-0.3137799501419067,-0.2810169160366058,-0.1395970433950424,0.9494957327842712],"rotationconfidence":0.5}},"skeletonTracked":true,"frameCount":4},{"position":[163.6428982019424,-471.6667532920837,2415.809392929077],"positionTracked":true,"id":4570,"skeleton":{"1":{"id":1,"position":[245.4105317592621,103.776678442955,2632.317066192627],"positionconfidence":1,"rotation":[0.9973815083503723,-0.07231871038675308,0,0.07201715558767319,0.9932225942611694,0.0912274420261383,-0.006597450934350491,-0.09098856151103973,0.9958300590515137],"rotationconfidence":1},"2":{"id":2,"position":[231.5457910299301,-87.43851631879807,2614.75396156311],"positionconfidence":1,"rotation":[0.9942543506622314,-0.07875116914510727,0.07250086963176727,0.07201715558767319,0.9932225942611694,0.0912274420261383,-0.07919376343488693,-0.08548197150230408,0.9931873083114624],"rotationconfidence":1},"3":{"id":3,"position":[195.1156854629517,-414.6832525730133,2570.211887359619],"positionconfidence":1,"rotation":[0.990675151348114,-0.1192538365721703,0.06588798761367798,0.1096416041254997,0.9848897457122803,0.1340557336807251,-0.08087906241416931,-0.1255816221237183,0.9887809753417969],"rotationconfidence":1},"4":{"id":4,"position":[192.2474354505539,-464.8379683494568,2512.378215789795],"positionconfidence":1,"rotation":[0.9881037473678589,-0.1370238065719605,0.0698254331946373,0.03744165971875191,0.6547113060951233,0.7549511194229126,-0.1491617858409882,-0.7433556914329529,0.6520531177520752],"rotationconfidence":1},"6":{"id":6,"position":[38.89166191220284,-186.4799708127976,2576.931953430176],"positionconfidence":1,"rotation":[0.44454625248909,0.8957312703132629,-0.006638909224420786,0.3339220881462097,-0.1725917756557465,-0.9266650676727295,-0.8311887383460999,0.409728616476059,-0.3758294880390167],"rotationconfidence":1},"7":{"id":7,"position":[-73.53164255619049,-413.0054712295532,2578.610897064209],"positionconfidence":1,"rotation":[-0.07690118253231049,0.5847453474998474,0.8075637817382812,0.5506465435028076,0.7001396417617798,-0.4545251429080963,-0.8311887383460999,0.409728616476059,-0.3758294880390167],"rotationconfidence":1},"8":{"id":8,"position":[-57.89384618401527,-531.9129824638367,2414.393424987793],"positionconfidence":1,"rotation":[-0.6145745515823364,-0.5844379663467407,0.5298398733139038,0,0.671653687953949,0.7408652305603027,-0.7888586521148682,0.4553169310092926,-0.4127812683582306],"rotationconfidence":1},"9":{"id":9,"position":[-28.75401824712753,-504.2020678520203,2389.271259307861],"positionconfidence":1,"rotation":[-0.6145745515823364,-0.5844379663467407,0.5298398733139038,0,0.671653687953949,0.7408652305603027,-0.7888586521148682,0.4553169310092926,-0.4127812683582306],"rotationconfidence":1},"12":{"id":12,"position":[406.8305492401123,-204.992339015007,2604.676961898804],"positionconfidence":1,"rotation":[0.2158295661211014,-0.9757304787635803,-0.03698022291064262,-0.4146377146244049,-0.05729691684246063,-0.9081809520721436,0.8840210437774658,0.2113457024097443,-0.4169410765171051],"rotationconfidence":1},"13":{"id":13,"position":[459.3594670295715,-442.46706366539,2595.67666053772],"positionconfidence":1,"rotation":[-0.3308984935283661,-0.3470775783061981,-0.8775210976600647,-0.3301711976528168,0.9137122631072998,-0.2368899136781693,0.8840210437774658,0.2113457024097443,-0.4169410765171051],"rotationconfidence":1},"14":{"id":14,"position":[391.2646472454071,-513.891339302063,2415.093660354614],"positionconfidence":1,"rotation":[0.1226256042718887,0.08517727255821228,-0.9887911677360535,0,-0.9963101744651794,-0.08582498133182526,-0.9924530386924744,0.01052433997392654,-0.1221731379628182],"rotationconfidence":1},"15":{"id":15,"position":[397.9369699954987,-509.2566609382629,2361.291408538818],"positionconfidence":1,"rotation":[0.1226256042718887,0.08517727255821228,-0.9887911677360535,0,-0.9963101744651794,-0.08582498133182526,-0.9924530386924744,0.01052433997392654,-0.1221731379628182],"rotationconfidence":1},"17":{"id":17,"position":[100.1704856753349,-534.8265767097473,2480.174541473389],"positionconfidence":1,"rotation":[0.8329935669898987,-0.549759030342102,-0.06234490126371384,0.5386772751808167,0.7801191806793213,0.3181838393211365,-0.126287966966629,-0.2986288368701935,0.9459768533706665],"rotationconfidence":1},"18":{"id":18,"position":[-67.50059127807617,-777.6499390602112,2381.135225296021],"positionconfidence":1,"rotation":[0.9605705142021179,-0.278036504983902,0,0.2424932718276978,0.837774395942688,0.4892146289348602,-0.1360195279121399,-0.4699251353740692,0.8721633553504944],"rotationconfidence":1},"19":{"id":19,"position":[-144.6407586336136,-1044.156551361084,2225.509881973267],"positionconfidence":0.5,"rotation":[0.9999104738235474,-0.01337951980531216,0,0.01333726942539215,0.996752917766571,-0.07940923422574997,0.001062457449734211,0.0794021263718605,0.9968421459197998],"rotationconfidence":0.5},"20":{"id":20,"position":[-144.732266664505,-1050.995349884033,2139.653205871582],"positionconfidence":0.5,"rotation":[0.9999104738235474,-0.01337951980531216,0,0.01333726942539215,0.996752917766571,-0.07940923422574997,0.001062457449734211,0.0794021263718605,0.9968421459197998],"rotationconfidence":0.5},"21":{"id":21,"position":[266.6315138339996,-554.0620684623718,2496.324777603149],"positionconfidence":1,"rotation":[0.9293709993362427,0.2539207339286804,0.2679435610771179,-0.3428744673728943,0.8627093434333801,0.3717118799686432,-0.1367720663547516,-0.4373292326927185,0.8888399600982666],"rotationconfidence":1},"22":{"id":22,"position":[373.6231625080109,-823.2646584510803,2380.334615707398],"positionconfidence":1,"rotation":[0.7499359846115112,0.5836214423179626,0.3114195764064789,-0.605238676071167,0.4153486490249634,0.6790962815284729,0.2669874429702759,-0.6977618932723999,0.6647151708602905],"rotationconfidence":1},"23":{"id":23,"position":[566.4186477661133,-955.571711063385,2164.01219367981],"positionconfidence":0.5,"rotation":[-0.4742012619972229,0.8804165124893188,0,-0.8354814052581787,-0.4499987661838532,-0.3153917491436005,-0.2776760756969452,-0.1495591551065445,0.9489615559577942],"rotationconfidence":0.5},"24":{"id":24,"position":[590.5745625495911,-942.5610899925232,2081.459045410156],"positionconfidence":0.5,"rotation":[-0.4742012619972229,0.8804165124893188,0,-0.8354814052581787,-0.4499987661838532,-0.3153917491436005,-0.2776760756969452,-0.1495591551065445,0.9489615559577942],"rotationconfidence":0.5}},"skeletonTracked":true,"frameCount":5},{"position":[164.131686091423,-466.4547741413117,2418.062686920166],"positionTracked":true,"id":4570,"skeleton":{"1":{"id":1,"position":[243.9755499362946,104.018397629261,2632.699251174927],"positionconfidence":1,"rotation":[0.997597873210907,-0.06927182525396347,0,0.06897792220115662,0.9933652281761169,0.09201961755752563,-0.006374367047101259,-0.0917985737323761,0.9957572817802429],"rotationconfidence":1},"2":{"id":2,"position":[230.67906498909,-87.4670222401619,2614.96114730835],"positionconfidence":1,"rotation":[0.9944587349891663,-0.07580151408910751,0.07284196466207504,0.06897792220115662,0.9933652281761169,0.09201961755752563,-0.07933390140533447,-0.08648522198200226,0.9930893182754517],"rotationconfidence":1},"3":{"id":3,"position":[194.4519728422165,-414.810061454773,2570.027828216553],"positionconfidence":1,"rotation":[0.9907390475273132,-0.1186959594488144,0.06593558192253113,0.108988843858242,0.9848083257675171,0.1351814419031143,-0.08097939938306808,-0.1267432868480682,0.9886245727539062],"rotationconfidence":1},"4":{"id":4,"position":[191.5731430053711,-464.9211466312408,2512.129306793213],"positionconfidence":1,"rotation":[0.9882294535636902,-0.1365226358175278,0.06902340054512024,0.0375695526599884,0.6539639830589294,0.7555922865867615,-0.1482942551374435,-0.744105339050293,0.6513954997062683],"rotationconfidence":1},"6":{"id":6,"position":[37.85856813192368,-186.6029649972916,2576.736927032471],"positionconfidence":1,"rotation":[0.4431589245796204,0.8964145183563232,-0.007148496340960264,0.3523780107498169,-0.1815258264541626,-0.918083906173706,-0.8242814540863037,0.4043381214141846,-0.3963215947151184],"rotationconfidence":1},"7":{"id":7,"position":[-74.13218915462494,-413.1360054016113,2578.543424606323],"positionconfidence":1,"rotation":[-0.03458632156252861,0.662725031375885,0.7480638027191162,0.5651229619979858,0.6303223967552185,-0.5322873592376709,-0.8242814540863037,0.4043381214141846,-0.3963215947151184],"rotationconfidence":1},"8":{"id":8,"position":[-67.24616885185242,-545.0823307037354,2429.606437683106],"positionconfidence":1,"rotation":[-0.5056564211845398,-0.1971744298934937,0.8399010896682739,0,0.9735330939292908,0.2285457700490952,-0.8627349138259888,0.1155656352639198,-0.4922732710838318],"rotationconfidence":1},"9":{"id":9,"position":[-38.78742456436157,-533.9851975440979,2382.336139678955],"positionconfidence":1,"rotation":[-0.5056564211845398,-0.1971744298934937,0.8399010896682739,0,0.9735330939292908,0.2285457700490952,-0.8627349138259888,0.1155656352639198,-0.4922732710838318],"rotationconfidence":1},"12":{"id":12,"position":[405.8108627796173,-204.727441072464,2604.552745819092],"positionconfidence":1,"rotation":[0.2172900289297104,-0.9753254652023315,-0.03905398398637772,-0.416071355342865,-0.05635389313101769,-0.9075840711593628,0.8829890489578247,0.2134582102298737,-0.4180501699447632],"rotationconfidence":1},"13":{"id":13,"position":[458.6687982082367,-441.9849514961243,2595.052480697632],"positionconfidence":1,"rotation":[-0.3318661153316498,-0.3459531664848328,-0.8775995969772339,-0.3319566249847412,0.9136475324630737,-0.2346333116292954,0.8829890489578247,0.2134582102298737,-0.4180501699447632],"rotationconfidence":1},"14":{"id":14,"position":[390.457957983017,-513.0912065505981,2414.673089981079],"positionconfidence":1,"rotation":[0.08063791692256927,0.1081726029515266,-0.9908563494682312,0,-0.9940935969352722,-0.1085260137915611,-0.9967435002326965,0.008751311339437962,-0.08016163855791092],"rotationconfidence":1},"15":{"id":15,"position":[394.8679864406586,-507.1753263473511,2360.483884811401],"positionconfidence":1,"rotation":[0.08063791692256927,0.1081726029515266,-0.9908563494682312,0,-0.9940935969352722,-0.1085260137915611,-0.9967435002326965,0.008751311339437962,-0.08016163855791092],"rotationconfidence":1},"17":{"id":17,"position":[99.59585219621658,-534.9991321563721,2479.782342910767],"positionconfidence":1,"rotation":[0.8330209851264954,-0.5496973991394043,-0.06251903623342514,0.5386589765548706,0.7800946235656738,0.318274736404419,-0.1261840313673019,-0.2988059818744659,0.9459347128868103],"rotationconfidence":1},"18":{"id":18,"position":[-68.43847781419754,-778.3491611480713,2380.496740341187],"positionconfidence":1,"rotation":[0.9605452418327332,-0.2781240940093994,0,0.2428703904151917,0.838791012763977,0.4872819483280182,-0.1355248540639877,-0.4680563509464264,0.8732448220252991],"rotationconfidence":1},"19":{"id":19,"position":[-145.5331593751907,-1044.607758522034,2225.818157196045],"positionconfidence":0.5,"rotation":[0.9979543089866638,-0.06393168866634369,0,0.06371932476758957,0.9946393966674805,-0.0814392939209938,0.005206551402807236,0.08127269148826599,0.9966782927513123],"rotationconfidence":0.5},"20":{"id":20,"position":[-145.9806114435196,-1051.592350006104,2140.163421630859],"positionconfidence":0.5,"rotation":[0.9979543089866638,-0.06393168866634369,0,0.06371932476758957,0.9946393966674805,-0.0814392939209938,0.005206551402807236,0.08127269148826599,0.9966782927513123],"rotationconfidence":0.5},"21":{"id":21,"position":[265.8437490463257,-553.9606213569641,2495.969533920288],"positionconfidence":1,"rotation":[0.9314019083976746,0.2501260936260223,0.2644379734992981,-0.3375409543514252,0.8654102683067322,0.3703121542930603,-0.1362226158380508,-0.4341681301593781,0.8904726505279541],"rotationconfidence":1},"22":{"id":22,"position":[371.4744746685028,-824.7838020324707,2380.083322525024],"positionconfidence":1,"rotation":[0.7338711023330688,0.6037122011184692,0.3113917410373688,-0.6164745688438416,0.3993842005729675,0.6785657405853271,0.2852934896945953,-0.689944863319397,0.6652697324752808],"rotationconfidence":1},"23":{"id":23,"position":[569.1287517547607,-952.8344869613647,2162.521362304688],"positionconfidence":0.5,"rotation":[-0.4876511991024017,0.8730385899543762,0,-0.8283188939094543,-0.462672233581543,-0.3159466683864594,-0.2758336067199707,-0.1540717482566834,0.9487769603729248],"rotationconfidence":0.5},"24":{"id":24,"position":[593.0961966514587,-939.4470453262329,2080.081224441528],"positionconfidence":0.5,"rotation":[-0.4876511991024017,0.8730385899543762,0,-0.8283188939094543,-0.462672233581543,-0.3159466683864594,-0.2758336067199707,-0.1540717482566834,0.9487769603729248],"rotationconfidence":0.5}},"skeletonTracked":true,"frameCount":6},{"position":[162.3700559139252,-469.3990051746368,2416.256904602051],"positionTracked":true,"id":4570,"skeleton":{"1":{"id":1,"position":[241.6601628065109,104.3396666646004,2633.453130722046],"positionconfidence":1,"rotation":[0.9974235892295837,-0.07173701375722885,0,0.07141876965761185,0.9929987788200378,0.09408857673406601,-0.006749633699655533,-0.0938461646437645,0.995563805103302],"rotationconfidence":1},"2":{"id":2,"position":[227.9007285833359,-86.9700014591217,2615.326166152954],"positionconfidence":1,"rotation":[0.9943644404411316,-0.07829029858112335,0.07148459553718567,0.07141876965761185,0.9929987788200378,0.09408857673406601,-0.07835035026073456,-0.08845300227403641,0.9929941892623901],"rotationconfidence":1},"3":{"id":3,"position":[193.6291605234146,-414.8817360401154,2569.955348968506],"positionconfidence":1,"rotation":[0.9914692640304565,-0.1126859784126282,0.06550136208534241,0.1029779240489006,0.985296905040741,0.1363285332918167,-0.07990061491727829,-0.1284203678369522,0.9884958267211914],"rotationconfidence":1},"4":{"id":4,"position":[190.8031105995178,-464.9809002876282,2511.996746063232],"positionconfidence":1,"rotation":[0.9886015057563782,-0.1343581825494766,0.06793460994958878,0.03686361014842987,0.6535043716430664,0.7560245990753174,-0.1459736377000809,-0.7449026703834534,0.6510083079338074],"rotationconfidence":1},"6":{"id":6,"position":[36.44875064492226,-186.81401014328,2576.763868331909],"positionconfidence":1,"rotation":[0.4411515891551971,0.8973543643951416,-0.01185166090726852,0.3541883230209351,-0.1862275749444962,-0.9164441227912903,-0.8245822191238403,0.4000930488109589,-0.3999870121479034],"rotationconfidence":1},"7":{"id":7,"position":[-75.01621544361115,-413.5468900203705,2579.758405685425],"positionconfidence":1,"rotation":[-0.03302556276321411,0.671765923500061,0.7400269508361816,0.5647772550582886,0.