{"motiondata":[{"position":[162.6217365264893,-403.3788144588471,2290.959358215332],"positionTracked":true,"id":4184,"skeleton":{"1":{"id":1,"position":[214.0324860811234,201.763242483139,2526.240110397339],"positionconfidence":1,"rotation":[0.9958214163780212,-0.0913219153881073,0,0.0913189947605133,0.9957895874977112,-0.00799616239964962,0.0007302248850464821,0.00796274933964014,0.9999680519104004],"rotationconfidence":1},"2":{"id":2,"position":[196.0700154304504,5.891153588891029,2527.812957763672],"positionconfidence":1,"rotation":[0.9958212375640869,-0.09132321178913116,-0.0001631621998967603,0.0913189947605133,0.9957895874977112,-0.00799616239964962,0.000892710464540869,0.007947849109768867,0.9999679923057556],"rotationconfidence":1},"3":{"id":3,"position":[180.8193027973175,-327.159196138382,2464.608430862427],"positionconfidence":1,"rotation":[0.9989862442016602,-0.04464304074645042,-0.005804507993161678,0.04494260996580124,0.9814723134040833,0.1862585991621018,-0.002618186641484499,-0.186330646276474,0.9824836850166321],"rotationconfidence":1},"4":{"id":4,"position":[178.1780868768692,-374.4780123233795,2402.325868606567],"positionconfidence":1,"rotation":[0.9977349042892456,-0.06674361974000931,0.008397147059440613,0.03374776989221573,0.6046096086502075,0.7958067655563354,-0.05819201469421387,-0.7937207221984863,0.6054924726486206],"rotationconfidence":1},"6":{"id":6,"position":[31.34670108556747,-94.66593712568283,2493.752241134644],"positionconfidence":1,"rotation":[0.3176376223564148,0.9453302621841431,0.07387074083089828,0.3737954497337341,-0.05323909595608711,-0.9259818196296692,-0.871425986289978,0.3217392563819885,-0.3702709376811981],"rotationconfidence":1},"7":{"id":7,"position":[-42.07352921366692,-313.1739497184753,2476.677417755127],"positionconfidence":1,"rotation":[-0.289666086435318,0.2716504037380219,0.9177688956260681,0.3958665430545807,0.9070225954055786,-0.1435262709856033,-0.871425986289978,0.3217392563819885,-0.3702709376811981],"rotationconfidence":1},"8":{"id":8,"position":[23.47214333713055,-374.6430277824402,2269.004583358765],"positionconfidence":1,"rotation":[-0.2071226239204407,-0.1869615912437439,0.9602841138839722,0,0.9815694689750671,0.1911057233810425,-0.978314995765686,0.03958231955766678,-0.2033052444458008],"rotationconfidence":1},"9":{"id":9,"position":[34.3489870429039,-364.8249208927155,2218.576192855835],"positionconfidence":1,"rotation":[-0.2071226239204407,-0.1869615912437439,0.9602841138839722,0,0.9815694689750671,0.1911057233810425,-0.978314995765686,0.03958231955766678,-0.2033052444458008],"rotationconfidence":1},"12":{"id":12,"position":[367.5187230110169,-100.7183790206909,2493.500232696533],"positionconfidence":1,"rotation":[0.2175691276788712,-0.973666250705719,-0.06810050457715988,-0.427156001329422,-0.03224940970540047,-0.903602659702301,0.8776112198829651,0.2256855815649033,-0.4229238629341126],"rotationconfidence":1},"13":{"id":13,"position":[420.0139343738556,-335.6451690196991,2477.068901062012],"positionconfidence":1,"rotation":[-0.3218791484832764,-0.376350998878479,-0.8687657117843628,-0.3552357256412506,0.8985689282417297,-0.257646381855011,0.8776112198829651,0.2256855815649033,-0.4229238629341126],"rotationconfidence":1},"14":{"id":14,"position":[348.7260639667511,-418.9971387386322,2284.659862518311],"positionconfidence":1,"rotation":[-0.3908053934574127,0.4543500542640686,-0.8005231618881226,0,-0.8696863651275635,-0.4936047196388245,-0.9204733967781067,-0.1929033845663071,0.339878112077713],"rotationconfidence":1},"15":{"id":15,"position":[309.4383180141449,-373.3212351799011,2204.183101654053],"positionconfidence":1,"rotation":[-0.3908053934574127,0.4543500542640686,-0.8005231618881226,0,-0.8696863651275635,-0.4936047196388245,-0.9204733967781067,-0.1929033845663071,0.339878112077713],"rotationconfidence":1},"17":{"id":17,"position":[100.0025048851967,-441.1797225475311,2375.219345092773],"positionconfidence":1,"rotation":[0.9617124795913696,-0.2658956944942474,-0.06639740616083145,0.2709696292877197,0.8862550258636475,0.3756694495677948,-0.04104385152459145,-0.3792776465415955,0.924372136592865],"rotationconfidence":1},"18":{"id":18,"position":[5.399618297815323,-750.5955100059509,2244.062900543213],"positionconfidence":1,"rotation":[0.7700738906860352,-0.6379547119140625,0,0.6276343464851379,0.7576161623001099,0.179144561290741,-0.1142861172556877,-0.1379545480012894,0.9838227033615112],"rotationconfidence":1},"19":{"id":19,"position":[-200.263261795044,-998.8507628440857,2185.360908508301],"positionconfidence":0.5,"rotation":[0.3133759200572968,-0.9496291279792786,0,0.8835809230804443,0.2915801405906677,-0.3664228916168213,0.3479658663272858,0.1148281097412109,0.9304484128952026],"rotationconfidence":0.5},"20":{"id":20,"position":[-232.8836172819138,-1009.615421295166,2098.135232925415],"positionconfidence":0.5,"rotation":[0.3133759200572968,-0.9496291279792786,0,0.8835809230804443,0.2915801405906677,-0.3664228916168213,0.3479658663272858,0.1148281097412109,0.9304484128952026],"rotationconfidence":0.5},"21":{"id":21,"position":[250.0129342079163,-449.7924745082855,2378.34620475769],"positionconfidence":1,"rotation":[0.9912604689598083,0.09582344442605972,0.09066735953092575,-0.124772384762764,0.904173731803894,0.4085361063480377,-0.04283170774579048,-0.4162784516811371,0.9082277417182922],"rotationconfidence":1},"22":{"id":22,"position":[292.4633324146271,-757.4129104614258,2239.352941513062],"positionconfidence":1,"rotation":[0.8680862784385681,0.4630731046199799,0.1788561046123505,-0.4923155009746552,0.7569000720977783,0.4297995865345001,0.06365243345499039,-0.4611567556858063,0.8850326538085938],"rotationconfidence":1},"23":{"id":23,"position":[461.3227546215057,-1017.022252082825,2091.935873031616],"positionconfidence":0.5,"rotation":[0.06163733825087547,0.9980986714363098,0,-0.9761082530021667,0.06027932465076447,-0.2087563276290894,-0.2083593904972076,0.01286718342453241,0.9779676795005798],"rotationconfidence":0.5},"24":{"id":24,"position":[481.0453057289124,-1018.240213394165,1999.364972114563],"positionconfidence":0.5,"rotation":[0.06163733825087547,0.9980986714363098,0,-0.9761082530021667,0.06027932465076447,-0.2087563276290894,-0.2083593904972076,0.01286718342453241,0.9779676795005798],"rotationconfidence":0.5}},"skeletonTracked":true,"frameCount":1},{"position":[160.9791666269302,-402.5647938251495,2290.050745010376],"positionTracked":true,"id":4184,"skeleton":{"1":{"id":1,"position":[214.5677208900452,201.8626779317856,2526.532888412476],"positionconfidence":1,"rotation":[0.9958724975585938,-0.09076318144798279,0,0.09075907617807388,0.9958274364471436,-0.009516676887869835,0.0008637638529762626,0.009477396495640278,0.9999547600746155],"rotationconfidence":1},"2":{"id":2,"position":[196.7368870973587,6.21905829757452,2528.40256690979],"positionconfidence":1,"rotation":[0.9958728551864624,-0.09075678139925003,0.0006734244525432587,0.09075907617807388,0.9958274364471436,-0.009516676887869835,0.0001930884027387947,0.009538519196212292,0.9999544620513916],"rotationconfidence":1},"3":{"id":3,"position":[181.0969859361649,-326.9050717353821,2465.067625045776],"positionconfidence":1,"rotation":[0.9989320635795593,-0.04590659961104393,-0.00521991727873683,0.04607398062944412,0.9813587665557861,0.1865800023078919,-0.003442642511799932,-0.1866212636232376,0.9824259281158447],"rotationconfidence":1},"4":{"id":4,"position":[178.4745007753372,-374.2088675498962,2402.762174606323],"positionconfidence":1,"rotation":[0.9977165460586548,-0.0669587180018425,0.008841999806463718,0.03350479528307915,0.6043519377708435,0.7960126399993896,-0.05864366888999939,-0.7938987612724304,0.6052154302597046],"rotationconfidence":1},"6":{"id":6,"position":[31.76140785217285,-94.28665041923523,2493.976593017578],"positionconfidence":1,"rotation":[0.3177508413791657,0.9452071785926819,0.07495222985744476,0.3658324182033539,-0.04928532615303993,-0.9293748736381531,-0.874757707118988,0.3227295875549316,-0.3614478707313538],"rotationconfidence":1},"7":{"id":7,"position":[-41.76433011889458,-313.0022287368774,2476.633071899414],"positionconfidence":1,"rotation":[-0.2917739450931549,0.2447281330823898,0.9246492385864258,0.3868681192398071,0.9143050909042358,-0.1199137344956398,-0.874757707118988,0.3227295875549316,-0.3614478707313538],"rotationconfidence":1},"8":{"id":8,"position":[24.44466203451157,-368.5356378555298,2266.812801361084],"positionconfidence":1,"rotation":[-0.216696709394455,-0.08496071398258209,0.9725350141525269,0,0.9962058067321777,0.08702860027551651,-0.976239025592804,0.01885881088674069,-0.2158745229244232],"rotationconfidence":1},"9":{"id":9,"position":[35.16871482133865,-364.3310368061066,2218.683242797852],"positionconfidence":1,"rotation":[-0.216696709394455,-0.08496071398258209,0.9725350141525269,0,0.9962058067321777,0.08702860027551651,-0.976239025592804,0.01885881088674069,-0.2158745229244232],"rotationconfidence":1},"12":{"id":12,"position":[367.9534792900085,-100.5173251032829,2493.971109390259],"positionconfidence":1,"rotation":[0.2177610993385315,-0.9737265706062317,-0.06660836189985275,-0.4278567731380463,-0.03389984741806984,-0.9032106399536133,0.8772221803665161,0.225182980298996,-0.4239975810050964],"rotationconfidence":1},"13":{"id":13,"position":[420.4560816287994,-335.2845907211304,2477.911710739136],"positionconfidence":1,"rotation":[-0.322079598903656,-0.3788896501064301,-0.867587149143219,-0.3560141623020172,0.8976276516914368,-0.2598435580730438,0.8772221803665161,0.225182980298996,-0.4239975810050964],"rotationconfidence":1},"14":{"id":14,"position":[349.0033745765686,-419.3404912948608,2285.439252853394],"positionconfidence":1,"rotation":[-0.3892417252063751,0.4580686390399933,-0.7991646528244019,0,-0.8675861954689026,-0.4972868263721466,-0.9211357235908508,-0.1935647875070572,0.337700754404068],"rotationconfidence":1},"15":{"id":15,"position":[309.6397817134857,-373.0165064334869,2204.620599746704],"positionconfidence":1,"rotation":[-0.3892417252063751,0.4580686390399933,-0.7991646528244019,0,-0.8675861954689026,-0.4972868263721466,-0.9211357235908508,-0.1935647875070572,0.337700754404068],"rotationconfidence":1},"17":{"id":17,"position":[100.2635657787323,-440.9080445766449,2375.558853149414],"positionconfidence":1,"rotation":[0.9616016745567322,-0.2664243578910828,-0.06588011980056763,0.2712696492671967,0.8862419128417969,0.3754837512969971,-0.04165230318903923,-0.3789370954036713,0.9244845509529114],"rotationconfidence":1},"18":{"id":18,"position":[5.493592470884323,-750.5229115486145,2244.380950927734],"positionconfidence":1,"rotation":[0.7715199589729309,-0.6362051367759705,0,0.6259595155715942,0.7590951919555664,0.1787433475255966,-0.1137174367904663,-0.1379040628671646,0.9838957786560059],"rotationconfidence":1},"19":{"id":19,"position":[-199.5607167482376,-999.1903305053711,2185.827493667603],"positionconfidence":0.5,"rotation":[0.3179468810558319,-0.9481084942817688,0,0.8824449181556702,0.2959266901016235,-0.3656750619411469,0.3466996550559998,0.1162652522325516,0.9307425618171692],"rotationconfidence":0.5},"20":{"id":20,"position":[-232.0624887943268,-1010.089755058289,2098.573923110962],"positionconfidence":0.5,"rotation":[0.3179468810558319,-0.9481084942817688,0,0.8824449181556702,0.2959266901016235,-0.3656750619411469,0.3466996550559998,0.1162652522325516,0.9307425618171692],"rotationconfidence":0.5},"21":{"id":21,"position":[250.3290176391602,-449.5342969894409,2378.7841796875],"positionconfidence":1,"rotation":[0.9912619590759277,0.09537257254123688,0.09112564474344254,-0.1245481818914414,0.904247522354126,0.4084410667419434,-0.04344607144594193,-0.4162216186523438,0.9082247018814087],"rotationconfidence":1},"22":{"id":22,"position":[292.7321195602417,-757.3902606964111,2239.728212356567],"positionconfidence":1,"rotation":[0.8692949414253235,0.460955023765564,0.1784567832946777,-0.490156501531601,0.7572641968727112,0.4316218495368958,0.06381932646036148,-0.4626784324645996,0.8842260241508484],"rotationconfidence":1},"23":{"id":23,"position":[460.8397781848908,-1017.107129096985,2091.69602394104],"positionconfidence":0.5,"rotation":[0.06136024743318558,0.9981157183647156,0,-0.9762943983078003,0.06001875922083855,-0.2079592198133469,-0.2075673490762711,0.01276042871177197,0.9781374931335449],"rotationconfidence":0.5},"24":{"id":24,"position":[480.4810881614685,-1018.314599990845,1999.138593673706],"positionconfidence":0.5,"rotation":[0.06136024743318558,0.9981157183647156,0,-0.9762943983078003,0.06001875922083855,-0.2079592198133469,-0.2075673490762711,0.01276042871177197,0.9781374931335449],"rotationconfidence":0.5}},"skeletonTracked":true,"frameCount":2},{"position":[162.0714664459229,-402.7759730815888,2290.252447128296],"positionTracked":true,"id":4184,"skeleton":{"1":{"id":1,"position":[215.0799930095673,201.9235044717789,2526.78370475769],"positionconfidence":1,"rotation":[0.9959105849266052,-0.09034445136785507,0,0.09033931791782379,0.9958539605140686,-0.01066580787301064,0.0009635965689085424,0.01062219124287367,0.9999431371688843],"rotationconfidence":1},"2":{"id":2,"position":[197.3516494035721,6.495395675301552,2528.876781463623],"positionconfidence":1,"rotation":[0.9959108233451843,-0.0903281643986702,0.001523134764283896,0.09033931791782379,0.9958539605140686,-0.01066580787301064,-0.000553396821487695,0.01075979229062796,0.999941885471344],"rotationconfidence":1},"3":{"id":3,"position":[181.3453435897827,-326.6988098621368,2465.432405471802],"positionconfidence":1,"rotation":[0.9988788962364197,-0.04711861535906792,-0.004550648387521505,0.04713862389326096,0.981257975101471,0.1868439018726349,-0.004338466562330723,-0.1868489682674408,0.9823790788650513],"rotationconfidence":1},"4":{"id":4,"position":[178.7454336881638,-373.9925026893616,2403.107166290283],"positionconfidence":1,"rotation":[0.9976842999458313,-0.06735046207904816,0.00948833767324686,0.03321260213851929,0.6041542291641235,0.7961750030517578,-0.05935517325997353,-0.7940161228179932,0.6049920320510864],"rotationconfidence":1},"6":{"id":6,"position":[32.13837370276451,-93.92249584197998,2494.082450866699],"positionconfidence":1,"rotation":[0.3177988231182098,0.9450585842132568,0.07660408318042755,0.3597822189331055,-0.04544565454125404,-0.9319289326667786,-0.8772461414337158,0.3237266838550568,-0.3544578552246094],"rotationconfidence":1},"7":{"id":7,"position":[-41.45960509777069,-312.7855062484741,2476.341962814331],"positionconfidence":1,"rotation":[-0.2931244671344757,0.223507359623909,0.929581880569458,0.3801544010639191,0.9193723797798157,-0.1011787578463554,-0.8772461414337158,0.3237266838550568,-0.3544578552246094],"rotationconfidence":1},"8":{"id":8,"position":[25.26501566171646,-363.6630177497864,2264.739036560059],"positionconfidence":1,"rotation":[-0.226110652089119,0.003973044455051422,0.9740934371948242,0,0.9999916553497314,-0.004078675992786884,-0.9741014838218689,-0.0009222321095876396,-0.2261087596416473],"rotationconfidence":1},"9":{"id":9,"position":[35.95883399248123,-363.8509213924408,2218.669652938843],"positionconfidence":1,"rotation":[-0.226110652089119,0.003973044455051422,0.9740934371948242,0,0.9999916553497314,-0.004078675992786884,-0.9741014838218689,-0.0009222321095876396,-0.2261087596416473],"rotationconfidence":1},"12":{"id":12,"position":[368.3168292045593,-100.384496152401,2494.338035583496],"positionconfidence":1,"rotation":[0.218024343252182,-0.9737833738327026,-0.06489390134811401,-0.4285676777362824,-0.03579023852944374,-0.902800440788269,0.8768095970153809,0.2246439456939697,-0.4251352548599243],"rotationconfidence":1},"13":{"id":13,"position":[420.8370447158814,-334.9606692790985,2478.705644607544],"positionconfidence":1,"rotation":[-0.3226486742496491,-0.3806791007518768,-0.8665918111801147,-0.3565147221088409,0.8970053195953369,-0.2613020241260529,0.8768095970153809,0.2246439456939697,-0.4251352548599243],"rotationconfidence":1},"14":{"id":14,"position":[349.139392375946,-419.5536077022553,2286.135196685791],"positionconfidence":1,"rotation":[-0.3862486183643341,0.4613642692565918,-0.7987208366394043,0,-0.865920901298523,-0.5001809597015381,-0.9223946928977966,-0.1931942105293274,0.3344607651233673],"rotationconfidence":1},"15":{"id":15,"position":[309.9253475666046,-372.7134168148041,2205.044746398926],"positionconfidence":1,"rotation":[-0.3862486183643341,0.4613642692565918,-0.7987208366394043,0,-0.865920901298523,-0.5001809597015381,-0.9223946928977966,-0.1931942105293274,0.3344607651233673],"rotationconfidence":1},"17":{"id":17,"position":[100.4982367157936,-440.6819343566895,2375.791072845459],"positionconfidence":1,"rotation":[0.9614769220352173,-0.267080545425415,-0.06503801047801971,0.2715673446655273,0.8862512111663818,0.3752463757991791,-0.042580995708704,-0.3784529864788055,0.9246405363082886],"rotationconfidence":1},"18":{"id":18,"position":[5.572352558374405,-750.469446182251,2244.624376296997],"positionconfidence":1,"rotation":[0.7725915312767029,-0.6349034309387207,0,0.6247133612632751,0.7601915597915649,0.1784431636333466,-0.1132941767573357,-0.1378636807203293,0.9839501976966858],"rotationconfidence":1},"19":{"id":19,"position":[-199.0265399217606,-999.4385838508606,2186.182737350464],"positionconfidence":0.5,"rotation":[0.3213870525360107,-0.9469478726387024,0,0.8815842866897583,0.2992031574249268,-0.3650843501091003,0.3457158803939819,0.1173333898186684,0.9309744834899902],"rotationconfidence":0.5},"20":{"id":20,"position":[-231.4387261867523,-1010.439038276672,2098.900318145752],"positionconfidence":0.5,"rotation":[0.3213870525360107,-0.9469478726387024,0,0.8815842866897583,0.2992031574249268,-0.3650843501091003,0.3457158803939819,0.1173333898186684,0.9309744834899902],"rotationconfidence":0.5},"21":{"id":21,"position":[250.6238222122192,-449.3352472782135,2379.162788391113],"positionconfidence":1,"rotation":[0.9912477135658264,0.0947795957326889,0.09189609438180923,-0.1243283525109291,0.9042873978614807,0.4084199368953705,-0.04439059644937515,-0.4162705838680267,0.9081565141677856],"rotationconfidence":1},"22":{"id":22,"position":[292.9747402667999,-757.3695778846741,2240.039587020874],"positionconfidence":1,"rotation":[0.8706889152526855,0.4583283662796021,0.1784263849258423,-0.4877140522003174,0.757718563079834,0.4335867762565613,0.0635281354188919,-0.4645402431488037,0.8832703232765198],"rotationconfidence":1},"23":{"id":23,"position":[460.2343738079071,-1017.226219177246,2091.342687606812],"positionconfidence":0.5,"rotation":[0.06037354841828346,0.998175859451294,0,-0.9764634966850281,0.05906029790639877,-0.2074388712644577,-0.2070604711771011,0.01252381969243288,0.9782479405403137],"rotationconfidence":0.5},"24":{"id":24,"position":[479.8214435577393,-1018.410921096802,1998.804450035095],"positionconfidence":0.5,"rotation":[0.06037354841828346,0.998175859451294,0,-0.9764634966850281,0.05906029790639877,-0.2074388712644577,-0.2070604711771011,0.01252381969243288,0.9782479405403137],"rotationconfidence":0.5}},"skeletonTracked":true,"frameCount":3},{"position":[162.6239866018295,-399.9714851379395,2290.158987045288],"positionTracked":true,"id":4184,"skeleton":{"1":{"id":1,"position":[215.5870646238327,201.9634246826172,2526.984930038452],"positionconfidence":1,"rotation":[0.9959233999252319,-0.09020259231328964,0,0.0901966318488121,0.9958575963973999,-0.01150031108409166,0.001037357840687037,0.0114534292370081,0.9999338388442993],"rotationconfidence":1},"2":{"id":2,"position":[197.9033201932907,6.717882584780455,2529.239654541016],"positionconfidence":1,"rotation":[0.9959231019020081,-0.0901753157377243,0.002359769539907575,0.0901966318488121,0.9958575963973999,-0.01150031108409166,-0.001312950160354376,0.01166626811027527,0.9999310374259949],"rotationconfidence":1},"3":{"id":3,"position":[181.5720349550247,-326.5226781368256,2465.72470664978],"positionconfidence":1,"rotation":[0.9988294243812561,-0.04821915924549103,-0.003835117677226663,0.04808518663048744,0.9811803102493286,0.1870108842849731,-0.005254566203802824,-0.1869763880968094,0.9823503494262695],"rotationconfidence":1},"4":{"id":4,"position":[178.998589515686,-373.8067448139191,2403.385162353516],"positionconfidence":1,"rotation":[0.9976490139961243,-0.0677659809589386,0.01021592132747173,0.03287255391478539,0.6039949655532837,0.7963098883628845,-0.06013308465480804,-0.7941019535064697,0.604802668094635],"rotationconfidence":1},"6":{"id":6,"position":[32.474335283041,-93.57816725969315,2494.116067886353],"positionconfidence":1,"rotation":[0.3179625570774078,0.9448674917221069,0.0782650038599968,0.3555119037628174,-0.04229408875107765,-0.9337143898010254,-0.8789260983467102,0.3247103095054627,-0.3493595123291016],"rotationconfidence":1},"7":{"id":7,"position":[-41.21064767241478,-312.5427663326263,2475.978851318359],"positionconfidence":1,"rotation":[-0.293849378824234,0.208302840590477,0.9328784942626953,0.375687837600708,0.9225903153419495,-0.08766687661409378,-0.8789260983467102,0.3247103095054627,-0.3493595123291016],"rotationconfidence":1},"8":{"id":8,"position":[25.81067197024822,-360.0525856018066,2263.20743560791],"positionconfidence":1,"rotation":[-0.2353116720914841,0.07316557317972183,0.9691621661186218,0,0.9971624612808228,-0.07527941465377808,-0.9719200134277344,-0.01771412417292595,-0.234643965959549],"rotationconfidence":1},"9":{"id":9,"position":[36.64043918251991,-363.4198904037476,2218.603610992432],"positionconfidence":1,"rotation":[-0.2353116720914841,0.07316557317972183,0.9691621661186218,0,0.9971624612808228,-0.07527941465377808,-0.9719200134277344,-0.01771412417292595,-0.234643965959549],"rotationconfidence":1},"12":{"id":12,"position":[368.634819984436,-100.2945154905319,2494.635820388794],"positionconfidence":1,"rotation":[0.2181714028120041,-0.973842978477478,-0.06349051743745804,-0.4290241301059723,-0.0372740849852562,-0.9025235772132874,0.8765497207641602,0.2241438031196594,-0.4259342849254608],"rotationconfidence":1},"13":{"id":13,"position":[421.1469888687134,-334.6909880638123,2479.3541431427],"positionconfidence":1,"rotation":[-0.3230296671390533,-0.3820690512657166,-0.8658377528190613,-0.3568084836006165,0.8965392708778381,-0.2624974250793457,0.8765497207641602,0.2241438031196594,-0.4259342849254608],"rotationconfidence":1},"14":{"id":14,"position":[349.2586612701416,-419.7181761264801,2286.667108535767],"positionconfidence":1,"rotation":[-0.3803412020206451,0.4679794013500214,-0.797706663608551,0,-0.8625288605690002,-0.506007730960846,-0.9248462319374084,-0.1924555897712708,0.3280552625656128],"rotationconfidence":1},"15":{"id":15,"position":[310.5377554893494,-372.0752000808716,2205.456018447876],"positionconfidence":1,"rotation":[-0.3803412020206451,0.4679794013500214,-0.797706663608551,0,-0.8625288605690002,-0.506007730960846,-0.9248462319374084,-0.1924555897712708,0.3280552625656128],"rotationconfidence":1},"17":{"id":17,"position":[100.7091179490089,-440.4891729354858,2375.95272064209],"positionconfidence":1,"rotation":[0.9613507986068726,-0.2677628099918366,-0.06409093737602234,0.2718517184257507,0.886277437210083,0.3749786019325256,-0.04360297694802284,-0.3779092133045197,0.92481529712677],"rotationconfidence":1},"18":{"id":18,"position":[5.640524439513683,-750.4270672798157,2244.81987953186],"positionconfidence":1,"rotation":[0.7735490798950195,-0.6337363719940186,0,0.6236094236373901,0.7611880302429199,0.1780565679073334,-0.1128409206867218,-0.1377355009317398,0.9840202927589417],"rotationconfidence":1},"19":{"id":19,"position":[-198.5450983047485,-999.6594190597534,2186.519622802734],"positionconfidence":0.5,"rotation":[0.3246308863162994,-0.9458407759666443,0,0.8807322382926941,0.3022843599319458,-0.3646023869514465,0.3448558151721954,0.118361197412014,0.9311633110046387],"rotationconfidence":0.5},"20":{"id":20,"position":[-230.8815717697144,-1010.757923126221,2099.206209182739],"positionconfidence":0.5,"rotation":[0.3246308863162994,-0.9458407759666443,0,0.8807322382926941,0.3022843599319458,-0.3646023869514465,0.3448558151721954,0.118361197412014,0.9311633110046387],"rotationconfidence":0.5},"21":{"id":21,"position":[250.8983612060547,-449.1711258888245,2379.486083984375],"positionconfidence":1,"rotation":[0.9912298917770386,0.09412490576505661,0.09275557845830917,-0.1240925043821335,0.9043020009994507,0.4084591269493103,-0.04543287679553032,-0.4163872301578522,0.9080514311790466],"rotationconfidence":1},"22":{"id":22,"position":[293.1879162788391,-757.3487162590027,2240.287065505981],"positionconfidence":1,"rotation":[0.8718530535697937,0.4560148417949677,0.1786694377660751,-0.4856981337070465,0.7580942511558533,0.4351901113986969,0.06300487369298935,-0.4662012457847595,0.8824323415756226],"rotationconfidence":1},"23":{"id":23,"position":[459.7452282905579,-1017.317056655884,2091.050148010254],"positionconfidence":0.5,"rotation":[0.05936139449477196,0.9982365369796753,0,-0.9765563011169434,0.05807214975357056,-0.2072811722755432,-0.2069156467914581,0.01230449881404638,0.9782814383506775],"rotationconfidence":0.5},"24":{"id":24,"position":[479.3126583099365,-1018.480658531189,1998.536825180054],"positionconfidence":0.5,"rotation":[0.05936139449477196,0.9982365369796753,0,-0.9765563011169434,0.05807214975357056,-0.2072811722755432,-0.2069156467914581,0.01230449881404638,0.9782814383506775],"rotationconfidence":0.5}},"skeletonTracked":true,"frameCount":4},{"position":[164.2455458641052,-392.204761505127,2289.831161499023],"positionTracked":true,"id":4184,"skeleton":{"1":{"id":1,"position":[215.8700525760651,202.0004242658615,2527.113199234009],"positionconfidence":1,"rotation":[0.9959309101104736,-0.09012003988027573,0,0.090113565325737,0.9958593845367432,-0.01198809593915939,0.001080367714166641,0.01193931512534618,0.9999281764030457],"rotationconfidence":1},"2":{"id":2,"position":[198.2153505086899,6.895497441291809,2529.461860656738],"positionconfidence":1,"rotation":[0.9959314465522766,-0.0901125818490982,0.0006234722677618265,0.090113565325737,0.9958593845367432,-0.01198809593915939,0.0004593874036800116,0.01199550274759531,0.9999279379844666],"rotationconfidence":1},"3":{"id":3,"position":[181.918203830719,-326.3234496116638,2466.00604057312],"positionconfidence":1,"rotation":[0.9988420009613037,-0.04777377471327782,-0.005659822374582291,0.04798946157097817,0.9812145233154297,0.1868554502725601,-0.003373291343450546,-0.1869107186794281,0.9823710322380066],"rotationconfidence":1},"4":{"id":4,"position":[179.2411506175995,-373.6228346824646,2403.632879257202],"positionconfidence":1,"rotation":[0.9976064562797546,-0.0685378909111023,0.00915705319494009,0.03417877107858658,0.6038859486579895,0.7963375449180603,-0.06010911613702774,-0.7941185832023621,0.6047831177711487],"rotationconfidence":1},"6":{"id":6,"position":[32.63412043452263,-93.2869166135788,2494.284391403198],"positionconfidence":1,"rotation":[0.3177402913570404,0.9449312090873718,0.0783965066075325,0.3615471720695496,-0.04430735856294632,-0.9313004016876221,-0.8765413761138916,0.3242557346820831,-0.3557154834270477],"rotationconfidence":1},"7":{"id":7,"position":[-40.96474498510361,-312.1633529663086,2476.125240325928],"positionconfidence":1,"rotation":[-0.1910936385393143,0.4438548684120178,0.8754861354827881,0.4417674541473389,0.8353747725486755,-0.3270939588546753,-0.8765413761138916,0.3242557346820831,-0.3557154834270477],"rotationconfidence":1},"8":{"id":8,"position":[0.5621113814413548,-408.618152141571,2285.871982574463],"positionconfidence":1,"rotation":[-0.4139655232429504,-0.5144569277763367,0.7509772181510925,0,0.8249844312667847,0.5651555061340332,-0.9102926850318909,0.2339548915624619,-0.3415151238441467],"rotationconfidence":1},"9":{"id":9,"position":[37.25934773683548,-363.0125522613525,2219.29931640625],"positionconfidence":1,"rotation":[-0.4139655232429504,-0.5144569277763367,0.7509772181510925,0,0.8249844312667847,0.5651555061340332,-0.9102926850318909,0.2339548915624619,-0.3415151238441467],"rotationconfidence":1},"12":{"id":12,"position":[368.6006963253021,-99.75380450487137,2494.207620620728],"positionconfidence":1,"rotation":[0.2317474186420441,-0.944479763507843,-0.2329187393188477,-0.440136730670929,0.1117219999432564,-0.8909533023834229,0.8675094842910767,0.3089922070503235,-0.3898089528083801],"rotationconfidence":1},"13":{"id":13,"position":[421.8043088912964,-316.5835440158844,2440.735101699829],"positionconfidence":1,"rotation":[-0.3722786009311676,-0.1164319217205048,-0.9207889437675476,-0.3299028277397156,0.9439106583595276,0.01402539014816284,0.8675094842910767,0.3089922070503235,-0.3898089528083801],"rotationconfidence":1},"14":{"id":14,"position":[337.7842009067535,-342.8612351417542,2232.92088508606],"positionconfidence":1,"rotation":[-0.4370233714580536,0.1384815275669098,-0.888725757598877,0,-0.9880767464637756,-0.1539624333381653,-0.8994501829147339,-0.06728518009185791,0.4318126440048218],"rotationconfidence":1},"15":{"id":15,"position":[309.9361062049866,-334.0368866920471,2176.289319992065],"positionconfidence":1,"rotation":[-0.4370233714580536,0.1384815275669098,-0.888725757598877,0,-0.9880767464637756,-0.1539624333381653,-0.8994501829147339,-0.06728518009185791,0.4318126440048218],"rotationconfidence":1},"17":{"id":17,"position":[100.9837687015533,-440.2900040149689,2376.206398010254],"positionconfidence":1,"rotation":[0.9613880515098572,-0.2677302658557892,-0.0636669397354126,0.2717226445674896,0.8868580460548401,0.3736971914768219,-0.04358651489019394,-0.3765677809715271,0.9253631234169006],"rotationconfidence":1},"18":{"id":18,"position":[5.976865533739328,-750.3769397735596,2245.54443359375],"positionconfidence":1,"rotation":[0.7789748311042786,-0.6270552277565002,0,0.6173920631408691,0.7669705152511597,0.1748804152011871,-0.1096596792340279,-0.1362274438142777,0.9845896363258362],"rotationconfidence":1},"19":{"id":19,"position":[-195.9961652755737,-1001.282930374146,2188.334226608276],"positionconfidence":0.5,"rotation":[0.3340619504451752,-0.9425510764122009,0,0.8770294189453125,0.3108395636081696,-0.3663307428359985,0.3452854752540588,0.1223771721124649,0.9304847717285156],"rotationconfidence":0.5},"20":{"id":20,"position":[-228.3924669027329,-1012.764930725098,2101.03178024292],"positionconfidence":0.5,"rotation":[0.3340619504451752,-0.9425510764122009,0,0.8770294189453125,0.3108395636081696,-0.3663307428359985,0.3452854752540588,0.1223771721124649,0.9304847717285156],"rotationconfidence":0.5},"21":{"id":21,"position":[251.1630356311798,-448.9560425281525,2379.753589630127],"positionconfidence":1,"rotation":[0.9912734627723694,0.09376273304224014,0.09265691041946411,-0.1237269341945648,0.9042969346046448,0.4085811972618103,-0.0454796738922596,-0.4164799153804779,0.9080066084861755],"rotationconfidence":1},"22":{"id":22,"position":[293.3517992496491,-757.3058009147644,2240.434408187866],"positionconfidence":1,"rotation":[0.872447669506073,0.4552710354328156,0.1776605248451233,-0.4845850467681885,0.758782148361206,0.4352321624755859,0.06334296613931656,-0.4658089280128479,0.8826152682304382],"rotationconfidence":1},"23":{"id":23,"position":[459.4808220863342,-1017.437100410461,2091.224908828735],"positionconfidence":0.5,"rotation":[0.06356018781661987,0.9979779720306396,0,-0.9764655828475952,0.06219008564949036,-0.2065121531486511,-0.2060945928096771,0.01312595140188932,0.9784440398216248],"rotationconfidence":0.5},"24":{"id":24,"position":[478.9600372314453,-1018.677711486816,1998.746395111084],"positionconfidence":0.5,"rotation":[0.06356018781661987,0.9979779720306396,0,-0.9764655828475952,0.06219008564949036,-0.2065121531486511,-0.2060945928096771,0.01312595140188932,0.9784440398216248],"rotationconfidence":0.5}},"skeletonTracked":true,"frameCount":5},{"position":[168.0954992771149,-401.9500613212585,2272.831678390503],"positionTracked":true,"id":4184,"skeleton":{"1":{"id":1,"position":[211.6353809833527,200.9815275669098,2527.326822280884],"positionconfidence":1,"rotation":[0.9975558519363403,-0.06987394392490387,0,0.06987104564905167,0.9975144267082214,-0.009107896126806736,0.000636404613032937,0.009085634723305702,0.9999585151672363],"rotationconfidence":1},"2":{"id":2,"position":[198.0914622545242,7.621687836945057,2529.092311859131],"positionconfidence":1,"rotation":[0.9400806427001953,-0.06889695674180984,-0.333918422460556,0.06987104564905167,0.9975144267082214,-0.009107896126806736,0.3337159752845764,-0.01476907264441252,0.9425579309463501],"rotationconfidence":1},"3":{"id":3,"position":[189.49194252491,-325.3912925720215,2466.340303421021],"positionconfidence":1,"rotation":[0.9408799409866333,0.03910770267248154,-0.3364751040935516,0.0253685936331749,0.9823886752128601,0.1851184964179993,0.3377889096736908,-0.1827101856470108,0.9233177304267883],"rotationconfidence":1},"4":{"id":4,"position":[179.4432401657105,-373.7735450267792,2404.902219772339],"positionconfidence":1,"rotation":[0.9836453795433044,0.02261303551495075,-0.1786909550428391,0.1274496167898178,0.6136413812637329,0.7792309522628784,0.1272729337215424,-0.789260983467102,0.6007234454154968],"rotationconfidence":1},"6":{"id":6,"position":[31.40610828995705,-89.65646475553513,2526.364803314209],"positionconfidence":1,"rotation":[0.2832308411598206,0.9570645689964294,-0.06170648708939552,0.2664960622787476,-0.1403467804193497,-0.9535631537437439,-0.9212818145751953,0.2536339461803436,-0.2948044836521149],"rotationconfidence":1},"7":{"id":7,"position":[-32.0652537047863,-304.1323721408844,2540.1930809021],"positionconfidence":1,"rotation":[-0.1998708248138428,0.3414735794067383,0.9183939099311829,0.3336037993431091,0.9050224423408508,-0.2638993859291077,-0.9212818145751953,0.2536339461803436,-0.2948044836521149],"rotationconfidence":1},"8":{"id":8,"position":[20.8204984664917,-394.4861590862274,2297.186374664307],"positionconfidence":1,"rotation":[-0.2962239384651184,-0.6197481155395508,0.7267487049102783,0,0.7608989477157593,0.6488703489303589,-0.9551184773445129,0.192210927605629,-0.2253964841365814],"rotationconfidence":1},"9":{"id":9,"position":[38.30469772219658,-357.9064011573792,2254.29105758667],"positionconfidence":1,"rotation":[-0.2962239384651184,-0.6197481155395508,0.7267487049102783,0,0.7608989477157593,0.6488703489303589,-0.9551184773445129,0.192210927605629,-0.2253964841365814],"rotationconfidence":1},"12":{"id":12,"position":[328.3503651618958,-70.44468820095062,2421.531677246094],"positionconfidence":1,"rotation":[0.2624903917312622,-0.462272971868515,-0.8469961881637573,-0.8203301429748535,0.3552911281585693,-0.4481369256973267,0.5080918073654175,0.8124480843544006,-0.285955935716629],"rotationconfidence":1},"13":{"id":13,"position":[389.8403644561768,-178.7349879741669,2223.117589950562],"positionconfidence":1,"rotation":[-0.3061943650245667,-0.1399342119693756,-0.941628098487854,-0.8050389885902405,0.5659916400909424,0.1776676028966904,0.5080918073654175,0.8124480843544006,-0.285955935716629],"rotationconfidence":1},"14":{"id":14,"position":[321.5002417564392,-209.9671810865402,2012.953758239746],"positionconfidence":1,"rotation":[-0.4601839184761047,0.407774031162262,-0.788638710975647,0,-0.8882831335067749,-0.4592962563037872,-0.8878235220909119,-0.2113607525825501,0.4087736010551453],"rotationconfidence":1},"15":{"id":15,"position":[262.4126672744751,-157.6090306043625,1911.692619323731],"positionconfidence":1,"rotation":[-0.4601839184761047,0.407774031162262,-0.788638710975647,0,-0.8882831335067749,-0.4592962563037872,-0.8878235220909119,-0.2113607525825501,0.4087736010551453],"rotationconfidence":1},"17":{"id":17,"position":[106.054037809372,-449.0567445755005,2409.520864486694],"positionconfidence":1,"rotation":[0.946512758731842,-0.1580487340688705,-0.2813077569007874,0.2667226195335388,0.8738659024238586,0.4064692854881287,0.1815833151340485,-0.4597595632076263,0.8692805171012878],"rotationconfidence":1},"18":{"id":18,"position":[13.99112492799759,-750.6833672523499,2269.222497940064],"positionconfidence":1,"rotation":[0.7753512859344482,-0.6315302848815918,0,0.6152721643447876,0.7553905844688416,0.2254445403814316,-0.1423750519752502,-0.1747987121343613,0.9742560386657715],"rotationconfidence":1},"19":{"id":19,"position":[-192.2075152397156,-1003.840446472168,2193.668365478516],"positionconfidence":0.5,"rotation":[0.2538004219532013,-0.9672566056251526,0,0.8676479458808899,0.2276639044284821,-0.4419910907745361,0.4275188148021698,0.1121775358915329,0.8970193862915039],"rotationconfidence":0.5},"20":{"id":20,"position":[-231.1070859432221,-1014.047384262085,2112.049341201782],"positionconfidence":0.5,"rotation":[0.2538004219532013,-0.9672566056251526,0,0.8676479458808899,0.2276639044284821,-0.4419910907745361,0.4275188148021698,0.1121775358915329,0.8970193862915039],"rotationconfidence":0.5},"21":{"id":21,"position":[251.0400712490082,-448.5068917274475,2379.525661468506],"positionconfidence":1,"rotation":[0.97358238697052,0.192800834774971,-0.1223319545388222,-0.1283223330974579,0.9051395058631897,0.4052848517894745,0.1888667494058609,-0.3788802921772003,0.9059685468673706],"rotationconfidence":1},"22":{"id":22,"position":[294.7979271411896,-757.1590542793274,2241.323709487915],"positionconfidence":1,"rotation":[0.813625156879425,0.5679194927215576,-0.1244246736168861,-0.4672991335391998,0.7661364078521729,0.4412103295326233,0.3458982110023499,-0.3008362948894501,0.8887361288070679],"rotationconfidence":1},"23":{"id":23,"position":[454.8629522323608,-1019.585490226746,2090.194940567017],"positionconfidence":0.5,"rotation":[0.8382278680801392,-0.5453200936317444,0,0.5403974056243896,0.8306610584259033,-0.1340623795986176,0.07310691475868225,0.1123748198151588,0.9909728765487671],"rotationconfidence":0.5},"24":{"id":24,"position":[447.9974806308746,-1030.138611793518,1997.132658958435],"positionconfidence":0.5,"rotation":[0.8382278680801392,-0.5453200936317444,0,0.5403974056243896,0.8306610584259033,-0.1340623795986176,0.07310691475868225,0.1123748198151588,0.9909728765487671],"rotationconfidence":0.5}},"skeletonTracked":true,"frameCount":6},{"position":[166.9789552688599,-417.3083603382111,2261.514663696289],"positionTracked":true,"id":4184,"skeleton":{"1":{"id":1,"position":[201.4720439910889,198.2427537441254,2526.115417480469],"positionconfidence":1,"rotation":[0.9997203350067139,-0.02364964783191681,0,0.02363566681742668,0.9991293549537659,0.0343758836388588,-0.0008129775524139404,-0.03436626866459847,0.9994089007377625],"rotationconfidence":1},"2":{"id":2,"position":[197.0843374729157,12.76516262441874,2519.733905792236],"positionconfidence":1,"rotation":[0.7787399888038635,0.003162039211019874,-0.6273387670516968,0.02363566681742668,0.9991293549537659,0.0343758836388588,0.626901388168335,-0.04159745201468468,0.7779873609542847],"rotationconfidence":1},"3":{"id":3,"position":[202.5292217731476,-327.4684250354767,2465.08526802063],"positionconfidence":1,"rotation":[0.7769757509231567,0.1119387000799179,-0.6194987893104553,-0.01579887233674526,0.9872215986251831,0.1585684567689896,0.6293324828147888,-0.1134164482355118,0.7688156962394714],"rotationconfidence":1},"4":{"id":4,"position":[180.5980205535889,-381.4339637756348,2410.955667495728],"positionconfidence":1,"rotation":[0.8561751246452332,0.1484590023756027,-0.4948977828025818,0.2757982611656189,0.6786496043205261,0.6807128190994263,0.436920166015625,-0.7193014025688171,0.540098249912262],"rotationconfidence":1},"6":{"id":6,"position":[38.46434503793716,-89.40529078245163,2545.264482498169],"positionconfidence":1,"rotation":[0.2124631851911545,0.9623950719833374,-0.1692782342433929,0.1644960790872574,-0.2059862911701202,-0.9646297693252563,-0.963223934173584,0.1771026998758316,-0.202074721455574],"rotationconfidence":1},"7":{"id":7,"position":[-11.12006790935993,-314.0079379081726,2584.770441055298],"positionconfidence":1,"rotation":[-0.1507579237222672,0.2663198411464691,0.9520220756530762,0.222422182559967,0.9474748373031616,-0.2298260033130646,-0.963223934173584,0.1771026998758316,-0.202074721455574],"rota