{"motiondata":[{"position":[123.9101439714432,-439.7995173931122,2448.850870132446],"positionTracked":true,"id":4156,"skeleton":{"1":{"id":1,"position":[174.1534322500229,177.0914793014526,2724.578142166138],"positionconfidence":1,"rotation":[0.9999985098838806,-0.001681568799540401,0,0.001659117406234145,0.9866470694541931,0.1628643423318863,-0.0002738675975706428,-0.1628641039133072,0.9866483807563782],"rotationconfidence":1},"2":{"id":2,"position":[173.838883638382,-9.96488705277443,2693.701028823853],"positionconfidence":1,"rotation":[0.9991254806518555,0.005168963689357042,-0.04149225726723671,0.001659117406234145,0.9866470694541931,0.1628643423318863,0.04178005456924439,-0.1627907454967499,0.9857756495475769],"rotationconfidence":1},"3":{"id":3,"position":[151.6980230808258,-355.4514646530151,2618.176937103272],"positionconfidence":1,"rotation":[0.9972363114356995,-0.05239402875304222,-0.05267506837844849,0.0624852292239666,0.9750211834907532,0.213141679763794,0.04019195213913918,-0.2158440202474594,0.9756003022193909],"rotationconfidence":1},"4":{"id":4,"position":[145.2601850032806,-402.6640355587006,2551.564693450928],"positionconfidence":1,"rotation":[0.9956662654876709,-0.004725953098386526,-0.09287802129983902,0.0786057636141777,0.5764637589454651,0.8133330345153809,0.04969704151153565,-0.8171090483665466,0.5743370056152344],"rotationconfidence":1},"6":{"id":6,"position":[-13.54715600609779,-121.8138709664345,2662.790060043335],"positionconfidence":1,"rotation":[0.5097956657409668,0.8586882948875427,-0.0525612086057663,0.2123237550258637,-0.1847908943891525,-0.9595679640769958,-0.8336827158927917,0.4780236482620239,-0.2765255570411682],"rotationconfidence":1},"7":{"id":7,"position":[-127.1990686655045,-313.2465779781342,2674.507856369019],"positionconfidence":1,"rotation":[-0.1887202113866806,0.2239775210618973,0.9561478495597839,0.5189967751502991,0.8493099212646484,-0.09651346504688263,-0.8336827158927917,0.4780236482620239,-0.2765255570411682],"rotationconfidence":1},"8":{"id":8,"position":[-78.8043886423111,-370.6825077533722,2429.316997528076],"positionconfidence":1,"rotation":[0.5688073635101318,-0.2366402000188828,0.7876926064491272,0,0.9577149748802185,0.287718653678894,-0.8224707841873169,-0.1636564880609512,0.5447553396224976],"rotationconfidence":1},"9":{"id":9,"position":[-91.53282642364502,-365.3871119022369,2411.690473556519],"positionconfidence":1,"rotation":[0.5688073635101318,-0.2366402000188828,0.7876926064491272,0,0.9577149748802185,0.287718653678894,-0.8224707841873169,-0.1636564880609512,0.5447553396224976],"rotationconfidence":1},"12":{"id":12,"position":[341.1912620067596,-129.3115764856339,2646.517038345337],"positionconfidence":1,"rotation":[0.3524620831012726,-0.9195959568023682,-0.1735328137874603,-0.3465143740177155,0.04400748014450073,-0.93701171875,0.8693090081214905,0.3903927803039551,-0.3031422793865204],"rotationconfidence":1},"13":{"id":13,"position":[419.0085232257843,-332.3417603969574,2608.204126358032],"positionconfidence":1,"rotation":[-0.1470636427402496,-0.3812439441680908,-0.912702202796936,-0.4718835055828095,0.8380014300346375,-0.2740062177181244,0.8693090081214905,0.3903927803039551,-0.3031422793865204],"rotationconfidence":1},"14":{"id":14,"position":[387.1691524982452,-414.8813188076019,2410.603523254395],"positionconfidence":1,"rotation":[-0.2140569388866425,0.6041585206985474,-0.7675755023956299,0,-0.7857891917228699,-0.6184945106506348,-0.97682124376297,-0.1323930472135544,0.1682036221027374],"rotationconfidence":1},"15":{"id":15,"position":[376.6066133975983,-385.0694000720978,2372.727870941162],"positionconfidence":1,"rotation":[-0.2140569388866425,0.6041585206985474,-0.7675755023956299,0,-0.7857891917228699,-0.6184945106506348,-0.97682124376297,-0.1323930472135544,0.1682036221027374],"rotationconfidence":1},"17":{"id":17,"position":[61.32442876696587,-476.5062928199768,2530.768871307373],"positionconfidence":1,"rotation":[0.8803406953811646,-0.4227211475372315,-0.2151913493871689,0.4650735855102539,0.8584499359130859,0.2162645757198334,0.0933113768696785,-0.29046630859375,0.9523247480392456],"rotationconfidence":1},"18":{"id":18,"position":[-89.95123952627182,-755.7364702224731,2460.423946380615],"positionconfidence":1,"rotation":[0.8660816550254822,-0.4999024868011475,0,0.4700471460819244,0.8143572807312012,0.3404083847999573,-0.1701709926128388,-0.2948214709758759,0.940277636051178],"rotationconfidence":1},"19":{"id":19,"position":[-253.8884282112122,-1039.75784778595,2341.700553894043],"positionconfidence":0.5,"rotation":[0.2129776477813721,-0.977057158946991,0,0.9433733224868774,0.2056352943181992,-0.2603097259998322,0.2543374300003052,0.05544014275074005,0.965525209903717],"rotationconfidence":0.5},"20":{"id":20,"position":[-278.6344289779663,-1045.151948928833,2247.758865356445],"positionconfidence":0.5,"rotation":[0.2129776477813721,-0.977057158946991,0,0.9433733224868774,0.2056352943181992,-0.2603097259998322,0.2543374300003052,0.05544014275074005,0.965525209903717],"rotationconfidence":0.5},"21":{"id":21,"position":[218.3353900909424,-478.1152307987213,2514.893770217896],"positionconfidence":1,"rotation":[0.9670945405960083,0.2544174194335938,0.0001286939077544957,-0.2376337647438049,0.903115451335907,0.3576489388942719,0.09087588638067245,-0.345910906791687,0.9338561296463013],"rotationconfidence":1},"22":{"id":22,"position":[303.6884069442749,-802.4951815605164,2386.433839797974],"positionconfidence":1,"rotation":[0.8327063918113708,0.5182152986526489,0.1950717866420746,-0.5351061224937439,0.6625652313232422,0.524088442325592,0.1423428654670715,-0.5407959222793579,0.8290224671363831],"rotationconfidence":1},"23":{"id":23,"position":[475.0305414199829,-1014.649987220764,2218.619585037231],"positionconfidence":0.5,"rotation":[-0.2737487256526947,0.961801290512085,0,-0.9418503642082214,-0.2680702805519104,-0.2026237696409226,-0.194883793592453,-0.05546799302101135,0.9792566895484924],"rotationconfidence":0.5},"24":{"id":24,"position":[493.868499994278,-1009.288311004639,2123.962163925171],"positionconfidence":0.5,"rotation":[-0.2737487256526947,0.961801290512085,0,-0.9418503642082214,-0.2680702805519104,-0.2026237696409226,-0.194883793592453,-0.05546799302101135,0.9792566895484924],"rotationconfidence":0.5}},"skeletonTracked":true,"frameCount":1},{"position":[124.1090893745422,-441.8195188045502,2447.098731994629],"positionTracked":true,"id":4156,"skeleton":{"1":{"id":1,"position":[174.9408841133118,177.1785616874695,2726.209878921509],"positionconfidence":1,"rotation":[0.9999870657920837,-0.005075735971331596,0,0.005003585480153561,0.985772430896759,0.1680112332105637,-0.0008527806494385004,-0.1680090576410294,0.9857850670814514],"rotationconfidence":1},"2":{"id":2,"position":[173.990786075592,-10.00331714749336,2694.307327270508],"positionconfidence":1,"rotation":[0.9992030262947083,0.001725042471662164,-0.03987886384129524,0.005003585480153561,0.985772430896759,0.1680112332105637,0.03960130736231804,-0.1680768579244614,0.9849780797958374],"rotationconfidence":1},"3":{"id":3,"position":[151.8660336732864,-355.7079136371613,2618.699073791504],"positionconfidence":1,"rotation":[0.9973214268684387,-0.05274441838264465,-0.05067570880055428,0.06239935383200645,0.9750049114227295,0.2132410854101181,0.03816178441047669,-0.2158320397138596,0.9756844639778137],"rotationconfidence":1},"4":{"id":4,"position":[145.5240547657013,-402.9863774776459,2552.082300186157],"positionconfidence":1,"rotation":[0.995867908000946,-0.005896807182580233,-0.09062253683805466,0.0774030014872551,0.5770272612571716,0.813048779964447,0.04749728366732597,-0.8167036175727844,0.5750993490219116],"rotationconfidence":1},"6":{"id":6,"position":[-13.04731797426939,-122.0629587769508,2663.081169128418],"positionconfidence":1,"rotation":[0.4866719543933868,0.8728933334350586,-0.0347500741481781,0.2067355811595917,-0.1537295132875443,-0.966244101524353,-0.8487702012062073,0.4630598425865173,-0.2552739679813385],"rotationconfidence":1},"7":{"id":7,"position":[-119.2686334252358,-312.5811815261841,2670.665740966797],"positionconfidence":1,"rotation":[-0.1676743477582932,0.2221529334783554,0.9604859948158264,0.5014723539352417,0.8580347895622253,-0.1109135299921036,-0.8487702012062073,0.4630598425865173,-0.2552739679813385],"rotationconfidence":1},"8":{"id":8,"position":[-76.44934207201004,-369.3127632141113,2425.384759902954],"positionconfidence":1,"rotation":[0.7330607771873474,-0.1951547414064407,0.6515645980834961,0,0.9579534530639648,0.2869234681129456,-0.6801630258560181,-0.2103323340415955,0.7022380828857422],"rotationconfidence":1},"9":{"id":9,"position":[-91.54478460550308,-365.2940690517426,2411.967515945435],"positionconfidence":1,"rotation":[0.7330607771873474,-0.1951547414064407,0.6515645980834961,0,0.9579534530639648,0.2869234681129456,-0.6801630258560181,-0.2103323340415955,0.7022380828857422],"rotationconfidence":1},"12":{"id":12,"position":[341.4453268051148,-129.7207474708557,2647.52197265625],"positionconfidence":1,"rotation":[0.3491006195545197,-0.9208325743675232,-0.173770397901535,-0.3296358585357666,0.05291309580206871,-0.9426242113113403,0.877193808555603,0.3863516449928284,-0.2850674390792847],"rotationconfidence":1},"13":{"id":13,"position":[418.3034598827362,-332.4516117572784,2609.264612197876],"positionconfidence":1,"rotation":[-0.1474490314722061,-0.3482659459114075,-0.9257265329360962,-0.4569352567195892,0.8540744781494141,-0.2485295534133911,0.877193808555603,0.3863516449928284,-0.2850674390792847],"rotationconfidence":1},"14":{"id":14,"position":[386.283814907074,-408.080130815506,2408.236265182495],"positionconfidence":1,"rotation":[-0.2080624550580978,0.3349974751472473,-0.9189594984054565,0,-0.9395204186439514,-0.3424927592277527,-0.978115439414978,-0.07125988602638245,0.1954789310693741],"rotationconfidence":1},"15":{"id":15,"position":[374.1717636585236,-388.5787427425385,2354.740381240845],"positionconfidence":1,"rotation":[-0.2080624550580978,0.3349974751472473,-0.9189594984054565,0,-0.9395204186439514,-0.3424927592277527,-0.978115439414978,-0.07125988602638245,0.1954789310693741],"rotationconfidence":1},"17":{"id":17,"position":[61.61139160394669,-476.6920804977417,2531.159400939941],"positionconfidence":1,"rotation":[0.8801519870758057,-0.4242754876613617,-0.2128909677267075,0.4659740924835205,0.857781708240509,0.2169761806726456,0.09055629372596741,-0.2901737093925476,0.9526796936988831],"rotationconfidence":1},"18":{"id":18,"position":[-89.95726704597473,-755.7050585746765,2460.582971572876],"positionconfidence":1,"rotation":[0.8662798404693604,-0.4995589852333069,0,0.4697308540344238,0.8145551681518555,0.3403715193271637,-0.170035645365715,-0.294856995344162,0.9402909874916077],"rotationconfidence":1},"19":{"id":19,"position":[-253.7873983383179,-1039.801120758057,2341.870069503784],"positionconfidence":0.5,"rotation":[0.2143512070178986,-0.9767565727233887,0,0.9432076811790466,0.2069888412952423,-0.259835809469223,0.2537963688373566,0.05569612607359886,0.9656527638435364],"rotationconfidence":0.5},"20":{"id":20,"position":[-278.4786224365234,-1045.219659805298,2247.924089431763],"positionconfidence":0.5,"rotation":[0.2143512070178986,-0.9767565727233887,0,0.9432076811790466,0.2069888412952423,-0.259835809469223,0.2537963688373566,0.05569612607359886,0.9656527638435364],"rotationconfidence":0.5},"21":{"id":21,"position":[218.7156677246094,-478.4475266933441,2515.69128036499],"positionconfidence":1,"rotation":[0.9670308828353882,0.2546112835407257,0.004946158267557621,-0.2390334904193878,0.9008241295814514,0.3624622821807861,0.08783135563135147,-0.3516944944858551,0.9319853782653809],"rotationconfidence":1},"22":{"id":22,"position":[305.0954341888428,-803.979218006134,2384.707927703857],"positionconfidence":1,"rotation":[0.8328859806060791,0.5179738402366638,0.1949464678764343,-0.5359024405479431,0.666815996170044,0.5178465843200684,0.1382375657558441,-0.5357794761657715,0.8329651355743408],"rotationconfidence":1},"23":{"id":23,"position":[475.5042791366577,-1016.016602516174,2220.040559768677],"positionconfidence":0.5,"rotation":[-0.2462545782327652,0.9692052602767944,0,-0.9487926959991455,-0.2410681843757629,-0.2041533589363098,-0.1978664845228195,-0.05027369409799576,0.97893887758255],"rotationconfidence":0.5},"24":{"id":24,"position":[494.6107864379883,-1011.162042617798,2125.511646270752],"positionconfidence":0.5,"rotation":[-0.2462545782327652,0.9692052602767944,0,-0.9487926959991455,-0.2410681843757629,-0.2041533589363098,-0.1978664845228195,-0.05027369409799576,0.97893887758255],"rotationconfidence":0.5}},"skeletonTracked":true,"frameCount":2},{"position":[119.1121861338615,-443.8472390174866,2445.058822631836],"positionTracked":true,"id":4156,"skeleton":{"1":{"id":1,"position":[175.6441444158554,177.0548671483994,2727.173089981079],"positionconfidence":1,"rotation":[0.9999664425849915,-0.008183973841369152,0,0.00806383229792118,0.9852868914604187,0.1707185655832291,-0.001397156273014844,-0.1707128435373306,0.9853197932243347],"rotationconfidence":1},"2":{"id":2,"position":[174.1127669811249,-10.05791313946247,2694.75245475769],"positionconfidence":1,"rotation":[0.9992831945419312,-0.001625033910386264,-0.03782205656170845,0.00806383229792118,0.9852868914604187,0.1707185655832291,0.03698815032839775,-0.1709011644124985,0.9845936298370361],"rotationconfidence":1},"3":{"id":3,"position":[152.000829577446,-355.9249639511108,2619.157314300537],"positionconfidence":1,"rotation":[0.9974188804626465,-0.05323637276887894,-0.04817979782819748,0.06233599409461021,0.9750373363494873,0.2131110429763794,0.03563184663653374,-0.2155643403530121,0.9758393168449402],"rotationconfidence":1},"4":{"id":4,"position":[145.7608044147492,-403.2566547393799,2552.536725997925],"positionconfidence":1,"rotation":[0.9960857033729553,-0.007334261201322079,-0.08808774501085281,0.07613451033830643,0.5774936676025391,0.8128373622894287,0.0449085533618927,-0.816362202167511,0.575791597366333],"rotationconfidence":1},"6":{"id":6,"position":[-12.6103051006794,-122.2820058465004,2663.266897201538],"positionconfidence":1,"rotation":[0.4731891751289368,0.8806513547897339,-0.02334903739392757,0.2021923065185547,-0.1343616396188736,-0.9700851440429688,-0.8574440479278564,0.454312801361084,-0.2416394054889679],"rotationconfidence":1},"7":{"id":7,"position":[-114.6427094936371,-312.1742904186249,2668.301582336426],"positionconfidence":1,"rotation":[-0.1526377946138382,0.2238991558551788,0.9625856280326843,0.4914178252220154,0.8622466325759888,-0.122635692358017,-0.8574440479278564,0.454312801361084,-0.2416394054889679],"rotationconfidence":1},"8":{"id":8,"position":[-75.90203732252121,-369.0016567707062,2423.989772796631],"positionconfidence":1,"rotation":[0.77186518907547,-0.1937101781368256,0.6055580377578735,0,0.9524553418159485,0.3046781420707703,-0.635786235332489,-0.23517045378685,0.7351671457290649],"rotationconfidence":1},"9":{"id":9,"position":[-91.36004000902176,-365.1222586631775,2411.862373352051],"positionconfidence":1,"rotation":[0.77186518907547,-0.1937101781368256,0.6055580377578735,0,0.9524553418159485,0.3046781420707703,-0.635786235332489,-0.23517045378685,0.7351671457290649],"rotationconfidence":1},"12":{"id":12,"position":[341.7676389217377,-130.1659047603607,2648.585557937622],"positionconfidence":1,"rotation":[0.3430078625679016,-0.9230129718780518,-0.174334704875946,-0.3101352751255035,0.06390483677387238,-0.9485422372817993,0.8866576552391052,0.3794248104095459,-0.264339029788971],"rotationconfidence":1},"13":{"id":13,"position":[417.0446395874023,-332.7316641807556,2610.325813293457],"positionconfidence":1,"rotation":[-0.1498675346374512,-0.3050032258033752,-0.9404853582382202,-0.4374677240848541,0.8735044002532959,-0.2135699838399887,0.8866576552391052,0.3794248104095459,-0.264339029788971],"rotationconfidence":1},"14":{"id":14,"position":[384.297251701355,-399.3775844573975,2404.821395874023],"positionconfidence":1,"rotation":[-0.1866004765033722,0.1405784040689468,-0.9723260402679443,0,-0.9897094368934631,-0.1430916786193848,-0.9824358820915222,-0.02670097537338734,0.1846802532672882],"rotationconfidence":1},"15":{"id":15,"position":[372.803807258606,-390.7188177108765,2344.932079315186],"positionconfidence":1,"rotation":[-0.1866004765033722,0.1405784040689468,-0.9723260402679443,0,-0.9897094368934631,-0.1430916786193848,-0.9824358820915222,-0.02670097537338734,0.1846802532672882],"rotationconfidence":1},"17":{"id":17,"position":[61.84406951069832,-476.8263399600983,2531.439781188965],"positionconfidence":1,"rotation":[0.8800811171531677,-0.4258778393268585,-0.2099650353193283,0.4667146801948547,0.8572531938552856,0.2174725532531738,0.08737646043300629,-0.2893872559070587,0.9532158374786377],"rotationconfidence":1},"18":{"id":18,"position":[-89.97458964586258,-755.6841373443604,2460.697650909424],"positionconfidence":1,"rotation":[0.8664843440055847,-0.4992042481899262,0,0.4693975150585175,0.8147478699684143,0.3403699994087219,-0.1699141561985016,-0.2949252724647522,0.9402915239334106],"rotationconfidence":1},"19":{"id":19,"position":[-253.682941198349,-1039.837837219238,2341.989278793335],"positionconfidence":0.5,"rotation":[0.216424971818924,-0.9762992858886719,0,0.9429724216461182,0.2090370953083038,-0.2590492963790894,0.2529096305370331,0.05606473237276077,0.9658640623092651],"rotationconfidence":0.5},"20":{"id":20,"position":[-278.2820761203766,-1045.290946960449,2248.044967651367],"positionconfidence":0.5,"rotation":[0.216424971818924,-0.9762992858886719,0,0.9429724216461182,0.2090370953083038,-0.2590492963790894,0.2529096305370331,0.05606473237276077,0.9658640623092651],"rotationconfidence":0.5},"21":{"id":21,"position":[219.0498262643814,-478.7551164627075,2516.443967819214],"positionconfidence":1,"rotation":[0.9672446250915527,0.2536437213420868,0.0101391663774848,-0.2394456416368485,0.8983831405639648,0.3682030737400055,0.08428354561328888,-0.3585702478885651,0.9296901822090149],"rotationconfidence":1},"22":{"id":22,"position":[306.4219355583191,-806.5690994262695,2382.089138031006],"positionconfidence":1,"rotation":[0.8311469554901123,0.5205487608909607,0.1955088824033737,-0.5394095182418823,0.669409990310669,0.5108107328414917,0.135026291012764,-0.530018150806427,0.8371670246124268],"rotationconfidence":1},"23":{"id":23,"position":[476.0778546333313,-1017.112970352173,2221.428155899048],"positionconfidence":0.5,"rotation":[-0.2232724577188492,0.9747560620307922,0,-0.9537476897239685,-0.2184603959321976,-0.2064953744411469,-0.2012826204299927,-0.04610472917556763,0.9784475564956665],"rotationconfidence":0.5},"24":{"id":24,"position":[495.5017268657684,-1012.663841247559,2127.007484436035],"positionconfidence":0.5,"rotation":[-0.2232724577188492,0.9747560620307922,0,-0.9537476897239685,-0.2184603959321976,-0.2064953744411469,-0.2012826204299927,-0.04610472917556763,0.9784475564956665],"rotationconfidence":0.5}},"skeletonTracked":true,"frameCount":3},{"position":[123.42619150877,-439.4213259220123,2447.501182556152],"positionTracked":true,"id":4156,"skeleton":{"1":{"id":1,"position":[176.3477772474289,176.9953519105911,2727.865695953369],"positionconfidence":1,"rotation":[0.9999338984489441,-0.0115008195862174,0,0.01132835168391466,0.9849387407302856,0.1725322008132935,-0.001984261674806476,-0.1725208014249802,0.9850039482116699],"rotationconfidence":1},"2":{"id":2,"position":[174.1957813501358,-10.10902877897024,2695.090532302856],"positionconfidence":1,"rotation":[0.9993327260017395,-0.005159907508641481,-0.03615904599428177,0.01132835168391466,0.9849387407302856,0.1725322008132935,0.03472419455647469,-0.1728267073631287,0.9843399524688721],"rotationconfidence":1},"3":{"id":3,"position":[152.1067172288895,-356.1126887798309,2619.540691375732],"positionconfidence":1,"rotation":[0.9975007176399231,-0.05363847687840462,-0.04599280655384064,0.06225008144974709,0.9750868082046509,0.2129100561141968,0.03342680633068085,-0.2152409851551056,0.9759887456893921],"rotationconfidence":1},"4":{"id":4,"position":[145.9646970033646,-403.4903943538666,2552.917242050171],"positionconfidence":1,"rotation":[0.9962826371192932,-0.008627602830529213,-0.08571204543113708,0.07491908967494965,0.5779034495353699,0.8126590251922607,0.04252199083566666,-0.8160595893859863,0.5764015913009644],"rotationconfidence":1},"6":{"id":6,"position":[-12.20318395644426,-122.4416792392731,2663.376092910767],"positionconfidence":1,"rotation":[0.4639450013637543,0.8857333660125732,-0.01521132048219442,0.19831782579422,-0.1205831170082092,-0.9726919531822205,-0.8633800148963928,0.4482589066028595,-0.2316006571054459],"rotationconfidence":1},"7":{"id":7,"position":[-111.4336550235748,-311.8859827518463,2666.629552841187],"positionconfidence":1,"rotation":[-0.1418396979570389,0.2248774766921997,0.9640080332756042,0.4842069447040558,0.8651554584503174,-0.1305738091468811,-0.8633800148963928,0.4482589066028595,-0.2316006571054459],"rotationconfidence":1},"8":{"id":8,"position":[-75.56093484163284,-368.75981092453,2422.821998596191],"positionconfidence":1,"rotation":[0.8118749856948853,-0.1646776795387268,0.5601252317428589,0,0.9593955874443054,0.2820637822151184,-0.5838313102722168,-0.229000523686409,0.7789092659950256],"rotationconfidence":1},"9":{"id":9,"position":[-91.07697010040283,-365.6125962734222,2412.11724281311],"positionconfidence":1,"rotation":[0.8118749856948853,-0.1646776795387268,0.5601252317428589,0,0.9593955874443054,0.2820637822151184,-0.5838313102722168,-0.229000523686409,0.7789092659950256],"rotationconfidence":1},"12":{"id":12,"position":[342.0417010784149,-130.5370777845383,2649.458169937134],"positionconfidence":1,"rotation":[0.340396523475647,-0.9238027930259705,-0.1752672046422958,-0.29878169298172,0.07046998292207718,-0.9517160654067993,0.8915490508079529,0.3763274550437927,-0.2520276308059692],"rotationconfidence":1},"13":{"id":13,"position":[416.5699481964111,-332.7994346618652,2611.084222793579],"positionconfidence":1,"rotation":[-0.1546525806188583,-0.2700625061988831,-0.9503414034843445,-0.4257027804851532,0.8862527012825012,-0.1825739592313767,0.8915490508079529,0.3763274550437927,-0.2520276308059692],"rotationconfidence":1},"14":{"id":14,"position":[382.6272189617157,-392.0720219612122,2402.505874633789],"positionconfidence":1,"rotation":[-0.1894031018018723,0.1256050616502762,-0.9738326072692871,0,-0.991784393787384,-0.1279204934835434,-0.9818994402885437,-0.02422853745520115,0.1878470331430435],"rotationconfidence":1},"15":{"id":15,"position":[374.1645812988281,-386.4599168300629,2358.994483947754],"positionconfidence":1,"rotation":[-0.1894031018018723,0.1256050616502762,-0.9738326072692871,0,-0.991784393787384,-0.1279204934835434,-0.9818994402885437,-0.02422853745520115,0.1878470331430435],"rotationconfidence":1},"17":{"id":17,"position":[62.04581633210182,-476.9329726696014,2531.651973724365],"positionconfidence":1,"rotation":[0.8800050616264343,-0.4273806810379028,-0.207212433218956,0.4673952162265778,0.8567997217178345,0.2177983075380325,0.08445676416158676,-0.2885136604309082,0.9537436366081238],"rotationconfidence":1},"18":{"id":18,"position":[-90.0564044713974,-755.7572722434998,2460.774898529053],"positionconfidence":1,"rotation":[0.8666765093803406,-0.4988704323768616,0,0.4690894484519959,0.8149386644363403,0.3403380811214447,-0.1697846055030823,-0.2949630320072174,0.9403030276298523],"rotationconfidence":1},"19":{"id":19,"position":[-253.5967528820038,-1039.872288703919,2342.121601104736],"positionconfidence":0.5,"rotation":[0.2185790240764618,-0.9758191704750061,0,0.9426795244216919,0.2111559063196182,-0.2583958506584168,0.2521476745605469,0.05647991970181465,0.9660391807556152],"rotationconfidence":0.5},"20":{"id":20,"position":[-278.1165838241577,-1045.364618301392,2248.180150985718],"positionconfidence":0.5,"rotation":[0.2185790240764618,-0.9758191704750061,0,0.9426795244216919,0.2111559063196182,-0.2583958506584168,0.2521476745605469,0.05647991970181465,0.9660391807556152],"rotationconfidence":0.5},"21":{"id":21,"position":[219.3330228328705,-479.0213406085968,2517.091989517212],"positionconfidence":1,"rotation":[0.9675091505050659,0.2524141073226929,0.01459437236189842,-0.2394945472478867,0.8964268565177917,0.3729091286659241,0.0810447409749031,-0.3642882704734802,0.9277530312538147],"rotationconfidence":1},"22":{"id":22,"position":[307.4407279491425,-808.8080286979675,2379.902362823486],"positionconfidence":1,"rotation":[0.8294642567634583,0.5230655074119568,0.1959374099969864,-0.5425989031791687,0.6713001728057861,0.5049184560775757,0.1325726062059403,-0.5251272320747375,0.840634286403656],"rotationconfidence":1},"23":{"id":23,"position":[476.5328168869019,-1018.007755279541,2222.55277633667],"positionconfidence":0.5,"rotation":[-0.2062312811613083,0.9785032868385315,0,-0.95701664686203,-0.2017027139663696,-0.2084107249975205,-0.2039305716753006,-0.04298080876469612,0.9780413508415222],"rotationconfidence":0.5},"24":{"id":24,"position":[496.2081611156464,-1013.860940933228,2128.190755844116],"positionconfidence":0.5,"rotation":[-0.2062312811613083,0.9785032868385315,0,-0.95701664686203,-0.2017027139663696,-0.2084107249975205,-0.2039305716753006,-0.04298080876469612,0.9780413508415222],"rotationconfidence":0.5}},"skeletonTracked":true,"frameCount":4},{"position":[120.0173795223236,-443.4156119823456,2445.681810379028],"positionTracked":true,"id":4156,"skeleton":{"1":{"id":1,"position":[176.9198924303055,176.9417673349381,2728.328704833984],"positionconfidence":1,"rotation":[0.9998990297317505,-0.01421010214835405,0,0.01399452984333038,0.9847302436828613,0.1735236793756485,-0.002465789206326008,-0.1735061556100845,0.9848296642303467],"rotationconfidence":1},"2":{"id":2,"position":[174.2609143257141,-10.15818957239389,2695.358991622925],"positionconfidence":1,"rotation":[0.9993647336959839,-0.008086088113486767,-0.0347101017832756,0.01399452984333038,0.9847302436828613,0.1735236793756485,0.03277695924043655,-0.1738992035388947,0.9842178821563721],"rotationconfidence":1},"3":{"id":3,"position":[152.1954238414764,-356.2744557857513,2619.866371154785],"positionconfidence":1,"rotation":[0.9975681900978088,-0.05397966131567955,-0.0440916046500206,0.06216679513454437,0.9751399159431458,0.212691143155098,0.0315144844353199,-0.214914932847023,0.9761242270469666],"rotationconfidence":1},"4":{"id":4,"position":[146.1436897516251,-403.6902785301209,2553.239583969116],"positionconfidence":1,"rotation":[0.9964540600776672,-0.009746122173964977,-0.08357230573892593,0.07380156219005585,0.5782411694526672,0.8125210404396057,0.04040602222084999,-0.8158076405525208,0.5769100785255432],"rotationconfidence":1},"6":{"id":6,"position":[-11.83997001498938,-122.5622221827507,2663.451910018921],"positionconfidence":1,"rotation":[0.4590522646903992,0.8883614540100098,-0.009215167723596096,0.1951539367437363,-0.1109523847699165,-0.9744765758514404,-0.8667098879814148,0.4455372989177704,-0.2243001908063889],"rotationconfidence":1},"7":{"id":7,"position":[-109.597809612751,-311.7439448833466,2665.414333343506],"positionconfidence":1,"rotation":[-0.1348090022802353,0.2237155735492706,0.965286374092102,0.4802505373954773,0.8668609261512756,-0.1338340640068054,-0.8667098879814148,0.4455372989177704,-0.2243001908063889],"rotationconfidence":1},"8":{"id":8,"position":[-75.5099207162857,-368.312805891037,2421.331405639648],"positionconfidence":1,"rotation":[0.8489961624145508,-0.1332316696643829,0.5113265514373779,0,0.9676902294158936,0.2521421611309052,-0.5283990502357483,-0.2140677273273468,0.8215652704238892],"rotationconfidence":1},"9":{"id":9,"position":[-90.78478068113327,-365.9157454967499,2412.131786346436],"positionconfidence":1,"rotation":[0.8489961624145508,-0.1332316696643829,0.5113265514373779,0,0.9676902294158936,0.2521421611309052,-0.5283990502357483,-0.2140677273273468,0.8215652704238892],"rotationconfidence":1},"12":{"id":12,"position":[342.2805964946747,-130.8461725711823,2650.195121765137],"positionconfidence":1,"rotation":[0.3218145370483398,-0.9290202260017395,-0.1826382726430893,-0.2737548053264618,0.09336026757955551,-0.9572575092315674,0.9063628315925598,0.3580575287342072,-0.2242790907621384],"rotationconfidence":1},"13":{"id":13,"position":[414.0901863574982,-338.1474316120148,2609.44128036499],"positionconfidence":1,"rotation":[-0.1526776850223541,-0.2173931151628494,-0.9640694260597229,-0.393949031829834,0.9080390930175781,-0.1423696428537369,0.9063628315925598,0.3580575287342072,-0.2242790907621384],"rotationconfidence":1},"14":{"id":14,"position":[380.212664604187,-386.3846063613892,2395.524740219116],"positionconfidence":1,"rotation":[-0.1776077151298523,-0.001853527035564184,-0.9840995669364929,0,-0.9999982118606567,0.001883471733890474,-0.9841012954711914,0.0003345191071275622,0.1776074022054672],"rotationconfidence":1},"15":{"id":15,"position":[370.1663017272949,-386.4894509315491,2339.859247207642],"positionconfidence":1,"rotation":[-0.1776077151298523,-0.001853527035564184,-0.9840995669364929,0,-0.9999982118606567,0.001883471733890474,-0.9841012954711914,0.0003345191071275622,0.1776074022054672],"rotationconfidence":1},"17":{"id":17,"position":[62.22732737660408,-477.0196378231049,2531.816720962524],"positionconfidence":1,"rotation":[0.8798733949661255,-0.4288274645805359,-0.204767644405365,0.4681033492088318,0.8563590049743652,0.2180101871490479,0.08186586946249008,-0.2876738011837006,0.9542231559753418],"rotationconfidence":1},"18":{"id":18,"position":[-90.1789516210556,-755.8351755142212,2460.836410522461],"positionconfidence":1,"rotation":[0.866949200630188,-0.4983965158462524,0,0.4686555564403534,0.8152154684066772,0.3402730524539948,-0.1695909053087235,-0.2949994504451752,0.9403266906738281],"rotationconfidence":1},"19":{"id":19,"position":[-253.4931898117065,-1039.916515350342,2342.260122299194],"positionconfidence":0.5,"rotation":[0.2215042859315872,-0.9751594066619873,0,0.9422556757926941,0.2140303105115891,-0.2575756013393402,0.2511772811412811,0.05705409869551659,0.9662581086158752],"rotationconfidence":0.5},"20":{"id":20,"position":[-277.9116332530975,-1045.463085174561,2248.324394226074],"positionconfidence":0.5,"rotation":[0.2215042859315872,-0.9751594066619873,0,0.9422556757926941,0.2140303105115891,-0.2575756013393402,0.2511772811412811,0.05705409869551659,0.9662581086158752],"rotationconfidence":0.5},"21":{"id":21,"position":[219.5758074522018,-479.247659444809,2517.645597457886],"positionconfidence":1,"rotation":[0.9677646160125732,0.2511885166168213,0.01832474954426289,-0.2394103109836578,0.894913911819458,0.3765788972377777,0.07819323241710663,-0.3688268959522247,0.9262032508850098],"rotationconfidence":1},"22":{"id":22,"position":[308.1730902194977,-810.4236125946045,2378.287076950073],"positionconfidence":1,"rotation":[0.8283467292785645,0.5247674584388733,0.196114256978035,-0.5447653532028198,0.6728842258453369,0.5004574060440063,0.1306615769863129,-0.5213885307312012,0.8432565927505493],"rotationconfidence":1},"23":{"id":23,"position":[476.8155217170715,-1018.727660179138,2223.361015319824],"positionconfidence":0.5,"rotation":[-0.1942968368530273,0.9809427261352539,0,-0.9591368436813354,-0.1899777203798294,-0.2096776962280273,-0.2056818306446075,-0.04073971509933472,0.9777705073356628],"rotationconfidence":0.5},"24":{"id":24,"position":[496.661514043808,-1014.796733856201,2129.017114639282],"positionconfidence":0.5,"rotation":[-0.1942968368530273,0.9809427261352539,0,-0.9591368436813354,-0.1899777203798294,-0.2096776962280273,-0.2056818306446075,-0.04073971509933472,0.9777705073356628],"rotationconfidence":0.5}},"skeletonTracked":true,"frameCount":5},{"position":[121.8185573816299,-435.3465139865875,2447.083950042725],"positionTracked":true,"id":4156,"skeleton":{"1":{"id":1,"position":[177.2428154945374,176.9379526376724,2728.636503219605],"positionconfidence":1,"rotation":[0.9998757839202881,-0.01575932465493679,0,0.01551879569888115,0.9846150279045105,0.1740470975637436,-0.002742864657193422,-0.1740254759788513,0.9847372770309448],"rotationconfidence":1},"2":{"id":2,"position":[174.2933988571167,-10.19254419952631,2695.558071136475],"positionconfidence":1,"rotation":[0.9993855357170105,-0.009802930057048798,-0.0336526595056057,0.01551879569888115,0.9846150279045105,0.1740470975637436,0.0314287431538105,-0.1744623929262161,0.9841621518135071],"rotationconfidence":1},"3":{"id":3,"position":[152.2672325372696,-356.4049005508423,2620.128631591797],"positionconfidence":1,"rotation":[0.9976167678833008,-0.05415406823158264,-0.04275340586900711,0.06204240024089813,0.9751967191696167,0.2124665379524231,0.03018705733120441,-0.2146127223968506,0.9762325286865234],"rotationconfidence":1},"4":{"id":4,"position":[146.2898850440979,-403.8516879081726,2553.497552871704],"positionconfidence":1,"rotation":[0.996578574180603,-0.01040664315223694,-0.0819907858967781,0.07288023829460144,0.5785062909126282,0.812415361404419,0.03897768259048462,-0.8156114220619202,0.5772855877876282],"rotationconfidence":1},"6":{"id":6,"position":[-11.55437994748354,-122.6504221558571,2663.517713546753],"positionconfidence":1,"rotation":[0.4587869346141815,0.8885295987129211,-0.005458034109324217,0.195309042930603,-0.106835275888443,-0.9749055504798889,-0.866815447807312,0.4462078809738159,-0.222552478313446],"rotationconfidence":1},"7":{"id":7,"position":[-109.1931238770485,-311.7467164993286,2664.679288864136],"positionconfidence":1,"rotation":[-0.1332911252975464,0.222733661532402,0.9657242298126221,0.4804836809635162,0.8667689561843872,-0.133593425154686,-0.866815447807312,0.4462078809738159,-0.222552478313446],"rotationconfidence":1},"8":{"id":8,"position":[-75.48221200704575,-368.0787086486816,2420.436143875122],"positionconfidence":1,"rotation":[0.8660292625427246,-0.1107867434620857,0.4875650107860565,0,0.9751429557800293,0.2215764373540878,-0.4999933242797852,-0.191891685128212,0.844502329826355],"rotationconfidence":1},"9":{"id":9,"position":[-90.46899527311325,-366.1615252494812,2411.998748779297],"positionconfidence":1,"rotation":[0.8660292625427246,-0.1107867434620857,0.4875650107860565,0,0.9751429557800293,0.2215764373540878,-0.4999933242797852,-0.191891685128212,0.844502329826355],"rotationconfidence":1},"12":{"id":12,"position":[342.4092233181,-131.0698240995407,2650.721549987793],"positionconfidence":1,"rotation":[0.3259703814983368,-0.9109033346176147,-0.2529788911342621,-0.3119421899318695,0.1489714980125427,-0.9383492469787598,0.8924322128295898,0.3847889006137848,-0.2355889081954956],"rotationconfidence":1},"13":{"id":13,"position":[419.1736876964569,-345.5832004547119,2591.146230697632],"positionconfidence":1,"rotation":[-0.2295854687690735,-0.06220981851220131,-0.971298336982727,-0.3884007632732391,0.9209057092666626,0.03282389417290688,0.8924322128295898,0.3847889006137848,-0.2355889081954956],"rotationconfidence":1},"14":{"id":14,"position":[366.8838143348694,-359.751969575882,2369.925498962402],"positionconfidence":1,"rotation":[-0.2083653807640076,-0.1455105841159821,-0.9671662449836731,0,-0.9888708591461182,0.1487760543823242,-0.9780510067939758,0.03099977970123291,0.2060464471578598],"rotationconfidence":1},"15":{"id":15,"position":[354.6508550643921,-368.2947754859924,2313.143968582153],"positionconfidence":0.5,"rotation":[-0.2083653807640076,-0.1455105841159821,-0.9671662449836731,0,-0.9888708591461182,0.1487760543823242,-0.9780510067939758,0.03099977970123291,0.2060464471578598],"rotationconfidence":0.5},"17":{"id":17,"position":[62.38647922873497,-477.0920276641846,2531.945705413818],"positionconfidence":1,"rotation":[0.8797168135643005,-0.429968923330307,-0.2030391395092011,0.4687133431434631,0.8560085892677307,0.2180757373571396,0.08003746718168259,-0.2870120704174042,0.9545773863792419],"rotationconfidence":1},"18":{"id":18,"position":[-90.28424322605133,-755.9137344360352,2460.913419723511],"positionconfidence":1,"rotation":[0.8672550916671753,-0.4978640973567963,0,0.4681855440139771,0.8155564665794373,0.3401028513908386,-0.1693249940872192,-0.2949559390544891,0.9403882622718811],"rotationconfidence":1},"19":{"id":19,"position":[-253.3617615699768,-1039.986848831177,2342.449426651001],"positionconfidence":0.5,"rotation":[0.2247963547706604,-0.9744057059288025,0,0.9417346715927124,0.2172591239213944,-0.2567763030529022,0.25020432472229,0.05772237852215767,0.9664708375930786],"rotationconfidence":0.5},"20":{"id":20,"position":[-277.678906917572,-1045.596837997437,2248.518943786621],"positionconfidence":0.5,"rotation":[0.2247963547706604,-0.9744057059288025,0,0.9417346715927124,0.2172591239213944,-0.2567763030529022,0.25020432472229,0.05772237852215767,0.9664708375930786],"rotationconfidence":0.5},"21":{"id":21,"position":[219.7602093219757,-479.4023334980011,2518.05591583252],"positionconfidence":1,"rotation":[0.967971682548523,0.2501672506332398,0.02114401385188103,-0.2392324656248093,0.8935518264770508,0.3799117505550385,0.07614820450544357,-0.3728021681308746,0.9247810244560242],"rotationconfidence":1},"22":{"id":22,"position":[308.7770342826843,-811.8870854377747,2376.693248748779],"positionconfidence":1,"rotation":[0.8273062705993652,0.5264726877212524,0.1959353685379028,-0.5466899275779724,0.6743381023406982,0.4963850975036621,0.129206508398056,-0.5177783966064453,0.8457014560699463],"rotationconfidence":1},"23":{"id":23,"position":[476.965606212616,-1019.346475601196,2223.980903625488],"positionconfidence":0.5,"rotation":[-0.1844198405742645,0.9828475713729858,0,-0.9608375430107117,-0.1802899241447449,-0.2104437500238419,-0.2068341225385666,-0.03881000354886055,0.9776058793067932],"rotationconfidence":0.5},"24":{"id":24,"position":[496.9265460968018,-1015.6010389328,2129.635095596314],"positionconfidence":0.5,"rotation":[-0.1844198405742645,0.9828475713729858,0,-0.9608375430107117,-0.1802899241447449,-0.2104437500238419,-0.2068341225385666,-0.03881000354886055,0.9776058793067932],"rotationconfidence":0.5}},"skeletonTracked":true,"frameCount":6},{"position":[119.1161200404167,-435.0418746471405,2405.330896377564],"positionTracked":true,"id":4156,"skeleton":{"1":{"id":1,"position":[158.3882868289948,171.2754666805267,2728.468418121338],"positionconfidence":0.5,"rotation":[0.9999790191650391,-0.006473770830780268,0,0.006327591370791197,0.9773992896080017,0.2113071084022522,-0.001367953838780522,-0.2113026678562164,0.9774197340011597],"rotationconfidence":0.5},"2":{"id":2,"position":[157.1670919656754,-17.35791750252247,2687.687158584595],"positionconfidence":1,"rotation":[0.8850387930870056,0.09288816899061203,-0.4561559557914734,0.006327591370791197,0.9773992896080017,0.2113071084022522,0.465474396944046,-0.1899013370275497,0.8644484281539917],"rotationconfidence":1},"3":{"id":3,"position":[161.4087820053101,-355.7361364364624,2617.689847946167],"positionconfidence":1,"rotation":[0.8853410482406616,0.1048013865947723,-0.4529768824577332,-0.01227453630417585,0.9791935682296753,0.2025571167469025,0.4647802710533142,-0.1737720370292664,0.8682065606117249],"rotationconfidence":1},"4":{"id":4,"position":[146.346777677536,-404.1239023208618,2553.779602050781],"positionconfidence":1,"rotation":[0.9680818915367126,0.02767098695039749,-0.249102309346199,0.1846638321876526,0.593245804309845,0.7835551500320435,0.1694606393575668,-0.8045457601547241,0.5692006349563599],"rotationconfidence":1},"6":{"id":6,"position":[-2.339588478207588,-136.8983685970306,2688.675165176392],"positionconfidence":1,"rotation":[0.3785462081432343,0.9253754615783691,-0.01956988498568535,0.1243906244635582,-0.07181362807750702,-0.9896311163902283,-0.9171857833862305,0.3721868395805359,-0.1422928124666214],"rotationconfidence":1},"7":{"id":7,"position":[-86.74018830060959,-343.2199358940125,2693.038463592529],"positionconfidence":1,"rotation":[-0.05841633677482605,0.2276502549648285,0.971989095211029,0.3941545486450195,0.899806797504425,-0.1870557814836502,-0.9171857833862305,0.3721868395805359,-0.1422928124666214],"rotationconfidence":1},"8":{"id":