{"motiondata":[{"position":[51.48512870073319,-470.2549874782562,2697.448968887329],"positionTracked":true,"id":4141,"skeleton":{"1":{"id":1,"position":[67.93561577796936,167.0313477516174,2921.16117477417],"positionconfidence":1,"rotation":[0.9984444975852966,0.05575530976057053,0,-0.05572298169136047,0.997865617275238,0.03404617682099342,0.001898255082778633,-0.03399321809411049,0.9994202852249146],"rotationconfidence":1},"2":{"id":2,"position":[78.608438372612,-24.09343793988228,2914.640188217163],"positionconfidence":1,"rotation":[0.9983821511268616,0.05607360601425171,-0.009431105107069016,-0.05572298169136047,0.997865617275238,0.03404617682099342,0.01132006756961346,-0.03346556425094605,0.9993758201599121],"rotationconfidence":1},"3":{"id":3,"position":[73.57509434223175,-349.6494889259338,2858.317852020264],"positionconfidence":1,"rotation":[0.9997482299804688,-0.0121988682076335,-0.01883199065923691,0.0152326887473464,0.985248327255249,0.1704514175653458,0.01647487282752991,-0.1706953793764114,0.9851861000061035],"rotationconfidence":1},"4":{"id":4,"position":[71.08230143785477,-397.2192704677582,2798.464775085449],"positionconfidence":1,"rotation":[0.9969566464424133,0.0352470725774765,-0.06953530758619308,0.03258764743804932,0.6218676567077637,0.7824440598487854,0.07082061469554901,-0.7823287844657898,0.6188264489173889],"rotationconfidence":1},"6":{"id":6,"position":[-91.4602056145668,-153.7077277898789,2907.39369392395],"positionconfidence":1,"rotation":[0.2053026556968689,0.9786422848701477,-0.01049171015620232,0.3312327861785889,-0.07956650853157043,-0.9401882886886597,-0.9209428429603577,0.1895479559898377,-0.3404936194419861],"rotationconfidence":1},"7":{"id":7,"position":[-141.725167632103,-393.3121263980866,2909.96241569519],"positionconfidence":1,"rotation":[-0.3548788726329804,-0.04691438004374504,0.9337344169616699,0.1610134094953537,0.9807500243186951,0.1104720309376717,-0.9209428429603577,0.1895479559898377,-0.3404936194419861],"rotationconfidence":1},"8":{"id":8,"position":[-66.56710803508759,-383.3763599395752,2712.21137046814],"positionconfidence":0.5,"rotation":[-0.3638747930526733,-0.07082099467515945,0.9287516474723816,0,0.9971053600311279,0.07603323459625244,-0.9314479827880859,0.02766657806932926,-0.3628215193748474],"rotationconfidence":0.5},"9":{"id":9,"position":[-41.82658717036247,-378.5611093044281,2649.0638256073],"positionconfidence":0.5,"rotation":[-0.3638747930526733,-0.07082099467515945,0.9287516474723816,0,0.9971053600311279,0.07603323459625244,-0.9314479827880859,0.02766657806932926,-0.3628215193748474],"rotationconfidence":0.5},"12":{"id":12,"position":[251.2038350105286,-140.4805928468704,2903.955221176148],"positionconfidence":1,"rotation":[0.2996655702590942,-0.9483884572982788,-0.1037297919392586,-0.6443907618522644,-0.1210260093212128,-0.7550584077835083,0.7035346627235413,0.2931075096130371,-0.6474000811576843],"rotationconfidence":1},"13":{"id":13,"position":[326.275497674942,-378.0691027641296,2877.969026565552],"positionconfidence":1,"rotation":[-0.4001736044883728,-0.589431881904602,-0.7017344236373901,-0.5872818827629089,0.7527669072151184,-0.2973918616771698,0.7035346627235413,0.2931075096130371,-0.6474000811576843],"rotationconfidence":1},"14":{"id":14,"position":[243.2294338941574,-500.3910064697266,2732.341527938843],"positionconfidence":0.5,"rotation":[-0.4920097291469574,-0.4386340081691742,-0.7520150542259216,0,-0.8637996912002563,0.5038355588912964,-0.8705897927284241,0.2478919923305512,0.424997866153717],"rotationconfidence":0.5},"15":{"id":15,"position":[210.4407399892807,-529.6226143836975,2682.225465774536],"positionconfidence":0.5,"rotation":[-0.4920097291469574,-0.4386340081691742,-0.7520150542259216,0,-0.8637996912002563,0.5038355588912964,-0.8705897927284241,0.2478919923305512,0.424997866153717],"rotationconfidence":0.5},"17":{"id":17,"position":[-6.068626418709755,-472.3366498947144,2777.7099609375],"positionconfidence":1,"rotation":[0.9085760712623596,-0.3693302869796753,-0.1951531916856766,0.4102045297622681,0.8770928978919983,0.249880775809288,0.07887893170118332,-0.3070883750915527,0.948406457901001],"rotationconfidence":1},"18":{"id":18,"position":[-146.261140704155,-772.0940709114075,2692.310094833374],"positionconfidence":1,"rotation":[0.8176423907279968,-0.5757263898849487,0,0.5451091527938843,0.7741599678993225,0.3217644989490509,-0.1852483153343201,-0.2630882859230042,0.9468197226524353],"rotationconfidence":1},"19":{"id":19,"position":[-280.3635597229004,-962.5453352928162,2613.152742385864],"positionconfidence":1,"rotation":[0.9553312659263611,-0.2955369651317596,0,0.03539484366774559,0.1144147962331772,-0.9928022623062134,0.2934097945690155,0.9484550952911377,0.1197645291686058],"rotationconfidence":1},"20":{"id":20,"position":[-301.2877404689789,-1030.1833152771,2604.611873626709],"positionconfidence":1,"rotation":[0.9553312659263611,-0.2955369651317596,0,0.03539484366774559,0.1144147962331772,-0.9928022623062134,0.2934097945690155,0.9484550952911377,0.1197645291686058],"rotationconfidence":1},"21":{"id":21,"position":[145.292803645134,-467.3031568527222,2766.751050949097],"positionconfidence":1,"rotation":[0.9726930856704712,0.2317426651716232,-0.01278714090585709,-0.2184003442525864,0.9325540065765381,0.2874791622161865,0.07854589074850082,-0.2768363058567047,0.957701563835144],"rotationconfidence":1},"22":{"id":22,"position":[218.9395129680634,-781.7693948745728,2669.810295104981],"positionconfidence":1,"rotation":[-0.6643865704536438,-0.05741040036082268,-0.7451809048652649,-0.4796032309532166,0.7974348068237305,0.3661673069000244,0.5732113718986511,0.6006678342819214,-0.5573391914367676],"rotationconfidence":1},"23":{"id":23,"position":[337.851881980896,-979.4846177101135,2579.023122787476],"positionconfidence":1,"rotation":[0.9948722124099731,-0.1011398807168007,0,-0.01664229668676853,-0.1637035608291626,-0.986369252204895,0.09976126998662949,0.9813113808631897,-0.164547324180603],"rotationconfidence":1},"24":{"id":24,"position":[332.4408829212189,-1032.710433006287,2587.948083877564],"positionconfidence":1,"rotation":[0.9948722124099731,-0.1011398807168007,0,-0.01664229668676853,-0.1637035608291626,-0.986369252204895,0.09976126998662949,0.9813113808631897,-0.164547324180603],"rotationconfidence":1}},"skeletonTracked":true,"frameCount":1},{"position":[54.570022970438,-480.1324903964996,2696.825504302979],"positionTracked":true,"id":4141,"skeleton":{"1":{"id":1,"position":[67.97339767217636,167.4270778894424,2921.191453933716],"positionconfidence":1,"rotation":[0.9984523057937622,0.05561435595154762,0,-0.0555826760828495,0.9978834986686707,0.03375060483813286,0.001877018134109676,-0.03369836881756783,0.9994302988052368],"rotationconfidence":1},"2":{"id":2,"position":[78.6348357796669,-23.97919818758965,2914.717674255371],"positionconfidence":1,"rotation":[0.9983841180801392,0.05594706535339356,-0.009949209168553352,-0.0555826760828495,0.9978834986686707,0.03375060483813286,0.01181639917194843,-0.0331430658698082,0.9993807077407837],"rotationconfidence":1},"3":{"id":3,"position":[73.55844229459763,-349.6129214763641,2858.090400695801],"positionconfidence":1,"rotation":[0.9997366070747375,-0.01220572739839554,-0.01943338848650456,0.01535696070641279,0.9850978851318359,0.1713072210550308,0.01705286279320717,-0.1715605556964874,0.9850260019302368],"rotationconfidence":1},"4":{"id":4,"position":[71.03132456541061,-397.1473872661591,2798.213958740234],"positionconfidence":1,"rotation":[0.9968936443328857,0.03553670644760132,-0.07028616964817047,0.0330374613404274,0.6214265823364258,0.7827754616737366,0.07149496674537659,-0.782666027545929,0.6183222532272339],"rotationconfidence":1},"6":{"id":6,"position":[-91.44096076488495,-153.6564528942108,2907.407522201538],"positionconfidence":1,"rotation":[0.2055712640285492,0.9785845875740051,-0.0106109082698822,0.3407372236251831,-0.0817343220114708,-0.9365988969802856,-0.9174085855484009,0.1889223158359528,-0.3502424359321594],"rotationconfidence":1},"7":{"id":7,"position":[-141.7929083108902,-393.3477401733398,2910.006523132324],"positionconfidence":1,"rotation":[-0.3499332964420319,0.03611282631754875,0.9360782504081726,0.1894943118095398,0.9813277125358582,0.03297999128699303,-0.9174085855484009,0.1889223158359528,-0.3502424359321594],"rotationconfidence":1},"8":{"id":8,"position":[-68.65418702363968,-400.8955955505371,2714.359045028687],"positionconfidence":0.5,"rotation":[-0.3540860712528229,0.1585338115692139,0.921677827835083,0,0.9855274558067322,-0.1695162951946259,-0.9352128505706787,-0.06002335995435715,-0.3489615321159363],"rotationconfidence":0.5},"9":{"id":9,"position":[-45.20295187830925,-411.3953411579132,2653.316020965576],"positionconfidence":0.5,"rotation":[-0.3540860712528229,0.1585338115692139,0.921677827835083,0,0.9855274558067322,-0.1695162951946259,-0.9352128505706787,-0.06002335995435715,-0.3489615321159363],"rotationconfidence":0.5},"12":{"id":12,"position":[251.1720359325409,-140.3208374977112,2903.798818588257],"positionconfidence":1,"rotation":[0.2996385991573334,-0.9482104182243347,-0.1054206565022469,-0.6376481056213379,-0.1168466359376907,-0.7614142298698425,0.7096629738807678,0.2953704297542572,-0.6396364569664001],"rotationconfidence":1},"13":{"id":13,"position":[326.2466490268707,-377.8954744338989,2877.38561630249],"positionconfidence":1,"rotation":[-0.4275951683521271,-0.5409842133522034,-0.7242226004600525,-0.5599471926689148,0.7874594330787659,-0.2576175034046173,0.7096629738807678,0.2953704297542572,-0.6396364569664001],"rotationconfidence":1},"14":{"id":14,"position":[237.3475134372711,-490.3687536716461,2726.816177368164],"positionconfidence":1,"rotation":[-0.4481136798858643,-0.5508765578269958,-0.7040802836418152,0,-0.7875824570655823,0.6162091493606567,-0.8939764499664307,0.2761317491531372,0.3529264628887177],"rotationconfidence":1},"15":{"id":15,"position":[207.9662978649139,-526.4877676963806,2680.652141571045],"positionconfidence":0.5,"rotation":[-0.4481136798858643,-0.5508765578269958,-0.7040802836418152,0,-0.7875824570655823,0.6162091493606567,-0.8939764499664307,0.2761317491531372,0.3529264628887177],"rotationconfidence":0.5},"17":{"id":17,"position":[-6.152242422103882,-472.2265303134918,2777.518510818481],"positionconfidence":1,"rotation":[0.9082943797111511,-0.3697215616703033,-0.1957225948572159,0.4106554388999939,0.8772373199462891,0.2486298829317093,0.07977133989334106,-0.3062036633491516,0.9486178755760193],"rotationconfidence":1},"18":{"id":18,"position":[-146.4469134807587,-771.9223499298096,2692.577600479126],"positionconfidence":1,"rotation":[0.8228150606155396,-0.5683091878890991,0,0.540087103843689,0.781954288482666,0.3112128674983978,-0.1768651306629181,-0.2560706436634064,0.950340211391449],"rotationconfidence":1},"19":{"id":19,"position":[-282.3498547077179,-968.6866998672485,2614.266633987427],"positionconfidence":1,"rotation":[0.9723381400108337,-0.2335776537656784,0,-0.007488767150789499,-0.03117427416145802,-0.9994858503341675,0.2334575653076172,0.9718382358551025,-0.0320611447095871],"rotationconfidence":1},"20":{"id":20,"position":[-300.8165061473846,-1045.559763908386,2616.80269241333],"positionconfidence":1,"rotation":[0.9723381400108337,-0.2335776537656784,0,-0.007488767150789499,-0.03117427416145802,-0.9994858503341675,0.2334575653076172,0.9718382358551025,-0.0320611447095871],"rotationconfidence":1},"21":{"id":21,"position":[145.2044397592545,-467.1649634838104,2766.424417495728],"positionconfidence":1,"rotation":[0.9723299741744995,0.2332317531108856,-0.01331503316760063,-0.2196877151727676,0.9322735667228699,0.2874077260494232,0.07944586873054504,-0.2765300273895264,0.9577158093452454],"rotationconfidence":1},"22":{"id":22,"position":[219.6502983570099,-783.0857038497925,2669.03018951416],"positionconfidence":1,"rotation":[-0.6700949668884277,-0.07505321502685547,-0.7384712100028992,-0.4826329350471497,0.7999178171157837,0.3566469252109528,0.5639487504959106,0.5953978300094604,-0.5722440481185913],"rotationconfidence":1},"23":{"id":23,"position":[339.8415446281433,-982.2911620140076,2580.21354675293],"positionconfidence":1,"rotation":[0.9998228549957275,0.01882128976285458,0,0.001585433259606361,-0.0842212438583374,-0.9964457750320435,-0.0187543947249651,0.9962692856788635,-0.08423616737127304],"rotationconfidence":1},"24":{"id":24,"position":[341.184139251709,-1053.612351417542,2586.243867874146],"positionconfidence":1,"rotation":[0.9998228549957275,0.01882128976285458,0,0.001585433259606361,-0.0842212438583374,-0.9964457750320435,-0.0187543947249651,0.9962692856788635,-0.08423616737127304],"rotationconfidence":1}},"skeletonTracked":true,"frameCount":2},{"position":[50.8197657763958,-472.636342048645,2695.287466049194],"positionTracked":true,"id":4141,"skeleton":{"1":{"id":1,"position":[67.88210570812225,168.0287420749664,2920.971393585205],"positionconfidence":1,"rotation":[0.9984182715415955,0.05622386187314987,0,-0.0561947412788868,0.9979010820388794,0.03217830136418343,0.001809188397601247,-0.03212740272283554,0.9994821548461914],"rotationconfidence":1},"2":{"id":2,"position":[78.68757098913193,-23.85373786091805,2914.783954620361],"positionconfidence":1,"rotation":[0.9983452558517456,0.05655505135655403,-0.01039818488061428,-0.0561947412788868,0.9979010820388794,0.03217830136418343,0.01219620741903782,-0.03154073655605316,0.9994280338287354],"rotationconfidence":1},"3":{"id":3,"position":[73.55240732431412,-349.5844304561615,2857.921123504639],"positionconfidence":1,"rotation":[0.9997246861457825,-0.01226859726011753,-0.02000412158668041,0.01552832406014204,0.9849835634231567,0.1719486564397812,0.01759416051208973,-0.1722119301557541,0.9849027991294861],"rotationconfidence":1},"4":{"id":4,"position":[70.99781185388565,-397.0991373062134,2798.033237457275],"positionconfidence":1,"rotation":[0.9968473315238953,0.03570922464132309,-0.07085330784320831,0.03339773416519165,0.6211878061294556,0.782949686050415,0.07197174429893494,-0.7828477025032043,0.6180368661880493],"rotationconfidence":1},"6":{"id":6,"position":[-91.46532416343689,-153.6538451910019,2907.437562942505],"positionconfidence":1,"rotation":[0.2056194692850113,0.9785737991333008,-0.01067406218498945,0.3454966843128204,-0.08279246091842651,-0.9347606301307678,-0.9156160354614258,0.1885171383619309,-0.3551177382469177],"rotationconfidence":1},"7":{"id":7,"position":[-141.8479979038239,-393.4325277805328,2910.053014755249],"positionconfidence":1,"rotation":[-0.3465889990329742,0.07756934314966202,0.9348042607307434,0.2037728726863861,0.9790017008781433,-0.005685768090188503,-0.9156160354614258,0.1885171383619309,-0.3551177382469177],"rotationconfidence":1},"8":{"id":8,"position":[-69.6084052324295,-409.6003174781799,2715.211629867554],"positionconfidence":0.5,"rotation":[-0.3494409918785095,0.2178592532873154,0.9112784266471863,0,0.9725922346115112,-0.2325175404548645,-0.9369584321975708,-0.08125115931034088,-0.3398635983467102],"rotationconfidence":0.5},"9":{"id":9,"position":[-46.40220105648041,-424.0682423114777,2654.694080352783],"positionconfidence":0.5,"rotation":[-0.3494409918785095,0.2178592532873154,0.9112784266471863,0,0.9725922346115112,-0.2325175404548645,-0.9369584321975708,-0.08125115931034088,-0.3398635983467102],"rotationconfidence":0.5},"12":{"id":12,"position":[251.1755228042603,-140.1181071996689,2903.683423995972],"positionconfidence":1,"rotation":[0.2991950809955597,-0.9481121897697449,-0.1075440272688866,-0.6390157341957092,-0.115391731262207,-0.7604891657829285,0.708619236946106,0.2962568998336792,-0.6403831839561462],"rotationconfidence":1},"13":{"id":13,"position":[326.1493444442749,-377.7008652687073,2876.734495162964],"positionconfidence":1,"rotation":[-0.4133116006851196,-0.5612963438034058,-0.7170214653015137,-0.5718672871589661,0.772773027420044,-0.2752989828586578,0.708619236946106,0.2962568998336792,-0.6403831839561462],"rotationconfidence":1},"14":{"id":14,"position":[240.1179224252701,-494.5355355739594,2727.485418319702],"positionconfidence":1,"rotation":[-0.4371292889118195,-0.5795486569404602,-0.68777996301651,0,-0.7647109031677246,0.6443735361099243,-0.8993986248970032,0.2816745340824127,0.3342775404453278],"rotationconfidence":1},"15":{"id":15,"position":[211.5174233913422,-532.454252243042,2682.485342025757],"positionconfidence":0.5,"rotation":[-0.4371292889118195,-0.5795486569404602,-0.68777996301651,0,-0.7647109031677246,0.6443735361099243,-0.8993986248970032,0.2816745340824127,0.3342775404453278],"rotationconfidence":0.5},"17":{"id":17,"position":[-6.212942767888308,-472.1530973911285,2777.384519577026],"positionconfidence":1,"rotation":[0.9078299403190613,-0.3705939054489136,-0.196227103471756,0.4115605056285858,0.8771304488182068,0.2475078999996185,0.08039183914661407,-0.3054544031620026,0.9488070607185364],"rotationconfidence":1},"18":{"id":18,"position":[-146.9733119010925,-772.1459269523621,2692.732810974121],"positionconfidence":1,"rotation":[0.8319173455238342,-0.5548995137214661,0,0.5303118228912354,0.7950549721717834,0.2943756878376007,-0.1633489280939102,-0.2448962479829788,0.9556897878646851],"rotationconfidence":1},"19":{"id":19,"position":[-284.7477495670319,-978.7003397941589,2616.254329681397],"positionconfidence":1,"rotation":[0.889703094959259,-0.456539660692215,0,0.294153243303299,0.5732449889183044,-0.7647639513015747,0.3491450548171997,0.6804128289222717,0.6443104147911072],"rotationconfidence":1},"20":{"id":20,"position":[-308.7372183799744,-1025.450944900513,2571.98429107666],"positionconfidence":1,"rotation":[0.889703094959259,-0.456539660692215,0,0.294153243303299,0.5732449889183044,-0.7647639513015747,0.3491450548171997,0.6804128289222717,0.6443104147911072],"rotationconfidence":1},"21":{"id":21,"position":[145.1417952775955,-467.0708179473877,2766.196489334106],"positionconfidence":1,"rotation":[0.9719163775444031,0.2349315285682678,-0.01362395379692316,-0.22128726541996,0.9320986270904541,0.2867474257946014,0.08006487786769867,-0.2756797075271606,0.9579092860221863],"rotationconfidence":1},"22":{"id":22,"position":[220.372661948204,-783.9556932449341,2668.711185455322],"positionconfidence":1,"rotation":[-0.6533827185630798,-0.06309228390455246,-0.7543941140174866,-0.4838145673274994,0.8012514114379883,0.3520219624042511,0.5822494626045227,0.59499192237854,-0.5540487766265869],"rotationconfidence":1},"23":{"id":23,"position":[340.9751057624817,-983.6869239807129,2580.961227416992],"positionconfidence":1,"rotation":[0.9988911747932434,0.04707909375429153,0,0.002011498669162393,-0.04267856851220131,-0.999086856842041,-0.04703610390424728,0.9979790449142456,-0.04272594302892685],"rotationconfidence":1},"24":{"id":24,"position":[344.6544110774994,-1061.751842498779,2584.303379058838],"positionconfidence":1,"rotation":[0.9988911747932434,0.04707909375429153,0,0.002011498669162393,-0.04267856851220131,-0.999086856842041,-0.04703610390424728,0.9979790449142456,-0.04272594302892685],"rotationconfidence":1}},"skeletonTracked":true,"frameCount":3},{"position":[57.98403546214104,-473.5918641090393,2696.293115615845],"positionTracked":true,"id":4141,"skeleton":{"1":{"id":1,"position":[67.72059202194214,168.5395985841751,2920.587062835693],"positionconfidence":1,"rotation":[0.9983649849891663,0.05716191232204437,0,-0.05713654309511185,0.997921884059906,0.02979129366576672,0.001702927285805345,-0.02974258363246918,0.999556303024292],"rotationconfidence":1},"2":{"id":2,"position":[78.7309929728508,-23.76325242221355,2914.846181869507],"positionconfidence":1,"rotation":[0.998289167881012,0.0574779286980629,-0.01073109451681376,-0.05713654309511185,0.997921884059906,0.02979129366576672,0.01242113392800093,-0.02912718243896961,0.9994984865188599],"rotationconfidence":1},"3":{"id":3,"position":[73.550745844841,-349.5665192604065,2857.788562774658],"positionconfidence":1,"rotation":[0.9997152090072632,-0.01231434196233749,-0.02044808119535446,0.01565964706242085,0.9848881959915161,0.1724825352430344,0.0180150605738163,-0.1727535873651505,0.9848003387451172],"rotationconfidence":1},"4":{"id":4,"position":[70.97586989402771,-397.0672190189362,2797.89662361145],"positionconfidence":1,"rotation":[0.996811032295227,0.0358545258641243,-0.07129139453172684,0.0336650088429451,0.6210440397262573,0.7830523252487183,0.07235106825828552,-0.7829552292823792,0.617856502532959],"rotationconfidence":1},"6":{"id":6,"position":[-91.5059745311737,-153.6857187747955,2907.461643218994],"positionconfidence":1,"rotation":[0.2056707292795181,0.978562593460083,-0.01071835588663817,0.3469860255718231,-0.08316044509410858,-0.9341762065887451,-0.9150411486625671,0.1884135603904724,-0.3566511869430542],"rotationconfidence":1},"7":{"id":7,"position":[-141.9171243906021,-393.5373723506928,2910.088777542114],"positionconfidence":1,"rotation":[-0.3454390466213226,0.09047234803438187,0.9340699315071106,0.2082585096359253,0.9779136776924133,-0.01770052127540112,-0.9150411486625671,0.1884135603904724,-0.3566511869430542],"rotationconfidence":1},"8":{"id":8,"position":[-69.95151937007904,-412.3855531215668,2715.493202209473],"positionconfidence":0.5,"rotation":[-0.3465387523174286,0.2412478029727936,0.9064823985099792,0,0.966362476348877,-0.2571840584278107,-0.9380356669425964,-0.08912423998117447,-0.3348820507526398],"rotationconfidence":0.5},"9":{"id":9,"position":[-46.89659178256989,-428.4355640411377,2655.185699462891],"positionconfidence":0.5,"rotation":[-0.3465387523174286,0.2412478029727936,0.9064823985099792,0,0.966362476348877,-0.2571840584278107,-0.9380356669425964,-0.08912423998117447,-0.3348820507526398],"rotationconfidence":0.5},"12":{"id":12,"position":[251.2101829051971,-139.9428248405457,2903.603076934815],"positionconfidence":1,"rotation":[0.2987062335014343,-0.9480820894241333,-0.1091558709740639,-0.6471686959266663,-0.1171706989407539,-0.7532886862754822,0.7013896107673645,0.2956542670726776,-0.6485686302185059],"rotationconfidence":1},"13":{"id":13,"position":[326.0718882083893,-377.5509893894196,2876.246452331543],"positionconfidence":1,"rotation":[-0.3762955963611603,-0.6191918253898621,-0.6892046332359314,-0.6053546667098999,0.7274544835090637,-0.3230413198471069,0.7013896107673645,0.2956542670726776,-0.6485686302185059],"rotationconfidence":1},"14":{"id":14,"position":[247.8874921798706,-506.2028765678406,2733.047723770142],"positionconfidence":1,"rotation":[-0.4329825639724731,-0.5945454239845276,-0.6775263547897339,0,-0.7516358494758606,0.659578263759613,-0.9014023542404175,0.285585880279541,0.3254452049732208],"rotationconfidence":1},"15":{"id":15,"position":[219.5272445678711,-545.1454520225525,2688.669919967651],"positionconfidence":0.5,"rotation":[-0.4329825639724731,-0.5945454239845276,-0.6775263547897339,0,-0.7516358494758606,0.659578263759613,-0.9014023542404175,0.285585880279541,0.3254452049732208],"rotationconfidence":0.5},"17":{"id":17,"position":[-6.260911002755165,-472.1095860004425,2777.284383773804],"positionconfidence":1,"rotation":[0.9070600271224976,-0.3722096383571625,-0.1967281997203827,0.4131566286087036,0.8767805099487305,0.2460841983556747,0.08089255541563034,-0.304492712020874,0.9490735530853271],"rotationconfidence":1},"18":{"id":18,"position":[-148.075670003891,-773.0618119239807,2692.816734313965],"positionconfidence":1,"rotation":[0.8343729376792908,-0.5512003898620605,0,0.5270562171936035,0.7978249788284302,0.2927235066890717,-0.1613493114709854,-0.2442405670881271,0.9561971426010132],"rotationconfidence":1},"19":{"id":19,"position":[-285.471498966217,-981.0431003570557,2616.508007049561],"positionconfidence":1,"rotation":[0.9478645324707031,-0.3186733424663544,0,0.1195108518004417,0.3554740250110626,-0.927014172077179,0.2954147458076477,0.8786839842796326,0.3750261962413788],"rotationconfidence":1},"20":{"id":20,"position":[-305.5803179740906,-1040.854930877686,2590.980052947998],"positionconfidence":1,"rotation":[0.9478645324707031,-0.3186733424663544,0,0.1195108518004417,0.3554740250110626,-0.927014172077179,0.2954147458076477,0.8786839842796326,0.3750261962413788],"rotationconfidence":1},"21":{"id":21,"position":[145.0994908809662,-467.0129120349884,2766.018629074097],"positionconfidence":1,"rotation":[0.9716041088104248,0.2362029701471329,-0.01391695532947779,-0.2224731594324112,0.9319893717765808,0.2861843407154083,0.08056804537773132,-0.2749617397785187,0.9580735564231873],"rotationconfidence":1},"22":{"id":22,"position":[220.9086567163467,-784.5942974090576,2668.49946975708],"positionconfidence":1,"rotation":[-0.6463854312896729,-0.06074239686131477,-0.7605894804000854,-0.4852747619152069,0.8019673824310303,0.3483628332614899,0.5888075828552246,0.5942715406417847,-0.5478568077087402],"rotationconfidence":1},"23":{"id":23,"position":[341.9709801673889,-984.6624732017517,2581.592798233032],"positionconfidence":1,"rotation":[0.9980455040931702,0.0624912716448307,0,0.001661560963839293,-0.0265367217361927,-0.9996464848518372,-0.06246918067336083,0.9976927042007446,-0.02658868953585625],"rotationconfidence":1},"24":{"id":24,"position":[347.0958471298218,-1066.511511802673,2583.774089813232],"positionconfidence":1,"rotation":[0.9980455040931702,0.0624912716448307,0,0.001661560963839293,-0.0265367217361927,-0.9996464848518372,-0.06246918067336083,0.9976927042007446,-0.02658868953585625],"rotationconfidence":1}},"skeletonTracked":true,"frameCount":4},{"position":[59.94938313961029,-466.3285911083221,2697.599649429321],"positionTracked":true,"id":4141,"skeleton":{"1":{"id":1,"position":[67.56192445755005,168.9247041940689,2920.21632194519],"positionconfidence":1,"rotation":[0.9983145594596863,0.05803443491458893,0,-0.05801225826144218,0.9979330897331238,0.02764693833887577,0.00160447449889034,-0.02760034054517746,0.9996178150177002],"rotationconfidence":1},"2":{"id":2,"position":[78.76018434762955,-23.70895817875862,2914.879560470581],"positionconfidence":1,"rotation":[0.9982353448867798,0.05833720788359642,-0.0110950767993927,-0.05801225826144218,0.9979330897331238,0.02764693833887577,0.01268498692661524,-0.02695449441671372,0.9995561242103577],"rotationconfidence":1},"3":{"id":3,"position":[73.54936748743057,-349.5632112026215,2857.679605484009],"positionconfidence":1,"rotation":[0.9997057318687439,-0.01231788471341133,-0.02089947089552879,0.01574847474694252,0.984818160533905,0.172873467206955,0.01845274120569229,-0.1731517165899277,0.9847223162651062],"rotationconfidence":1},"4":{"id":4,"position":[70.95564156770706,-397.0552384853363,2797.78790473938],"positionconfidence":1,"rotation":[0.9967842698097229,0.03590406477451325,-0.07163834571838379,0.03391364961862564,0.6209707260131836,0.7830997109413147,0.07260178029537201,-0.7830110788345337,0.6177562475204468],"rotationconfidence":1},"6":{"id":6,"position":[-91.5515348315239,-153.7276357412338,2907.491683959961],"positionconfidence":1,"rotation":[0.2057705968618393,0.9785407781600952,-0.01078909449279308,0.3456913828849793,-0.08299844712018967,-0.9346703886985779,-0.9155085682868958,0.1885979920625687,-0.3553517460823059],"rotationconfidence":1},"7":{"id":7,"position":[-141.9975161552429,-393.6231732368469,2910.136699676514],"positionconfidence":1,"rotation":[-0.3441026508808136,0.0905027911067009,0.9345601201057434,0.2084164917469025,0.977875292301178,-0.01795901171863079,-0.9155085682868958,0.1885979920625687,-0.3553517460823059],"rotationconfidence":1},"8":{"id":8,"position":[-70.35494595766068,-412.4659597873688,2715.5601978302],"positionconfidence":0.5,"rotation":[-0.3491515219211578,0.1911566257476807,0.9173616170883179,0,0.9789720177650452,-0.2039947807788849,-0.9370663166046143,-0.07122509181499481,-0.3418095707893372],"rotationconfidence":0.5},"9":{"id":9,"position":[-47.33097925782204,-425.0713288784027,2655.066967010498],"positionconfidence":0.5,"rotation":[-0.3491515219211578,0.1911566257476807,0.9173616170883179,0,0.9789720177650452,-0.2039947807788849,-0.9370663166046143,-0.07122509181499481,-0.3418095707893372],"rotationconfidence":0.5},"12":{"id":12,"position":[251.1990368366242,-139.8022472858429,2903.517484664917],"positionconfidence":1,"rotation":[0.2984375059604645,-0.9480212330818176,-0.1104122176766396,-0.6325562000274658,-0.1098360046744347,-0.7666870951652527,0.7147083282470703,0.2986501157283783,-0.6324558258056641],"rotationconfidence":1},"13":{"id":13,"position":[326.0020017623901,-377.4225115776062,2875.842809677124],"positionconfidence":1,"rotation":[-0.4126144647598267,-0.5501052141189575,-0.7260395884513855,-0.5647490620613098,0.7798669338226318,-0.2699374258518219,0.7147083282470703,0.2986501157283783,-0.6324558258056641],"rotationconfidence":1},"14":{"id":14,"position":[240.2715533971787,-491.7199313640595,2724.990844726563],"positionconfidence":1,"rotation":[-0.3878852128982544,-0.6717934012413025,-0.6310614943504333,0,-0.6846655607223511,0.7288573384284973,-0.9217076301574707,0.282712996006012,0.265571653842926],"rotationconfidence":1},"15":{"id":15,"position":[214.712455868721,-535.9867215156555,2683.40802192688],"positionconfidence":0.5,"rotation":[-0.3878852128982544,-0.6717934012413025,-0.6310614943504333,0,-0.6846655607223511,0.7288573384284973,-0.9217076301574707,0.282712996006012,0.265571653842926],"rotationconfidence":0.5},"17":{"id":17,"position":[-6.300964392721653,-472.0906317234039,2777.21095085144],"positionconfidence":1,"rotation":[0.9062976241111755,-0.3738229274749756,-0.19718337059021,0.4147523045539856,0.8763712644577026,0.2448551654815674,0.08127334713935852,-0.3036938905715942,0.9492970108985901],"rotationconfidence":1},"18":{"id":18,"position":[-149.2221206426621,-774.0828990936279,2692.835330963135],"positionconfidence":1,"rotation":[0.8361189365386963,-0.5485483407974243,0,0.5245774388313293,0.7995815277099609,0.2923830449581146,-0.1603862345218658,-0.2444670051336289,0.9563013315200806],"rotationconfidence":1},"19":{"id":19,"position":[-285.9368026256561,-982.4687838554382,2616.634845733643],"positionconfidence":1,"rotation":[0.9641490578651428,-0.2653612196445465,0,0.06196487694978714,0.2251398265361786,-0.9723540544509888,0.258025050163269,0.9374942779541016,0.233511433005333],"rotationconfidence":1},"20":{"id":20,"position":[-303.6820888519287,-1046.943545341492,2600.57544708252],"positionconfidence":1,"rotation":[0.9641490578651428,-0.2653612196445465,0,0.06196487694978714,0.2251398265361786,-0.9723540544509888,0.258025050163269,0.9374942779541016,0.233511433005333],"rotationconfidence":1},"21":{"id":21,"position":[145.0597494840622,-466.9934809207916,2765.882968902588],"positionconfidence":1,"rotation":[0.9714583158493042,0.2367812246084213,-0.01425953861325979,-0.2229690402746201,0.9319995641708374,0.2857650816440582,0.0809536874294281,-0.2744294106960297,0.9581935405731201],"rotationconfidence":1},"22":{"id":22,"position":[221.1311310529709,-784.9680781364441,2668.387174606323],"positionconfidence":1,"rotation":[-0.6346341967582703,-0.05199334025382996,-0.7710617184638977,-0.4871911406517029,0.801417887210846,0.3469498455524445,0.5999035835266113,0.5958406925201416,-0.5339378714561462],"rotationconfidence":1},"23":{"id":23,"position":[342.428982257843,-984.5001697540283,2582.005739212036],"positionconfidence":1,"rotation":[0.9959895610809326,0.08946911245584488,0,-0.0005796144250780344,0.006452393718063831,-0.9999789595603943,-0.08946723490953445,0.9959686994552612,0.006478374823927879],"rotationconfidence":1},"24":{"id":24,"position":[349.8274385929108,-1066.861391067505,2581.470012664795],"positionconfidence":1,"rotation":[0.9959895610809326,0.08946911245584488,0,-0.0005796144250780344,0.006452393718063831,-0.9999789595603943,-0.08946723490953445,0.9959686994552612,0.006478374823927879],"rotationconfidence":1}},"skeletonTracked":true,"frameCount":5},{"position":[51.12993344664574,-474.9927222728729,2694.531202316284],"positionTracked":true,"id":4141,"skeleton":{"1":{"id":1,"position":[67.39150732755661,169.1767126321793,2919.672727584839],"positionconfidence":1,"rotation":[0.9982625842094421,0.05892259627580643,0,-0.05890459567308426,0.9979576468467712,0.02471216395497322,0.001456104917451739,-0.0246692281216383,0.9996945858001709],"rotationconfidence":1},"2":{"id":2,"position":[78.7745788693428,-23.6744973808527,2914.897203445435],"positionconfidence":1,"rotation":[0.9981797933578491,0.05920242890715599,-0.01149803213775158,-0.05890459567308426,0.9979576468467712,0.02471216395497322,0.01293756999075413,-0.02398989722132683,0.9996285438537598],"rotationconfidence":1},"3":{"id":3,"position":[73.54617863893509,-349.5686650276184,2857.584953308106],"positionconfidence":1,"rotation":[0.999695360660553,-0.01227231323719025,-0.02141483128070831,0.01579879596829414,0.9847630858421326,0.17318195104599,0.01896319352090359,-0.1734675467014313,0.9846570491790771],"rotationconfidence":1},"4":{"id":4,"position":[70.93614339828491,-397.0562815666199,2797.698020935059],"positionconfidence":1,"rotation":[0.9967511892318726,0.03604694828391075,-0.07202471047639847,0.03412953391671181,0.62096107006073,0.7830979228019714,0.07295284420251846,-0.7830120921134949,0.6177135109901428],"rotationconfidence":1},"6":{"id":6,"position":[-91.74416959285736,-153.8993716239929,2907.506704330444],"positionconfidence":1,"rotation":[0.2054215967655182,0.97861248254776,-0.01094242092221975,0.344186395406723,-0.08270611613988876,-0.9352517127990723,-0.9161538481712341,0.1883546411991119,-0.3538146615028381],"rotationconfidence":1},"7":{"id":7,"position":[-142.092689871788,-393.7557935714722,2910.188674926758],"positionconfidence":1,"rotation":[-0.3437697291374207,0.08468727022409439,0.9352275133132935,0.2061180472373962,0.9784430265426636,-0.01283594407141209,-0.9161538481712341,0.1883546411991119,-0.3538146615028381],"rotationconfidence":1},"8":{"id":8,"position":[-70.54851204156876,-411.3806188106537,2715.55233001709],"positionconfidence":0.5,"rotation":[-0.3548698425292969,0.1286280602216721,0.9260249733924866,0,0.9904903173446655,-0.1375825256109238,-0.9349157214164734,-0.04882388934493065,-0.3514951467514038],"rotationconfidence":0.5},"9":{"id":9,"position":[-47.27886244654656,-419.8150634765625,2654.830694198608],"positionconfidence":0.5,"rotation":[-0.3548698425292969,0.1286280602216721,0.9260249733924866,0,0.9904903173446655,-0.1375825256109238,-0.9349157214164734,-0.04882388934493065,-0.3514951467514038],"rotationconfidence":0.5},"12":{"id":12,"position":[251.1676847934723,-139.665886759758,2903.410196304321],"positionconfidence":1,"rotation":[0.2982670366764069,-0.9479592442512512,-0.1114004999399185,-0.6293215155601501,-0.107562392950058,-0.7696653604507446,0.7176288366317749,0.299672544002533,-0.6286534667015076],"rotationconfidence":1},"13":{"id":13,"position":[325.933039188385,-377.2868812084198,2875.485897064209],"positionconfidence":1,"rotation":[-0.4261318147182465,-0.5250293016433716,-0.7367196083068848,-0.5508361458778381,0.7965804934501648,-0.2490761578083038,0.7176288366317749,0.299672544002533,-0.6286534667015076],"rotationconfidence":1},"14":{"id":14,"position":[235.5840653181076,-488.6042177677155,2719.285726547241],"positionconfidence":0.5,"rotation":[-0.4249514639377594,-0.6106844544410706,-0.6681922078132629,0,-0.7381576299667358,0.6746283769607544,-0.9052162170410156,0.2866843044757843,0.3136811554431915],"rotationconfidence":0.5},"15":{"id":15,"position":[206.1034291982651,-530.9699177742004,2672.930479049683],"positionconfidence":0.5,"rotation":[-0.4249514639377594,-0.6106844544410706,-0.6681922078132629,0,-0.7381576299667358,0.6746283769607544,-0.9052162170410156,0.2866843044757843,0.3136811554431915],"rotationconfidence":0.5},"17":{"id":17,"position":[-6.346231326460838,-472.1217751502991,2777.161359786987],"positionconfidence":1,"rotation":[0.9054222702980042,-0.375590592622757,-0.197843462228775,0.4165801107883453,0.8757830262184143,0.2438546270132065,0.08167844265699387,-0.3032090663909912,0.9494170546531677],"rotationconfidence":1},"18":{"id":18,"position":[-150.4915207624435,-775.1607298851013,2692.782640457153],"positionconfidence":1,"rotation":[0.8377292156219482,-0.5460858345031738,0,0.5221804976463318,0.8010569214820862,0.2926349639892578,-0.1598038077354431,-0.2451488524675369,0.9562241435050964],"rotationconfidence":1},"19":{"id":19,"position":[-286.3363027572632,-983.5549592971802,2616.653919219971],"positionconfidence":1,"rotation":[0.9719398021697998,-0.2352296262979507,0,0.03300691395998001,0.1363804936408997,-0.9901065826416016,0.2329024076461792,0.9623240232467651,0.1403178423643112],"rotationconfidence":1},"20":{"id":20,"position":[-302.6606440544128,-1051.005125045776,2606.818914413452],"positionconfidence":1,"rotation":[0.9719398021697998,-0.2352296262979507,0,0.03300691395998001,0.1363804936408997,-0.9901065826416016,0.2329024076461792,0.9623240232467651,0.1403178423643112],"rotationconfidence":1},"21":{"id":21,"position":[145.0270116329193,-467.0020043849945,2765.773773193359],"positionconfidence":1,"rotation":[0.9711737036705017,0.2379374951124191,-0.01440352573990822,-0.2240592390298843,0.9318119287490845,0.2855241000652313,0.08135826140642166,-0.2740662395954132,0.9582633376121521],"rotationconfidence":1},"22":{"id":22,"position":[221.6053903102875,-785.4742407798767,2668.188095092773],"positionconfidence":1,"rotation":[-0.6366180181503296,-0.05677887052297592,-0.7690862417221069,-0.4879356920719147,0.8019404411315918,0.34468874335289,0.5971903204917908,0.5946996808052063,-0.5382341742515564],"rotationconfidence":1},"23":{"id":23,"position":[342.8456783294678,-984.7371578216553,2582.541227340698],"positionconfidence":1,"rotation":[0.9942067861557007,0.1074841991066933,0,-0.001673572929576039,0.01548020634800196,-0.9998788237571716,-0.1074711754918098,0.9940863251686096,0.01557040866464376],"rotationconfidence":1},"24":{"id":24,"position":[351.8143594264984,-1067.695617675781,2581.241846084595],"positionconfidence":1,"rotation":[0.9942067861557007,0.1074841991066933,0,-0.001673572929576039,0.01548020634800196,-0.9998788237571716,-0.1074711754918098,0.9940863251686096,0.01557040866464376],"rotationconfidence":1}},"skeletonTracked":true,"frameCount":6},{"position":[54.87068742513657,-480.0717830657959,2694.059371948242],"positionTracked":true,"id":4141,"skeleton":{"1":{"id":1,"position":[67.11360812187195,169.2187488079071,2918.927431106567],"positionconfidence":1,"rotation":[0.9981741905212402,0.0604003332555294,0,-0.06038721650838852,0.9979574680328369,0.02084210701286793,0.001258870237506926,-0.02080405317246914,0.9997828006744385],"rotationconfidence":1},"2":{"id":2,"position":[78.78443598747253,-23.65303412079811,2914.899349212647],"positionconfidence":1,"rotation":[0.9980948567390442,0.06063399836421013,-0.01141840312629938,-0.06038721650838852,0.9979574680328369,0.02084210701286793,0.01265881955623627,-0.02011287212371826,0.9997175931930542],"rotationconfidence":1},"3":{"id":3,"position":[73.53844493627548,-349.5781123638153,2857.505083084106],"positionconfidence":1,"rotation":[0.9996930956840515,-0.01230437122285366,-0.02150175906717777,0.01584979891777039,0.9847228527069092,0.1734062433242798,0.01903961785137653,-0.1736938059329987,0.9846156239509583],"rotationconfidence":1},"4":{"id":4,"position":[70.9189772605896,-397.0654904842377,2797.625064849854],"positionconfidence":1,"rotation":[0.9967228770256042,0.03622468560934067,-0.07232961803674698,0.03425522893667221,0.6210005879402161,0.7830612659454346,0.0732828751206398,-0.7829726934432983,0.6177245378494263],"rotationconfidence":1},"6":{"id":6,"position":[-92.07449108362198,-154.2397290468216,2907.385110855103],"positionconfidence":1,"rotation":[0.2047160714864731,0.9787530303001404,-0.01156933326274157,0.3406957387924194,-0.08233056217432022,-0.9365619421005249,-0.9176153540611267,0.1877876669168472,-0.3503113687038422],"rotationconfidence":1},"7":{"id":7,"position":[-142.1932280063629,-393.8587605953217,2910.217523574829],"positionconfidence":1,"rotation":[-0.343501478433609,0.06875139474868774,0.9366321563720703,0.1999723613262177,0.9798005223274231,0.00141800579149276,-0.9176153540611267,