{"motiondata":[{"position":[5.659689661115408,-595.9045886993408,2778.560400009155],"positionTracked":true,"id":4048,"skeleton":{"1":{"id":1,"position":[47.46735095977783,3.045272314921022,3046.644449234009],"positionconfidence":1,"rotation":[0.9996412396430969,0.02678566053509712,0,-0.02628388442099094,0.9809149503707886,0.1926525831222534,0.005160326603800058,-0.1925834715366364,0.9812670946121216],"rotationconfidence":1},"2":{"id":2,"position":[52.45457962155342,-183.0781698226929,3010.089635848999],"positionconfidence":1,"rotation":[0.9940732717514038,0.04598347097635269,-0.09850771725177765,-0.02628388442099094,0.9809149503707886,0.1926525831222534,0.1054865270853043,-0.1889216154813767,0.9763099551200867],"rotationconfidence":1},"3":{"id":3,"position":[44.13670673966408,-513.2234692573547,2962.206602096558],"positionconfidence":1,"rotation":[0.9939302802085876,-0.009141161106526852,-0.1096312031149864,0.0249259527772665,0.9893378019332886,0.1434898376464844,0.107150636613369,-0.1453515589237213,0.9835607409477234],"rotationconfidence":1},"4":{"id":4,"position":[36.61951422691345,-561.1699223518372,2901.389122009277],"positionconfidence":1,"rotation":[0.9953122735023499,-0.06332622468471527,-0.0730988159775734,0.09661167114973068,0.6162123680114746,0.7816320061683655,-0.004453402478247881,-0.7850300073623657,0.6194417476654053],"rotationconfidence":1},"6":{"id":6,"position":[-129.4828355312347,-307.3687553405762,3017.386198043823],"positionconfidence":1,"rotation":[0.3159242570400238,0.9339228272438049,-0.1672724187374115,0.1545811742544174,-0.2246119827032089,-0.9621091485023499,-0.9361070394515991,0.2780964374542236,-0.2153272479772568],"rotationconfidence":1},"7":{"id":7,"position":[-199.0874409675598,-513.1311416625977,3054.239749908447],"positionconfidence":1,"rotation":[-0.1667677313089371,0.1880695223808289,0.9678938388824463,0.3096643090248108,0.9419618844985962,-0.1296756863594055,-0.9361070394515991,0.2780964374542236,-0.2153272479772568],"rotationconfidence":1},"8":{"id":8,"position":[-163.9537662267685,-552.7525544166565,2850.329399108887],"positionconfidence":0.5,"rotation":[-0.1434686481952667,-0.2956409156322479,0.9444645047187805,0,0.9543372988700867,0.2987313568592072,-0.9896548986434937,0.04285858571529388,-0.1369174867868424],"rotationconfidence":0.5},"9":{"id":9,"position":[-155.5709987878799,-535.4784727096558,2795.145034790039],"positionconfidence":0.5,"rotation":[-0.1434686481952667,-0.2956409156322479,0.9444645047187805,0,0.9543372988700867,0.2987313568592072,-0.9896548986434937,0.04285858571529388,-0.1369174867868424],"rotationconfidence":0.5},"12":{"id":12,"position":[216.2849009037018,-314.1398131847382,2978.717088699341],"positionconfidence":1,"rotation":[0.307817816734314,-0.9504659175872803,0.04315900802612305,-0.430786520242691,-0.179672971367836,-0.8843871355056763,0.8483343720436096,0.253637820482254,-0.4647544622421265],"rotationconfidence":1},"13":{"id":13,"position":[286.3261997699738,-530.4101705551147,2988.537549972534],"positionconfidence":1,"rotation":[-0.4333671927452087,-0.1716506779193878,-0.8847196698188782,-0.3041737973690033,0.9519474506378174,-0.03569886088371277,0.8483343720436096,0.253637820482254,-0.4647544622421265],"rotationconfidence":1},"14":{"id":14,"position":[182.974174618721,-571.3464617729187,2777.544260025024],"positionconfidence":1,"rotation":[-0.6053276062011719,0.2064699083566666,-0.7687318325042725,0,-0.9657720923423767,-0.2593919634819031,-0.7959764003753662,-0.1570171117782593,0.5846084952354431],"rotationconfidence":1},"15":{"id":15,"position":[137.3476535081863,-555.7838082313538,2719.601154327393],"positionconfidence":0.5,"rotation":[-0.6053276062011719,0.2064699083566666,-0.7687318325042725,0,-0.9657720923423767,-0.2593919634819031,-0.7959764003753662,-0.1570171117782593,0.5846084952354431],"rotationconfidence":0.5},"17":{"id":17,"position":[-40.23506492376328,-633.5485577583313,2878.185510635376],"positionconfidence":1,"rotation":[0.5027356147766113,-0.7477595806121826,-0.4337193965911865,0.8644285202026367,0.4374855756759644,0.2477292269468308,0.004504082724452019,-0.4994616806507111,0.866324245929718],"rotationconfidence":1},"18":{"id":18,"position":[-347.902238368988,-789.2583012580872,2790.013790130615],"positionconfidence":1,"rotation":[0.8436304926872253,-0.5369241237640381,0,0.5244817137718201,0.8240806460380554,0.214032918214798,-0.114919438958168,-0.1805647015571594,0.9768264293670654],"rotationconfidence":1},"19":{"id":19,"position":[-481.2358915805817,-998.755931854248,2735.602378845215],"positionconfidence":1,"rotation":[0.9981293678283691,-0.06113695353269577,0,-0.01268316153436899,-0.2070668488740921,-0.9782446026802063,0.05980689451098442,0.976414680480957,-0.2074549198150635],"rotationconfidence":1},"20":{"id":20,"position":[-486.6677522659302,-1087.437152862549,2754.444122314453],"positionconfidence":1,"rotation":[0.9981293678283691,-0.06113695353269577,0,-0.01268316153436899,-0.2070668488740921,-0.9782446026802063,0.05980689451098442,0.976414680480957,-0.2074549198150635],"rotationconfidence":1},"21":{"id":21,"position":[108.1701889634132,-636.210024356842,2875.879526138306],"positionconfidence":1,"rotation":[0.8779485821723938,0.383280873298645,0.2868837416172028,-0.4787523746490479,0.7008310556411743,0.5288024544715881,0.001622848911210895,-0.601607620716095,0.7987902164459229],"rotationconfidence":1},"22":{"id":22,"position":[254.7650635242462,-850.8058190345764,2713.959217071533],"positionconfidence":1,"rotation":[0.7654733657836914,0.5763610601425171,0.2861088216304779,-0.6434268951416016,0.6806052327156067,0.3503973186016083,0.00722820870578289,-0.4523099362850189,0.8918313980102539],"rotationconfidence":1},"23":{"id":23,"position":[482.286810874939,-1091.474175453186,2590.055465698242],"positionconfidence":0.5,"rotation":[0.2757001519203186,0.961243748664856,0,-0.8611570000648499,0.2469936609268189,-0.4443005323410034,-0.4270810484886169,0.1224937066435814,0.8958778381347656],"rotationconfidence":0.5},"24":{"id":24,"position":[515.5184864997864,-1101.005554199219,2520.346164703369],"positionconfidence":0.5,"rotation":[0.2757001519203186,0.961243748664856,0,-0.8611570000648499,0.2469936609268189,-0.4443005323410034,-0.4270810484886169,0.1224937066435814,0.8958778381347656],"rotationconfidence":0.5}},"skeletonTracked":true,"frameCount":1},{"position":[2.773168962448835,-594.6072936058044,2778.022050857544],"positionTracked":true,"id":4048,"skeleton":{"1":{"id":1,"position":[49.80909824371338,5.694751162081957,3047.449350357056],"positionconfidence":1,"rotation":[0.9998067617416382,0.01965674385428429,0,-0.01928594522178173,0.9809466600418091,0.1933177411556244,0.003799997270107269,-0.1932803839445114,0.9811362028121948],"rotationconfidence":1},"2":{"id":2,"position":[53.48999798297882,-181.5279424190521,3010.552883148193],"positionconfidence":1,"rotation":[0.9945326447486877,0.03866955637931824,-0.09700232744216919,-0.01928594522178173,0.9809466600418091,0.1933177411556244,0.102629616856575,-0.190390020608902,0.9763292074203491],"rotationconfidence":1},"3":{"id":3,"position":[44.49356719851494,-511.9842886924744,2962.355613708496],"positionconfidence":1,"rotation":[0.9941658973693848,-0.01142205763608217,-0.1072561368346214,0.0269294697791338,0.9891716837882996,0.1442713141441345,0.1044468581676483,-0.1463179737329483,0.9837083220481873],"rotationconfidence":1},"4":{"id":4,"position":[37.06153482198715,-559.8284602165222,2901.556491851807],"positionconfidence":1,"rotation":[0.9953464269638062,-0.06853751093149185,-0.06773661077022552,0.09562230110168457,0.6155745387077332,0.782256007194519,-0.01191694755107164,-0.7850927710533142,0.6192635893821716],"rotationconfidence":1},"6":{"id":6,"position":[-128.6871582269669,-304.3254017829895,3017.522096633911],"positionconfidence":1,"rotation":[0.3189707398414612,0.9327602982521057,-0.1679753512144089,0.1438775360584259,-0.2228346019983292,-0.9641804099082947,-0.9367800951004028,0.2833774983882904,-0.2052810043096542],"rotationconfidence":1},"7":{"id":7,"position":[-199.2674022912979,-510.7219219207764,3054.690837860107],"positionconfidence":1,"rotation":[-0.1518298387527466,0.1993775218725205,0.9680889844894409,0.3152630627155304,0.9380542635917664,-0.1437477320432663,-0.9367800951004028,0.2833774983882904,-0.2052810043096542],"rotationconfidence":1},"8":{"id":8,"position":[-167.1281754970551,-552.9260039329529,2849.766492843628],"positionconfidence":0.5,"rotation":[-0.1434661746025085,-0.2873720228672028,0.9470136165618896,0,0.9569126963615417,0.2903758883476257,-0.9896552562713623,0.04165911674499512,-0.1372846066951752],"rotationconfidence":0.5},"9":{"id":9,"position":[-158.7844789028168,-536.2130403518677,2794.690132141113],"positionconfidence":0.5,"rotation":[-0.1434661746025085,-0.2873720228672028,0.9470136165618896,0,0.9569126963615417,0.2903758883476257,-0.9896552562713623,0.04165911674499512,-0.1372846066951752],"rotationconfidence":0.5},"12":{"id":12,"position":[217.1110212802887,-312.2393190860748,2979.629278182983],"positionconfidence":1,"rotation":[0.2991863191127777,-0.9534385204315186,0.03798213601112366,-0.4199666380882263,-0.1673182547092438,-0.8919824361801147,0.8568054437637329,0.2509177029132843,-0.4504716694355011],"rotationconfidence":1},"13":{"id":13,"position":[285.5501770973206,-530.3393006324768,2988.317728042603],"positionconfidence":1,"rotation":[-0.3852468430995941,-0.2691787481307983,-0.882682204246521,-0.342738002538681,0.9298297166824341,-0.1339685618877411,0.8568054437637329,0.2509177029132843,-0.4504716694355011],"rotationconfidence":1},"14":{"id":14,"position":[200.2473026514053,-589.9419188499451,2792.870759963989],"positionconfidence":1,"rotation":[-0.5767267346382141,0.2377375662326813,-0.7815799117088318,0,-0.9567198753356934,-0.291010856628418,-0.816937267780304,-0.1678337454795837,0.5517659187316895],"rotationconfidence":1},"15":{"id":15,"position":[156.6382646560669,-571.9654560089111,2733.771800994873],"positionconfidence":0.5,"rotation":[-0.5767267346382141,0.2377375662326813,-0.7815799117088318,0,-0.9567198753356934,-0.291010856628418,-0.816937267780304,-0.1678337454795837,0.5517659187316895],"rotationconfidence":0.5},"17":{"id":17,"position":[-39.78683799505234,-631.8240761756897,2877.958536148071],"positionconfidence":1,"rotation":[0.5233941078186035,-0.7461169958114624,-0.4115434587001801,0.8520885705947876,0.4572025239467621,0.2547763288021088,-0.001934233587235212,-0.4840198755264282,0.8750548362731934],"rotationconfidence":1},"18":{"id":18,"position":[-341.2502110004425,-793.5793399810791,2787.820339202881],"positionconfidence":1,"rotation":[0.8800153136253357,-0.4749453067779541,0,0.4683923423290253,0.86787348985672,0.1655425578355789,-0.07862365990877151,-0.1456799805164337,0.9862027168273926],"rotationconfidence":1},"19":{"id":19,"position":[-471.1851179599762,-1034.332752227783,2741.897821426392],"positionconfidence":1,"rotation":[0.8991220593452454,-0.4376979768276215,0,0.2760240435600281,0.5670104026794434,-0.7760862112045288,0.3396913707256317,0.6977962255477905,0.6306267380714417],"rotationconfidence":1},"20":{"id":20,"position":[-493.7474727630615,-1080.6804895401,2700.011491775513],"positionconfidence":1,"rotation":[0.8991220593452454,-0.4376979768276215,0,0.2760240435600281,0.5670104026794434,-0.7760862112045288,0.3396913707256317,0.6977962255477905,0.6306267380714417],"rotationconfidence":1},"21":{"id":21,"position":[108.3295941352844,-635.3543400764465,2876.333236694336],"positionconfidence":1,"rotation":[0.8786165118217468,0.377367377281189,0.2926206886768341,-0.4774943888187408,0.7015513181686401,0.5289847254753113,-0.005666844081133604,-0.6044994592666626,0.7965853810310364],"rotationconfidence":1},"22":{"id":22,"position":[254.6072602272034,-850.2705693244934,2714.281797409058],"positionconfidence":1,"rotation":[0.766112208366394,0.5827582478523254,0.2710441946983337,-0.642439067363739,0.6821913719177246,0.3491231203079224,0.01855036616325378,-0.4415968656539917,0.8970218300819397],"rotationconfidence":1},"23":{"id":23,"position":[481.0886085033417,-1090.765953063965,2591.204166412354],"positionconfidence":0.5,"rotation":[0.2716255784034729,0.9624029994010925,0,-0.8716302514076233,0.2460061609745026,-0.4239594638347626,-0.4080198705196381,0.11515823751688,0.9056811332702637],"rotationconfidence":0.5},"24":{"id":24,"position":[512.878954410553,-1099.738359451294,2520.639181137085],"positionconfidence":0.5,"rotation":[0.2716255784034729,0.9624029994010925,0,-0.8716302514076233,0.2460061609745026,-0.4239594638347626,-0.4080198705196381,0.11515823751688,0.9056811332702637],"rotationconfidence":0.5}},"skeletonTracked":true,"frameCount":2},{"position":[6.882001645863056,-592.7442908287048,2777.724981307983],"positionTracked":true,"id":4048,"skeleton":{"1":{"id":1,"position":[54.79992181062698,12.60182168334723,3052.825927734375],"positionconfidence":1,"rotation":[0.9999943971633911,0.003350441809743643,0,-0.003278059652075172,0.9783907532691956,0.2067386507987976,0.0006926658097654581,-0.2067374885082245,0.9783962368965149],"rotationconfidence":1},"2":{"id":2,"position":[55.43826892971993,-177.9233664274216,3012.567043304443],"positionconfidence":1,"rotation":[0.9953534603118896,0.02308778278529644,-0.09348055720329285,-0.003278059652075172,0.9783907532691956,0.2067386507987976,0.09623364359140396,-0.2054715752601624,0.9739202260971069],"rotationconfidence":1},"3":{"id":3,"position":[45.36263272166252,-509.2751383781433,2962.875604629517],"positionconfidence":1,"rotation":[0.9946839213371277,-0.01496712956577539,-0.1018825173377991,0.03005781956017017,0.9884945154190063,0.1482403874397278,0.09849156439304352,-0.1505146771669388,0.9836893677711487],"rotationconfidence":1},"4":{"id":4,"position":[38.13842311501503,-556.8846464157104,2901.973485946655],"positionconfidence":1,"rotation":[0.9954522252082825,-0.0734514519572258,-0.06066074594855309,0.09304787963628769,0.6132108569145203,0.7844198346138,-0.02041895128786564,-0.7864968776702881,0.6172566413879395],"rotationconfidence":1},"6":{"id":6,"position":[-127.4040043354034,-299.4722127914429,3017.84873008728],"positionconfidence":1,"rotation":[0.3194949328899384,0.933378279209137,-0.1634866744279862,0.1527840197086334,-0.2210130989551544,-0.9632290005683899,-0.9351897835731506,0.2827686369419098,-0.2132178694009781],"rotationconfidence":1},"7":{"id":7,"position":[-199.0711987018585,-508.8420510292053,3054.521083831787],"positionconfidence":1,"rotation":[-0.1765477359294891,0.1496718674898148,0.9728459119796753,0.3070030212402344,0.9474387168884277,-0.09004943817853928,-0.9351897835731506,0.2827686369419098,-0.2132178694009781],"rotationconfidence":1},"8":{"id":8,"position":[-160.7193350791931,-541.3556098937988,2843.187570571899],"positionconfidence":1,"rotation":[-0.0663059800863266,-0.1816630661487579,0.9811228513717651,0,0.9832867383956909,0.1820637434720993,-0.9977993369102478,0.01207191497087479,-0.06519778817892075],"rotationconfidence":1},"9":{"id":9,"position":[-157.1855694055557,-531.6739082336426,2790.89879989624],"positionconfidence":0.5,"rotation":[-0.0663059800863266,-0.1816630661487579,0.9811228513717651,0,0.9832867383956909,0.1820637434720993,-0.9977993369102478,0.01207191497087479,-0.06519778817892075],"rotationconfidence":0.5},"12":{"id":12,"position":[218.3638364076614,-307.3109090328217,2982.029438018799],"positionconfidence":1,"rotation":[0.2918639779090881,-0.9559773206710815,0.03037490509450436,-0.4118826687335968,-0.1542848646640778,-0.8980805277824402,0.8632311224937439,0.2496064901351929,-0.4387807548046112],"rotationconfidence":1},"13":{"id":13,"position":[285.3565514087677,-526.7402529716492,2989.001512527466],"positionconfidence":1,"rotation":[-0.4218590557575226,-0.1206845194101334,-0.8985934853553772,-0.2772487998008728,0.9607974886894226,0.001120125059969723,0.8632311224937439,0.2496064901351929,-0.4387807548046112],"rotationconfidence":1},"14":{"id":14,"position":[189.1937404870987,-554.2502999305725,2784.167051315308],"positionconfidence":1,"rotation":[-0.5492739081382751,0.04476984590291977,-0.8344422578811646,0,-0.998563826084137,-0.05357536673545837,-0.835642397403717,-0.02942755073308945,0.5484850406646729],"rotationconfidence":1},"15":{"id":15,"position":[153.8648903369904,-551.3707399368286,2730.496406555176],"positionconfidence":0.5,"rotation":[-0.5492739081382751,0.04476984590291977,-0.8344422578811646,0,-0.998563826084137,-0.05357536673545837,-0.835642397403717,-0.02942755073308945,0.5484850406646729],"rotationconfidence":0.5},"17":{"id":17,"position":[-38.59118744730949,-628.1458139419556,2877.79426574707],"positionconfidence":1,"rotation":[0.5549739599227905,-0.7422343492507935,-0.3756223618984222,0.8318189382553101,0.4902547895908356,0.2602451741695404,-0.009012242779135704,-0.456879049539566,0.8894832134246826],"rotationconfidence":1},"18":{"id":18,"position":[-316.4896965026856,-791.9327616691589,2790.850162506104],"positionconfidence":1,"rotation":[0.8680265545845032,-0.4965177476406097,0,0.4916109442710877,0.8594483137130737,0.1402401626110077,-0.06963173300027847,-0.1217321828007698,0.9901174902915955],"rotationconfidence":1},"19":{"id":19,"position":[-465.7256305217743,-1052.831292152405,2748.278141021729],"positionconfidence":1,"rotation":[0.5978410840034485,-0.8016146421432495,0,0.7061126232147217,0.5266160368919373,-0.4733712673187256,0.3794613480567932,0.2830007970333099,0.8808629512786865],"rotationconfidence":1},"20":{"id":20,"position":[-497.404009103775,-1076.456904411316,2674.741506576538],"positionconfidence":1,"rotation":[0.5978410840034485,-0.8016146421432495,0,0.7061126232147217,0.5266160368919373,-0.4733712673187256,0.3794613480567932,0.2830007970333099,0.8808629512786865],"rotationconfidence":1},"21":{"id":21,"position":[109.0826839208603,-632.6016783714294,2877.001762390137],"positionconfidence":1,"rotation":[0.8812967538833618,0.3685799837112427,0.2957447171211243,-0.4723562300205231,0.7056010961532593,0.5282108783721924,-0.01398983411490917,-0.6052073836326599,0.7959449887275696],"rotationconfidence":1},"22":{"id":22,"position":[254.0509700775147,-849.1538763046265,2714.89143371582],"positionconfidence":1,"rotation":[0.7677572965621948,0.5856064558029175,0.2600265145301819,-0.6402187347412109,0.6847432255744934,0.3482049107551575,0.02585965022444725,-0.4338107109069824,0.9006328582763672],"rotationconfidence":1},"23":{"id":23,"position":[479.1655540466309,-1089.924216270447,2592.455148696899],"positionconfidence":0.5,"rotation":[0.2676358819007874,0.9635201096534729,0,-0.8799673318862915,0.2444275170564652,-0.4073237478733063,-0.3924646377563477,0.1090144515037537,0.9132838249206543],"rotationconfidence":0.5},"24":{"id":24,"position":[509.9291205406189,-1098.469376564026,2520.866870880127],"positionconfidence":0.5,"rotation":[0.2676358819007874,0.9635201096534729,0,-0.8799673318862915,0.2444275170564652,-0.4073237478733063,-0.3924646377563477,0.1090144515037537,0.9132838249206543],"rotationconfidence":0.5}},"skeletonTracked":true,"frameCount":3},{"position":[6.771757267415524,-592.4399495124817,2778.769254684448],"positionTracked":true,"id":4048,"skeleton":{"1":{"id":1,"position":[57.93971568346024,17.13617704808712,3056.201219558716],"positionconfidence":1,"rotation":[0.9999851584434509,-0.005438279360532761,0,0.005313653033226728,0.9770690202713013,0.2128566354513168,-0.001157573889940977,-0.2128534764051437,0.9770834445953369],"rotationconfidence":1},"2":{"id":2,"position":[56.89471587538719,-175.017312169075,3014.340162277222],"positionconfidence":1,"rotation":[0.9957454800605774,0.01441231556236744,-0.09101371467113495,0.005313653033226728,0.9770690202713013,0.2128566354513168,0.09199443459510803,-0.2124346196651459,0.9728354215621948],"rotationconfidence":1},"3":{"id":3,"position":[46.11052200198174,-506.8795084953308,2963.404417037964],"positionconfidence":1,"rotation":[0.9950152039527893,-0.01725887507200241,-0.09821921586990356,0.03210331499576569,0.9879158735275269,0.1516298949718475,0.09441535919904709,-0.1540272235870361,0.9835453629493713],"rotationconfidence":1},"4":{"id":4,"position":[39.04654085636139,-554.3233752250671,2902.392864227295],"positionconfidence":1,"rotation":[0.9954773783683777,-0.0774189829826355,-0.05505477637052536,0.09101957082748413,0.6113154292106628,0.7861353754997253,-0.02720597013831139,-0.7875910997390747,0.6155973672866821],"rotationconfidence":1},"6":{"id":6,"position":[-126.4503598213196,-295.4471409320831,3018.241882324219],"positionconfidence":1,"rotation":[0.3191534876823425,0.9342164397239685,-0.1593134254217148,0.1561551541090012,-0.2176463305950165,-0.9634550213813782,-0.93474942445755,0.2826124131679535,-0.2153452783823013],"rotationconfidence":1},"7":{"id":7,"position":[-198.8292187452316,-507.3123574256897,3054.37159538269],"positionconfidence":1,"rotation":[-0.183530867099762,0.1349155604839325,0.9737115502357483,0.3042364120483398,0.949698805809021,-0.07424414157867432,-0.93474942445755,0.2826124131679535,-0.2153452783823013],"rotationconfidence":1},"8":{"id":8,"position":[-158.531129360199,-536.9359254837036,2840.572595596314],"positionconfidence":0.5,"rotation":[-0.06280965358018875,-0.1810142546892166,0.9814727306365967,0,0.9834144711494446,0.1813723742961884,-0.9980254769325256,0.01139193587005138,-0.06176792085170746],"rotationconfidence":0.5},"9":{"id":9,"position":[-155.13776242733,-527.156412601471,2787.54734992981],"positionconfidence":0.5,"rotation":[-0.06280965358018875,-0.1810142546892166,0.9814727306365967,0,0.9834144711494446,0.1813723742961884,-0.9980254769325256,0.01139193587005138,-0.06176792085170746],"rotationconfidence":0.5},"12":{"id":12,"position":[219.0041691064835,-303.455114364624,2983.825922012329],"positionconfidence":1,"rotation":[0.2884524166584015,-0.9571822285652161,0.02444162964820862,-0.4118370711803436,-0.1470733731985092,-0.8993106484413147,0.8643988966941833,0.2493423521518707,-0.4366267919540405],"rotationconfidence":1},"13":{"id":13,"position":[285.2677702903748,-523.3400464057922,2989.440679550171],"positionconfidence":1,"rotation":[-0.4406537711620331,-0.04254704341292381,-0.8966682553291321,-0.2421545535326004,0.9674803018569946,0.07309602946043015,0.8643988966941833,0.2493423521518707,-0.4366267919540405],"rotationconfidence":1},"14":{"id":14,"position":[182.1431219577789,-533.2971811294556,2779.596567153931],"positionconfidence":1,"rotation":[-0.5112314224243164,-0.06466054171323776,-0.8570072054862976,0,-0.9971657991409302,0.07523540407419205,-0.8594430088996887,0.03846270218491554,0.5097824931144714],"rotationconfidence":1},"15":{"id":15,"position":[151.8219411373138,-537.132203578949,2728.767395019531],"positionconfidence":0.5,"rotation":[-0.5112314224243164,-0.06466054171323776,-0.8570072054862976,0,-0.9971657991409302,0.07523540407419205,-0.8594430088996887,0.03846270218491554,0.5097824931144714],"rotationconfidence":0.5},"17":{"id":17,"position":[-37.5468023121357,-624.9712705612183,2877.72274017334],"positionconfidence":1,"rotation":[0.5750762224197388,-0.7403798699378967,-0.3480300605297089,0.8179641366004944,0.512610137462616,0.2610852420330048,-0.01489851158112288,-0.4348200261592865,0.900394082069397],"rotationconfidence":1},"18":{"id":18,"position":[-303.7436604499817,-791.7942404747009,2792.755603790283],"positionconfidence":1,"rotation":[0.8351046442985535,-0.5500910878181458,0,0.5403277277946472,0.8202826380729675,0.1875695139169693,-0.103180319070816,-0.1566401720046997,0.9822512865066528],"rotationconfidence":1},"19":{"id":19,"position":[-456.3474953174591,-1023.465275764465,2739.78066444397],"positionconfidence":1,"rotation":[0.8589119911193848,-0.5121232271194458,0,0.2300728559494019,0.3858687281608582,-0.8934046626091003,0.4575332999229431,0.7673559784889221,0.4492529332637787],"rotationconfidence":1},"20":{"id":20,"position":[-488.8803064823151,-1078.027963638306,2707.836627960205],"positionconfidence":1,"rotation":[0.8589119911193848,-0.5121232271194458,0,0.2300728559494019,0.3858687281608582,-0.8934046626091003,0.4575332999229431,0.7673559784889221,0.4492529332637787],"rotationconfidence":1},"21":{"id":21,"position":[109.7287312150002,-630.0836205482483,2877.69079208374],"positionconfidence":1,"rotation":[0.8837483525276184,0.360872745513916,0.2979260385036469,-0.4674978852272034,0.7091991305351257,0.5277143716812134,-0.02085114270448685,-0.6056464314460754,0.7954607009887695],"rotationconfidence":1},"22":{"id":22,"position":[253.390371799469,-848.0198383331299,2715.524673461914],"positionconfidence":1,"rotation":[0.7693116664886475,0.5866069197654724,0.2530845105648041,-0.6381701231002808,0.6870110630989075,0.3474976718425751,0.02997267991304398,-0.4288449883460999,0.9028806090354919],"rotationconfidence":1},"23":{"id":23,"position":[477.3213863372803,-1089.088916778565,2593.589305877686],"positionconfidence":0.5,"rotation":[0.2632144093513489,0.9647372961044312,0,-0.8860889077186584,0.2417563498020172,-0.3954747319221497,-0.3815292716026306,0.1040946692228317,0.9184768795967102],"rotationconfidence":0.5},"24":{"id":24,"position":[507.4567198753357,-1097.310900688171,2521.042823791504],"positionconfidence":0.5,"rotation":[0.2632144093513489,0.9647372961044312,0,-0.8860889077186584,0.2417563498020172,-0.3954747319221497,-0.3815292716026306,0.1040946692228317,0.9184768795967102],"rotationconfidence":0.5}},"skeletonTracked":true,"frameCount":4},{"position":[6.389002315700054,-592.4146771430969,2778.441667556763],"positionTracked":true,"id":4048,"skeleton":{"1":{"id":1,"position":[59.96862053871155,20.14375105500221,3058.413743972778],"positionconfidence":1,"rotation":[0.9999558329582214,-0.009406255558133125,0,0.00918559543788433,0.9764979481697083,0.2153308391571045,-0.002025456866249442,-0.2153213322162628,0.9765412211418152],"rotationconfidence":1},"2":{"id":2,"position":[58.15606936812401,-172.5440919399262,3015.923500061035],"positionconfidence":1,"rotation":[0.9959564805030823,0.01031048968434334,-0.08924232423305511,0.00918559543788433,0.9764979481697083,0.2153308391571045,0.08936511725187302,-0.2152799069881439,0.9724547863006592],"rotationconfidence":1},"3":{"id":3,"position":[46.75990343093872,-504.8395991325378,2963.900804519653],"positionconfidence":1,"rotation":[0.9952039122581482,-0.01911111734807491,-0.09593834728002548,0.0338631346821785,0.9873993396759033,0.1545828133821487,0.09177520871162415,-0.1570901870727539,0.9833108186721802],"rotationconfidence":1},"4":{"id":4,"position":[39.78641331195831,-552.2023439407349,2902.777671813965],"positionconfidence":1,"rotation":[0.9954329133033752,-0.08065272867679596,-0.05107242986559868,0.0898188129067421,0.6100339293479919,0.7872682213783264,-0.03233941271901131,-0.7882599234580994,0.6144919395446777],"rotationconfidence":1},"6":{"id":6,"position":[-125.7673799991608,-292.4687564373016,3018.5866355896],"positionconfidence":1,"rotation":[0.3186862170696259,0.9348682761192322,-0.1563984006643295,0.1593708097934723,-0.215501144528389,-0.9634107947349548,-0.9343661665916443,0.2821003794670105,-0.2176679521799088],"rotationconfidence":1},"7":{"id":7,"position":[-198.6051648855209,-506.1389207839966,3054.332494735718],"positionconfidence":1,"rotation":[-0.1894916743040085,0.1239293292164803,0.9740299582481384,0.3017496764659882,0.9513468742370605,-0.06233970075845718,-0.9343661665916443,0.2821003794670105,-0.2176679521799088],"rotationconfidence":1},"8":{"id":8,"position":[-156.6783636808395,-533.5594415664673,2838.819265365601],"positionconfidence":0.5,"rotation":[-0.06322838366031647,-0.1867676228284836,0.9803673028945923,0,0.9823328256607056,0.1871420741081238,-0.9979990720748901,0.01183269079774618,-0.06211131811141968],"rotationconfidence":0.5},"9":{"id":9,"position":[-153.2106548547745,-523.3163237571716,2785.051822662354],"positionconfidence":0.5,"rotation":[-0.06322838366031647,-0.1867676228284836,0.9803673028945923,0,0.9823328256607056,0.1871420741081238,-0.9979990720748901,0.01183269079774618,-0.06211131811141968],"rotationconfidence":0.5},"12":{"id":12,"position":[219.4248735904694,-300.5154728889465,2985.083341598511],"positionconfidence":1,"rotation":[0.2870871126651764,-0.9576852917671204,0.02048849314451218,-0.4128223657608032,-0.1429965794086456,-0.899516224861145,0.864383339881897,0.2497814446687698,-0.4364064335823059],"rotationconfidence":1},"13":{"id":13,"position":[285.3712439537048,-520.5039978027344,2989.789724349976],"positionconfidence":1,"rotation":[-0.447796493768692,-0.01241492573171854,-0.8940492868423462,-0.2287348806858063,0.9682225584983826,0.1011200025677681,0.864383339881897,0.2497814446687698,-0.4364064335823059],"rotationconfidence":1},"14":{"id":14,"position":[179.0096312761307,-523.4528183937073,2777.433156967163],"positionconfidence":1,"rotation":[-0.4981968402862549,-0.06249632313847542,-0.8648087382316589,0,-0.9973990321159363,0.07207810133695602,-0.8670639991760254,0.03590908274054527,0.4969010353088379],"rotationconfidence":1},"15":{"id":15,"position":[150.239571928978,-527.0618796348572,2727.491855621338],"positionconfidence":0.5,"rotation":[-0.4981968402862549,-0.06249632313847542,-0.8648087382316589,0,-0.9973990321159363,0.07207810133695602,-0.8670639991760254,0.03590908274054527,0.4969010353088379],"rotationconfidence":0.5},"17":{"id":17,"position":[-36.71986609697342,-622.4157214164734,2877.71487236023],"positionconfidence":1,"rotation":[0.5846608281135559,-0.7408866882324219,-0.3305430114269257,0.811042845249176,0.523971438407898,0.2601220607757568,-0.01952586881816387,-0.4201677143573761,0.9072363972663879],"rotationconfidence":1},"18":{"id":18,"position":[-296.7576384544373,-790.4122471809387,2794.31414604187],"positionconfidence":1,"rotation":[0.8111029267311096,-0.5849034190177917,0,0.5707857012748718,0.7915254831314087,0.218382939696312,-0.1277329325675964,-0.1771310418844223,0.9758631587028503],"rotationconfidence":1},"19":{"id":19,"position":[-452.2890746593475,-1006.092309951782,2734.807729721069],"positionconfidence":1,"rotation":[0.9153912663459778,-0.4025653004646301,0,0.04665488377213478,0.1060883104801178,-0.9932615756988525,0.3998526632785797,0.9092229604721069,0.1158939525485039],"rotationconfidence":1},"20":{"id":20,"position":[-484.31795835495,-1078.922629356384,2725.524425506592],"positionconfidence":1,"rotation":[0.9153912663459778,-0.4025653004646301,0,0.04665488377213478,0.1060883104801178,-0.9932615756988525,0.3998526632785797,0.9092229604721069,0.1158939525485039],"rotationconfidence":1},"21":{"id":21,"position":[110.2531254291534,-627.9932856559753,2878.294944763184],"positionconfidence":1,"rotation":[0.8854208588600159,0.3551988303661346,0.299772709608078,-0.4640550017356873,0.7118418216705322,0.5271947383880615,-0.02613180503249168,-0.6059001684188843,0.7951112985610962],"rotationconfidence":1},"22":{"id":22,"position":[252.9639601707459,-846.9060063362122,2716.166734695435],"positionconfidence":1,"rotation":[0.7705253958702087,0.5875768661499023,0.2470713257789612,-0.6364636421203613,0.6881242990493774,0.3484236299991608,0.034709881991148,-0.4257211685180664,0.9041885733604431],"rotationconfidence":1},"23":{"id":23,"position":[475.9665727615356,-1088.009357452393,2594.086885452271],"positionconfidence":0.5,"rotation":[0.2478892654180527,0.9687884449958801,0,-0.8959884643554688,0.2292615324258804,-0.3803207278251648,-0.3684502840042114,0.09427742660045624,0.9248546361923218],"rotationconfidence":0.5},"24":{"id":24,"position":[505.3552389144898,-1095.529198646545,2520.317792892456],"positionconfidence":0.5,"rotation":[0.2478892654180527,0.9687884449958801,0,-0.8959884643554688,0.2292615324258804,-0.3803207278251648,-0.3684502840042114,0.09427742660045624,0.9248546361923218],"rotationconfidence":0.5}},"skeletonTracked":true,"frameCount":5},{"position":[7.675524801015854,-593.4416055679321,2776.814937591553],"positionTracked":true,"id":4048,"skeleton":{"1":{"id":1,"position":[61.46145612001419,22.75353111326695,3060.237407684326],"positionconfidence":1,"rotation":[0.9999260902404785,-0.01215105876326561,0,0.01186211220920086,0.9761483669281006,0.2167799472808838,-0.002634105971083045,-0.2167639285326004,0.9762203693389893],"rotationconfidence":1},"2":{"id":2,"position":[59.11508947610855,-170.3319698572159,3017.357587814331],"positionconfidence":1,"rotation":[0.9960450530052185,0.007555854041129351,-0.08852679282426834,0.01186211220920086,0.9761483669281006,0.2167799472808838,0.08805324882268906,-0.2169727385044098,0.9721982479095459],"rotationconfidence":1},"3":{"id":3,"position":[47.37376421689987,-502.8236508369446,2964.3235206604],"positionconfidence":1,"rotation":[0.9952936768531799,-0.02002380974590778,-0.09481295943260193,0.03485113009810448,0.9869168400764465,0.1574181020259857,0.09042040258646011,-0.1599815934896469,0.9829700589179993],"rotationconfidence":1},"4":{"id":4,"position":[40.44688120484352,-550.0847697257996,2903.06544303894],"positionconfidence":1,"rotation":[0.9952874779701233,-0.084710992872715,-0.04718893393874168,0.08917228132486343,0.608409583568573,0.7885975241661072,-0.03809268027544022,-0.7890892028808594,0.6130963563919067],"rotationconfidence":1},"6":{"id":6,"position":[-125.1443028450012,-289.72327709198,3018.928527832031],"positionconfidence":1,"rotation":[0.3173429071903229,0.9354817271232605,-0.1554591506719589,0.1598127782344818,-0.2143443375825882,-0.9635956287384033,-0.9347477555274963,0.2809458076953888,-0.2175225615501404],"rotationconfidence":1},"7":{"id":7,"position":[-198.10451567173,-504.7996044158936,3054.670095443726],"positionconfidence":1,"rotation":[-0.1897714734077454,0.1228135004639626,0.974116861820221,0.3003887534141541,0.9518331289291382,-0.06148414313793182,-0.9347477555274963,0.2809458076953888,-0.2175225615501404],"rotationconfidence":1},"8":{"id":8,"position":[-156.0415625572205,-532.0212841033936,2838.756561279297],"positionconfidence":0.5,"rotation":[-0.05876130610704422,-0.1833504736423492,0.9812898635864258,0,0.9829884171485901,0.1836678385734558,-0.998272180557251,0.01079256180673838,-0.05776168406009674],"rotationconfidence":0.5},"9":{"id":9,"position":[-152.795135974884,-521.8915939331055,2784.542560577393],"positionconfidence":0.5,"rotation":[-0.05876130610704422,-0.1833504736423492,0.9812898635864258,0,0.9829884171485901,0.1836678385734558,-0.998272180557251,0.01079256180673838,-0.05776168406009674],"rotationconfidence":0.5},"12":{"id":12,"position":[219.5273786783218,-297.7983951568604,2985.90898513794],"positionconfidence":1,"rotation":[0.2878881096839905,-0.9574877619743347,0.01837755739688873,-0.4131208658218384,-0.1414800137281418,-0.8996192216873169,0.8639743328094482,0.2513974905014038,-0.4362885355949402],"rotationconfidence":1},"13":{"id":13,"position":[285.6495976448059,-517.7144408226013,2990.129947662354],"positionconfidence":1,"rotation":[-0.4515018165111542,0.003187094116583467,-0.8922644853591919,-0.2229225635528565,0.9678786993026733,0.1162599921226502,0.8639743328094482,0.2513974905014038,-0.4362885355949402],"rotationconfidence":1},"14":{"id":14,"position":[177.0184189081192,-516.9476270675659,2775.451421737671],"positionconfidence":1,"rotation":[-0.4936060905456543,-0.03655905649065971,-0.8689168095588684,0,-0.999116063117981,0.04203709959983826,-0.8696855902671814,0.02074976824223995,0.4931697845458984],"rotationconfidence":1},"15":{"id":15,"position":[148.8727927207947,-519.0322399139404,2725.905418395996],"positionconfidence":0.5,"rotation":[-0.4936060905456543,-0.03655905649065971,-0.8689168095588684,0,-0.999116063117981,0.04203709959983826,-0.8696855902671814,0.02074976824223995,0.4931697845458984],"rotationconfidence":0.5},"17":{"id":17,"position":[-35.94031929969788,-619.6439266204834,2877.591133117676],"positionconfidence":1,"rotation":[0.5920414328575134,-0.7423349022865295,-0.3137288093566895,0.8055391907691956,0.5333222150802612,0.2582130432128906,-0.02436199225485325,-0.4055936932563782,0.9137287735939026],"rotationconfidence":1},"18":{"id":18,"position":[-292.2798097133637,-789.3582582473755,2795.422315597534],"positionconfidence":1,"rotation":[0.7958112955093384,-0.6055448055267334,0,0.5885115265846252,0.7734260559082031,0.2355128526687622,-0.1426135897636414,-0.1874237954616547,0.9718713164329529],"rotationconfidence":1},"19":{"id":19,"position":[-450.2852261066437,-997.0101118087769,2732.19108581543],"positionconfidence":1,"rotation":[0.9352969527244568,-0.3538637757301331,0,-0.01238356158137322,-0.03273097798228264,-0.9993875026702881,0.3536470532417297,0.9347240924835205,-0.03499528020620346],"rotationconfidence":1},"20":{"id":20,"position":[-481.3996255397797,-1079.248547554016,2735.270023345947],"positionconfidence":1,"rotation":[0.9352969527244568,-0.3538637757301331,0,-0.01238356158137322,-0.03273097798228264,-0.9993875026702881,0.3536470532417297,0.9347240924835205,-0.03499528020620346],"rotationconfidence":1},"21":{"id":21,"position":[110.7073947787285,-625.8129477500916,2878.762722015381],"positionconfidence":1,"rotation":[0.8870116472244263,0.3494643568992615,0.301803320646286,-0.4606485664844513,0.7147819995880127,0.5262029767036438,-0.03183440119028091,-0.6057734489440918,0.7950001955032349],"rotationconfidence":1},"22":{"id":22,"position":[252.4452209472656,-845.7455635070801,2716.854333877564],"positionconfidence":1,"rotation":[0.7717097997665405,0.5877398252487183,0.2429526299238205,-0.6348316669464111,0.6890027523040771,0.3496627807617188,0.03811571002006531,-0.4240722060203552,0.9048260450363159],"rotationconfidence":1},"23":{"id":23,"position":[474.6440052986145,-1086.904883384705,2594.468116760254],"positionconfidence":0.5,"rotation":[0.2328763157129288,0.9725064039230347,0,-0.9042122960090637,0.2165226191282272,-0.3681278228759766,-0.358006626367569,0.0857282429933548,0.9297751784324646],"rotationconfidence":0.5},"24":{"id":24,"position":[503.4805536270142,-1093.810081481934,2519.577026367188],"positionconfidence":0.5,"rotation":[0.2328763157129288,0.9725064039230347,0,-0.9042122960090637,0.2165226191282272,-0.3681278228759766,-0.358006626367569,0.0857282429933548,0.9297751784324646],"rotationconfidence":0.5}},"skeletonTracked":true,"frameCount":6},{"position":[3.986811731010675,-591.5061235427856,2775.748252868652],"positionTracked":true,"id":4048,"skeleton":{"1":{"id":1,"position":[62.62350827455521,25.02969838678837,3061.951637268066],"positionconfidence":1,"rotation":[0.9998811483383179,-0.01541824266314507,0,0.01504544075578451,0.9757047295570374,0.2185726463794708,-0.00337000610306859,-0.21854667365551,0.9758207201957703],"rotationconfidence":1},"2":{"id":2,"position":[59.63805317878723,-168.5786247253418,3018.580436706543],"positionconfidence":1,"rotation":[0.9960576295852661,0.004487446043640375,-0.08859547972679138,0.01504544075578451,0.9757047295570374,0.2185726463794708,0.08742385357618332,-0.2190438807010651,0.9717905521392822],"rotationconfidence":1},"3":{"id":3,"position":[47.90297523140907,-501.1175274848938,2964.738607406616],"positionconfidence":1,"rotation":[0.9953544735908508,-0.01987218298017979,-0.09420719742774963,0.03481456264853478,0.9865462183952332,0.1597330421209335,0.08976549655199051,-0.1622707396745682,0.982654869556427],"rotationconfidence":1},"4":{"id":4,"position":[41.02486744523048,-548.2915043830872,2903.369426727295],"positionconfidence":1,"rotation":[0.9952096343040466,-0.08694256097078323,-0.04470864310860634,0.08850976079702377,0.6070502996444702,0.7897188663482666,-0.04151979088783264,-0.7898930311203003,0.6118375658988953],"rotationconfidence":1},"6":{"id":6,"position":[-124.6601864695549,-287.6416742801666,3019.198894500732],"positionconfidence":1,"rotation":[0.3163202106952667,0.9358302354812622,-0.155445784330368,0.1591473519802094,-0.2138863652944565,-0.9638074636459351,-0.9352077841758728,0.2801329493522644,-0.2165914624929428],"rotationconfidence":1},"7":{"id":7,"position":[-197.5157260894775,-503.1840801239014,3055.001497268677],"positionconfidence":1,"rotation":[-0.1879564821720123,0.1256701499223709,0.9741044640541077,0.3000978529453278,0.9516998529434204,-0.06487490236759186,-0.935207784175872