{"motiondata":[{"position":[190.3229802846909,-514.1032934188843,2580.254077911377],"positionTracked":true,"id":4426,"skeleton":{"1":{"id":1,"position":[236.9094491004944,47.48020693659782,2870.48864364624],"positionconfidence":1,"rotation":[0.9999499917030334,0.009997597895562649,0,-0.009791444055736065,0.9793307185173035,0.2020283490419388,0.002019798150286079,-0.2020182460546494,0.9793796539306641],"rotationconfidence":1},"2":{"id":2,"position":[238.7012094259262,-131.7299157381058,2833.518981933594],"positionconfidence":1,"rotation":[0.9953231811523438,-0.009872333146631718,0.09609507769346237,-0.009791444055736065,0.9793307185173035,0.2020283490419388,-0.09610335528850555,-0.2020244002342224,0.9746538996696472],"rotationconfidence":1},"3":{"id":3,"position":[218.6071425676346,-447.5524127483368,2745.697975158691],"positionconfidence":1,"rotation":[0.9934248924255371,-0.08464248478412628,0.07708923518657684,0.06118392944335938,0.9616401195526123,0.2674040198326111,-0.09676583111286163,-0.2609291672706604,0.9604958891868591],"rotationconfidence":1},"4":{"id":4,"position":[218.8955247402191,-487.3426556587219,2680.952548980713],"positionconfidence":1,"rotation":[0.9964141249656677,-0.07003424316644669,0.04747868329286575,-0.003794726682826877,0.5235868096351624,0.8519639372825623,-0.08452585339546204,-0.8490889668464661,0.5214434862136841],"rotationconfidence":1},"6":{"id":6,"position":[79.14026081562042,-228.5347729921341,2789.648056030273],"positionconfidence":1,"rotation":[0.2034530937671661,0.9740631580352783,-0.09903430193662643,0.1678295582532883,-0.1343487501144409,-0.9766184687614441,-0.964593231678009,0.182075172662735,-0.1908102631568909],"rotationconfidence":1},"7":{"id":7,"position":[32.80959278345108,-450.3500163555145,2812.200307846069],"positionconfidence":1,"rotation":[-0.1402279436588287,0.2586845457553864,0.9557292461395264,0.2233742326498032,0.9486469030380249,-0.223993331193924,-0.964593231678009,0.182075172662735,-0.1908102631568909],"rotationconfidence":1},"8":{"id":8,"position":[62.99634277820587,-506.0368180274963,2606.4612865448],"positionconfidence":0.5,"rotation":[0.337975025177002,-0.7942571043968201,0.5049045085906982,0,0.5364732146263123,0.8439173102378845,-0.9411550760269165,-0.2852229773998261,0.181314542889595],"rotationconfidence":0.5},"9":{"id":9,"position":[39.10550102591515,-449.8922228813171,2570.770502090454],"positionconfidence":0.5,"rotation":[0.337975025177002,-0.7942571043968201,0.5049045085906982,0,0.5364732146263123,0.8439173102378845,-0.9411550760269165,-0.2852229773998261,0.181314542889595],"rotationconfidence":0.5},"12":{"id":12,"position":[401.5782177448273,-239.2680197954178,2819.21648979187],"positionconfidence":1,"rotation":[0.08129575103521347,-0.9924644231796265,0.09168045967817307,-0.2287098318338394,-0.1081061884760857,-0.9674734473228455,0.9700942635536194,0.05768326297402382,-0.235774964094162],"rotationconfidence":1},"13":{"id":13,"position":[421.2698340415955,-479.6647131443024,2841.423511505127],"positionconfidence":1,"rotation":[-0.216699942946434,-0.2317969053983688,-0.9483202695846558,-0.1093541160225868,0.9710524678230286,-0.2123648822307587,0.9700942635536194,0.05768326297402382,-0.235774964094162],"rotationconfidence":1},"14":{"id":14,"position":[365.9084141254425,-538.8830304145813,2599.151372909546],"positionconfidence":1,"rotation":[-0.2447240203619003,-0.1719444245100021,-0.9542248845100403,0,-0.984150230884552,0.1773367375135422,-0.9695926904678345,0.04339855909347534,0.2408452033996582],"rotationconfidence":1},"15":{"id":15,"position":[347.5514948368073,-551.7807006835938,2527.574300765991],"positionconfidence":0.5,"rotation":[-0.2447240203619003,-0.1719444245100021,-0.9542248845100403,0,-0.984150230884552,0.1773367375135422,-0.9695926904678345,0.04339855909347534,0.2408452033996582],"rotationconfidence":0.5},"17":{"id":17,"position":[144.8930650949478,-547.256350517273,2648.836612701416],"positionconfidence":1,"rotation":[0.9076632857322693,-0.4027131497859955,-0.11819276958704,0.4156880378723145,0.8237634301185608,0.385509192943573,-0.05788673460483551,-0.3990438282489777,0.9151027798652649],"rotationconfidence":1},"18":{"id":18,"position":[20.71207948029041,-793.3441400527954,2533.671140670776],"positionconfidence":1,"rotation":[0.8574355244636536,-0.5145913362503052,0,0.4913547933101654,0.8187177181243896,0.2971056997776032,-0.1528880149126053,-0.2547489702701569,0.95484459400177],"rotationconfidence":1},"19":{"id":19,"position":[-144.756942987442,-1069.056153297424,2433.61759185791],"positionconfidence":0.5,"rotation":[-0.05138674378395081,-0.9986788630485535,0,0.9721625447273254,-0.05002235248684883,-0.2289057075977325,0.2286032736301422,-0.0117627177387476,0.9734485745429993],"rotationconfidence":0.5},"20":{"id":20,"position":[-167.2297120094299,-1067.899823188782,2337.923049926758],"positionconfidence":0.5,"rotation":[-0.05138674378395081,-0.9986788630485535,0,0.9721625447273254,-0.05002235248684883,-0.2289057075977325,0.2286032736301422,-0.0117627177387476,0.9734485745429993],"rotationconfidence":0.5},"21":{"id":21,"position":[285.2368950843811,-558.8911771774292,2652.640819549561],"positionconfidence":1,"rotation":[0.9518321752548218,0.2351392805576325,0.1967869400978088,-0.3000099956989288,0.8467422127723694,0.439342200756073,-0.06332120299339294,-0.4772180914878845,0.87650066614151],"rotationconfidence":1},"22":{"id":22,"position":[369.7779774665833,-797.4982261657715,2528.836727142334],"positionconfidence":1,"rotation":[0.9399300217628479,0.2511391639709473,0.2312153875827789,-0.3396368622779846,0.7560964822769165,0.5594327449798584,-0.03432567045092583,-0.6043568849563599,0.7959738969802856],"rotationconfidence":1},"23":{"id":23,"position":[483.9554727077484,-1051.679134368897,2340.769290924072],"positionconfidence":0.5,"rotation":[-0.1451488882303238,0.9894098043441772,0,-0.9622536897659302,-0.141165018081665,-0.2326806783676148,-0.2302165478467941,-0.03377334401011467,0.9725531935691833],"rotationconfidence":0.5},"24":{"id":24,"position":[505.6151151657105,-1048.50161075592,2249.267816543579],"positionconfidence":0.5,"rotation":[-0.1451488882303238,0.9894098043441772,0,-0.9622536897659302,-0.141165018081665,-0.2326806783676148,-0.2302165478467941,-0.03377334401011467,0.9725531935691833],"rotationconfidence":0.5}},"skeletonTracked":true,"frameCount":1},{"position":[190.3113573789597,-517.8514719009399,2576.574563980103],"positionTracked":true,"id":4426,"skeleton":{"1":{"id":1,"position":[236.856684088707,46.83635011315346,2872.390985488892],"positionconfidence":1,"rotation":[0.9999736547470093,0.007260703481733799,0,-0.007100180722773075,0.9778658151626587,0.2091125100851059,0.001518303877674043,-0.2091069966554642,0.9778916239738464],"rotationconfidence":1},"2":{"id":2,"position":[238.1613850593567,-132.8523904085159,2833.965301513672],"positionconfidence":1,"rotation":[0.9948961138725281,-0.01414111815392971,0.09990821778774261,-0.007100180722773075,0.9778658151626587,0.2091125100851059,-0.1006539165973663,-0.2087545841932297,0.9727745056152344],"rotationconfidence":1},"3":{"id":3,"position":[218.3222472667694,-448.8922655582428,2745.280981063843],"positionconfidence":1,"rotation":[0.9930382966995239,-0.08517023175954819,0.08136911690235138,0.06032956764101982,0.9610573053359985,0.2696834206581116,-0.1011693924665451,-0.2628970146179199,0.959505021572113],"rotationconfidence":1},"4":{"id":4,"position":[218.9134657382965,-488.6233806610107,2680.461883544922],"positionconfidence":1,"rotation":[0.9960530400276184,-0.07133817672729492,0.05281206592917442,-0.007776211481541395,0.5225776433944702,0.8525562286376953,-0.08841821551322937,-0.8496019244194031,0.519960343837738],"rotationconfidence":1},"6":{"id":6,"position":[79.41704988479614,-229.7407686710358,2788.990259170532],"positionconfidence":1,"rotation":[0.2038936316967011,0.9749184846878052,-0.08922600001096725,0.1602094173431397,-0.1231396496295929,-0.9793719053268433,-0.96579509973526,0.1853928714990616,-0.1812985241413117],"rotationconfidence":1},"7":{"id":7,"position":[32.76745975017548,-452.7960419654846,2809.404611587524],"positionconfidence":1,"rotation":[-0.1305657476186752,0.2563880681991577,0.957714855670929,0.2240362912416458,0.9486277103424072,-0.2234123796224594,-0.96579509973526,0.1853928714990616,-0.1812985241413117],"rotationconfidence":1},"8":{"id":8,"position":[60.54719164967537,-507.3462724685669,2605.637073516846],"positionconfidence":0.5,"rotation":[0.3729345202445984,-0.780117928981781,0.5023305416107178,0,0.5413874983787537,0.8407732844352722,-0.9278578162193298,-0.3135533928871155,0.2019020915031433],"rotationconfidence":0.5},"9":{"id":9,"position":[34.05783325433731,-451.9348740577698,2569.956779479981],"positionconfidence":0.5,"rotation":[0.3729345202445984,-0.780117928981781,0.5023305416107178,0,0.5413874983787537,0.8407732844352722,-0.9278578162193298,-0.3135533928871155,0.2019020915031433],"rotationconfidence":0.5},"12":{"id":12,"position":[401.0747969150543,-240.3995543718338,2819.985151290894],"positionconfidence":1,"rotation":[0.07783857733011246,-0.9932844638824463,0.08559968322515488,-0.1834855675697327,-0.09866633266210556,-0.9780583381652832,0.9799357652664185,0.06042435020208359,-0.1899333745241165],"rotationconfidence":1},"13":{"id":13,"position":[419.7743833065033,-479.0216982364655,2840.549230575562],"positionconfidence":1,"rotation":[-0.1680394113063812,-0.261995792388916,-0.950326681137085,-0.1071846187114716,0.9631754159927368,-0.2465853691101074,0.9799357652664185,0.06042435020208359,-0.1899333745241165],"rotationconfidence":1},"14":{"id":14,"position":[380.3879618644714,-540.4303669929504,2617.804050445557],"positionconfidence":1,"rotation":[-0.2724884748458862,-0.1674317568540573,-0.9474790692329407,0,-0.9847426414489746,0.1740167140960693,-0.9621589779853821,0.0474175475537777,0.2683310210704804],"rotationconfidence":1},"15":{"id":15,"position":[359.1137826442719,-553.5023808479309,2543.830871582031],"positionconfidence":0.5,"rotation":[-0.2724884748458862,-0.1674317568540573,-0.9474790692329407,0,-0.9847426414489746,0.1740167140960693,-0.9621589779853821,0.0474175475537777,0.2683310210704804],"rotationconfidence":0.5},"17":{"id":17,"position":[144.9595242738724,-548.3201742172241,2647.979974746704],"positionconfidence":1,"rotation":[0.9060913920402527,-0.4072250723838806,-0.1147441864013672,0.4184705317020416,0.8226906657218933,0.3847889304161072,-0.06229671463370323,-0.3966709673404694,0.9158446192741394],"rotationconfidence":1},"18":{"id":18,"position":[19.29507590830326,-795.3697443008423,2532.429933547974],"positionconfidence":1,"rotation":[0.8568312525749207,-0.5155969262123108,0,0.4916911125183106,0.817103922367096,0.3009666800498962,-0.1551774889230728,-0.2578776478767395,0.9536346197128296],"rotationconfidence":1},"19":{"id":19,"position":[-145.3697085380554,-1069.013595581055,2431.637763977051],"positionconfidence":0.5,"rotation":[-0.04907353967428207,-0.998795211315155,0,0.9737637042999268,-0.04784367233514786,-0.2224754840135574,0.2222074270248413,-0.01091765891760588,0.9749382734298706],"rotationconfidence":0.5},"20":{"id":20,"position":[-166.8907254934311,-1067.956209182739,2337.21399307251],"positionconfidence":0.5,"rotation":[-0.04907353967428207,-0.998795211315155,0,0.9737637042999268,-0.04784367233514786,-0.2224754840135574,0.2222074270248413,-0.01091765891760588,0.9749382734298706],"rotationconfidence":0.5},"21":{"id":21,"position":[285.2053642272949,-560.2357387542725,2652.358770370483],"positionconfidence":1,"rotation":[0.952041745185852,0.2305822968482971,0.201117679476738,-0.2982805669307709,0.8458663821220398,0.4421975910663605,-0.06815575063228607,-0.4809800982475281,0.8740783929824829],"rotationconfidence":1},"22":{"id":22,"position":[369.1795170307159,-798.3703017234802,2527.868032455444],"positionconfidence":1,"rotation":[0.9389647245407104,0.2482537627220154,0.2381495088338852,-0.3413385450839996,0.758484423160553,0.5551480650901794,-0.04281509667634964,-0.6025540828704834,0.7969287037849426],"rotationconfidence":1},"23":{"id":23,"position":[483.9487969875336,-1053.39777469635,2341.208934783936],"positionconfidence":0.5,"rotation":[-0.1226647645235062,0.992448091506958,0,-0.9633862376213074,-0.1190727725625038,-0.240226075053215,-0.2384119480848312,-0.02946727909147739,0.9707170128822327],"rotationconfidence":0.5},"24":{"id":24,"position":[506.242036819458,-1050.642371177673,2250.439882278442],"positionconfidence":0.5,"rotation":[-0.1226647645235062,0.992448091506958,0,-0.9633862376213074,-0.1190727725625038,-0.240226075053215,-0.2384119480848312,-0.02946727909147739,0.9707170128822327],"rotationconfidence":0.5}},"skeletonTracked":true,"frameCount":2},{"position":[192.277804017067,-517.7934765815735,2574.785709381104],"positionTracked":true,"id":4426,"skeleton":{"1":{"id":1,"position":[236.6099655628204,46.55267298221588,2873.399257659912],"positionconfidence":1,"rotation":[0.9999845623970032,0.005551920272409916,0,-0.005425326526165009,0.9771831035614014,0.2123290449380875,0.001178833888843656,-0.2123257666826248,0.9771981239318848],"rotationconfidence":1},"2":{"id":2,"position":[237.610325217247,-133.62717628479,2834.248542785645],"positionconfidence":1,"rotation":[0.9947496652603149,-0.01642534136772156,0.1010102406144142,-0.005425326526165009,0.9771831035614014,0.2123290449380875,-0.1021930873394013,-0.2117622941732407,0.9719635844230652],"rotationconfidence":1},"3":{"id":3,"position":[218.0240005254746,-449.8215019702911,2744.991064071655],"positionconfidence":1,"rotation":[0.9929419159889221,-0.08488784730434418,0.08282747864723206,0.05950861424207687,0.9606848359107971,0.2711886465549469,-0.1025917306542397,-0.264345645904541,0.9589558839797974],"rotationconfidence":1},"4":{"id":4,"position":[218.8155800104141,-489.5150065422058,2680.107831954956],"positionconfidence":1,"rotation":[0.9958679676055908,-0.07155254483222961,0.055923230946064,-0.01040648389607668,0.5218299031257629,0.8529861569404602,-0.09021573513746262,-0.8500434160232544,0.5189290046691895],"rotationconfidence":1},"6":{"id":6,"position":[79.47594672441483,-230.5654883384705,2788.555145263672],"positionconfidence":1,"rotation":[0.2040840685367584,0.97542804479599,-0.08300475031137466,0.1493467092514038,-0.1148192286491394,-0.9820957779884338,-0.9674943089485168,0.1880336254835129,-0.1691097468137741],"rotationconfidence":1},"7":{"id":7,"position":[32.61155262589455,-454.5557498931885,2807.615756988525],"positionconfidence":1,"rotation":[-0.1181783750653267,0.2550334632396698,0.9596831202507019,0.2235813438892365,0.9484730958938599,-0.2245219200849533,-0.9674943089485168,0.1880336254835129,-0.1691097468137741],"rotationconfidence":1},"8":{"id":8,"position":[57.56079033017159,-508.3971619606018,2605.012178421021],"positionconfidence":0.5,"rotation":[0.4006395936012268,-0.7649263739585876,0.5043566823005676,0,0.5504660606384277,0.8348575830459595,-0.9162358045578003,-0.3344770073890686,0.2205384969711304],"rotationconfidence":0.5},"9":{"id":9,"position":[29.25234474241734,-454.3488919734955,2569.375276565552],"positionconfidence":0.5,"rotation":[0.4006395936012268,-0.7649263739585876,0.5043566823005676,0,0.5504660606384277,0.8348575830459595,-0.9162358045578003,-0.3344770073890686,0.2205384969711304],"rotationconfidence":0.5},"12":{"id":12,"position":[400.1132249832153,-240.7849580049515,2820.040702819824],"positionconfidence":1,"rotation":[0.07668734341859818,-0.9942716956138611,0.07444979250431061,-0.1881287097930908,-0.08775775879621506,-0.9782158136367798,0.9791459441184998,0.06101063638925552,-0.1937809735536575],"rotationconfidence":1},"13":{"id":13,"position":[418.3770716190338,-477.5805473327637,2837.771654129028],"positionconfidence":1,"rotation":[-0.161323219537735,-0.3462664783000946,-0.9241614937782288,-0.1234835386276245,0.9361503720283508,-0.3292029798030853,0.9791459441184998,0.06101063638925552,-0.1937809735536575],"rotationconfidence":1},"14":{"id":14,"position":[379.4351518154144,-561.1660480499268,2614.68768119812],"positionconfidence":0.5,"rotation":[-0.2549788653850555,-0.1457767188549042,-0.9558948278427124,0,-0.9885703325271606,0.1507598459720612,-0.966946542263031,0.03844057396054268,0.2520645558834076],"rotationconfidence":0.5},"15":{"id":15,"position":[360.8749806880951,-571.7772841453552,2545.107126235962],"positionconfidence":0.5,"rotation":[-0.2549788653850555,-0.1457767188549042,-0.9558948278427124,0,-0.9885703325271606,0.1507598459720612,-0.966946542263031,0.03844057396054268,0.2520645558834076],"rotationconfidence":0.5},"17":{"id":17,"position":[144.8804885149002,-549.0708351135254,2647.388696670532],"positionconfidence":1,"rotation":[0.9051503539085388,-0.4097172617912293,-0.1132895052433014,0.4201428890228272,0.8217114806175232,0.3850586414337158,-0.06467388570308685,-0.3961337506771088,0.9159122705459595],"rotationconfidence":1},"18":{"id":18,"position":[18.56392808258534,-796.1195707321167,2531.620264053345],"positionconfidence":1,"rotation":[0.8573234677314758,-0.5147780776023865,0,0.4906506836414337,0.8171411156654358,0.3025596439838409,-0.1557510793209076,-0.2593914866447449,0.9531304836273193],"rotationconfidence":1},"19":{"id":19,"position":[-145.1664566993713,-1068.79997253418,2430.655956268311],"positionconfidence":0.5,"rotation":[-0.01867824047803879,-0.9998255968093872,0,0.9764659404754639,-0.01824184693396092,-0.2148986309766769,0.214861124753952,-0.00401392811909318,0.9766362905502319],"rotationconfidence":0.5},"20":{"id":20,"position":[-165.5669659376144,-1068.418860435486,2337.926864624023],"positionconfidence":0.5,"rotation":[-0.01867824047803879,-0.9998255968093872,0,0.9764659404754639,-0.01824184693396092,-0.2148986309766769,0.214861124753952,-0.00401392811909318,0.9766362905502319],"rotationconfidence":0.5},"21":{"id":21,"position":[285.0370109081268,-561.0730648040771,2652.09436416626],"positionconfidence":1,"rotation":[0.9523982405662537,0.2276027053594589,0.2028162628412247,-0.2965623438358307,0.8458349108695984,0.4434118568897247,-0.07062733173370361,-0.4824523329734802,0.8730700612068176],"rotationconfidence":1},"22":{"id":22,"position":[368.5052990913391,-799.1356253623962,2527.294874191284],"positionconfidence":1,"rotation":[0.938574492931366,0.2470651268959045,0.2409079521894455,-0.3419015109539032,0.7602959871292114,0.5523163676261902,-0.04670323431491852,-0.600756824016571,0.7980663776397705],"rotationconfidence":1},"23":{"id":23,"position":[483.4758937358856,-1054.79896068573,2341.568470001221],"positionconfidence":0.5,"rotation":[-0.110032819211483,0.9939279556274414,0,-0.9640403985977173,-0.1067241206765175,-0.2433844208717346,-0.2419065833091736,-0.02678027376532555,0.9699298739433289],"rotationconfidence":0.5},"24":{"id":24,"position":[506.0223340988159,-1052.302956581116,2251.168012619019],"positionconfidence":0.5,"rotation":[-0.110032819211483,0.9939279556274414,0,-0.9640403985977173,-0.1067241206765175,-0.2433844208717346,-0.2419065833091736,-0.02678027376532555,0.9699298739433289],"rotationconfidence":0.5}},"skeletonTracked":true,"frameCount":3},{"position":[191.7194724082947,-518.3107256889343,2574.604272842407],"positionTracked":true,"id":4426,"skeleton":{"1":{"id":1,"position":[236.2541407346726,46.7008650302887,2873.993873596191],"positionconfidence":1,"rotation":[0.9999906420707703,0.004305666778236628,0,-0.004206039011478424,0.9768520593643188,0.2138744443655014,0.0009208720875903964,-0.2138724476099014,0.9768610000610352],"rotationconfidence":1},"2":{"id":2,"position":[237.0323091745377,-134.0286731719971,2834.424495697022],"positionconfidence":1,"rotation":[0.9946582913398743,-0.01797199808061123,0.1016463488340378,-0.004206039011478424,0.9768520593643188,0.2138744443655014,-0.1031372025609016,-0.2131595313549042,0.9715585112571716],"rotationconfidence":1},"3":{"id":3,"position":[217.6568955183029,-450.3479301929474,2744.818449020386],"positionconfidence":1,"rotation":[0.992891788482666,-0.08454781770706177,0.08377128839492798,0.05883166566491127,0.9604743719100952,0.2720805406570435,-0.1034639924764633,-0.2652181386947632,0.9586212038993835],"rotationconfidence":1},"4":{"id":4,"position":[218.6159491539002,-490.0401532649994,2679.867506027222],"positionconfidence":1,"rotation":[0.995807409286499,-0.07077304273843765,0.05795408040285111,-0.01259840372949839,0.5214084386825562,0.8532142043113708,-0.0906023159623146,-0.8503671884536743,0.5183308124542236],"rotationconfidence":1},"6":{"id":6,"position":[79.37207818031311,-231.0267239809036,2788.316488265991],"positionconfidence":1,"rotation":[0.2036904394626617,0.9756630063056946,-0.08118990808725357,0.1349297612905502,-0.1101128607988358,-0.9847177267074585,-0.9696928262710571,0.1896226704120636,-0.1540749222040176],"rotationconfidence":1},"7":{"id":7,"position":[32.48504921793938,-455.6123316287994,2807.005405426025],"positionconfidence":1,"rotation":[-0.1030807718634605,0.2542271614074707,0.9616355299949646,0.2215179204940796,0.9483732581138611,-0.2269757986068726,-0.9696928262710571,0.1896226704120636,-0.1540749222040176],"rotationconfidence":1},"8":{"id":8,"position":[54.08653989434242,-508.8878870010376,2605.486154556274],"positionconfidence":0.5,"rotation":[0.4185552299022675,-0.7525092959403992,0.5084694623947144,0,0.5598704218864441,0.8285802006721497,-0.9081913232803345,-0.3468065857887268,0.2343366891145706],"rotationconfidence":0.5},"9":{"id":9,"position":[24.86819587647915,-456.3570022583008,2569.991111755371],"positionconfidence":0.5,"rotation":[0.4185552299022675,-0.7525092959403992,0.5084694623947144,0,0.5598704218864441,0.8285802006721497,-0.9081913232803345,-0.3468065857887268,0.2343366891145706],"rotationconfidence":0.5},"12":{"id":12,"position":[399.4753956794739,-240.9403324127197,2820.122480392456],"positionconfidence":1,"rotation":[0.0777532160282135,-0.9947555065155029,0.06645228713750839,-0.1948305517435074,-0.0805298462510109,-0.977525532245636,0.977750301361084,0.06305881589651108,-0.2000702172517777],"rotationconfidence":1},"13":{"id":13,"position":[417.8312420845032,-475.7805168628693,2835.810422897339],"positionconfidence":1,"rotation":[-0.1594610214233398,-0.3962579667568207,-0.9041857123374939,-0.1362963020801544,0.9159712791442871,-0.3773859143257141,0.977750301361084,0.06305881589651108,-0.2000702172517777],"rotationconfidence":1},"14":{"id":14,"position":[378.3859312534332,-573.8014578819275,2612.145185470581],"positionconfidence":0.5,"rotation":[-0.2385831773281097,-0.1331094801425934,-0.9619563817977905,0,-0.9905616641044617,0.1370677053928375,-0.971122145652771,0.03270204737782478,0.2363313436508179],"rotationconfidence":0.5},"15":{"id":15,"position":[361.9113266468048,-582.9929113388062,2545.720338821411],"positionconfidence":0.5,"rotation":[-0.2385831773281097,-0.1331094801425934,-0.9619563817977905,0,-0.9905616641044617,0.1370677053928375,-0.971122145652771,0.03270204737782478,0.2363313436508179],"rotationconfidence":0.5},"17":{"id":17,"position":[144.7133868932724,-549.5216250419617,2646.989822387695],"positionconfidence":1,"rotation":[0.904711902141571,-0.4108269214630127,-0.1127727255225182,0.4209279119968414,0.821182131767273,0.3853304982185364,-0.06569719314575195,-0.3960822820663452,0.9158617854118347],"rotationconfidence":1},"18":{"id":18,"position":[18.09096522629261,-796.5474724769592,2531.075716018677],"positionconfidence":1,"rotation":[0.8583793044090271,-0.513015627861023,0,0.4889543950557709,0.8181199431419373,0.3026606440544128,-0.1552696377038956,-0.2597976326942444,0.953098475933075],"rotationconfidence":1},"19":{"id":19,"position":[-144.3672031164169,-1068.372964859009,2430.514812469482],"positionconfidence":0.5,"rotation":[0.03654901310801506,-0.9993318319320679,0,0.977568507194519,0.03575305268168449,-0.2075612246990204,0.2074225544929504,0.007586157880723476,0.978222131729126],"rotationconfidence":0.5},"20":{"id":20,"position":[-163.656622171402,-1069.07844543457,2339.544296264648],"positionconfidence":0.5,"rotation":[0.03654901310801506,-0.9993318319320679,0,0.977568507194519,0.03575305268168449,-0.2075612246990204,0.2074225544929504,0.007586157880723476,0.978222131729126],"rotationconfidence":0.5},"21":{"id":21,"position":[284.771203994751,-561.4698529243469,2651.869297027588],"positionconfidence":1,"rotation":[0.9527127742767334,0.2260912507772446,0.2030294984579086,-0.29532390832901,0.8462717533111572,0.4434047043323517,-0.07156821340322495,-0.4823969006538391,0.8730242252349854],"rotationconfidence":1},"22":{"id":22,"position":[367.9206967353821,-799.7406721115112,2527.027130126953],"positionconfidence":1,"rotation":[0.938636839389801,0.2457892596721649,0.2419683337211609,-0.341315358877182,0.7629123330116272,0.5490615963935852,-0.04964718222618103,-0.5979569554328918,0.7999892830848694],"rotationconfidence":1},"23":{"id":23,"position":[482.660174369812,-1056.207776069641,2342.449903488159],"positionconfidence":0.5,"rotation":[-0.09668318182229996,0.9953153133392334,0,-0.9650100469589233,-0.09373938292264938,-0.2448853105306625,-0.243738055229187,-0.02367628738284111,0.9695520997047424],"rotationconfidence":0.5},"24":{"id":24,"position":[505.3231120109558,-1054.006338119507,2252.300262451172],"positionconfidence":0.5,"rotation":[-0.09668318182229996,0.9953153133392334,0,-0.9650100469589233,-0.09373938292264938,-0.2448853105306625,-0.243738055229187,-0.02367628738284111,0.9695520997047424],"rotationconfidence":0.5}},"skeletonTracked":true,"frameCount":4},{"position":[192.6494985818863,-515.8146619796753,2574.859142303467],"positionTracked":true,"id":4426,"skeleton":{"1":{"id":1,"position":[235.907644033432,46.87857255339623,2874.258041381836],"positionconfidence":1,"rotation":[0.9999955296516418,0.002982348669320345,0,-0.002913240110501647,0.9768231511116028,0.2140282839536667,0.000638306955806911,-0.2140273302793503,0.9768275022506714],"rotationconfidence":1},"2":{"id":2,"position":[236.4475429058075,-134.1520547866821,2834.593057632446],"positionconfidence":1,"rotation":[0.9947764277458191,-0.01900813914835453,0.1002933531999588,-0.002913240110501647,0.9768231511116028,0.2140282839536667,-0.102037139236927,-0.2132024466991425,0.9716652035713196],"rotationconfidence":1},"3":{"id":3,"position":[217.3338532447815,-450.657069683075,2744.68731880188],"positionconfidence":1,"rotation":[0.9930645823478699,-0.08348572999238968,0.08278141170740128,0.05799385905265808,0.9603246450424194,0.2727877795696259,-0.1022709310054779,-0.2660951018333435,0.958506166934967],"rotationconfidence":1},"4":{"id":4,"position":[218.3968126773834,-490.3494715690613,2679.66890335083],"positionconfidence":1,"rotation":[0.9957770705223083,-0.07021504640579224,0.05914439260959625,-0.01395251881331205,0.52100670337677,0.8534386157989502,-0.09073884785175323,-0.8506596684455872,0.5178267955780029],"rotationconfidence":1},"6":{"id":6,"position":[79.21194285154343,-231.3292324542999,2788.13910484314],"positionconfidence":1,"rotation":[0.2031192481517792,0.9759439826011658,-0.07922109961509705,0.1228869929909706,-0.105676531791687,-0.9867782592773438,-0.9714120626449585,0.1906984150409699,-0.1413957476615906],"rotationconfidence":1},"7":{"id":7,"position":[32.36785531044006,-456.4049243927002,2806.409358978272],"positionconfidence":1,"rotation":[-0.09043851494789124,0.2534250020980835,0.9631181955337524,0.219498336315155,0.9483722448348999,-0.2289336174726486,-0.9714120626449585,0.1906984150409699,-0.1413957476615906],"rotationconfidence":1},"8":{"id":8,"position":[51.23476684093475,-509.2734098434448,2605.487585067749],"positionconfidence":0.5,"rotation":[0.4306862056255341,-0.7418039441108704,0.5140392780303955,0,0.5695714950561523,0.8219418525695801,-0.9025018215179443,-0.3539990186691284,0.2453065812587738],"rotationconfidence":0.5},"9":{"id":9,"position":[21.54409885406494,-458.1348896026611,2570.050716400147],"positionconfidence":0.5,"rotation":[0.4306862056255341,-0.7418039441108704,0.5140392780303955,0,0.5695714950561523,0.8219418525695801,-0.9025018215179443,-0.3539990186691284,0.2453065812587738],"rotationconfidence":0.5},"12":{"id":12,"position":[398.5100388526917,-240.5776381492615,2819.640159606934],"positionconfidence":1,"rotation":[0.08003779500722885,-0.9950340390205383,0.05917142331600189,-0.2040456533432007,-0.07445986568927765,-0.9761255383491516,0.9756839871406555,0.06605325639247894,-0.2089919596910477],"rotationconfidence":1},"13":{"id":13,"position":[417.2963500022888,-474.1300344467163,2833.528757095337],"positionconfidence":1,"rotation":[-0.161535918712616,-0.4277729988098145,-0.8893347382545471,-0.1481445729732513,0.901469349861145,-0.4067012965679169,0.9756839871406555,0.06605325639247894,-0.2089919596910477],"rotationconfidence":1},"14":{"id":14,"position":[376.3807117938995,-582.4812054634094,2608.268022537231],"positionconfidence":0.5,"rotation":[-0.2204133868217468,-0.1239610686898232,-0.9674975872039795,0,-0.991891622543335,0.1270865648984909,-0.9754065275192261,0.02801158092916012,0.2186261862516403],"rotationconfidence":0.5},"15":{"id":15,"position":[361.9195520877838,-590.6141996383667,2544.791221618652],"positionconfidence":0.5,"rotation":[-0.2204133868217468,-0.1239610686898232,-0.9674975872039795,0,-0.991891622543335,0.1270865648984909,-0.9754065275192261,0.02801158092916012,0.2186261862516403],"rotationconfidence":0.5},"17":{"id":17,"position":[144.5418745279312,-549.7757196426392,2646.651983261108],"positionconfidence":1,"rotation":[0.904442310333252,-0.4115538895130158,-0.1122835204005241,0.4213979244232178,0.8209546804428101,0.3853015303611755,-0.06639265269041061,-0.3957990109920502,0.9159340262413025],"rotationconfidence":1},"18":{"id":18,"position":[17.74037070572376,-796.8065738677979,2530.712127685547],"positionconfidence":1,"rotation":[0.8599164485931396,-0.5104347467422485,0,0.4865312874317169,0.819646954536438,0.3024336695671082,-0.1543726474046707,-0.2600677013397217,0.9531703591346741],"rotationconfidence":1},"19":{"id":19,"position":[-143.2090252637863,-1067.953944206238,2430.6640625],"positionconfidence":0.5,"rotation":[0.09972859919071198,-0.9950146675109863,0,0.9744405746459961,0.09766649454832077,-0.2023035138845444,0.2012949734926224,0.02017544768750668,0.9793228507041931],"rotationconfidence":0.5},"20":{"id":20,"position":[-161.6110801696777,-1069.798350334168,2341.135978698731],"positionconfidence":0.5,"rotation":[0.09972859919071198,-0.9950146675109863,0,0.9744405746459961,0.09766649454832077,-0.2023035138845444,0.2012949734926224,0.02017544768750668,0.9793228507041931],"rotationconfidence":0.5},"21":{"id":21,"position":[284.5411002635956,-561.6572499275208,2651.665687561035],"positionconfidence":1,"rotation":[0.9529981017112732,0.2250477522611618,0.2028500735759735,-0.2942585349082947,0.8469623327255249,0.4427942931652069,-0.07215649634599686,-0.481672465801239,0.873375654220581],"rotationconfidence":1},"22":{"id":22,"position":[367.4481213092804,-800.2879619598389,2526.908874511719],"positionconfidence":1,"rotation":[0.9388973116874695,0.2450727671384811,0.2416842728853226,-0.3403711915016174,0.7654827237129211,0.5460620522499084,-0.05118019878864288,-0.5949585437774658,0.8021253943443298],"rotationconfidence":1},"23":{"id":23,"position":[481.8326532840729,-1057.534694671631,2343.400239944458],"positionconfidence":0.5,"rotation":[-0.08650919795036316,0.996251106262207,0,-0.9658991098403931,-0.08387359231710434,-0.2449575215578079,-0.2440391778945923,-0.0211910754442215,0.9695338010787964],"rotationconfidence":0.5},"24":{"id":24,"position":[504.4939517974854,-1055.566906929016,2253.370046615601],"positionconfidence":0.5,"rotation":[-0.08650919795036316,0.996251106262207,0,-0.9658991098403931,-0.08387359231710434,-0.2449575215578079,-0.2440391778945923,-0.0211910754442215,0.9695338010787964],"rotationconfidence":0.5}},"skeletonTracked":true,"frameCount":5},{"position":[188.0669146776199,-519.968569278717,2572.280168533325],"positionTracked":true,"id":4426,"skeleton":{"1":{"id":1,"position":[235.5175912380219,47.22302407026291,2874.361515045166],"positionconfidence":1,"rotation":[0.9999980926513672,0.001955861458554864,0,-0.001910725608468056,0.9769209623336792,0.2135926485061646,0.0004177576338406652,-0.2135922461748123,0.9769228100776672],"rotationconfidence":1},"2":{"id":2,"position":[235.8721196651459,-134.0412199497223,2834.73014831543],"positionconfidence":1,"rotation":[0.9949146509170532,-0.01965268142521381,0.09878675639629364,-0.001910725608468056,0.9769209623336792,0.2135926485061646,-0.1007045209407806,-0.2126951962709427,0.9719153642654419],"rotationconfidence":1},"3":{"id":3,"position":[216.9783264398575,-450.7690966129303,2744.582176208496],"positionconfidence":1,"rotation":[0.993250846862793,-0.08246511220932007,0.08156284689903259,0.05728017911314964,0.9602217078208923,0.273300975561142,-0.1008561924099922,-0.2667844593524933,0.958464503288269],"rotationconfidence":1},"4":{"id":4,"position":[218.1229889392853,-490.4829263687134,2679.495334625244],"positionconfidence":1,"rotation":[0.9957796335220337,-0.06951042264699936,0.05992542579770088,-0.0150110200047493,0.5208042860031128,0.8535440564155579,-0.09053963422775269,-0.8508414030075073,0.5175629258155823],"rotationconfidence":1},"6":{"id":6,"position":[79.00919765233994,-231.4239293336868,2788.007736206055],"positionconfidence":1,"rotation":[0.2028283178806305,0.9760914444923401,-0.07814326137304306,0.11180779337883,-0.1023653969168663,-0.9884434938430786,-0.9728102087974548,0.1917472630739212,-0.1298972070217133],"rotationconfidence":1},"7":{"id":7,"position":[32.14952722191811,-456.9315016269684,2806.061267852783],"positionconfidence":1,"rotation":[-0.07893866300582886,0.2527686059474945,0.9643011689186096,0.2177360504865646,0.9483359456062317,-0.2307596057653427,-0.9728102087974548,0.1917472630739212,-0.1298972070217133],"rotationconfidence":1},"8":{"id":8,"position":[48.54897782206535,-509.443998336792,2605.728387832642],"positionconfidence":0.5,"rotation":[0.4376104176044464,-0.7329591512680054,0.5208340287208557,0,0.5792420506477356,0.815155565738678,-0.8991646766662598,-0.3567205667495728,0.2534823417663574],"rotationconfidence":0.5},"9":{"id":9,"position":[18.78895796835423,-459.598571062088,2570.308685302734],"positionconfidence":0.5,"rotation":[0.4376104176044464,-0.7329591512680054,0.5208340287208557,0,0.5792420506477356,0.815155565738678,-0.8991646766662598,-0.3567205667495728,0.2534823417663574],"rotationconfidence":0.5},"12":{"id":12,"position":[397.5979685783386,-240.0564849376679,2819.12899017334],"positionconfidence":1,"rotation":[0.08068060129880905,-0.995567798614502,0.04832525178790093,-0.2217722535133362,-0.06519812345504761,-0.9729164242744446,0.9717550277709961,0.06777828186750412,-0.2260495573282242],"rotationconfidence":1},"13":{"id":13,"position":[416.4499044418335,-472.6821780204773,2830.420732498169],"positionconfidence":1,"rotation":[-0.1728102415800095,-0.4479492008686066,-0.8771990537643433,-0.1607137620449066,0.8914862871170044,-0.4235841035842896,0.9717550277709961,0.06777828186750412,-0.2260495573282242],"rotationconfidence":1},"14":{"id":14,"position":[371.6084957122803,-588.91761302948,2602.802038192749],"positionconfidence":0.5,"rotation":[-0.1935692578554153,-0.1225910559296608,-0.9733973145484924,0,-0.9921625256538391,0.1249543726444244,-0.9810866117477417,0.02418732456862927,0.1920521706342697],"rotationconfidence":0.5},"15":{"id":15,"position":[359.553337097168,-596.5523719787598,2542.18053817749],"positionconfidence":0.5,"rotation":[-0.1935692578554153,-0.1225910559296608,-0.9733973145484924,0,-0.9921625256538391,0.1249543726444244,-0.9810866117477417,0.02418732456862927,0.1920521706342697],"rotationconfidence":0.5},"17":{"id":17,"position":[144.3297415971756,-549.873411655426,2646.366834640503],"positionconfidence":1,"rotation":[0.9043423533439636,-0.4118971526622772,-0.1118291467428207,0.4215510189533234,0.8210028409957886,0.3850313723087311,-0.06678126752376556,-0.3953418433666229,0.9161032438278198],"rotationconfidence":1},"18":{"id":18,"position":[17.46286824345589,-796.9563603401184,2530.490636825562],"positionconfidence":1,"rotation":[0.8615940809249878,-0.5075979232788086,0,0.4839493930339813,0.8214532136917114,0.3016746342182159,-0.1531294137239456,-0.2599210739135742,0.9534109234809875],"rotationconfidence":1},"19":{"id":19,"position":[-141.9834196567535,-1067.599654197693,2431.098222732544],"positionconfidence":0.5,"rotation":[0.1675424128770828,-0.9858648180961609,0,0.9660941362380981,0.1641824841499329,-0.199263870716095,0.1964472532272339,0.03338515013456345,0.9799458384513855],"rotationconfidence":0.5},"20":{"id":20,"position":[-159.6896648406982,-1070.608735084534,2342.7734375],"positionconfidence":0.5,"rotation":[0.1675424128770828,-0.9858648180961609,0,0.9660941362380981,0.1641824841499329,-0.199263870716095,0.1964472532272339,0.03338515013456345,0.9799458384513855],"rotationconfidence":0.5},"21":{"id":21,"position":[284.2568159103394,-561.6499781608582,2651.484966278076],"positionconfidence":1,"rotation":[0.953259289264679,0.224419891834259,0.2023175060749054,-0.2933503687381744,0.8478401899337769,0.4417153894901276,-0.0724031999707222,-0.480419248342514,0.8740452527999878],"rotationconfidence":1},"22":{"id":22,"position":[366.9923543930054,-800.771951675415,2526.905059814453],"positionconfidence":1,"rotation":[0.9391458034515381,0.244456484913826,0.2413421422243118,-0.3394685387611389,0.7680050730705261,0.5430740118026733,-0.05259402468800545,-0.5919537544250488,0.8042540550231934],"rotationconfidence":1},"23":{"id":23,"position":[481.03266954422,-1058.773875236511,2344.465970993042],"positionconfidence":0.5,"rotation":[-0.07774608582258224,0.9969732165336609,0,-0.9666044116020203,-0.07537785917520523,-0.2449371665716171,-0.2441957890987396,-0.01904290542006493,0.9695389866828918],"rotationconfidence":0.5},"24":{"id":24,"position":[503.6967992782593,-1057.006478309631,2254.481792449951],"positionconfidence":0.5,"rotation":[-0.07774608582258224,0.9969732165336609,0,-0.9666044116020203,-0.07537785917520523,-0.2449371665716171,-0.2441957890987396,-0.01904290542006493,0.9695389866828918],"rotationconfidence":0.5}},"skeletonTracked":true,"frameCount":6},{"position":[179.9288541078568,-518.075704574585,2568.185091018677],"positionTracked":true,"id":4426,"skeleton":{"1":{"id":1,"position":[235.2586686611176,47.67677187919617,2874.431848526001],"positionconfidence":1,"rotation":[1,-0.000284964480670169,0,0.0002783988602459431,0.9769599437713623,0.2134226560592651,-0.00006081787796574645,-0.2134226560592651,0.9769600033760071],"rotationconfidence":1},"2":{"id":2,"position":[235.2069616317749,-133.7740272283554,2834.792852401733],"positionconfidence":1,"rotation":[0.9944997429847717,-0.02262419648468494,0.1022668704390526,0.0002783988602459431,0.9769599437713623,0.2134226560592651,-0.1047391444444656,-0.2122202962636948,0.9715926647186279],"rotationconfidence":1},"3":{"id":3,"position":[216.1837071180344,-450.6367444992065,2744.307994842529],"positionconfidence":1,"rotation":[0.9928216338157654,-0.08393647521734238,0.0852036401629448,0.05763263255357742,0.9599635601043701,0.2741318941116333,-0.1048020720481873,-0.2672536075115204,0.9579101800918579],"rotationconfidence":1},"4":{"id":4,"position":[217.6581025123596,-490.4504120349884,2679.158687591553],"positionconfidence":1,"rotation":[0.9953049421310425,-0.070921391248703,0.06586583703756332,-0.01930701360106468,0.5213547348976135,0.8531216382980347,-0.0948440358042717,-0.8503878116607666,0.5175376534461975],"rotationconfidence":1},"6":{"id":6,"position":[78.59358936548233,-231.1729043722153,2787.080526351929],"positionconfidence":1,"rotation":[0.2349030822515488,0.9673376083374023,-0.09528162330389023,0.1082559376955032,-0.123450331389904,-0.9864283800125122,-0.9659717082977295,0.2214002460241318,-0.1337188929319382],"rotationconfidence":1},"7":{"id":7,"position":[24.70707893371582,-453.079104423523,2808.938026428223],"positionconfidence":1,"rotation":[-0.07432512938976288,0.2575789988040924,0.9633944034576416,0.2477389425039291,0.9405503869056702,-0.232