{"motiondata":[{"position":[186.2658709287643,-550.1509308815002,2479.596614837647],"positionTracked":true,"id":5009,"skeleton":{"1":{"id":1,"position":[202.8172463178635,-20.4397588968277,2757.517814636231],"positionconfidence":1,"rotation":[0.9979174733161926,0.0645027905702591,0,-0.06237844750285149,0.9650520086288452,0.2545261681079865,0.01641764864325523,-0.2539961040019989,0.9670658707618713],"rotationconfidence":1},"2":{"id":2,"position":[214.5201861858368,-201.4950066804886,2709.765672683716],"positionconfidence":1,"rotation":[0.9973482489585876,0.06985238194465637,-0.02042283490300179,-0.06237844750285149,0.9650520086288452,0.2545261681079865,0.03748835623264313,-0.2525772750377655,0.966850221157074],"rotationconfidence":1},"3":{"id":3,"position":[204.2245715856552,-507.1736574172974,2644.983530044556],"positionconfidence":1,"rotation":[0.9987303018569946,-0.02428484335541725,-0.04413536936044693,0.03293148055672646,0.9777416586875916,0.2072117179632187,0.03812088817358017,-0.2084020972251892,0.9773000478744507],"rotationconfidence":1},"4":{"id":4,"position":[200.503408908844,-548.0412244796753,2583.745002746582],"positionconfidence":1,"rotation":[0.9981337785720825,0.0006152520654723048,-0.06106224656105042,0.05047918856143951,0.55438631772995,0.830727219581604,0.03436318039894104,-0.8322592377662659,0.5533206462860107],"rotationconfidence":1},"6":{"id":6,"position":[58.3898276090622,-302.2637963294983,2695.731401443481],"positionconfidence":1,"rotation":[0.193441241979599,0.9770064949989319,-0.08965907990932465,-0.1137530133128166,-0.06843455880880356,-0.9911493062973022,-0.9744951128959656,0.2019281387329102,0.09789936989545822],"rotationconfidence":1},"7":{"id":7,"position":[15.61343763023615,-518.312931060791,2715.558052062988],"positionconfidence":1,"rotation":[0.1852408796548843,0.4775783717632294,0.858839213848114,0.1266691833734512,0.8550695776939392,-0.5028031468391418,-0.9744951128959656,0.2019281387329102,0.09789936989545822],"rotationconfidence":1},"8":{"id":8,"position":[-18.81466433405876,-607.0736646652222,2555.937767028809],"positionconfidence":1,"rotation":[0.2667250037193298,-0.3128399848937988,0.9115859866142273,0,0.9458516836166382,0.3245993554592133,-0.9637727737426758,-0.08657876402139664,0.2522822916507721],"rotationconfidence":1},"9":{"id":9,"position":[-30.22676520049572,-593.6884880065918,2516.934633255005],"positionconfidence":0.5,"rotation":[0.2667250037193298,-0.3128399848937988,0.9115859866142273,0,0.9458516836166382,0.3245993554592133,-0.9637727737426758,-0.08657876402139664,0.2522822916507721],"rotationconfidence":0.5},"12":{"id":12,"position":[373.8601803779602,-303.7929236888886,2683.099985122681],"positionconfidence":1,"rotation":[0.1896846145391464,-0.9817429780960083,-0.0141555592417717,-0.2610738873481751,-0.03653386235237122,-0.9646271467208862,0.9464988708496094,0.1866706013679504,-0.2632373869419098],"rotationconfidence":1},"13":{"id":13,"position":[419.6737706661224,-540.9084558486938,2679.681062698364],"positionconfidence":1,"rotation":[-0.1598223000764847,-0.4374973177909851,-0.884902834892273,-0.2803509831428528,0.8796307444572449,-0.3842566013336182,0.9464988708496094,0.1866706013679504,-0.2632373869419098],"rotationconfidence":1},"14":{"id":14,"position":[387.1250748634338,-630.0072073936462,2499.465703964233],"positionconfidence":1,"rotation":[-0.6141095757484436,0.07003327459096909,-0.7861072421073914,0,-0.996055006980896,-0.08873724192380905,-0.7892206311225891,-0.05449438840150833,0.6116869449615479],"rotationconfidence":1},"15":{"id":15,"position":[358.7303757667542,-626.7690658569336,2463.118314743042],"positionconfidence":0.5,"rotation":[-0.6141095757484436,0.07003327459096909,-0.7861072421073914,0,-0.996055006980896,-0.08873724192380905,-0.7892206311225891,-0.05449438840150833,0.6116869449615479],"rotationconfidence":0.5},"17":{"id":17,"position":[128.6360770463944,-613.9248013496399,2563.819646835327],"positionconfidence":1,"rotation":[0.8452394008636475,-0.4298872351646423,-0.3174388706684113,0.5305824279785156,0.7458741664886475,0.4026835262775421,0.06366094946861267,-0.508791446685791,0.8585328459739685],"rotationconfidence":1},"18":{"id":18,"position":[-30.25713935494423,-837.2913002967834,2443.228244781494],"positionconfidence":1,"rotation":[0.7752466201782227,-0.6316587328910828,0,0.5613303184509277,0.6889312863349915,0.4585652947425842,-0.2896567583084106,-0.3555012047290802,0.8886608481407166],"rotationconfidence":1},"19":{"id":19,"position":[-209.2300057411194,-1056.948065757752,2297.020673751831],"positionconfidence":0.5,"rotation":[-0.2282665967941284,-0.9735987186431885,0,0.9335364699363708,-0.2188737392425537,-0.2839086353778839,0.2764130532741547,-0.06480684876441956,0.9588513970375061],"rotationconfidence":0.5},"20":{"id":20,"position":[-232.4127554893494,-1051.512718200684,2216.601848602295],"positionconfidence":0.5,"rotation":[-0.2282665967941284,-0.9735987186431885,0,0.9335364699363708,-0.2188737392425537,-0.2839086353778839,0.2764130532741547,-0.06480684876441956,0.9588513970375061],"rotationconfidence":0.5},"21":{"id":21,"position":[268.2723701000214,-615.7703995704651,2552.371740341187],"positionconfidence":1,"rotation":[0.9132624864578247,0.3769477605819702,0.1544730067253113,-0.4023474454879761,0.775265634059906,0.4869083166122437,0.06378138065338135,-0.5068269371986389,0.8596850037574768],"rotationconfidence":1},"22":{"id":22,"position":[381.8509578704834,-834.6199989318848,2414.922475814819],"positionconfidence":1,"rotation":[0.950330913066864,0.3015997111797333,0.07686855643987656,-0.2468498647212982,0.5799466967582703,0.7763550281524658,0.1895687878131867,-0.7567691802978516,0.6255910992622375],"rotationconfidence":1},"23":{"id":23,"position":[465.9866094589233,-1032.28747844696,2150.311708450317],"positionconfidence":0.5,"rotation":[-0.9911373853683472,0.1328402757644653,0,-0.1307210177183151,-0.975325345993042,-0.1779109835624695,-0.02363374643027782,-0.1763342469930649,0.9840465784072876],"rotationconfidence":0.5},"24":{"id":24,"position":[468.1390523910523,-1016.227841377258,2060.689687728882],"positionconfidence":0.5,"rotation":[-0.9911373853683472,0.1328402757644653,0,-0.1307210177183151,-0.975325345993042,-0.1779109835624695,-0.02363374643027782,-0.1763342469930649,0.9840465784072876],"rotationconfidence":0.5}},"skeletonTracked":true,"frameCount":1},{"position":[187.4451190233231,-549.4840741157532,2477.856874465942],"positionTracked":true,"id":5009,"skeleton":{"1":{"id":1,"position":[202.6944756507874,-20.58904059231281,2756.427764892578],"positionconfidence":1,"rotation":[0.997860312461853,0.06538233160972595,0,-0.06328019499778748,0.9657776951789856,0.2515332996845245,0.0164458341896534,-0.2509950995445252,0.9678486585617065],"rotationconfidence":1},"2":{"id":2,"position":[214.5575433969498,-201.6423046588898,2709.273099899292],"positionconfidence":1,"rotation":[0.9974239468574524,0.06973294168710709,-0.01681423932313919,-0.06328019499778748,0.9657776951789856,0.2515332996845245,0.03377897664904594,-0.249821349978447,0.9677025675773621],"rotationconfidence":1},"3":{"id":3,"position":[204.3071389198303,-507.4714422225952,2644.53649520874],"positionconfidence":1,"rotation":[0.9988720417022705,-0.0249235313385725,-0.04041763022542,0.03277259692549706,0.9777970314025879,0.2069758921861649,0.03436166420578957,-0.2080670148134232,0.9775108098983765],"rotationconfidence":1},"4":{"id":4,"position":[200.6091624498367,-548.3916997909546,2583.343982696533],"positionconfidence":1,"rotation":[0.9981350302696228,0.001069473219104111,-0.06103431060910225,0.05017156526446343,0.5551775097846985,0.8302173614501953,0.03477276861667633,-0.8317311406135559,0.5540884137153625],"rotationconfidence":1},"6":{"id":6,"position":[58.45893174409866,-302.1790087223053,2693.702936172485],"positionconfidence":1,"rotation":[0.1862356066703796,0.9817516803741455,-0.03847028687596321,-0.3326826989650726,0.02616992220282555,-0.9426755905151367,-0.9244665503501892,0.1883581578731537,0.3314855694770813],"rotationconfidence":1},"7":{"id":7,"position":[16.84806682169437,-521.5330719947815,2702.298402786255],"positionconfidence":1,"rotation":[0.3748033344745636,0.6083511114120483,0.6995937824249268,-0.06988541781902313,0.7709929347038269,-0.6329975128173828,-0.9244665503501892,0.1883581578731537,0.3314855694770813],"rotationconfidence":1},"8":{"id":8,"position":[-48.26811701059341,-627.2245049476624,2580.754995346069],"positionconfidence":0.5,"rotation":[0.2276922166347504,-0.4221214056015015,0.8774791955947876,0,0.901149570941925,0.4335083067417145,-0.973733127117157,-0.09870646893978119,0.205184742808342],"rotationconfidence":0.5},"9":{"id":9,"position":[-58.2641027867794,-608.6928248405457,2542.232513427734],"positionconfidence":0.5,"rotation":[0.2276922166347504,-0.4221214056015015,0.8774791955947876,0,0.901149570941925,0.4335083067417145,-0.973733127117157,-0.09870646893978119,0.205184742808342],"rotationconfidence":0.5},"12":{"id":12,"position":[374.0870654582977,-303.8917481899262,2682.243347167969],"positionconfidence":1,"rotation":[0.1879857927560806,-0.9820574522018433,-0.01497985515743494,-0.2589210569858551,-0.03483897820115089,-0.9652698636054993,0.9474287033081055,0.185335636138916,-0.2608246207237244],"rotationconfidence":1},"13":{"id":13,"position":[419.5530712604523,-541.4109230041504,2678.620338439941],"positionconfidence":1,"rotation":[-0.1596155911684036,-0.432730108499527,-0.8872808814048767,-0.2773114442825317,0.8822670578956604,-0.3803984820842743,0.9474287033081055,0.185335636138916,-0.2608246207237244],"rotationconfidence":1},"14":{"id":14,"position":[387.229710817337,-629.0420293807983,2498.939275741577],"positionconfidence":1,"rotation":[-0.6295060515403748,0.0757269337773323,-0.7732965350151062,0,-0.9952393174171448,-0.09746121615171432,-0.7769955396652222,-0.06135242432355881,0.6265091896057129],"rotationconfidence":1},"15":{"id":15,"position":[359.4781458377838,-625.7036328315735,2464.848756790161],"positionconfidence":0.5,"rotation":[-0.6295060515403748,0.0757269337773323,-0.7732965350151062,0,-0.9952393174171448,-0.09746121615171432,-0.7769955396652222,-0.06135242432355881,0.6265091896057129],"rotationconfidence":0.5},"17":{"id":17,"position":[128.6492049694061,-614.2429113388062,2563.456773757935],"positionconfidence":1,"rotation":[0.845624566078186,-0.4285911619663239,-0.3181646168231964,0.5298963785171509,0.7458013892173767,0.4037202596664429,0.0642566829919815,-0.5099900960922241,0.857776939868927],"rotationconfidence":1},"18":{"id":18,"position":[-30.1092267036438,-837.687075138092,2442.501068115234],"positionconfidence":1,"rotation":[0.7722979187965393,-0.6352604627609253,0,0.5656076669692993,0.6876197457313538,0.4552658498287201,-0.2892124056816101,-0.351600855588913,0.8903554677963257],"rotationconfidence":1},"19":{"id":19,"position":[-210.342600941658,-1056.800127029419,2297.428607940674],"positionconfidence":0.5,"rotation":[-0.2236531227827072,-0.9746688008308411,0,0.9346556067466736,-0.2144714593887329,-0.2835860848426819,0.2764025032520294,-0.06342491507530212,0.9589468836784363],"rotationconfidence":0.5},"20":{"id":20,"position":[-233.5240840911865,-1051.480770111084,2217.003107070923],"positionconfidence":0.5,"rotation":[-0.2236531227827072,-0.9746688008308411,0,0.9346556067466736,-0.2144714593887329,-0.2835860848426819,0.2764025032520294,-0.06342491507530212,0.9589468836784363],"rotationconfidence":0.5},"21":{"id":21,"position":[268.3832049369812,-616.1163449287415,2551.875352859497],"positionconfidence":1,"rotation":[0.9134369492530823,0.3769176304340363,0.1535125821828842,-0.4018405973911285,0.7755218744277954,0.4869189262390137,0.06447595357894897,-0.5064572691917419,0.859851062297821],"rotationconfidence":1},"22":{"id":22,"position":[381.7426562309265,-834.8914980888367,2414.515256881714],"positionconfidence":1,"rotation":[0.949738621711731,0.3040364980697632,0.07455438375473022,-0.2451698780059815,0.5743277072906494,0.7810501456260681,0.1946491003036499,-0.7600719928741455,0.6200017929077148],"rotationconfidence":1},"23":{"id":23,"position":[465.3823375701904,-1030.823349952698,2148.060083389282],"positionconfidence":0.5,"rotation":[-0.9950581192970276,0.0992945060133934,0,-0.09758724272251129,-0.9779492020606995,-0.18464095890522,-0.01833383180201054,-0.1837284713983536,0.9828060865402222],"rotationconfidence":0.5},"24":{"id":24,"position":[467.0544564723969,-1014.066576957703,2058.424234390259],"positionconfidence":0.5,"rotation":[-0.9950581192970276,0.0992945060133934,0,-0.09758724272251129,-0.9779492020606995,-0.18464095890522,-0.01833383180201054,-0.1837284713983536,0.9828060865402222],"rotationconfidence":0.5}},"skeletonTracked":true,"frameCount":2},{"position":[190.2357488870621,-543.0250763893127,2479.903936386108],"positionTracked":true,"id":5009,"skeleton":{"1":{"id":1,"position":[202.5053203105927,-20.61242237687111,2755.241394042969],"positionconfidence":1,"rotation":[0.9977970123291016,0.06634128093719482,0,-0.06424333155155182,0.9662430882453918,0.2494937628507614,0.01655173674225807,-0.2489441335201263,0.9683764576911926],"rotationconfidence":1},"2":{"id":2,"position":[214.543953537941,-201.6778439283371,2708.488464355469],"positionconfidence":1,"rotation":[0.9974218606948853,0.07018175721168518,-0.01497003622353077,-0.06424333155155182,0.9662430882453918,0.2494937628507614,0.03197460249066353,-0.2478888034820557,0.968260645866394],"rotationconfidence":1},"3":{"id":3,"position":[204.3864578008652,-507.698655128479,2643.993139266968],"positionconfidence":1,"rotation":[0.9989428520202637,-0.02503100596368313,-0.03855704516172409,0.03246158361434937,0.9779890775680542,0.2061158120632172,0.03254907950758934,-0.2071495205163956,0.9777676463127136],"rotationconfidence":1},"4":{"id":4,"position":[200.700044631958,-548.6807823181152,2582.869052886963],"positionconfidence":1,"rotation":[0.99812912940979,0.001383445342071354,-0.06112505123019218,0.05003027990460396,0.5561903119087219,0.8295475840568542,0.03514480218291283,-0.8310537934303284,0.5550806522369385],"rotationconfidence":1},"6":{"id":6,"position":[58.4329217672348,-302.0423650741577,2691.910266876221],"positionconfidence":1,"rotation":[0.1783750653266907,0.9839292764663696,-0.008099010214209557,0.008592040278017521,-0.00978823285549879,-0.9999151825904846,-0.9839250445365906,0.1782903373241425,-0.01019993610680103],"rotationconfidence":1},"7":{"id":7,"position":[18.2154830545187,-523.8845348358154,2693.73631477356],"positionconfidence":1,"rotation":[0.1157098188996315,0.6799859404563904,0.7240374684333801,0.1360246986150742,0.7112183570861816,-0.6896851658821106,-0.9839250445365906,0.1782903373241425,-0.01019993610680103],"rotationconfidence":1},"8":{"id":8,"position":[-9.375451132655144,-686.0267519950867,2521.090030670166],"positionconfidence":1,"rotation":[0.2130661308765411,0.2868287265300751,0.9339872002601624,0,0.9559376835823059,-0.2935697436332703,-0.977037787437439,0.06254976987838745,0.2036779373884201],"rotationconfidence":1},"9":{"id":9,"position":[-26.08667686581612,-708.5233330726624,2447.835445404053],"positionconfidence":0.5,"rotation":[0.2130661308765411,0.2868287265300751,0.9339872002601624,0,0.9559376835823059,-0.2935697436332703,-0.977037787437439,0.06254976987838745,0.2036779373884201],"rotationconfidence":0.5},"12":{"id":12,"position":[374.0812540054321,-303.9471805095673,2680.999040603638],"positionconfidence":1,"rotation":[0.1876538544893265,-0.982136070728302,-0.01395489741116762,-0.2568480372428894,-0.03535234555602074,-0.9658050537109375,0.9480586647987366,0.1848213374614716,-0.2588937282562256],"rotationconfidence":1},"13":{"id":13,"position":[419.5110499858856,-541.7160391807556,2677.620649337769],"positionconfidence":1,"rotation":[-0.1576761156320572,-0.4338138401508331,-0.8870985507965088,-0.2762664258480072,0.881842851638794,-0.3821390569210053,0.9480586647987366,0.1848213374614716,-0.2588937282562256],"rotationconfidence":1},"14":{"id":14,"position":[387.732207775116,-629.1490793228149,2498.830318450928],"positionconfidence":1,"rotation":[-0.6729215979576111,0.1835019737482071,-0.7165915369987488,0,-0.9687417149543762,-0.2480716109275818,-0.739713728427887,-0.1669327467679977,0.6518872380256653],"rotationconfidence":1},"15":{"id":15,"position":[362.0772063732147,-622.153103351593,2471.510410308838],"positionconfidence":0.5,"rotation":[-0.6729215979576111,0.1835019737482071,-0.7165915369987488,0,-0.9687417149543762,-0.2480716109275818,-0.739713728427887,-0.1669327467679977,0.6518872380256653],"rotationconfidence":0.5},"17":{"id":17,"position":[128.6558657884598,-614.5021319389343,2563.005208969116],"positionconfidence":1,"rotation":[0.8461060523986816,-0.4274366796016693,-0.3184373080730438,0.5290639400482178,0.7460860013961792,0.4042857885360718,0.06477507203817368,-0.5105423331260681,0.8574092388153076],"rotationconfidence":1},"18":{"id":18,"position":[-29.84826639294624,-838.0246758460999,2441.88380241394],"positionconfidence":1,"rotation":[0.7697088122367859,-0.6383951306343079,0,0.5692474246025085,0.6863378286361694,0.4526561796665192,-0.2889735102653503,-0.3484134376049042,0.8916850686073303],"rotationconfidence":1},"19":{"id":19,"position":[-211.1847549676895,-1056.660890579224,2297.688007354736],"positionconfidence":0.5,"rotation":[-0.2199005335569382,-0.9755223989486694,0,0.9355440735816956,-0.210888683795929,-0.2833434343338013,0.2764078080654144,-0.06230736151337624,0.9590185284614563],"rotationconfidence":0.5},"20":{"id":20,"position":[-234.3652248382568,-1051.435589790344,2217.261552810669],"positionconfidence":0.5,"rotation":[-0.2199005335569382,-0.9755223989486694,0,0.9355440735816956,-0.210888683795929,-0.2833434343338013,0.2764078080654144,-0.06230736151337624,0.9590185284614563],"rotationconfidence":0.5},"21":{"id":21,"position":[268.4736549854279,-616.3988709449768,2551.312923431397],"positionconfidence":1,"rotation":[0.91352379322052,0.3770917057991028,0.1525654196739197,-0.4015459418296814,0.7759312987327576,0.4865095317363739,0.06507842987775803,-0.5057000517845154,0.8602513074874878],"rotationconfidence":1},"22":{"id":22,"position":[381.6571831703186,-835.1101875305176,2414.180755615234],"positionconfidence":1,"rotation":[0.9490773677825928,0.3068588972091675,0.07134179770946503,-0.243369847536087,0.5703138113021851,0.7845464944839478,0.200057864189148,-0.7619577646255493,0.6159521341323853],"rotationconfidence":1},"23":{"id":23,"position":[464.737594127655,-1029.8011302948,2146.356105804443],"positionconfidence":0.5,"rotation":[-0.9977518916130066,0.0670166090130806,0,-0.06580308824777603,-0.9796848297119141,-0.189440444111824,-0.01269565522670746,-0.1890145540237427,0.9818922281265259],"rotationconfidence":0.5},"24":{"id":24,"position":[465.8966958522797,-1012.544274330139,2056.710243225098],"positionconfidence":0.5,"rotation":[-0.9977518916130066,0.0670166090130806,0,-0.06580308824777603,-0.9796848297119141,-0.189440444111824,-0.01269565522670746,-0.1890145540237427,0.9818922281265259],"rotationconfidence":0.5}},"skeletonTracked":true,"frameCount":3},{"position":[186.8712902069092,-550.7669448852539,2475.860118865967],"positionTracked":true,"id":5009,"skeleton":{"1":{"id":1,"position":[202.2947818040848,-20.43662220239639,2753.428936004639],"positionconfidence":1,"rotation":[0.99773770570755,0.06722593307495117,0,-0.06515883654356003,0.9670587182044983,0.2460725158452988,0.01654245518147945,-0.2455158233642578,0.9692513346672058],"rotationconfidence":1},"2":{"id":2,"position":[214.5113497972488,-201.7495483160019,2707.293033599854],"positionconfidence":1,"rotation":[0.9974046945571899,0.07068590819835663,-0.01368579734116793,-0.06515883654356003,0.9670587182044983,0.2460725158452988,0.03062883205711842,-0.2445421516895294,0.9691547751426697],"rotationconfidence":1},"3":{"id":3,"position":[204.4330537319183,-507.8878998756409,2643.321990966797],"positionconfidence":1,"rotation":[0.9989935159683228,-0.02512265928089619,-0.03715968132019043,0.03220798075199127,0.9783496856689453,0.2044371515512466,0.03121915645897389,-0.2054282277822495,0.9781741499900818],"rotationconfidence":1},"4":{"id":4,"position":[200.7665485143662,-548.9326119422913,2582.303285598755],"positionconfidence":1,"rotation":[0.9981392025947571,0.001459615537896752,-0.06095822528004646,0.04979626834392548,0.5574446320533752,0.8287193775177002,0.03519044816493988,-0.8302127718925476,0.5563346743583679],"rotationconfidence":1},"6":{"id":6,"position":[58.40856581926346,-301.6895949840546,2690.198183059692],"positionconfidence":1,"rotation":[0.1863913834095001,0.9811880588531494,-0.0502810962498188,0.04890258237719536,-0.06037997454404831,-0.9969768524169922,-0.9812577962875366,0.1833690255880356,-0.05923693999648094],"rotationconfidence":1},"7":{"id":7,"position":[16.91435277462006,-520.1204419136047,2701.391696929932],"positionconfidence":1,"rotation":[0.05125851929187775,0.5447079539299011,0.8370578289031982,0.1857573091983795,0.8183331489562988,-0.5438981652259827,-0.9812577962875366,0.1833690255880356,-0.05923693999648094],"rotationconfidence":1},"8":{"id":8,"position":[5.532615352421999,-641.070544719696,2515.526533126831],"positionconfidence":0.5,"rotation":[0.1205863431096077,0.0697309598326683,0.9902507066726685,0,0.997529923915863,-0.07024354487657547,-0.992702841758728,0.008470412343740463,0.1202884837985039],"rotationconfidence":0.5},"9":{"id":9,"position":[-2.820258028805256,-645.9007263183594,2446.933031082153],"positionconfidence":0.5,"rotation":[0.1205863431096077,0.0697309598326683,0.9902507066726685,0,0.997529923915863,-0.07024354487657547,-0.992702841758728,0.008470412343740463,0.1202884837985039],"rotationconfidence":0.5},"12":{"id":12,"position":[374.0655183792114,-304.0177822113037,2679.634809494019],"positionconfidence":1,"rotation":[0.1880013197660446,-0.9820248484611511,-0.01681080088019371,-0.2578030228614807,-0.03282415121793747,-0.9656397104263306,0.9477304816246033,0.1858754307031632,-0.2593399882316589],"rotationconfidence":1},"13":{"id":13,"position":[419.5663034915924,-541.6911244392395,2675.56619644165],"positionconfidence":1,"rotation":[-0.1575141549110413,-0.434297502040863,-0.8868905901908875,-0.277481883764267,0.881382942199707,-0.3823189735412598,0.9477304816246033,0.1858754307031632,-0.2593399882316589],"rotationconfidence":1},"14":{"id":14,"position":[388.0161643028259,-628.6810636520386,2497.921705245972],"positionconfidence":1,"rotation":[-0.6970936059951782,0.2181290090084076,-0.6829935312271118,0,-0.9525976181030273,-0.3042329847812653,-0.7169800400733948,-0.212078869342804,0.6640496850013733],"rotationconfidence":1},"15":{"id":15,"position":[362.969845533371,-620.843768119812,2473.381996154785],"positionconfidence":0.5,"rotation":[-0.6970936059951782,0.2181290090084076,-0.6829935312271118,0,-0.9525976181030273,-0.3042329847812653,-0.7169800400733948,-0.212078869342804,0.6640496850013733],"rotationconfidence":0.5},"17":{"id":17,"position":[128.6433935165405,-614.706814289093,2562.437772750855],"positionconfidence":1,"rotation":[0.8439980149269104,-0.4291445314884186,-0.3217180073261261,0.5324307680130005,0.7427230477333069,0.4060542583465576,0.06469140946865082,-0.5140014886856079,0.8553464412689209],"rotationconfidence":1},"18":{"id":18,"position":[-32.85793215036392,-839.9957418441772,2439.27001953125],"positionconfidence":1,"rotation":[0.7756512761116028,-0.6311616897583008,0,0.5638582110404968,0.6929402947425842,0.4493304491043091,-0.2836001515388489,-0.348523736000061,0.893365740776062],"rotationconfidence":1},"19":{"id":19,"position":[-210.3227823972702,-1058.08699131012,2297.850847244263],"positionconfidence":0.5,"rotation":[-0.1803647130727768,-0.9835997223854065,0,0.946617603302002,-0.1735832244157791,-0.27163165807724,0.2671768665313721,-0.04899277165532112,0.962401270866394],"rotationconfidence":0.5},"20":{"id":20,"position":[-232.6945066452026,-1053.984642028809,2217.265367507935],"positionconfidence":0.5,"rotation":[-0.1803647130727768,-0.9835997223854065,0,0.946617603302002,-0.1735832244157791,-0.27163165807724,0.2671768665313721,-0.04899277165532112,0.962401270866394],"rotationconfidence":0.5},"21":{"id":21,"position":[268.534928560257,-616.6493892669678,2550.690174102783],"positionconfidence":1,"rotation":[0.9135950803756714,0.3768943250179291,0.1526258140802383,-0.4013664722442627,0.7756757140159607,0.4870647192001343,0.06518380343914032,-0.5062388777732849,0.8599263429641724],"rotationconfidence":1},"22":{"id":22,"position":[381.6120028495789,-835.1806998252869,2413.469314575195],"positionconfidence":1,"rotation":[0.9492022395133972,0.3075869083404541,0.06637319922447205,-0.2398492842912674,0.5706979632377625,0.7853509783744812,0.2036846280097961,-0.7613765001296997,0.6154822707176208],"rotationconfidence":1},"23":{"id":23,"position":[463.502824306488,-1030.03191947937,2145.32995223999],"positionconfidence":0.5,"rotation":[-0.9987433552742004,0.0501190796494484,0,-0.0492643378674984,-0.9817106127738953,-0.1838955581188202,-0.009216674603521824,-0.1836644262075424,0.9829457998275757],"rotationconfidence":0.5},"24":{"id":24,"position":[464.3403291702271,-1013.342618942261,2056.011199951172],"positionconfidence":0.5,"rotation":[-0.9987433552742004,0.0501190796494484,0,-0.0492643378674984,-0.9817106127738953,-0.1838955581188202,-0.009216674603521824,-0.1836644262075424,0.9829457998275757],"rotationconfidence":0.5}},"skeletonTracked":true,"frameCount":4},{"position":[189.7992640733719,-551.7024993896484,2474.133014678955],"positionTracked":true,"id":5009,"skeleton":{"1":{"id":1,"position":[202.2354304790497,-20.24868875741959,2751.493692398071],"positionconfidence":1,"rotation":[0.9977948665618896,0.06637433916330338,0,-0.06439023464918137,0.9679681062698364,0.2426762282848358,0.0161074735224247,-0.2421410977840424,0.9701074957847595],"rotationconfidence":1},"2":{"id":2,"position":[214.3139541149139,-201.8232047557831,2705.971717834473],"positionconfidence":1,"rotation":[0.9975060820579529,0.06947536766529083,-0.01244576741009951,-0.06439023464918137,0.9679681062698364,0.2426762282848358,0.02890712395310402,-0.2412696033716202,0.970027506351471],"rotationconfidence":1},"3":{"id":3,"position":[204.4149935245514,-508.0306529998779,2642.555475234985],"positionconfidence":1,"rotation":[0.9990631937980652,-0.0249787624925375,-0.03533800318837166,0.03164002299308777,0.9787301421165466,0.2026971876621246,0.02952324599027634,-0.2036254107952118,0.9786036610603333],"rotationconfidence":1},"4":{"id":4,"position":[200.7984966039658,-549.1363406181335,2581.656455993652],"positionconfidence":1,"rotation":[0.9981781244277954,0.001537862466648221,-0.06031497567892075,0.04916220530867577,0.5587855577468872,0.8278536796569824,0.03497626259922981,-0.8293107151985168,0.5576919317245483],"rotationconfidence":1},"6":{"id":6,"position":[58.47722291946411,-301.1870086193085,2688.424348831177],"positionconfidence":1,"rotation":[0.1831181943416596,0.9821683764457703,-0.04257999360561371,0.104537159204483,-0.06252043694257736,-0.9925538897514343,-0.9775171279907227,0.1773034781217575,-0.114121712744236],"rotationconfidence":1},"7":{"id":7,"position":[17.52122119069099,-520.8576321601868,2697.94774055481],"positionconfidence":1,"rotation":[-0.02181502059102058,0.4532856047153473,0.8910983204841614,0.209724560379982,0.873553454875946,-0.4392265677452087,-0.9775171279907227,0.1773034781217575,-0.114121712744236],"rotationconfidence":1},"8":{"id":8,"position":[22.58540131151676,-626.0842084884644,2491.086483001709],"positionconfidence":0.5,"rotation":[0.1427524834871292,-0.009057561866939068,0.9897169470787048,0,0.9999580979347229,0.009151285514235497,-0.9897583723068237,-0.001306368736550212,0.1427465081214905],"rotationconfidence":0.5},"9":{"id":9,"position":[13.37548345327377,-625.4998445510864,2427.233219146729],"positionconfidence":0.5,"rotation":[0.1427524834871292,-0.009057561866939068,0.9897169470787048,0,0.9999580979347229,0.009151285514235497,-0.9897583723068237,-0.001306368736550212,0.1427465081214905],"rotationconfidence":0.5},"12":{"id":12,"position":[374.1241991519928,-304.0481209754944,2678.306341171265],"positionconfidence":1,"rotation":[0.1876785010099411,-0.9820171594619751,-0.02047214657068253,-0.2583785951137543,-0.02925018966197968,-0.965600848197937,0.9476377367973328,0.1865120828151703,-0.2592218518257141],"rotationconfidence":1},"13":{"id":13,"position":[419.5365607738495,-541.6657328605652,2673.352718353272],"positionconfidence":1,"rotation":[-0.1564849317073822,-0.4363876283168793,-0.8860464096069336,-0.2783795595169067,0.8802153468132019,-0.3843510448932648,0.9476377367973328,0.1865120828151703,-0.2592218518257141],"rotationconfidence":1},"14":{"id":14,"position":[388.3820474147797,-628.5459399223328,2496.950149536133],"positionconfidence":1,"rotation":[-0.7215676307678223,0.2664950489997864,-0.6389997005462646,0,-0.9229511022567749,-0.3849171102046967,-0.6923440098762512,-0.2777437269687653,0.6659716367721558],"rotationconfidence":1},"15":{"id":15,"position":[363.8830482959747,-619.4977760314941,2475.254535675049],"positionconfidence":0.5,"rotation":[-0.7215676307678223,0.2664950489997864,-0.6389997005462646,0,-0.9229511022567749,-0.3849171102046967,-0.6923440098762512,-0.2777437269687653,0.6659716367721558],"rotationconfidence":0.5},"17":{"id":17,"position":[128.6174058914185,-614.8509979248047,2561.763525009155],"positionconfidence":1,"rotation":[0.8426501154899597,-0.4305588304996491,-0.3233572244644165,0.5345940589904785,0.7407963871955872,0.4067307710647583,0.06442034989595413,-0.5155965685844421,0.8544063568115234],"rotationconfidence":1},"18":{"id":18,"position":[-34.58843007683754,-841.008186340332,2437.59298324585],"positionconfidence":1,"rotation":[0.7801786065101624,-0.6255567669868469,0,0.5596476793289185,0.6979784369468689,0.4467892646789551,-0.279492050409317,-0.3485754132270813,0.894639253616333],"rotationconfidence":1},"19":{"id":19,"position":[-209.5772922039032,-1059.249877929688,2297.892332077026],"positionconfidence":0.5,"rotation":[-0.1475906819105148,-0.9890484809875488,0,0.9543927311897278,-0.1424191743135452,-0.2623951733112335,0.2595215737819672,-0.03872708231210709,0.964960515499115],"rotationconfidence":0.5},"20":{"id":20,"position":[-231.2950044870377,-1056.00905418396,2217.140913009644],"positionconfidence":0.5,"rotation":[-0.1475906819105148,-0.9890484809875488,0,0.9543927311897278,-0.1424191743135452,-0.2623951733112335,0.2595215737819672,-0.03872708231210709,0.964960515499115],"rotationconfidence":0.5},"21":{"id":21,"position":[268.5617804527283,-616.8595552444458,2549.999952316284],"positionconfidence":1,"rotation":[0.913280189037323,0.37733593583107,0.1534164100885391,-0.4021143913269043,0.7751027345657349,0.4873598217964172,0.06498491019010544,-0.506787121295929,0.8596183061599731],"rotationconfidence":1},"22":{"id":22,"position":[381.7856907844544,-835.1063132286072,2412.773370742798],"positionconfidence":1,"rotation":[0.9501523971557617,0.3076678812503815,0.05050713196396828,-0.2283158004283905,0.5762740969657898,0.7847164869308472,0.2123261094093323,-0.757131814956665,0.6177936792373657],"rotationconfidence":1},"23":{"id":23,"position":[459.7472548484802,-1031.883001327515,2144.821166992188],"positionconfidence":0.5,"rotation":[-0.9998376965522766,-0.01801645010709763,0,0.01775017008185387,-0.9850602149963379,-0.1712933629751205,0.003086098236963153,-0.1712655574083328,0.9852201342582703],"rotationconfidence":0.5},"24":{"id":24,"position":[459.469199180603,-1016.452074050903,2056.053400039673],"positionconfidence":0.5,"rotation":[-0.9998376965522766,-0.01801645010709763,0,0.01775017008185387,-0.9850602149963379,-0.1712933629751205,0.003086098236963153,-0.1712655574083328,0.9852201342582703],"rotationconfidence":0.5}},"skeletonTracked":true,"frameCount":5},{"position":[190.5371099710465,-552.4232983589172,2475.42667388916],"positionTracked":true,"id":5009,"skeleton":{"1":{"id":1,"position":[202.2944986820221,-20.09745500981808,2749.671936035156],"positionconfidence":1,"rotation":[0.9979057908058167,0.0646844208240509,0,-0.06279942393302917,0.9688253998756409,0.2396529614925385,0.01550181303173304,-0.2391510754823685,0.970858633518219],"rotationconfidence":1},"2":{"id":2,"position":[214.076966047287,-201.8690705299377,2704.708099365234],"positionconfidence":1,"rotation":[0.9976306557655334,0.06769727915525436,-0.01225191913545132,-0.06279942393302917,0.9688253998756409,0.2396529614925385,0.02809382416307926,-0.2383157461881638,0.9707813262939453],"rotationconfidence":1},"3":{"id":3,"position":[204.3797075748444,-508.1331133842468,2641.79801940918],"positionconfidence":1,"rotation":[0.9991062879562378,-0.02457019500434399,-0.0343923419713974,0.03100058808922768,0.9790772795677185,0.2011134922504425,0.02873136289417744,-0.2019999325275421,0.9789639711380005],"rotationconfidence":1},"4":{"id":4,"position":[200.8121907711029,-549.2978692054749,2581.013679504395],"positionconfidence":1,"rotation":[0.9982221722602844,0.001475113676860929,-0.05958602204918861,0.04853876680135727,0.5600776672363281,0.8270169496536255,0.03459274396300316,-0.8284388184547424,0.5590103268623352],"rotationconfidence":1},"6":{"id":6,"position":[58.49436298012734,-300.7930815219879,2687.073469161987],"positionconfidence":1,"rotation":[0.1815568208694458,0.9824862480163574,-0.04192804917693138,0.1270321607589722,-0.06571142375469208,-0.9897196292877197,-0.9751409888267517,0.1743641197681427,-0.1367377042770386],"rotationconfidence":1},"7":{"id":7,"position":[17.77650415897369,-521.1358666419983,2696.476697921753],"positionconfidence":1,"rotation":[-0.05432889610528946,0.4101161956787109,0.9104136824607849,0.2148218303918839,0.8952105045318604,-0.3904480934143066,-0.9751409888267517,0.1743641197681427,-0.1367377042770386],"rotationconfidence":1},"8":{"id":8,"position":[30.68409860134125,-618.5722947120667,2480.178356170654],"positionconfidence":0.5,"rotation":[0.1496728807687759,-0.06107774376869202,0.9868472218513489,0,0.9980902075767517,0.06177359446883202,-0.988735556602478,-0.00924583151936531,0.1493870317935944],"rotationconfidence":0.5},"9":{"id":9,"position":[21.31634764373303,-614.749550819397,2418.413400650024],"positionconfidence":0.5,"rotation":[0.1496728807687759,-0.06107774376869202,0.9868472218513489,0,0.9980902075767517,0.06177359446883202,-0.988735556602478,-0.00924583151936531,0.1493870317935944],"rotationconfidence":0.5},"12":{"id":12,"position":[374.2106854915619,-304.0943443775177,2677.126407623291],"positionconfidence":1,"rotation":[0.1874381452798843,-0.9820107221603394,-0.02284150756895542,-0.2585640251636505,-0.02689232677221298,-0.9656196236610413,0.9476346969604492,0.1868999898433685,-0.258953332901001],"rotationconfidence":1},"13":{"id":13,"position":[419.547975063324,-541.6218042373657,2671.601533889771],"positionconfidence":1,"rotation":[-0.1556033045053482,-0.4378778636455536,-0.8854663372039795,-0.2788835763931274,0.8793926239013672,-0.3858659863471985,0.9476346969604492,0.1868999898433685,-0.258953332901001],"rotationconfidence":1},"14":{"id":14,"position":[388.7035846710205,-628.4199357032776,2496.08039855957],"positionconfidence":1,"rotation":[-0.7410392165184021,0.3072435557842255,-0.5970446467399597,0,-0.8891714215278625,-0.4575741291046143,-0.6714617609977722,-0.3390803635120392,0.658910870552063],"rotationconfidence":1},"15":{"id":15,"position":[364.5961582660675,-618.4247136116028,2476.657390594482],"positionconfidence":0.5,"rotation":[-0.7410392165184021,0.3072435557842255,-0.5970446467399597,0,-0.8891714215278625,-0.4575741291046143,-0.6714617609977722,-0.3390803635120392,0.658910870552063],"rotationconfidence":0.5},"17":{"id":17,"position":[128.5780370235443,-614.9598956108093,2561.069488525391],"positionconfidence":1,"rotation":[0.8411262631416321,-0.4324717819690704,-0.3247689306735992,0.5370429754257202,0.7388906478881836,0.4069711863994598,0.06396514177322388,-0.5167289972305298,0.8537561893463135],"rotationconfidence":1},"18":{"id":18,"position":[-36.49426251649857,-842.0746326446533,2435.977697372437],"positionconfidence":1,"rotation":[0.7857798337936401,-0.6185064315795898,0,0.5539121627807617,0.7037161588668823,0.4449324905872345,-0.275193601846695,-0.3496189713478088,0.8955641984939575],"rotationconfidence":1},"19":{"id":19,"position":[-208.4900438785553,-1060.586214065552,2297.821283340454],"positionconfidence":0.5,"rotation":[-0.1147483438253403,-0.9933946132659912,0,0.9610003232955933,-0.1110064312815666,-0.2532904148101807,0.2516173124313355,-0.02906465157866478,0.9673902988433838],"rotationconfidence":0.5},"20":{"id":20,"position":[-229.5420914888382,-1058.154463768005,2216.882705688477],"positionconfidence":0.5,"rotation":[-0.1147483438253403,-0.9933946132659912,0,0.9610003232955933,-0.1110064312815666,-0.2532904148101807,0.2516173124313355,-0.02906465157866478,0.9673902988433838],"rotationconfidence":0.5},"21":{"id":21,"position":[268.5798406600952,-617.0421838760376,2549.319982528687],"positionconfidence":1,"rotation":[0.9129325747489929,0.3777871131896973,0.1543729454278946,-0.4029684960842133,0.7745962142944336,0.487459808588028,0.06457933783531189,-0.5072253942489624,0.8593904376029968],"rotationconfidence":1},"22":{"id":22,"position":[381.9758296012878,-835.014820098877,2412.147998809815],"positionconfidence":1,"rotation":[0.9515063762664795,0.3052997887134552,0.03778448700904846,-0.2177360057830811,0.5815985202789307,0.7837947010993958,0.2173169553279877,-0.7540127038955688,0.6198694705963135],"rotationconfidence":1},"23":{"id":23,"position":[456.331342458725,-1033.627152442932,2144.486904144287],"positionconfidence":0.5,"rotation":[-0.9969841241836548,-0.07760622352361679,0,0.07658440619707108,-0.9838571548461914,-0.1617402732372284,0.0125520508736372,-0.1612524688243866,0.9868333339691162],"rotationconfidence":0.5},"24":{"id":24,"position":[455.2082419395447,-1019.199013710022,2056.18953704834],"positionconfidence":0.5,"rotation":[-0.9969841241836548,-0.07760622352361679,0,0.07658440619707108,-0.9838571548461914,-0.1617402732372284,0.0125520508736372,-0.1612524688243866,0.9868333339691162],"rotationconfidence":0.5}},"skeletonTracked":true,"frameCount":6},{"position":[186.2790584564209,-549.0767955780029,2473.596096038818],"positionTracked":true,"id":5009,"skeleton":{"1":{"id":1,"position":[202.0072937011719,-20.26164717972279,2746.442794799805],"positionconfidence":1,"rotation":[0.9979652762413025,0.06376010924577713,0,-0.06200652942061424,0.9705184698104858,0.2329142987728119,0.01485064066946507,-0.2324403822422028,0.972497284412384],"rotationconfidence":1},"2":{"id":2,"position":[213.6162370443344,-201.9633799791336,2702.836275100708],"positionconfidence":1,"rotation":[0.997635006904602,0.06720182299613953,-0.01442903280258179,-0.06200652942061424,0.9705184698104858,0.2329142987728119,0.02965590916574001,-0.2314687669277191,0.9723901748657227],"rotationconfidence":1},"3":{"id":3,"position":[204.366460442543,-508.2369446754456,2640.665054321289],"positionconfidence":1,"rotation":[0.9991046190261841,-0.02296053618192673,-0.0355355478823185,0.02958443202078342,0.9795836806297302,0.198848083615303,0.0302443839609623,-0.1997213363647461,0.9793858528137207],"rotationconfidence":1},"4":{"id":4,"position":[200.8401453495026,-549.4714975357056,2580.037355422974],"positionconfidence":1,"rotation":[0.998202919960022,0.002655845135450363,-0.05986521765589714,0.04803850874304771,0.5617327094078064,0.8259229063987732,0.03582177683711052,-0.8273144960403442,0.560595691204071],"rotationconfidence":1},"6":{"id":6,"position":[58.45570936799049,-300.5092740058899,2685.602188110352],"positionconfidence":1,"rotation":[0.1802235990762711,0.982569694519043,-0.04556462541222572,0.1165086254477501,-0.06732127070426941,-0.9909054040908813,-0.9767012000083923,0.173275887966156,-0.126610741019249],"rotationconfidence":1},"7":{"id":7,"position":[17.9357435554266,-521.4220285415649,2695.846557617188],"positionconfidence":1,"rotation":[-0.001850638072937727,0.5831516981124878,0.8123611807823181,0.2145958691835403,0.7936684489250183,-