{"motiondata":[{"position":[187.0509535074234,-504.7222971916199,2581.267356872559],"positionTracked":true,"id":4426,"skeleton":{"1":{"id":1,"position":[239.9822473526001,74.87925887107849,2885.252237319946],"positionconfidence":1,"rotation":[0.9999987483024597,-0.00159968703519553,0,0.00157593993935734,0.9851539134979248,0.1716665774583817,-0.0002746128011494875,-0.1716663688421249,0.9851552248001099],"rotationconfidence":1},"2":{"id":2,"position":[239.6931499242783,-105.841763317585,2853.760957717896],"positionconfidence":1,"rotation":[0.9914245009422302,-0.02397128753364086,0.1284640431404114,0.00157593993935734,0.9851539134979248,0.1716665774583817,-0.1306719034910202,-0.1699919849634171,0.9767434000968933],"rotationconfidence":1},"3":{"id":3,"position":[215.713158249855,-429.686963558197,2760.425567626953],"positionconfidence":1,"rotation":[0.9889798164367676,-0.1036887839436531,0.1056768372654915,0.07097211480140686,0.9584648609161377,0.2762390375137329,-0.1299304366111755,-0.2656947374343872,0.9552614688873291],"rotationconfidence":1},"4":{"id":4,"position":[218.073233962059,-471.5386033058167,2694.074869155884],"positionconfidence":1,"rotation":[0.9920562505722046,-0.08743742853403091,0.09043955057859421,-0.03007126040756702,0.5332589745521545,0.8454174399375916,-0.1221488192677498,-0.8414212465286255,0.526393473148346],"rotationconfidence":1},"6":{"id":6,"position":[83.66085588932037,-210.5949372053146,2789.893388748169],"positionconfidence":1,"rotation":[0.2046337276697159,0.9554387331008911,-0.2127486318349838,0.05887884646654129,-0.2289692610502243,-0.9716513752937317,-0.977066159248352,0.1863062381744385,-0.1031099557876587],"rotationconfidence":1},"7":{"id":7,"position":[39.30949047207832,-417.6723062992096,2836.003541946411],"positionconfidence":1,"rotation":[-0.04441043362021446,0.295286625623703,0.9543760418891907,0.2082532048225403,0.9370676875114441,-0.2802406251430512,-0.977066159248352,0.1863062381744385,-0.1031099557876587],"rotationconfidence":1},"8":{"id":8,"position":[49.07183721661568,-482.5825095176697,2626.211643218994],"positionconfidence":1,"rotation":[0.617658257484436,0.7568678259849548,0.2136572450399399,0,0.2716741859912872,-0.9623892903327942,-0.7864466309547424,0.5944277048110962,0.1678017973899841],"rotationconfidence":1},"9":{"id":9,"position":[4.726800601929426,-536.9221568107605,2610.872030258179],"positionconfidence":0.5,"rotation":[0.617658257484436,0.7568678259849548,0.2136572450399399,0,0.2716741859912872,-0.9623892903327942,-0.7864466309547424,0.5944277048110962,0.1678017973899841],"rotationconfidence":0.5},"12":{"id":12,"position":[397.9434967041016,-217.3344641923904,2830.766201019287],"positionconfidence":1,"rotation":[0.08356276899576187,-0.9940948486328125,0.0692301094532013,-0.1148799359798431,-0.07861999422311783,-0.9902634024620056,0.9898585081100464,0.07479599118232727,-0.1207712441682816],"rotationconfidence":1},"13":{"id":13,"position":[416.6919589042664,-440.3733909130096,2846.298933029175],"positionconfidence":0.5,"rotation":[-0.09633766859769821,-0.2713471353054047,-0.9576480388641357,-0.1043991670012474,0.9595708847045898,-0.2613896131515503,0.9898585081100464,0.07479599118232727,-0.1207712441682816],"rotationconfidence":0.5},"14":{"id":14,"position":[395.4087793827057,-500.3201365470886,2634.732723236084],"positionconfidence":1,"rotation":[-0.1306002736091614,-0.2507516145706177,-0.9592013359069824,0,-0.9674878120422363,0.2529178261756897,-0.991435170173645,0.03303113579750061,0.1263541728258133],"rotationconfidence":1},"15":{"id":15,"position":[385.9875798225403,-518.4087753295898,2565.538167953491],"positionconfidence":0.5,"rotation":[-0.1306002736091614,-0.2507516145706177,-0.9592013359069824,0,-0.9674878120422363,0.2529178261756897,-0.991435170173645,0.03303113579750061,0.1263541728258133],"rotationconfidence":0.5},"17":{"id":17,"position":[146.5944796800613,-528.580367565155,2657.101631164551],"positionconfidence":1,"rotation":[0.9081730842590332,-0.4174262285232544,-0.03125560656189919,0.4053502976894379,0.8583492636680603,0.3145274817943573,-0.1044638007879257,-0.2983148992061615,0.9487336874008179],"rotationconfidence":1},"18":{"id":18,"position":[19.79698985815048,-797.0803380012512,2558.714389801025],"positionconfidence":1,"rotation":[0.8629639148712158,-0.5052654147148132,0,0.4900851547718048,0.8370369076728821,0.2432811558246613,-0.1229215562343597,-0.2099428623914719,0.9699557423591614],"rotationconfidence":1},"19":{"id":19,"position":[-128.7373751401901,-1050.768375396729,2484.981060028076],"positionconfidence":0.5,"rotation":[0.5877212882041931,-0.8090634942054749,0,0.7798722386360168,0.566516101360321,-0.266193300485611,0.2153672724962235,0.1564474552869797,0.9639196991920471],"rotationconfidence":0.5},"20":{"id":20,"position":[-148.373007774353,-1065.032124519348,2397.097826004028],"positionconfidence":0.5,"rotation":[0.5877212882041931,-0.8090634942054749,0,0.7798722386360168,0.566516101360321,-0.266193300485611,0.2153672724962235,0.1564474552869797,0.9639196991920471],"rotationconfidence":0.5},"21":{"id":21,"position":[281.0898721218109,-541.3529276847839,2667.894601821899],"positionconfidence":1,"rotation":[0.9672418832778931,0.1554811596870422,0.2006708383560181,-0.2271144837141037,0.883160412311554,0.4104225039482117,-0.1134115755558014,-0.4425531029701233,0.8895418047904968],"rotationconfidence":1},"22":{"id":22,"position":[362.940639257431,-859.6389293670654,2519.980669021606],"positionconfidence":1,"rotation":[0.8861500024795532,0.3559074997901917,0.2967624962329865,-0.4610453844070435,0.7415959239006042,0.487311601638794,-0.04664000496268272,-0.5686521530151367,0.8212547302246094],"rotationconfidence":1},"23":{"id":23,"position":[484.0524792671204,-1054.448485374451,2391.968965530396],"positionconfidence":0.5,"rotation":[-0.2182021886110306,0.9759036302566528,0,-0.9308470487594604,-0.2081279903650284,-0.3003440201282501,-0.2931067943572998,-0.06553571671247482,0.953830897808075],"rotationconfidence":0.5},"24":{"id":24,"position":[510.9370946884155,-1048.437356948853,2304.480791091919],"positionconfidence":0.5,"rotation":[-0.2182021886110306,0.9759036302566528,0,-0.9308470487594604,-0.2081279903650284,-0.3003440201282501,-0.2931067943572998,-0.06553571671247482,0.953830897808075],"rotationconfidence":0.5}},"skeletonTracked":true,"frameCount":1},{"position":[188.4428262710571,-506.5521001815796,2579.749345779419],"positionTracked":true,"id":4426,"skeleton":{"1":{"id":1,"position":[239.5279854536057,74.7041329741478,2877.712488174439],"positionconfidence":1,"rotation":[0.999997615814209,-0.002198188100010157,0,0.002175021916627884,0.9894588589668274,0.1447983086109161,-0.0003182939253747463,-0.1447979658842087,0.9894613027572632],"rotationconfidence":1},"2":{"id":2,"position":[239.1297668218613,-106.4530983567238,2851.201772689819],"positionconfidence":1,"rotation":[0.9919015765190125,-0.02052289061248303,0.1253408938646317,0.002175021916627884,0.9894588589668274,0.1447983086109161,-0.1269913166761398,-0.1433530300855637,0.9814903140068054],"rotationconfidence":1},"3":{"id":3,"position":[215.2630686759949,-429.7892451286316,2759.61971282959],"positionconfidence":1,"rotation":[0.9894846081733704,-0.1020652800798416,0.1024836674332619,0.07084159553050995,0.9597325921058655,0.2718356251716614,-0.1261019259691238,-0.2617171108722687,0.9568712711334229],"rotationconfidence":1},"4":{"id":4,"position":[217.5677120685577,-471.6057777404785,2693.259477615356],"positionconfidence":1,"rotation":[0.992146372795105,-0.08736921101808548,0.08951175212860107,-0.02936956286430359,0.5328951478004456,0.8456714749336243,-0.1215860173106194,-0.8416587710380554,0.5261439681053162],"rotationconfidence":1},"6":{"id":6,"position":[83.36452394723892,-210.524708032608,2789.642572402954],"positionconfidence":1,"rotation":[0.2175200879573822,0.9560275077819824,-0.1967141926288605,0.06481580436229706,-0.2152432203292847,-0.9744070768356323,-0.9739013314247131,0.1992029100656509,-0.108785405755043],"rotationconfidence":1},"7":{"id":7,"position":[36.39655560255051,-416.9546961784363,2832.118034362793],"positionconfidence":1,"rotation":[-0.03981245309114456,0.3219306468963623,0.945925772190094,0.2234525233507156,0.9255693554878235,-0.3055979311466217,-0.9739013314247131,0.1992029100656509,-0.108785405755043],"rotationconfidence":1},"8":{"id":8,"position":[45.01388594508171,-486.6359829902649,2627.374172210693],"positionconfidence":0.5,"rotation":[0.6189189553260803,0.7659288644790649,0.1740469485521317,0,0.2215874642133713,-0.9751405119895935,-0.7854548692703247,0.6035329699516296,0.1371446847915649],"rotationconfidence":0.5},"9":{"id":9,"position":[-0.2304259687662125,-542.6270365715027,2614.650964736939],"positionconfidence":0.5,"rotation":[0.6189189553260803,0.7659288644790649,0.1740469485521317,0,0.2215874642133713,-0.9751405119895935,-0.7854548692703247,0.6035329699516296,0.1371446847915649],"rotationconfidence":0.5},"12":{"id":12,"position":[397.0786333084106,-216.430589556694,2829.370260238648],"positionconfidence":1,"rotation":[0.0733393207192421,-0.9958590865135193,0.05372229218482971,-0.1071147620677948,-0.06142125278711319,-0.9923476576805115,0.9915380477905273,0.06702364981174469,-0.1111757978796959],"rotationconfidence":1},"13":{"id":13,"position":[413.8505458831787,-444.1728293895721,2841.655969619751],"positionconfidence":1,"rotation":[-0.08774086833000183,-0.2851747572422028,-0.9544511437416077,-0.09567532688379288,0.9561293125152588,-0.2768809199333191,0.9915380477905273,0.06702364981174469,-0.1111757978796959],"rotationconfidence":1},"14":{"id":14,"position":[394.7324454784393,-506.3103437423706,2633.687973022461],"positionconfidence":1,"rotation":[-0.1284263581037521,-0.2478032410144806,-0.9602605104446411,0,-0.9682787656784058,0.2498724162578583,-0.9917190670967102,0.0320902056992054,0.1243525147438049],"rotationconfidence":1},"15":{"id":15,"position":[385.7195377349854,-523.7010717391968,2566.297292709351],"positionconfidence":0.5,"rotation":[-0.1284263581037521,-0.2478032410144806,-0.9602605104446411,0,-0.9682787656784058,0.2498724162578583,-0.9917190670967102,0.0320902056992054,0.1243525147438049],"rotationconfidence":0.5},"17":{"id":17,"position":[146.241158246994,-528.7521481513977,2656.522750854492],"positionconfidence":1,"rotation":[0.9079612493515015,-0.4178101718425751,-0.03226093202829361,0.4057469367980957,0.8572738170623779,0.3169399201869965,-0.1047642827033997,-0.3008589744567871,0.9478967189788818],"rotationconfidence":1},"18":{"id":18,"position":[19.44966986775398,-796.6408729553223,2557.482481002808],"positionconfidence":1,"rotation":[0.8630425333976746,-0.5051313638687134,0,0.489825576543808,0.8368918895721436,0.2443008720874786,-0.1234040334820747,-0.2108420431613922,0.9696995615959167],"rotationconfidence":1},"19":{"id":19,"position":[-129.2563825845718,-1050.712704658508,2483.315229415894],"positionconfidence":0.5,"rotation":[0.5874344110488892,-0.8092718124389648,0,0.7807062864303589,0.5666992664337158,-0.2633431553840637,0.2131161689758301,0.1546968221664429,0.9647021889686584],"rotationconfidence":0.5},"20":{"id":20,"position":[-148.6742794513702,-1064.807772636414,2395.417213439941],"positionconfidence":0.5,"rotation":[0.5874344110488892,-0.8092718124389648,0,0.7807062864303589,0.5666992664337158,-0.2633431553840637,0.2131161689758301,0.1546968221664429,0.9647021889686584],"rotationconfidence":0.5},"21":{"id":21,"position":[280.5633544921875,-541.3817763328552,2667.359828948975],"positionconfidence":1,"rotation":[0.9674100875854492,0.1545007675886154,0.2006171196699143,-0.2263783514499664,0.8826808929443359,0.4118583202362061,-0.1134484708309174,-0.4438512623310089,0.8888900279998779],"rotationconfidence":1},"22":{"id":22,"position":[362.1549308300018,-859.5187664031982,2518.917322158814],"positionconfidence":1,"rotation":[0.8847494721412659,0.3590068519115448,0.297207772731781,-0.4638656973838806,0.7402000427246094,0.486757218837738,-0.04524403065443039,-0.5685226917266846,0.8214225769042969],"rotationconfidence":1},"23":{"id":23,"position":[484.0432703495026,-1054.018497467041,2391.013860702515],"positionconfidence":0.5,"rotation":[-0.2212025076150894,0.9752278923988342,0,-0.9300576448440552,-0.2109569311141968,-0.300815224647522,-0.2933633923530579,-0.06654108315706253,0.9536823630332947],"rotationconfidence":0.5},"24":{"id":24,"position":[510.96111536026,-1047.912955284119,2303.507804870606],"positionconfidence":0.5,"rotation":[-0.2212025076150894,0.9752278923988342,0,-0.9300576448440552,-0.2109569311141968,-0.300815224647522,-0.2933633923530579,-0.06654108315706253,0.9536823630332947],"rotationconfidence":0.5}},"skeletonTracked":true,"frameCount":2},{"position":[191.1640018224716,-506.3868761062622,2580.233573913574],"positionTracked":true,"id":4426,"skeleton":{"1":{"id":1,"position":[239.0964925289154,74.67620074748993,2872.48420715332],"positionconfidence":1,"rotation":[0.9999979138374329,-0.002067833207547665,0,0.002050972310826182,0.991844117641449,0.1274401098489761,-0.000263524882029742,-0.1274398416280747,0.9918462634086609],"rotationconfidence":1},"2":{"id":2,"position":[238.7209981679916,-106.9117486476898,2849.152326583862],"positionconfidence":1,"rotation":[0.9923180341720581,-0.01778263412415981,0.1224291548132896,0.002050972310826182,0.991844117641449,0.1274401098489761,-0.1236968636512756,-0.126210018992424,0.9842613339424133],"rotationconfidence":1},"3":{"id":3,"position":[214.903399348259,-429.8519492149353,2758.933782577515],"positionconfidence":1,"rotation":[0.9899091720581055,-0.1008244529366493,0.0995694249868393,0.07085400819778442,0.9607017040252686,0.268387496471405,-0.1227165460586548,-0.2586243748664856,0.9581513404846191],"rotationconfidence":1},"4":{"id":4,"position":[217.1424180269241,-471.6394245624542,2692.584753036499],"positionconfidence":1,"rotation":[0.9922184944152832,-0.08749186247587204,0.0885869711637497,-0.02854303456842899,0.532707154750824,0.8458181619644165,-0.1211931258440018,-0.8417649865150452,0.5260646343231201],"rotationconfidence":1},"6":{"id":6,"position":[83.0829069018364,-210.3834301233292,2789.364099502564],"positionconfidence":1,"rotation":[0.2259084284305573,0.9558176398277283,-0.1880906671285629,0.06555123627185822,-0.2075599879026413,-0.9760235548019409,-0.9719405770301819,0.2081623673439026,-0.109544575214386],"rotationconfidence":1},"7":{"id":7,"position":[34.38703715801239,-416.4154529571533,2829.908132553101],"positionconfidence":1,"rotation":[-0.03294136002659798,0.3406578600406647,0.9396101236343384,0.2329086810350418,0.9168537259101868,-0.3242420554161072,-0.9719405770301819,0.2081623673439026,-0.109544575214386],"rotationconfidence":1},"8":{"id":8,"position":[41.45760834217072,-489.5346462726593,2628.229141235352],"positionconfidence":1,"rotation":[0.6161282062530518,0.7740597128868103,0.1456622034311295,0,0.1849336326122284,-0.9827510714530945,-0.7876458764076233,0.6055006384849548,0.1139428243041039],"rotationconfidence":1},"9":{"id":9,"position":[-3.825857304036617,-546.4255809783936,2617.523431777954],"positionconfidence":0.5,"rotation":[0.6161282062530518,0.7740597128868103,0.1456622034311295,0,0.1849336326122284,-0.9827510714530945,-0.7876458764076233,0.6055006384849548,0.1139428243041039],"rotationconfidence":0.5},"12":{"id":12,"position":[396.3322639465332,-215.6927287578583,2828.050851821899],"positionconfidence":1,"rotation":[0.06715656816959381,-0.9967275857925415,0.04498880729079247,-0.09943138062953949,-0.05155190825462341,-0.993708074092865,0.9927756190299988,0.06226073205471039,-0.1025680601596832],"rotationconfidence":1},"13":{"id":13,"position":[411.9077324867249,-446.8614757061005,2838.4850025177],"positionconfidence":1,"rotation":[-0.0797070786356926,-0.296739399433136,-0.951626181602478,-0.08968492597341537,0.9529266953468323,-0.2896330058574677,0.9927756190299988,0.06226073205471039,-0.1025680601596832],"rotationconfidence":1},"14":{"id":14,"position":[394.7060704231262,-510.9010934829712,2633.113622665405],"positionconfidence":1,"rotation":[-0.1245220601558685,-0.2529272437095642,-0.9594383835792542,0,-0.9669644832611084,0.2549112737178803,-0.9922168254852295,0.03174207732081413,0.120408408343792],"rotationconfidence":1},"15":{"id":15,"position":[386.139303445816,-528.3017754554749,2567.10696220398],"positionconfidence":0.5,"rotation":[-0.1245220601558685,-0.2529272437095642,-0.9594383835792542,0,-0.9669644832611084,0.2549112737178803,-0.9922168254852295,0.03174207732081413,0.120408408343792],"rotationconfidence":0.5},"17":{"id":17,"position":[145.9171622991562,-528.8867354393005,2656.041145324707],"positionconfidence":1,"rotation":[0.9077473878860474,-0.418216198682785,-0.03301806002855301,0.4061229526996613,0.8563090562820435,0.3190597295761108,-0.1051622554659843,-0.3030349612236023,0.9471593499183655],"rotationconfidence":1},"18":{"id":18,"position":[19.12421360611916,-796.2293028831482,2556.429624557495],"positionconfidence":1,"rotation":[0.863264262676239,-0.5047521591186523,0,0.4893249273300171,0.8368794322013855,0.2453444004058838,-0.1238381192088127,-0.2117970585823059,0.9694359302520752],"rotationconfidence":1},"19":{"id":19,"position":[-129.6420246362686,-1050.660252571106,2481.839179992676],"positionconfidence":0.5,"rotation":[0.5871493220329285,-0.8094785809516907,0,0.781390368938446,0.5667757391929626,-0.2611404359340668,0.2113876193761826,0.1533284485340118,0.9653008580207825],"rotationconfidence":0.5},"20":{"id":20,"position":[-148.8897502422333,-1064.621448516846,2393.944501876831],"positionconfidence":0.5,"rotation":[0.5871493220329285,-0.8094785809516907,0,0.781390368938446,0.5667757391929626,-0.2611404359340668,0.2113876193761826,0.1533284485340118,0.9653008580207825],"rotationconfidence":0.5},"21":{"id":21,"position":[280.1509201526642,-541.4010286331177,2666.941165924072],"positionconfidence":1,"rotation":[0.9675018787384033,0.1537439823150635,0.2007558792829514,-0.225901871919632,0.8822523951530457,0.4130364060401917,-0.1136154979467392,-0.4449646174907684,0.8883118629455566],"rotationconfidence":1},"22":{"id":22,"position":[361.5749478340149,-859.3999147415161,2518.06640625],"positionconfidence":1,"rotation":[0.8835698366165161,0.3615557253360748,0.2976266741752625,-0.4661960601806641,0.739273190498352,0.48593869805336,-0.04433350265026093,-0.5681131482124329,0.8217553496360779],"rotationconfidence":1},"23":{"id":23,"position":[484.101265668869,-1053.696751594544,2390.351295471191],"positionconfidence":0.5,"rotation":[-0.2214573472738266,0.9751700758934021,0,-0.9298350214958191,-0.2111619412899017,-0.3013594448566437,-0.2938767075538635,-0.06673826277256012,0.9535106420516968],"rotationconfidence":0.5},"24":{"id":24,"position":[511.0642313957214,-1047.573566436768,2302.867412567139],"positionconfidence":0.5,"rotation":[-0.2214573472738266,0.9751700758934021,0,-0.9298350214958191,-0.2111619412899017,-0.3013594448566437,-0.2938767075538635,-0.06673826277256012,0.9535106420516968],"rotationconfidence":0.5}},"skeletonTracked":true,"frameCount":3},{"position":[189.5591616630554,-511.9644999504089,2578.218221664429],"positionTracked":true,"id":4426,"skeleton":{"1":{"id":1,"position":[238.531619310379,74.45220649242401,2868.217706680298],"positionconfidence":1,"rotation":[0.9999989867210388,-0.001452495460398495,0,0.001442843349650502,0.9933538436889648,0.1150913685560226,-0.0001671696954872459,-0.1150912493467331,0.9933549165725708],"rotationconfidence":1},"2":{"id":2,"position":[238.2675558328629,-107.3474660515785,2847.154140472412],"positionconfidence":1,"rotation":[0.9928203225135803,-0.01518868561834097,0.1186470836400986,0.001442843349650502,0.9933538436889648,0.1150913685560226,-0.1196066290140152,-0.1140938699245453,0.9862438440322876],"rotationconfidence":1},"3":{"id":3,"position":[214.6098762750626,-429.8886358737946,2758.272647857666],"positionconfidence":1,"rotation":[0.9904382824897766,-0.09909521788358688,0.09597968310117722,0.07053595036268234,0.9616644382476807,0.2650023400783539,-0.1185607016086578,-0.2556984126567841,0.9594590067863464],"rotationconfidence":1},"4":{"id":4,"position":[216.7685031890869,-471.6511368751526,2691.97154045105],"positionconfidence":1,"rotation":[0.992480456829071,-0.08638037741184235,0.08672337234020233,-0.02753788977861404,0.5327697396278381,0.8458120226860046,-0.1192651614546776,-0.8418401479721069,0.5263848900794983],"rotationconfidence":1},"6":{"id":6,"position":[82.82312750816345,-210.210993885994,2789.087057113648],"positionconfidence":1,"rotation":[0.2293572872877121,0.9556661248207092,-0.1846548169851303,0.06539206206798553,-0.204412579536438,-0.9766982197761536,-0.9711432456970215,0.2119379043579102,-0.1093765050172806],"rotationconfidence":1},"7":{"id":7,"position":[33.41600298881531,-416.0763323307037,2828.864574432373],"positionconfidence":1,"rotation":[-0.02825425378978252,0.3531403243541718,0.9351437091827393,0.2368176579475403,0.9112488627433777,-0.3369616866111755,-0.9711432456970215,0.2119379043579102,-0.1093765050172806],"rotationconfidence":1},"8":{"id":8,"position":[39.45429995656014,-491.5469586849213,2629.0123462677],"positionconfidence":0.5,"rotation":[0.6199120283126831,0.774783194065094,0.124177560210228,0,0.1582542359828949,-0.9873983860015869,-0.7846713066101074,0.6121001243591309,0.09810370206832886],"rotationconfidence":0.5},"9":{"id":9,"position":[-6.267979741096497,-548.6919283866882,2619.853496551514],"positionconfidence":0.5,"rotation":[0.6199120283126831,0.774783194065094,0.124177560210228,0,0.1582542359828949,-0.9873983860015869,-0.7846713066101074,0.6121001243591309,0.09810370206832886],"rotationconfidence":0.5},"12":{"id":12,"position":[395.5214321613312,-214.9703055620194,2826.458930969238],"positionconfidence":1,"rotation":[0.06744354963302612,-0.9966090321540833,0.04713662341237068,-0.09430007636547089,-0.05340002849698067,-0.994110643863678,0.993256688117981,0.06260135769844055,-0.09758178889751434],"rotationconfidence":1},"13":{"id":13,"position":[411.2776219844818,-447.7985203266144,2837.471008300781],"positionconfidence":1,"rotation":[-0.0729953944683075,-0.3162311613559723,-0.9458697438240051,-0.09007113426923752,0.9466144442558289,-0.3095290958881378,0.993256688117981,0.06260135769844055,-0.09758178889751434],"rotationconfidence":1},"14":{"id":14,"position":[395.6299424171448,-515.5875086784363,2634.709358215332],"positionconfidence":1,"rotation":[-0.1169857084751129,-0.2688294351100922,-0.956057071685791,0,-0.9626671075820923,0.2706880867481232,-0.9931336045265198,0.03166663646697998,0.1126182898879051],"rotationconfidence":1},"15":{"id":15,"position":[387.6930773258209,-533.8261723518372,2569.845914840698],"positionconfidence":0.5,"rotation":[-0.1169857084751129,-0.2688294351100922,-0.956057071685791,0,-0.9626671075820923,0.2706880867481232,-0.9931336045265198,0.03166663646697998,0.1126182898879051],"rotationconfidence":0.5},"17":{"id":17,"position":[145.6391662359238,-529.0010571479797,2655.667066574097],"positionconfidence":1,"rotation":[0.9078497290611267,-0.4177408814430237,-0.03607552498579025,0.4063853919506073,0.8554478883743286,0.321029394865036,-0.1032463610172272,-0.3061069846153259,0.9463818669319153],"rotationconfidence":1},"18":{"id":18,"position":[18.87180656194687,-795.8484292030334,2555.525541305542],"positionconfidence":1,"rotation":[0.8634836673736572,-0.5043765902519226,0,0.4888968169689179,0.8369826078414917,0.2458453923463821,-0.1239986643195152,-0.2122834771871567,0.9693089127540588],"rotationconfidence":1},"19":{"id":19,"position":[-129.9407184123993,-1050.612807273865,2480.694055557251],"positionconfidence":0.5,"rotation":[0.5863245725631714,-0.8100761771202087,0,0.7822381258010864,0.566175639629364,-0.2599010765552521,0.210539698600769,0.1523863971233368,0.9656352400779724],"rotationconfidence":0.5},"20":{"id":20,"position":[-149.0991413593292,-1064.479470252991,2392.824411392212],"positionconfidence":0.5,"rotation":[0.5863245725631714,-0.8100761771202087,0,0.7822381258010864,0.566175639629364,-0.2599010765552521,0.210539698600769,0.1523863971233368,0.9656352400779724],"rotationconfidence":0.5},"21":{"id":21,"position":[279.7421813011169,-541.3491725921631,2666.303157806397],"positionconfidence":1,"rotation":[0.9677979350090027,0.1545455306768417,0.1987029612064362,-0.2257184088230133,0.8822147846221924,0.4132170975208283,-0.1114378273487091,-0.4447615444660187,0.8886893391609192],"rotationconfidence":1},"22":{"id":22,"position":[361.0918521881104,-859.3023419380188,2517.378330230713],"positionconfidence":1,"rotation":[0.8824576139450073,0.3642193078994751,0.2976790368556976,-0.4684005677700043,0.7385527491569519,0.4849132001399994,-0.04323692247271538,-0.5673483610153198,0.822342038154602],"rotationconfidence":1},"23":{"id":23,"position":[484.2246174812317,-1053.452491760254,2389.904737472534],"positionconfidence":0.5,"rotation":[-0.2201709300279617,0.9754613041877747,0,-0.9300344586372375,-0.2099176645278931,-0.3016133010387421,-0.2942121028900147,-0.0664064809679985,0.9534304141998291],"rotationconfidence":0.5},"24":{"id":24,"position":[511.2106204032898,-1047.361493110657,2302.453279495239],"positionconfidence":0.5,"rotation":[-0.2201709300279617,0.9754613041877747,0,-0.9300344586372375,-0.2099176645278931,-0.3016133010387421,-0.2942121028900147,-0.0664064809679985,0.9534304141998291],"rotationconfidence":0.5}},"skeletonTracked":true,"frameCount":4},{"position":[189.6730810403824,-508.2587599754334,2578.364610671997],"positionTracked":true,"id":4426,"skeleton":{"1":{"id":1,"position":[237.5427633523941,73.65501672029495,2863.898038864136],"positionconfidence":1,"rotation":[0.9999979734420776,-0.002029936062172055,0,0.002017810940742493,0.9940248131752014,0.1091359779238701,-0.0002215390559285879,-0.1091357544064522,0.9940268993377686],"rotationconfidence":1},"2":{"id":2,"position":[237.1733635663986,-108.3206832408905,2843.918561935425],"positionconfidence":1,"rotation":[0.9935551881790161,-0.01436155289411545,0.1124371066689491,0.002017810940742493,0.9940248131752014,0.1091359779238701,-0.1133326292037964,-0.1082057282328606,0.9876474142074585],"rotationconfidence":1},"3":{"id":3,"position":[214.3083959817886,-429.9906194210053,2757.257699966431],"positionconfidence":1,"rotation":[0.9913167357444763,-0.0949680358171463,0.09095155447721481,0.06847380101680756,0.963306188583374,0.2595236003398895,-0.1122606471180916,-0.2510422766208649,0.9614443778991699],"rotationconfidence":1},"4":{"id":4,"position":[216.350719332695,-471.6976583003998,2691.133260726929],"positionconfidence":1,"rotation":[0.992734968662262,-0.08554117381572723,0.08461553603410721,-0.02611485123634338,0.5333009958267212,0.8455222845077515,-0.1174525320529938,-0.8415893912315369,0.5271927118301392],"rotationconfidence":1},"6":{"id":6,"position":[82.45661109685898,-209.974080324173,2788.846015930176],"positionconfidence":1,"rotation":[0.2300763428211212,0.9557231068611145,-0.1834614425897598,0.06414750963449478,-0.2030026614665985,-0.9770746231079102,-0.9710560441017151,0.2130331844091415,-0.1080133840441704],"rotationconfidence":1},"7":{"id":7,"position":[32.89063274860382,-415.8681333065033,2828.369617462158],"positionconfidence":1,"rotation":[-0.02422428876161575,0.3620491921901703,0.931844174861908,0.2376198917627335,0.9074894785881042,-0.3464094698429108,-0.9710560441017151,0.2130331844091415,-0.1080133840441704],"rotationconfidence":1},"8":{"id":8,"position":[38.05344179272652,-493.0299818515778,2629.770040512085],"positionconfidence":0.5,"rotation":[0.7008011937141418,0.6503068804740906,0.2932209670543671,0,0.4110440909862518,-0.9116154909133911,-0.7133565545082092,0.6388612389564514,0.288060188293457],"rotationconfidence":0.5},"9":{"id":9,"position":[-6.289035081863403,-534.1774821281433,2611.21678352356],"positionconfidence":0.5,"rotation":[0.7008011937141418,0.6503068804740906,0.2932209670543671,0,0.4110440909862518,-0.9116154909133911,-0.7133565545082092,0.6388612389564514,0.288060188293457],"rotationconfidence":0.5},"12":{"id":12,"position":[394.4296836853027,-214.1166925430298,2824.191093444824],"positionconfidence":1,"rotation":[0.0704033300280571,-0.9962048530578613,0.05117901042103767,-0.09983483701944351,-0.05808562412858009,-0.9933071732521057,0.9925101399421692,0.06482268124818802,-0.1035453677177429],"rotationconfidence":1},"13":{"id":13,"position":[410.9839200973511,-448.3585953712463,2836.225032806397],"positionconfidence":1,"rotation":[-0.07377170771360397,-0.357566237449646,-0.9309694170951843,-0.09737226366996765,0.931635320186615,-0.3501060307025909,0.9925101399421692,0.06482268124818802,-0.1035453677177429],"rotationconfidence":1},"14":{"id":14,"position":[395.0836360454559,-525.4261493682861,2635.56981086731],"positionconfidence":0.5,"rotation":[-0.1076676324009895,-0.5791712999343872,-0.8080645203590393,0,-0.8127893805503845,0.582557737827301,-0.9941869974136353,0.06272261589765549,0.0875111073255539],"rotationconfidence":0.5},"15":{"id":15,"position":[387.1026933193207,-568.3576464653015,2575.671434402466],"positionconfidence":1,"rotation":[-0.1076676324009895,-0.5791712999343872,-0.8080645203590393,0,-0.8127893805503845,0.582557737827301,-0.9941869974136353,0.06272261589765549,0.0875111073255539],"rotationconfidence":1},"17":{"id":17,"position":[145.3129649162293,-529.1669964790344,2655.156373977661],"positionconfidence":1,"rotation":[0.9079704880714417,-0.4172628223896027,-0.03848953917622566,0.4065238535404205,0.8548621535301208,0.3224116563796997,-0.1016271263360977,-0.3083871304988861,0.945816695690155],"rotationconfidence":1},"18":{"id":18,"position":[18.65616254508495,-795.5083250999451,2554.705619812012],"positionconfidence":1,"rotation":[0.8636022806167603,-0.5041736364364624,0,0.488580048084259,0.8368918895721436,0.2467824965715408,-0.1244212314486504,-0.2131219208240509,0.9690709114074707],"rotationconfidence":1},"19":{"id":19,"position":[-130.2655637264252,-1050.597310066223,2479.485034942627],"positionconfidence":0.5,"rotation":[0.5828688144683838,-0.8125662803649902,0,0.7848104238510132,0.5629590153694153,-0.2591327726840973,0.2105625420808792,0.1510404050350189,0.9658417105674744],"rotationconfidence":0.5},"20":{"id":20,"position":[-149.4158357381821,-1064.334154129028,2391.643524169922],"positionconfidence":0.5,"rotation":[0.5828688144683838,-0.8125662803649902,0,0.7848104238510132,0.5629590153694153,-0.2591327726840973,0.2105625420808792,0.1510404050350189,0.9658417105674744],"rotationconfidence":0.5},"21":{"id":21,"position":[279.4034481048584,-541.3419604301453,2665.594577789307],"positionconfidence":1,"rotation":[0.968144953250885,0.1549087166786194,0.1967198401689529,-0.2251487076282501,0.8823479413986206,0.4132435023784638,-0.1095603182911873,-0.4443708062171936,0.8891181945800781],"rotationconfidence":1},"22":{"id":22,"position":[360.505074262619,-859.1756820678711,2516.738653182983],"positionconfidence":1,"rotation":[0.8813124895095825,0.3674266636371613,0.2971296906471252,-0.4707085192203522,0.737849771976471,0.4837470948696137,-0.04149549454450607,-0.5661938190460205,0.8232271075248718],"rotationconfidence":1},"23":{"id":23,"position":[484.3198955059052,-1053.259134292603,2389.494180679321],"positionconfidence":0.5,"rotation":[-0.2201464474201202,0.975466787815094,0,-0.9301584959030151,-0.20992112159729,-0.3012279570102692,-0.2938379049301148,-0.06631427258253098,0.9535521864891052],"rotationconfidence":0.5},"24":{"id":24,"position":[511.2646818161011,-1047.178149223328,2302.053928375244],"positionconfidence":0.5,"rotation":[-0.2201464474201202,0.975466787815094,0,-0.9301584959030151,-0.20992112159729,-0.3012279570102692,-0.2938379049301148,-0.06631427258253098,0.9535521864891052],"rotationconfidence":0.5}},"skeletonTracked":true,"frameCount":5},{"position":[192.2969669103622,-507.5792074203491,2578.803777694702],"positionTracked":true,"id":4426,"skeleton":{"1":{"id":1,"position":[236.7710024118424,73.20931553840637,2860.89301109314],"positionconfidence":1,"rotation":[0.999995768070221,-0.002915722550824285,0,0.002898760372772813,0.994178295135498,0.1077077984809876,-0.0003140460466966033,-0.1077073439955711,0.9941825270652771],"rotationconfidence":1},"2":{"id":2,"position":[236.2393289804459,-109.1369614005089,2841.137886047363],"positionconfidence":1,"rotation":[0.9941316246986389,-0.01451244670897722,0.1071993932127953,0.002898760372772813,0.994178295135498,0.1077077984809876,-0.1081384271383286,-0.1067650020122528,0.9883862733840942],"rotationconfidence":1},"3":{"id":3,"position":[214.0420228242874,-430.1025569438934,2756.186962127686],"positionconfidence":1,"rotation":[0.9920109510421753,-0.09157108515501022,0.08677007257938385,0.06670693308115005,0.9645598530769348,0.2552929520606995,-0.1070723831653595,-0.2474652230739594,0.9629623293876648],"rotationconfidence":1},"4":{"id":4,"position":[215.9574627876282,-471.7520773410797,2690.263986587524],"positionconfidence":1,"rotation":[0.9930022358894348,-0.0846581682562828,0.08233863860368729,-0.02455653809010983,0.5339598655700684,0.8451531529426575,-0.1155146434903145,-0.8412609100341797,0.5281444191932678],"rotationconfidence":1},"6":{"id":6,"position":[82.08812028169632,-209.7458988428116,2788.65647315979],"positionconfidence":1,"rotation":[0.2296787798404694,0.9559148550033569,-0.1829599738121033,0.06126342341303825,-0.201812356710434,-0.9775062799453735,-0.9713364243507385,0.2133037149906158,-0.1049146428704262],"rotationconfidence":1},"7":{"id":7,"position":[32.58410841226578,-415.7798290252686,2828.090906143189],"positionconfidence":1,"rotation":[-0.01962593570351601,0.3678879737854004,0.9296629428863525,0.2368973940610886,0.9050745368003845,-0.353156715631485,-0.9713364243507385,0.2133037149906158,-0.1049146428704262],"rotationconfidence":1},"8":{"id":8,"position":[36.7533415555954,-493.9320683479309,2630.598068237305],"positionconfidence":1,"rotation":[0.7476000189781189,0.450365275144577,0.488124430179596,0,0.7349618673324585,-0.6781084537506104,-0.6641493439674377,0.5069538950920105,0.5494574904441833],"rotationconfidence":1},"9":{"id":9,"position":[-6.205478683114052,-519.8110938072205,2602.549314498901],"positionconfidence":0.5,"rotation":[0.7476000189781189,0.450365275144577,0.488124430179596,0,0.7349618673324585,-0.6781084537506104,-0.6641493439674377,0.5069538950920105,0.5494574904441833],"rotationconfidence":0.5},"12":{"id":12,"position":[393.5949802398682,-213.4714126586914,2822.335720062256],"positionconfidence":1,"rotation":[0.08470887690782547,-0.9947769641876221,0.05694865062832832,-0.1127688810229302,-0.06635817140340805,-0.9914029240608215,0.9900038242340088,0.07755859196186066,-0.1178010180592537],"rotationconfidence":1},"13":{"id":13,"position":[413.7458801269531,-450.1130878925324,2835.882902145386],"positionconfidence":1,"rotation":[-0.07758776843547821,-0.3980095684528351,-0.9140943288803101,-0.1177818030118942,0.9140967726707458,-0.3880133926868439,0.9900038242340088,0.07755859196186066,-0.1178010180592537],"rotationconfidence":1},"14":{"id":14,"position":[396.9435691833496,-536.3055467605591,2637.927770614624],"positionconfidence":0.5,"rotation":[-0.0789530798792839,-0.676598072052002,-0.7321075797080994,0,-0.7344000935554504,0.6787167191505432,-0.9968783259391785,0.05358677357435226,0.05798314884305],"rotationconfidence":0.5},"15":{"id":15,"position":[390.835165977478,-588.6522531509399,2581.286430358887],"positionconfidence":1,"rotation":[-0.0789530798792839,-0.676598072052002,-0.7321075797080994,0,-0.7344000935554504,0.6787167191505432,-0.9968783259391785,0.05358677357435226,0.05798314884305],"rotationconfidence":1},"17":{"id":17,"position":[144.9766606092453,-529.3485522270203,2654.635906219482],"positionconfidence":1,"rotation":[0.9081562161445618,-0.4166169464588165,-0.04101570323109627,0.406583845615387,0.8544426560401917,0.3234457969665527,-0.09970743954181671,-0.310415655374527,0.9453572630882263],"rotationconfidence":1},"18":{"id":18,"position":[18.47421564161778,-795.1955199241638,2554.000616073608],"positionconfidence":1,"rotation":[0.8637157082557678,-0.5039793848991394,0,0.4882954359054565,0.8368366956710815,0.2475315183401108,-0.1247507855296135,-0.213796854019165,0.9688798189163208],"rotationconfidence":1},"19":{"id":19,"position":[-130.5613070726395,-1050.61137676239,2478.450059890747],"positionconfidence":0.5,"rotation":[0.5792025327682495,-0.8151835799217224,0,0.7874061465263367,0.5594661831855774,-0.2588220238685608,0.2109875082969666,0.1499104052782059,0.9659249186515808],"rotationconfidence":0.5},"20":{"id":20,"position":[-149.7418582439423,-1064.239501953125,2390.639305114746],"positionconfidence":0.5,"rotation":[0.5792025327682495,-0.8151835799217224,0,0.7874061465263367,0.5594661831855774,-0.2588220238685608,0.2109875082969666,0.1499104052782059,0.9659249186515808],"rotationconfidence":0.5},"21":{"id":21,"position":[279.1290283203125,-541.3630604743958,2664.83998298645],"positionconfidence":1,"rotation":[0.9684947729110718,0.155571311712265,0.194461852312088,-0.2246819138526917,0.8826339244842529,0.4128868579864502,-0.1074052602052689,-0.4435707628726959,0.8897802829742432],"rotationconfidence":1},"22":{"id":22,"position":[360.0029349327087,-859.0657711029053,2516.22200012207],"positionconfidence":1,"rotation":[0.8802467584609985,0.3706488311290741,0.2962853610515595,-0.4728654026985169,0.7372139096260071,0.4826115965843201,-0.03954626619815826,-0.5649203658103943,0.8241971731185913],"rotationconfidence":1},"23":{"id":23,"position":[484.4731092453003,-1053.11918258667,2389.186382293701],"positionconfidence":0.5,"rotation":[-0.2193902283906937,0.9756371378898621,0,-0.9305194020271301,-0.2092446684837341,-0.3005832731723785,-0.2932602465152741,-0.06594504415988922,0.9537556171417236],"rotationconfidence":0.5},"24":{"id":24,"position":[511.3548636436462,-1047.074317932129,2301.760196685791],"positionconfidence":0.5,"rotation":[-0.2193902283906937,0.9756371378898621,0,-0.9305194020271301,-0.2092446684837341,-0.3005832731723785,-0.2932602465152741,-0.06594504415988922,0.9537556171417236],"rotationconfidence":0.5}},"skeletonTracked":true,"frameCount":6},{"position":[189.3354207277298,-507.8302621841431,2580.048322677612],"positionTracked":true,"id":4426,"skeleton":{"1":{"id":1,"position":[235.9843105077744,72.70298153162003,2857.91540145874],"positionconfidence":1,"rotation":[0.9999960660934448,-0.0028153364546597,0,0.002800314454361796,0.9946603178977966,0.1031650751829147,-0.0002904443826992065,-0.1031646728515625,0.9946643114089966],"rotationconfidence":1},"2":{"id":2,"position":[235.4701906442642,-109.9102944135666,2838.974952697754],"positionconfidence":1,"rotation":[0.9945881366729736,-0.01348496787250042,0.1030174493789673,0.002800314454361796,0.9946603178977966,0.1031650751829147,-0.103858545422554,-0.1023182794451714,0.9893150925636292],"rotationconfidence":1},"3":{"id":3,"position":[213.8268202543259,-430.2099943161011,2755.170106887817],"positionconfidence":1,"rotation":[0.9925581812858582,-0.08885534107685089,0.0832652822136879,0.06523244082927704,0.9653732180595398,0.2525851726531982,-0.1028256192803383,-0.2452738732099533,0.9639853239059448],"rotationconfidence":1},"4":{"id":4,"position":[215.6136929988861,-471.7800915241242,2689.434051513672],"positionconfidence":1,"rotation":[0.9931727051734924,-0.08449302613735199,0.08042856305837631,-0.02296816930174828,0.534335196018219,0.8449604511260986,-0.1143691018223763,-0.8410391211509705,0.5287466049194336],"rotationconfidence":1},"6":{"id":6,"position":[81.71670883893967,-209.5412462949753,2788.517475128174],"positionconfidence":1,"rotation":[0.2285248637199402,0.9561996459960938,-0.1829167753458023,0.05679258704185486,-0.2006625533103943,-0.9780128002166748,-0.9718801379203796,0.213111937046051,-0.1001614406704903],"rotationconfidence":1},"7":{"id":7,"position":[32.42773562669754,-415.7774448394775,2827.969551086426],"positionconfidence":1,"rotation":[-0.01425905711948872,0.3713145256042481,0.9283976554870605,0.2350440174341202,0.903719425201416,-0.3578344285488129,-0.9718801379203796,0.213111937046051,-0.10016144067049