{"motiondata":[{"position":[143.7643021345139,-450.1575827598572,2568.887233734131],"positionTracked":true,"id":4222,"skeleton":{"1":{"id":1,"position":[216.849684715271,213.4507149457932,2783.295631408691],"positionconfidence":1,"rotation":[0.9987816214561462,-0.04934932664036751,0,0.04893671348690987,0.9904307723045349,-0.129043236374855,0.006368197035044432,0.1288860142230988,0.9916390180587769],"rotationconfidence":1},"2":{"id":2,"position":[206.6660821437836,7.344663143157959,2810.149192810059],"positionconfidence":1,"rotation":[0.9981300234794617,-0.0532321073114872,-0.03004817105829716,0.04893671348690987,0.9904307723045349,-0.129043236374855,0.03662987425923348,0.1273314654827118,0.9911836385726929],"rotationconfidence":1},"3":{"id":3,"position":[182.6066970825195,-310.2328777313232,2758.524656295776],"positionconfidence":1,"rotation":[0.9970522522926331,-0.07068508118391037,-0.02983988262712956,0.07456934452056885,0.984295666217804,0.1600044071674347,0.01806134171783924,-0.1617579162120819,0.9866651892662048],"rotationconfidence":1},"4":{"id":4,"position":[176.8239140510559,-356.1261594295502,2698.609113693237],"positionconfidence":1,"rotation":[0.9959279298782349,-0.08451306819915771,-0.03138839453458786,0.07639734447002411,0.6063041090965271,0.7915546298027039,-0.04786579683423042,-0.7907293438911438,0.6102918386459351],"rotationconfidence":1},"6":{"id":6,"position":[28.28742749989033,-78.44176888465881,2833.400249481201],"positionconfidence":1,"rotation":[0.284087061882019,0.9470215439796448,-0.1498158872127533,0.1049481555819511,-0.1860285550355911,-0.9769233465194702,-0.953037440776825,0.2618083655834198,-0.1522364616394043],"rotationconfidence":1},"7":{"id":7,"position":[-33.9236743748188,-285.8262658119202,2866.207838058472],"positionconfidence":1,"rotation":[-0.1011601686477661,0.1986085921525955,0.9748441576957703,0.2854578197002411,0.9444632530212402,-0.1627968400716782,-0.953037440776825,0.2618083655834198,-0.1522364616394043],"rotationconfidence":1},"8":{"id":8,"position":[-7.730893790721893,-337.2507691383362,2613.797426223755],"positionconfidence":0.5,"rotation":[-0.129812702536583,-0.8394660949707031,0.5276790261268616,0,0.5321820974349976,0.8466299176216125,-0.9915384650230408,0.1099033206701279,-0.06908399611711502],"rotationconfidence":0.5},"9":{"id":9,"position":[13.53320479393005,-199.7411847114563,2527.360439300537],"positionconfidence":0.5,"rotation":[-0.129812702536583,-0.8394660949707031,0.5276790261268616,0,0.5321820974349976,0.8466299176216125,-0.9915384650230408,0.1099033206701279,-0.06908399611711502],"rotationconfidence":0.5},"12":{"id":12,"position":[393.1927382946014,-101.7159968614578,2822.904825210571],"positionconfidence":1,"rotation":[0.1895508915185928,-0.9817414879798889,-0.01594074256718159,-0.4380768537521362,-0.0700303241610527,-0.8962055444717407,0.8787258267402649,0.1768598407506943,-0.4433525204658508],"rotationconfidence":1},"13":{"id":13,"position":[432.6705038547516,-306.1833083629608,2819.584846496582],"positionconfidence":1,"rotation":[-0.4137109220027924,-0.181090921163559,-0.8922159671783447,-0.2380842864513397,0.967432975769043,-0.08596041798591614,0.8787258267402649,0.1768598407506943,-0.4433525204658508],"rotationconfidence":1},"14":{"id":14,"position":[325.1007497310638,-353.269100189209,2587.598085403442],"positionconfidence":1,"rotation":[0.1628171354532242,0.795806348323822,-0.5832520723342896,0,-0.5911400318145752,-0.80656898021698,-0.9866563677787781,0.1313232481479645,-0.09624772518873215],"rotationconfidence":1},"15":{"id":15,"position":[332.8594565391541,-315.3466284275055,2559.804439544678],"positionconfidence":0.5,"rotation":[0.1628171354532242,0.795806348323822,-0.5832520723342896,0,-0.5911400318145752,-0.80656898021698,-0.9866563677787781,0.1313232481479645,-0.09624772518873215],"rotationconfidence":0.5},"17":{"id":17,"position":[90.78764915466309,-428.8929998874664,2673.545122146606],"positionconfidence":1,"rotation":[0.8824164271354675,-0.4451736211776733,-0.1521898210048676,0.46998730301857,0.8194785118103027,0.3279739618301392,-0.02128907106816769,-0.3609368801116943,0.9323472380638123],"rotationconfidence":1},"18":{"id":18,"position":[-86.13801002502441,-737.3838424682617,2550.080060958862],"positionconfidence":1,"rotation":[0.8703888654708862,-0.492364913225174,0,0.4623930156230927,0.8174054026603699,0.3435710370540619,-0.169162318110466,-0.2990404069423676,0.9391266703605652],"rotationconfidence":1},"19":{"id":19,"position":[-207.0511132478714,-951.1306285858154,2460.238218307495],"positionconfidence":1,"rotation":[0.9883826375007629,0.1519861668348312,0,0.05873604491353035,-0.3819669187068939,-0.922307550907135,-0.1401779800653458,0.9115927219390869,-0.3864565193653107],"rotationconfidence":1},"20":{"id":20,"position":[-193.7635242938995,-1037.541270256043,2496.870756149292],"positionconfidence":1,"rotation":[0.9883826375007629,0.1519861668348312,0,0.05873604491353035,-0.3819669187068939,-0.922307550907135,-0.1401779800653458,0.9115927219390869,-0.3864565193653107],"rotationconfidence":1},"21":{"id":21,"position":[249.7825175523758,-438.6226236820221,2673.40898513794],"positionconfidence":1,"rotation":[0.9897216558456421,0.1038689240813255,0.09829642623662949,-0.1396397054195404,0.8502076268196106,0.5075900554656982,-0.03084954619407654,-0.5160989761352539,0.8559731841087341],"rotationconfidence":1},"22":{"id":22,"position":[297.861635684967,-731.3562035560608,2498.641490936279],"positionconfidence":1,"rotation":[0.9206092953681946,0.3683335185050964,0.1296496093273163,-0.3745010197162628,0.7388157248497009,0.5602681636810303,0.1105783730745316,-0.5643419623374939,0.8181018829345703],"rotationconfidence":1},"23":{"id":23,"position":[419.50723528862,-971.33868932724,2316.654920578003],"positionconfidence":0.5,"rotation":[-0.1693544536828995,0.9855551719665527,0,-0.9768624901771545,-0.1678607314825058,-0.1325228214263916,-0.1306085586547852,-0.02244333177804947,0.9911799430847168],"rotationconfidence":0.5},"24":{"id":24,"position":[431.7905306816101,-969.2279696464539,2223.437786102295],"positionconfidence":0.5,"rotation":[-0.1693544536828995,0.9855551719665527,0,-0.9768624901771545,-0.1678607314825058,-0.1325228214263916,-0.1306085586547852,-0.02244333177804947,0.9911799430847168],"rotationconfidence":0.5}},"skeletonTracked":true,"frameCount":1},{"position":[141.4289474487305,-448.2035040855408,2569.379329681397],"positionTracked":true,"id":4222,"skeleton":{"1":{"id":1,"position":[216.1224037408829,213.402584195137,2783.583879470825],"positionconfidence":1,"rotation":[0.9989776015281677,-0.04520852118730545,0,0.04480347037315369,0.9900271892547607,-0.133562296628952,0.006038154009729624,0.1334257423877716,0.9910404682159424],"rotationconfidence":1},"2":{"id":2,"position":[206.7967057228088,7.331618573516607,2811.384439468384],"positionconfidence":1,"rotation":[0.9981747269630432,-0.04978452250361443,-0.03418883681297302,0.04480347037315369,0.9900271892547607,-0.133562296628952,0.04049720987677574,0.1317867189645767,0.9904505610466003],"rotationconfidence":1},"3":{"id":3,"position":[182.9419732093811,-310.4742467403412,2760.08939743042],"positionconfidence":1,"rotation":[0.9970149397850037,-0.06936289370059967,-0.03391342237591744,0.07389908283948898,0.9845241904258728,0.1589058488607407,0.02236641570925713,-0.1609376519918442,0.9867111444473267],"rotationconfidence":1},"4":{"id":4,"position":[176.9704669713974,-356.3624322414398,2700.204372406006],"positionconfidence":1,"rotation":[0.9958953857421875,-0.08325514197349548,-0.03551084920763969,0.07890372723340988,0.6063376069068909,0.7912830710411072,-0.04434682056307793,-0.7908371090888977,0.6104179620742798],"rotationconfidence":1},"6":{"id":6,"position":[28.45060266554356,-78.8160040974617,2834.586143493652],"positionconfidence":1,"rotation":[0.2814707159996033,0.9480272531509399,-0.1483862102031708,0.09822703152894974,-0.1822922974824905,-0.978325605392456,-0.9545291066169739,0.2607944905757904,-0.144431859254837],"rotationconfidence":1},"7":{"id":7,"position":[-33.43997895717621,-287.2709333896637,2867.213726043701],"positionconfidence":1,"rotation":[-0.08567656576633453,0.2240612208843231,0.9708017110824585,0.2855413258075714,0.9390329122543335,-0.1915289759635925,-0.9545291066169739,0.2607944905757904,-0.144431859254837],"rotationconfidence":1},"8":{"id":8,"position":[-11.54617592692375,-344.5275723934174,2619.134902954102],"positionconfidence":1,"rotation":[-0.1332176327705383,-0.8321569561958313,0.5383007526397705,0,0.5431419014930725,0.8396408557891846,-0.9910866618156433,0.1118549704551697,-0.07235607504844666],"rotationconfidence":1},"9":{"id":9,"position":[10.27598418295384,-208.2133144140244,2530.956745147705],"positionconfidence":0.5,"rotation":[-0.1332176327705383,-0.8321569561958313,0.5383007526397705,0,0.5431419014930725,0.8396408557891846,-0.9910866618156433,0.1118549704551697,-0.07235607504844666],"rotationconfidence":0.5},"12":{"id":12,"position":[393.1147158145905,-101.2502685189247,2822.66092300415],"positionconfidence":1,"rotation":[0.1944571882486343,-0.9808155298233032,-0.01368491631001234,-0.4431619048118591,-0.07539822906255722,-0.8932651281356812,0.8750964999198914,0.1797664612531662,-0.4493218064308167],"rotationconfidence":1},"13":{"id":13,"position":[433.7754845619202,-306.3376247882843,2819.799423217773],"positionconfidence":1,"rotation":[-0.4191408455371857,-0.1825965195894241,-0.8893702030181885,-0.241923525929451,0.9666138887405396,-0.08444210886955261,0.8750964999198914,0.1797664612531662,-0.4493218064308167],"rotationconfidence":1},"14":{"id":14,"position":[324.4306743144989,-353.9731204509735,2587.78190612793],"positionconfidence":1,"rotation":[0.1430144757032394,0.7938461899757385,-0.5910625457763672,0,-0.597201406955719,-0.8020912408828735,-0.9897204637527466,0.114710658788681,-0.08540844917297363],"rotationconfidence":1},"15":{"id":15,"position":[331.8683505058289,-312.6879930496216,2557.042837142944],"positionconfidence":0.5,"rotation":[0.1430144757032394,0.7938461899757385,-0.5910625457763672,0,-0.597201406955719,-0.8020912408828735,-0.9897204637527466,0.114710658788681,-0.08540844917297363],"rotationconfidence":0.5},"17":{"id":17,"position":[90.9227728843689,-429.3017387390137,2675.318479537964],"positionconfidence":1,"rotation":[0.8828619122505188,-0.4429098963737488,-0.156159445643425,0.4692908227443695,0.8193331956863403,0.3293314874172211,-0.01791755668818951,-0.3640384376049042,0.9312116503715515],"rotationconfidence":1},"18":{"id":18,"position":[-85.86795628070831,-737.9600405693054,2551.253080368042],"positionconfidence":1,"rotation":[0.8697828650474548,-0.4934347271919251,0,0.4636547565460205,0.8172893524169922,0.342143714427948,-0.1688255965709686,-0.2975907325744629,0.9396476149559021],"rotationconfidence":1},"19":{"id":19,"position":[-207.1224600076675,-951.6966938972473,2461.7760181427],"positionconfidence":1,"rotation":[0.9872734546661377,0.1590318381786346,0,0.06154456734657288,-0.3820701539516449,-0.9220816493034363,-0.146640345454216,0.9103467464447021,-0.386995255947113],"rotationconfidence":1},"20":{"id":20,"position":[-193.0737048387528,-1038.911700248718,2498.851776123047],"positionconfidence":1,"rotation":[0.9872734546661377,0.1590318381786346,0,0.06154456734657288,-0.3820701539516449,-0.9220816493034363,-0.146640345454216,0.9103467464447021,-0.386995255947113],"rotationconfidence":1},"21":{"id":21,"position":[249.9732673168182,-438.6919140815735,2674.707889556885],"positionconfidence":1,"rotation":[0.989622175693512,0.1071120426058769,0.09578657150268555,-0.141109049320221,0.850286602973938,0.5070513486862183,-0.02713472954928875,-0.5153055191040039,0.8565768599510193],"rotationconfidence":1},"22":{"id":22,"position":[298.5741496086121,-731.5482497215271,2500.06890296936],"positionconfidence":1,"rotation":[0.9209359288215637,0.3687015473842621,0.126239001750946,-0.3728006184101105,0.7390739917755127,0.5610607266426086,0.1135639920830727,-0.5637629628181458,0.8180919289588928],"rotationconfidence":1},"23":{"id":23,"position":[419.5117354393005,-971.3059663772583,2318.059206008911],"positionconfidence":0.5,"rotation":[-0.1573547124862671,0.9875420928001404,0,-0.9792411923408508,-0.1560320407152176,-0.1293855011463165,-0.127773642539978,-0.02035942114889622,0.9915943741798401],"rotationconfidence":0.5},"24":{"id":24,"position":[431.5508902072907,-969.3876504898071,2224.628686904907],"positionconfidence":0.5,"rotation":[-0.1573547124862671,0.9875420928001404,0,-0.9792411923408508,-0.1560320407152176,-0.1293855011463165,-0.127773642539978,-0.02035942114889622,0.9915943741798401],"rotationconfidence":0.5}},"skeletonTracked":true,"frameCount":2},{"position":[141.3105130195618,-453.3052444458008,2567.664623260498],"positionTracked":true,"id":4222,"skeleton":{"1":{"id":1,"position":[213.8579785823822,211.1268192529678,2782.986640930176],"positionconfidence":1,"rotation":[0.9992131590843201,-0.0396600253880024,0,0.03926413506269455,0.9892389178276062,-0.1409419178962708,0.005589759908616543,0.1408310234546661,0.9900177717208862],"rotationconfidence":1},"2":{"id":2,"position":[205.6924253702164,5.400055088102818,2812.297582626343],"positionconfidence":1,"rotation":[0.9983471632003784,-0.04476128146052361,-0.03604579716920853,0.03926413506269455,0.9892389178276062,-0.1409419178962708,0.04196665063500404,0.1392936706542969,0.9893614649772644],"rotationconfidence":1},"3":{"id":3,"position":[182.9884499311447,-311.9212985038757,2761.682510375977],"positionconfidence":1,"rotation":[0.9971573948860168,-0.06536837667226791,-0.03747212514281273,0.07047995179891586,0.9850606918334961,0.1571243703365326,0.02664135210216045,-0.159318745136261,0.9868676662445068],"rotationconfidence":1},"4":{"id":4,"position":[176.9560128450394,-357.820451259613,2701.881647109985],"positionconfidence":1,"rotation":[0.9960395693778992,-0.0797845870256424,-0.0392385832965374,0.0797668918967247,0.606924295425415,0.7907465696334839,-0.03927453607320786,-0.7907447814941406,0.6108847856521606],"rotationconfidence":1},"6":{"id":6,"position":[27.20126509666443,-82.67764002084732,2835.058927536011],"positionconfidence":1,"rotation":[0.2779286205768585,0.9483128190040588,-0.1531611084938049,0.09941700100898743,-0.1869827955961227,-0.977319598197937,-0.9554433226585388,0.2563983201980591,-0.1462463140487671],"rotationconfidence":1},"7":{"id":7,"position":[-34.08453240990639,-291.7892634868622,2868.832349777222],"positionconfidence":1,"rotation":[-0.07910283654928207,0.2549245357513428,0.9637199640274048,0.2843779623508453,0.9323483109474182,-0.2232841104269028,-0.9554433226585388,0.2563983201980591,-0.1462463140487671],"rotationconfidence":1},"8":{"id":8,"position":[-13.77008482813835,-357.2565913200378,2621.338844299316],"positionconfidence":1,"rotation":[-0.1329452842473984,-0.8331074118614197,0.5368964076042175,0,0.5417048335075378,0.8405687212944031,-0.9911234378814697,0.1117496490478516,-0.07201710343360901],"rotationconfidence":1},"9":{"id":9,"position":[8.165202103555202,-219.7981625795364,2532.753705978394],"positionconfidence":0.5,"rotation":[-0.1329452842473984,-0.8331074118614197,0.5368964076042175,0,0.5417048335075378,0.8405687212944031,-0.9911234378814697,0.1117496490478516,-0.07201710343360901],"rotationconfidence":0.5},"12":{"id":12,"position":[392.7900493144989,-101.3327091932297,2822.177886962891],"positionconfidence":1,"rotation":[0.1998812109231949,-0.9797759652137756,-0.009308242239058018,-0.4663870930671692,-0.08678294718265533,-0.8803134560585022,0.8617020845413208,0.1802993565797806,-0.4743010997772217],"rotationconfidence":1},"13":{"id":13,"position":[434.7306191921234,-306.9166243076325,2820.224761962891],"positionconfidence":1,"rotation":[-0.4265618026256561,-0.2488253265619278,-0.8695578575134277,-0.2747988402843475,0.9516185522079468,-0.1375044882297516,0.8617020845413208,0.1802993565797806,-0.4743010997772217],"rotationconfidence":1},"14":{"id":14,"position":[324.3899643421173,-371.2813854217529,2595.292329788208],"positionconfidence":1,"rotation":[0.04397036135196686,0.789915144443512,-0.6116376519203186,0,-0.6122298240661621,-0.7906798720359802,-0.9990327954292297,0.03476648032665253,-0.02691996656358242],"rotationconfidence":1},"15":{"id":15,"position":[327.2382915019989,-320.1119899749756,2555.671453475952],"positionconfidence":0.5,"rotation":[0.04397036135196686,0.789915144443512,-0.6116376519203186,0,-0.6122298240661621,-0.7906798720359802,-0.9990327954292297,0.03476648032665253,-0.02691996656358242],"rotationconfidence":0.5},"17":{"id":17,"position":[90.88384360074997,-431.467205286026,2677.063226699829],"positionconfidence":1,"rotation":[0.8825930953025818,-0.4417308866977692,-0.1609447747468948,0.4698882699012756,0.8176760673522949,0.3325821459293366,-0.01531112194061279,-0.3691607713699341,0.9292393922805786],"rotationconfidence":1},"18":{"id":18,"position":[-85.83205938339233,-738.9793992042542,2551.985502243042],"positionconfidence":1,"rotation":[0.8683016300201416,-0.4960365891456604,0,0.4661438167095184,0.8159749507904053,0.3418990969657898,-0.1695944666862488,-0.296871542930603,0.9397367835044861],"rotationconfidence":1},"19":{"id":19,"position":[-207.7044397592545,-952.3144364356995,2462.596654891968],"positionconfidence":1,"rotation":[0.9858362078666687,0.1677111834287643,0,0.06398043036460876,-0.3760883808135986,-0.9243723154067993,-0.1550275534391403,0.9112796187400818,-0.3814917504787445],"rotationconfidence":1},"20":{"id":20,"position":[-192.9361075162888,-1039.125323295593,2498.93856048584],"positionconfidence":1,"rotation":[0.9858362078666687,0.1677111834287643,0,0.06398043036460876,-0.3760883808135986,-0.9243723154067993,-0.1550275534391403,0.9112796187400818,-0.3814917504787445],"rotationconfidence":1},"21":{"id":21,"position":[250.2616345882416,-439.961314201355,2676.314830780029],"positionconfidence":1,"rotation":[0.9893990755081177,0.1106986328959465,0.09399709850549698,-0.1433064788579941,0.849036693572998,0.5085273385047913,-0.02351370640099049,-0.5166068077087402,0.8558998703956604],"rotationconfidence":1},"22":{"id":22,"position":[299.5578646659851,-732.0228219032288,2501.385688781738],"positionconfidence":1,"rotation":[0.9212917685508728,0.3688225448131561,0.1232538744807243,-0.371012955904007,0.7387125492095947,0.5627194046974182,0.1164944171905518,-0.5641575455665588,0.8174077272415161],"rotationconfidence":1},"23":{"id":23,"position":[419.8132157325745,-971.4595675468445,2318.993091583252],"positionconfidence":0.5,"rotation":[-0.1450318992137909,0.9894269704818726,0,-0.981454610824585,-0.1438633054494858,-0.1266895681619644,-0.1253500729799271,-0.01837402954697609,0.9919424653053284],"rotationconfidence":0.5},"24":{"id":24,"position":[431.6429197788239,-969.7255492210388,2225.380182266235],"positionconfidence":0.5,"rotation":[-0.1450318992137909,0.9894269704818726,0,-0.981454610824585,-0.1438633054494858,-0.1266895681619644,-0.1253500729799271,-0.01837402954697609,0.9919424653053284],"rotationconfidence":0.5}},"skeletonTracked":true,"frameCount":3},{"position":[142.1001553535461,-451.9629180431366,2568.373680114746],"positionTracked":true,"id":4222,"skeleton":{"1":{"id":1,"position":[210.4997783899307,206.2768638134003,2781.054019927979],"positionconfidence":1,"rotation":[0.9993722438812256,-0.03542888164520264,0,0.03502077609300613,0.9878604412078857,-0.1513451039791107,0.005361987743526697,0.1512500941753388,0.9884810447692871],"rotationconfidence":1},"2":{"id":2,"position":[203.2448500394821,1.631005201488733,2812.406778335571],"positionconfidence":1,"rotation":[0.998483419418335,-0.04102244228124619,-0.03671598061919212,0.03502077609300613,0.9878604412078857,-0.1513451039791107,0.04247880727052689,0.1498297452926636,0.9877988696098328],"rotationconfidence":1},"3":{"id":3,"position":[182.791531085968,-314.8976862430573,2763.219356536865],"positionconfidence":1,"rotation":[0.9975011348724365,-0.05824191495776177,-0.03998937457799912,0.06372147798538208,0.9861320853233337,0.1532413959503174,0.03050974011421204,-0.1554066687822342,0.9873793125152588],"rotationconfidence":1},"4":{"id":4,"position":[176.8736690282822,-361.0469400882721,2703.628301620483],"positionconfidence":1,"rotation":[0.99622642993927,-0.07762802392244339,-0.03881547972559929,0.07827511429786682,0.6104126572608948,0.7882063388824463,-0.03749344870448113,-0.7882704138755798,0.614185631275177],"rotationconfidence":1},"6":{"id":6,"position":[25.12028999626637,-88.2357656955719,2834.446430206299],"positionconfidence":1,"rotation":[0.2720567882061005,0.9497612118721008,-0.154721274971962,0.0998455211520195,-0.1877792030572891,-0.9771232008934021,-0.9570872187614441,0.2503847777843475,-0.1459160149097443],"rotationconfidence":1},"7":{"id":7,"position":[-35.58551147580147,-300.1621663570404,2868.970394134522],"positionconfidence":1,"rotation":[-0.07564590871334076,0.2702019214630127,0.9598274230957031,0.2797529697418213,0.9296765327453613,-0.239666223526001,-0.9570872187614441,0.2503847777843475,-0.1459160149097443],"rotationconfidence":1},"8":{"id":8,"position":[-16.1080714315176,-369.7342276573181,2621.832370758057],"positionconfidence":0.5,"rotation":[-0.1326019614934921,-0.8241530060768127,0.550625741481781,0,0.55553138256073,0.8314955830574036,-0.9911694526672363,0.1102579459547997,-0.07366455346345901],"rotationconfidence":0.5},"9":{"id":9,"position":[5.225103348493576,-237.1434271335602,2533.246994018555],"positionconfidence":0.5,"rotation":[-0.1326019614934921,-0.8241530060768127,0.550625741481781,0,0.55553138256073,0.8314955830574036,-0.9911694526672363,0.1102579459547997,-0.07366455346345901],"rotationconfidence":0.5},"12":{"id":12,"position":[391.5725350379944,-102.5865897536278,2820.86443901062],"positionconfidence":1,"rotation":[0.1984165608882904,-0.9801068305969238,-0.004630820360034704,-0.4661632478237152,-0.09021361917257309,-0.8800870180130005,0.8621615767478943,0.176782563328743,-0.4747896790504456],"rotationconfidence":1},"13":{"id":13,"position":[433.9669048786163,-311.9996190071106,2819.875001907349],"positionconfidence":1,"rotation":[-0.4264481365680695,-0.2527400255203247,-0.8684839606285095,-0.2735311686992645,0.9512466788291931,-0.1425141394138336,0.8621615767478943,0.176782563328743,-0.4747896790504456],"rotationconfidence":1},"14":{"id":14,"position":[324.7255384922028,-376.7429292201996,2597.399234771729],"positionconfidence":1,"rotation":[-0.06072345748543739,0.7335076332092285,-0.676963210105896,0,-0.6782148480415344,-0.7348637580871582,-0.9981546998023987,-0.04462346807122231,0.04118354991078377],"rotationconfidence":1},"15":{"id":15,"position":[320.7181692123413,-328.3360004425049,2552.72388458252],"positionconfidence":0.5,"rotation":[-0.06072345748543739,0.7335076332092285,-0.676963210105896,0,-0.6782148480415344,-0.7348637580871582,-0.9981546998023987,-0.04462346807122231,0.04118354991078377],"rotationconfidence":0.5},"17":{"id":17,"position":[91.02217853069305,-435.6044828891754,2678.605318069458],"positionconfidence":1,"rotation":[0.8805230855941772,-0.44510817527771,-0.1629655957221985,0.4736735224723816,0.8134503960609436,0.3375378549098969,-0.01767642796039581,-0.3744023740291596,0.9270978569984436],"rotationconfidence":1},"18":{"id":18,"position":[-87.15739846229553,-741.5963411331177,2551.635265350342],"positionconfidence":1,"rotation":[0.8661779761314392,-0.499735563993454,0,0.4694386720657349,0.8136652112007141,0.3428937792778015,-0.1713562160730362,-0.2970070540904999,0.9393740892410278],"rotationconfidence":1},"19":{"id":19,"position":[-209.876611828804,-954.302191734314,2461.997032165527],"positionconfidence":1,"rotation":[0.8469395637512207,-0.5316891074180603,0,0.4581721127033234,0.7298327088356018,-0.5073680877685547,0.2697621285915375,0.4297101497650147,0.8617293834686279],"rotationconfidence":1},"20":{"id":20,"position":[-230.4742932319641,-987.1127009391785,2396.199703216553],"positionconfidence":1,"rotation":[0.8469395637512207,-0.5316891074180603,0,0.4581721127033234,0.7298327088356018,-0.5073680877685547,0.2697621285915375,0.4297101497650147,0.8617293834686279],"rotationconfidence":1},"21":{"id":21,"position":[250.8782148361206,-443.2337284088135,2678.572177886963],"positionconfidence":1,"rotation":[0.9888425469398499,0.1125537306070328,0.09758158028125763,-0.1468972712755203,0.8455326557159424,0.5133184194564819,-0.02473251335322857,-0.5219255089759827,0.852632462978363],"rotationconfidence":1},"22":{"id":22,"position":[301.1903166770935,-732.8274250030518,2502.761363983154],"positionconfidence":1,"rotation":[0.9220477342605591,0.3680198192596436,0.1199563965201378,-0.3681003451347351,0.7378342151641846,0.5657761693000793,0.1197089105844498,-0.5658286213874817,0.815786600112915],"rotationconfidence":1},"23":{"id":23,"position":[420.5140769481659,-972.0044732093811,2319.358825683594],"positionconfidence":0.5,"rotation":[-0.128214105963707,0.9917465448379517,0,-0.9841192364692688,-0.1272280365228653,-0.1237843111157417,-0.1227626577019692,-0.01587089337408543,0.9923092126846313],"rotationconfidence":0.5},"24":{"id":24,"position":[432.1264624595642,-970.5032110214233,2225.494146347046],"positionconfidence":0.5,"rotation":[-0.128214105963707,0.9917465448379517,0,-0.9841192364692688,-0.1272280365228653,-0.1237843111157417,-0.1227626577019692,-0.01587089337408543,0.9923092126846313],"rotationconfidence":0.5}},"skeletonTracked":true,"frameCount":4},{"position":[139.5841538906097,-442.748486995697,2572.342395782471],"positionTracked":true,"id":4222,"skeleton":{"1":{"id":1,"position":[207.8357636928558,202.8382569551468,2779.781341552734],"positionconfidence":1,"rotation":[0.9994983673095703,-0.03167231753468514,0,0.031273003667593,0.9868970513343811,-0.1582915037870407,0.005013458896428347,0.1582120954990387,0.9873924851417542],"rotationconfidence":1},"2":{"id":2,"position":[201.3745456933975,-1.061472343280911,2812.485456466675],"positionconfidence":1,"rotation":[0.998622477054596,-0.03752688691020012,-0.03667442873120308,0.031273003667593,0.9868970513343811,-0.1582915037870407,0.04213407263159752,0.1569265425205231,0.9867111444473267],"rotationconfidence":1},"3":{"id":3,"position":[182.450994849205,-317.1696960926056,2764.373064041138],"positionconfidence":1,"rotation":[0.9977389574050903,-0.05354667827486992,-0.04061775282025337,0.05907920375466347,0.9868878722190857,0.1502065807580948,0.03204210475087166,-0.1522666066884995,0.9878199100494385],"rotationconfidence":1},"4":{"id":4,"position":[176.6954362392426,-363.4367883205414,2704.922437667847],"positionconfidence":1,"rotation":[0.9963788986206055,-0.07663989812135696,-0.03681730851531029,0.07617980986833572,0.612385094165802,0.786880612373352,-0.03776008263230324,-0.7868360280990601,0.6160060167312622],"rotationconfidence":1},"6":{"id":6,"position":[23.24926853179932,-91.4514809846878,2833.821296691895],"positionconfidence":1,"rotation":[0.2672856748104096,0.9509161114692688,-0.1559385508298874,0.09935414791107178,-0.1881591230630875,-0.9771002531051636,-0.9584817290306091,0.2456717789173126,-0.1447697132825851],"rotationconfidence":1},"7":{"id":7,"position":[-36.63660958409309,-304.5060932636261,2868.759632110596],"positionconfidence":1,"rotation":[-0.0737471804022789,0.2768544256687164,0.9580777883529663,0.2754528224468231,0.9289764165878296,-0.2472423017024994,-0.9584817290306091,0.2456717789173126,-0.1447697132825851],"rotationconfidence":1},"8":{"id":8,"position":[-17.80426129698753,-375.2046525478363,2624.101400375366],"positionconfidence":1,"rotation":[-0.1336319446563721,-0.8210052847862244,0.5550609827041626,0,0.5600844025611877,0.8284355401992798,-0.9910309314727783,0.1107054501771927,-0.07484516501426697],"rotationconfidence":1},"9":{"id":9,"position":[3.642105730250478,-243.4428781270981,2535.020589828491],"positionconfidence":0.5,"rotation":[-0.1336319446563721,-0.8210052847862244,0.5550609827041626,0,0.5600844025611877,0.8284355401992798,-0.9910309314727783,0.1107054501771927,-0.07484516501426697],"rotationconfidence":0.5},"12":{"id":12,"position":[390.3868198394775,-103.4840866923332,2820.05763053894],"positionconfidence":1,"rotation":[0.1918030083179474,-0.9813030362129211,0.01599903963506222,-0.4445886015892029,-0.1014082133769989,-0.8899759650230408,0.8749585151672363,0.1635870784521103,-0.4557265341281891],"rotationconfidence":1},"13":{"id":13,"position":[432.7004849910736,-319.9693858623505,2823.58717918396],"positionconfidence":1,"rotation":[-0.4219029843807221,-0.2042449712753296,-0.8833355903625488,-0.2375821471214294,0.9651544094085693,-0.1096879988908768,0.8749585151672363,0.1635870784521103,-0.4557265341281891],"rotationconfidence":1},"14":{"id":14,"position":[324.2164552211762,-372.48694896698,2596.454858779907],"positionconfidence":1,"rotation":[-0.1322441399097443,0.6883752346038818,-0.7131978273391724,0,-0.7195171117782593,-0.6944745779037476,-0.9912171363830566,-0.09184019267559052,0.09515192359685898],"rotationconfidence":1},"15":{"id":15,"position":[315.5764639377594,-327.5128901004791,2549.859046936035],"positionconfidence":0.5,"rotation":[-0.1322441399097443,0.6883752346038818,-0.7131978273391724,0,-0.7195171117782593,-0.6944745779037476,-0.9912171363830566,-0.09184019267559052,0.09515192359685898],"rotationconfidence":0.5},"17":{"id":17,"position":[90.98503738641739,-438.5303258895874,2679.602146148682],"positionconfidence":1,"rotation":[0.8796610832214355,-0.4470660090446472,-0.1622611880302429,0.4751374125480652,0.8110096454620361,0.3413326144218445,-0.02100282534956932,-0.377353310585022,0.9258312582969666],"rotationconfidence":1},"18":{"id":18,"position":[-87.7305343747139,-743.5790300369263,2551.215171813965],"positionconfidence":1,"rotation":[0.8639655709266663,-0.5035510063171387,0,0.4727742671966553,0.8111605048179626,0.3442427814006805,-0.1733437925577164,-0.2974139153957367,0.9388806819915771],"rotationconfidence":1},"19":{"id":19,"position":[-211.3259434700012,-955.6373357772827,2461.221218109131],"positionconfidence":1,"rotation":[0.3859810531139374,-0.9225066900253296,0,0.8762959837913513,0.3666462898254395,-0.3125312328338623,0.288312166929245,0.1206311509013176,0.9499074816703796],"rotationconfidence":1},"20":{"id":20,"position":[-241.932675242424,-968.4433341026306,2360.38064956665],"positionconfidence":1,"rotation":[0.3859810531139374,-0.9225066900253296,0,0.8762959837913513,0.3666462898254395,-0.3125312328338623,0.288312166929245,0.1206311509013176,0.9499074816703796],"rotationconfidence":1},"21":{"id":21,"position":[251.2201368808746,-445.6441402435303,2680.33766746521],"positionconfidence":1,"rotation":[0.9880359768867493,0.1151266321539879,0.102620042860508,-0.1518052071332932,0.8433737754821777,0.5154375433921814,-0.02720646746456623,-0.5248490571975708,0.8507604598999023],"rotationconfidence":1},"22":{"id":22,"position":[303.0698001384735,-733.701765537262,2504.287958145142],"positionconfidence":1,"rotation":[0.9226204752922058,0.3673456311225891,0.1175951734185219,-0.3657444715499878,0.7363966107368469,0.5691669583320618,0.1224843114614487,-0.5681349039077759,0.8137692213058472],"rotationconfidence":1},"23":{"id":23,"position":[421.7073619365692,-972.5688099861145,2319.665670394898],"positionconfidence":0.5,"rotation":[-0.1147046610713005,0.9933996796607971,0,-0.9860092997550964,-0.1138513162732124,-0.1217527166008949,-0.1209490969777107,-0.01396560296416283,0.9925605058670044],"rotationconfidence":0.5},"24":{"id":24,"position":[433.1748783588409,-971.2446928024292,2225.558280944824],"positionconfidence":0.5,"rotation":[-0.1147046610713005,0.9933996796607971,0,-0.9860092997550964,-0.1138513162732124,-0.1217527166008949,-0.1209490969777107,-0.01396560296416283,0.9925605058670044],"rotationconfidence":0.5}},"skeletonTracked":true,"frameCount":5},{"position":[138.3782774209976,-445.4649984836578,2571.547031402588],"positionTracked":true,"id":4222,"skeleton":{"1":{"id":1,"position":[205.9620916843414,200.8262872695923,2778.992176055908],"positionconfidence":1,"rotation":[0.9995359182357788,-0.0304626077413559,0,0.03005902096629143,0.9862934947013855,-0.1622389853000641,0.004942222498357296,0.1621636897325516,0.9867514371871948],"rotationconfidence":1},"2":{"id":2,"position":[199.7534036636353,-2.892532385885716,2812.50262260437],"positionconfidence":1,"rotation":[0.9987996220588684,-0.03591860830783844,-0.03330489248037338,0.03005902096629143,0.9862934947013855,-0.1622389853000641,0.03867579996585846,0.1610431373119354,0.9861893653869629],"rotationconfidence":1},"3":{"id":3,"position":[181.8255186080933,-318.6657428741455,2765.249252319336],"positionconfidence":1,"rotation":[0.9979832768440247,-0.05100572854280472,-0.03778539225459099,0.05606105551123619,0.9874326586723328,0.1477627605199814,0.02977378480136395,-0.1495830565690994,0.9883008003234863],"rotationconfidence":1},"4":{"id":4,"position":[176.3785779476166,-364.8792505264282,2705.863952636719],"positionconfidence":1,"rotation":[0.996515691280365,-0.07734385877847672,-0.03121362999081612,0.07219735532999039,0.6125444173812866,0.7871320247650146,-0.04176009446382523,-0.7866429686546326,0.6159942150115967],"rotationconfidence":1},"6":{"id":6,"position":[21.24512381851673,-93.42265874147415,2832.747220993042],"positionconfidence":1,"rotation":[0.2670691311359406,0.9515584707260132,-0.1523497700691223,0.1066373735666275,-0.1863025426864624,-0.9766880869865417,-0.9577590823173523,0.2445970922708511,-0.1512273699045181],"rotationconfidence":1},"7":{"id":7,"position":[-38.69359940290451,-306.9823384284973,2866.939306259155],"positionconfidence":1,"rotation":[-0.07915401458740234,0.281336784362793,0.9563390016555786,0.2764635682106018,0.9279125928878784,-0.2500920295715332,-0.9577590823173523,0.2445970922708511,-0.1512273699045181],"rotationconfidence":1},"8":{"id":8,"position":[-18.65288615226746,-378.212958574295,2624.807357788086],"positionconfidence":1,"rotation":[-0.133864089846611,-0.8192392587661743,0.5576087236404419,0,0.5626729130744934,0.8266795873641968,-0.990999698638916,0.1106627136468887,-0.07532169669866562],"rotationconfidence":1},"9":{"id":9,"position":[2.749977167695761,-247.2288608551025,2535.654067993164],"positionconfidence":0.5,"rotation":[-0.133864089846611,-0.8192392587661743,0.5576087236404419,0,0.5626729130744934,0.8266795873641968,-0.990999698638916,0.1106627136468887,-0.07532169669866562],"rotationconfidence":0.5},"12":{"id":12,"position":[389.4472122192383,-104.0610447525978,2820.04451751709],"positionconfidence":1,"rotation":[0.1910003870725632,-0.9811955690383911,0.02782254852354527,-0.4329776763916016,-0.109654001891613,-0.894710123538971,0.8809365034103394,0.1588434427976608,-0.4457797408103943],"rotationconfidence":1},"13":{"id":13,"position":[431.8074584007263,-321.6715157032013,2826.215028762817],"positionconfidence":1,"rotation":[-0.4173455834388733,-0.1833160221576691,-0.8900662064552307,-0.2230997532606125,0.9701360464096069,-0.0951971635222435,0.8809365034103394,0.1588434427976608,-0.4457797408103943],"rotationconfidence":1},"14":{"id":14,"position":[323.5430121421814,-369.2258894443512,2595.321178436279],"positionconfidence":1,"rotation":[-0.1870824545621872,0.6543146371841431,-0.7327158451080322,0,-0.7458850145339966,-0.6660746932029724,-0.9823442101478577,-0.1246108859777451,0.1395419985055924],"rotationconfidence":1},"15":{"id":15,"position":[311.3793134689331,-326.6837596893311,2547.681570053101],"positionconfidence":0.5,"rotation":[-0.1870824545621872,0.6543146371841431,-0.7327158451080322,0,-0.7458850145339966,-0.6660746932029724,-0.9823442101478577,-0.1246108859777451,0.1395419985055924],"rotationconfidence":0.5},"17":{"id":17,"position":[90.75495600700378,-440.219908952713,2680.129528045654],"positionconfidence":1,"rotation":[0.8797781467437744,-0.4486252367496491,-0.1572448760271072,0.4746232032775879,0.8102115988731384,0.3439332842826843,-0.02689553797245026,-0.377217024564743,0.925734281539917],"rotationconfidence":1},"18":{"id":18,"position":[-87.91530132293701,-745.2212572097778,2550.657033920288],"positionconfidence":1,"rotation":[0.861613392829895,-0.5075651407241821,0,0.4762294292449951,0.8084196448326111,0.3459234535694122,-0.1755786836147308,-0.2980522811412811,0.9382626414299011],"rotationconfidence":1},"19":{"id":19,"position":[-212.4481499195099,-956.6210508346558,2460.198879241943],"positionconfidence":1,"rotation":[0.01777278073132038,-0.9998420476913452,0,0.9591220021247864,0.01704895868897438,-0.2824790179729462,0.2824344038963318,0.005020438227802515,0.9592735171318054],"rotationconfidence":1},"20":{"id":20,"position":[-248.270109295845,-957.2578072547913,2338.531494140625],"positionconfidence":1,"rotation":[0.01777278073132038,-0.9998420476913452,0,0.9591220021247864,0.01704895868897438,-0.2824790179729462,0.2824344038963318,0.005020438227802515,0.9592735171318054],"rotationconfidence":1},"21":{"id":21,"position":[251.2258887290955,-447.3691284656525,2681.878566741943],"positionconfidence":1,"rotation":[0.9869906306266785,0.1168080791831017,0.1104780584573746,-0.1574117541313171,0.8419262170791626,0.5161218643188477,-0.03272716328501701,-0.5267980098724365,0.8493602275848389],"rotationconfidence":1},"22":{"id":22,"position":[304.9200773239136,-734.555721282959,2505.825996398926],"positionconfidence":1,"rotation":[0.9233471751213074,0.3652031719684601,0.1185609176754952,-0.3640967905521393,0.7347370982170105,0.5723591446876526,0.1219162717461586,-0.5716538429260254,0.8113867044448853],"rotationconfidence":1},"23":{"id":23,"position":[423.099011182785,-973.0374813079834,2320.049047470093],"positionconfidence":0.5,"rotation":[-0.09785241633653641,0.9952009320259094,0,-0.9876136779785156,-0.09710640460252762,-0.1232459843158722,-0.1226545199751854,-0.01205991767346859,0.9923761487007141],"rotationconfidence":0.5},"24":{"id":24,"position":[434.7569346427918,-971.8912243843079,2225.726842880249],"positionconfidence":0.5,"rotation":[-0.09785241633653641,0.9952009320259094,0,-0.9876136779785156,-0.09710640460252762,-0.1232459843158722,-0.1226545199751854,-0.01205991767346859,0.9923761487007141],"rotationconfidence":0.5}},"skeletonTracked":true,"frameCount":6},{"position":[123.1931522488594,-445.8454549312592,2571.790933609009],"positionTracked":true,"id":4222,"skeleton":{"1":{"id":1,"position":[204.7273218631744,199.817568063736,2778.365135192871],"positionconfidence":1,"rotation":[0.9992987513542175,-0.03744135051965714,0,0.03697514161467552,0.9868557453155518,-0.1573170572519302,0.005890163127332926,0.1572067439556122,0.9875481128692627],"rotationconfidence":1},"2":{"id":2,"position":[197.0859616994858,-4.128111526370049,2810.876607894898],"positionconfidence":1,"rotation":[0.9963808059692383,-0.0243495125323534,0.08143977075815201,0.03697514161467552,0.9868557453155518,-0.1573170572519302,-0.07653870433568954,0.1597589403390884,0.9841843843460083],"rotationconfidence":1},"3":{"id":3,"position":[178.6553710699081,-320.1459348201752,2765.823125839233],"positionconfidence":1,"rotation":[0.9946979284286499,-0.06889697909355164,0.07634937763214111,0.05764155462384224,0.9883437752723694,0.1409044712781906,-0.08516732603311539,-0.1357564926147461,0.9870747923851013],"rotationconfidence":1},"4":{"id":4,"position":[175.8154481649399,-366.1457002162933,2706.546545028687],"positionconfidence":1,"rotation":[0.9971749186515808,-0.07444564998149872,0.009996907785534859,0.03782277181744576,0.6126358509063721,0.7894597053527832,-0.06489631533622742,-0.7868514060974121,0.6137208938598633],"rotationconfidence":1},"6":{"id":6,"position":[16.36403240263462,-91.93161129951477,2799.967527389526],"positionconfidence":1,"rotation":[0.3130933940410614,0.9358232021331787,-0.161887139081955,0.1778142899274826,-0.2252048999071121,-0.9579482078552246,-0.9329279661178589,0.2711414098739624,-0.2369129061698914],"rotationconfidence":1},"7":{"id":7,"position":[-55.44507130980492,-306.566059589386,2837.096929550171],"positionconfidence":1,"rotation":[-0.1480984389781952,0.310781866312027,0.9388724565505981,0.3281954228878021,0.9109867811203003,-0.2497814744710922,-0.9329279661178589,0.2711414098739624,-0.236912906