{"motiondata":[{"position":[161.1439734697342,-448.5301077365875,2470.688104629517],"positionTracked":true,"id":4605,"skeleton":{"1":{"id":1,"position":[230.8488786220551,183.7723106145859,2700.591564178467],"positionconfidence":1,"rotation":[0.9992578029632568,-0.03851968795061112,0,0.03818932920694351,0.9906878471374512,-0.1306868493556976,0.005034016445279121,0.1305898576974869,0.9914236068725586],"rotationconfidence":1},"2":{"id":2,"position":[222.9891866445541,-20.11976204812527,2727.488040924072],"positionconfidence":1,"rotation":[0.9991753101348877,-0.03605252876877785,0.01867850124835968,0.03818932920694351,0.9906878471374512,-0.1306868493556976,-0.01379297487437725,0.1312924176454544,0.9912477731704712],"rotationconfidence":1},"3":{"id":3,"position":[204.1320353746414,-327.4255990982056,2662.136793136597],"positionconfidence":1,"rotation":[0.9977750778198242,-0.06467173248529434,0.01620176620781422,0.05991281941533089,0.9763701558113098,0.2076335698366165,-0.02924694679677486,-0.2062009274959564,0.9780725240707397],"rotationconfidence":1},"4":{"id":4,"position":[201.1211663484573,-368.137538433075,2599.967479705811],"positionconfidence":1,"rotation":[0.995461642742157,-0.09420288354158401,0.01347895432263613,0.04048259928822517,0.5473918318748474,0.8358966708183289,-0.08612215518951416,-0.8315575122833252,0.548721194267273],"rotationconfidence":1},"6":{"id":6,"position":[45.03809660673142,-104.171521961689,2734.035015106201],"positionconfidence":1,"rotation":[0.3039886653423309,0.9174112677574158,-0.2568025290966034,-0.0125148817896843,-0.2656904458999634,-0.9639772772789001,-0.9525935053825378,0.2962520122528076,-0.06928559392690659],"rotationconfidence":1},"7":{"id":7,"position":[-26.06780827045441,-318.7629282474518,2794.103622436523],"positionconfidence":1,"rotation":[0.03158410266041756,0.3227896392345429,0.9459435939788818,0.3026023507118225,0.8989114165306091,-0.3168441653251648,-0.9525935053825378,0.2962520122528076,-0.06928559392690659],"rotationconfidence":1},"8":{"id":8,"position":[-33.19212421774864,-391.5734589099884,2580.730438232422],"positionconfidence":0.5,"rotation":[-0.6756540536880493,0.07596186548471451,0.7332949638366699,0,0.9946773648262024,-0.103038415312767,-0.7372189164161682,-0.06961832195520401,-0.6720578074455261],"rotationconfidence":0.5},"9":{"id":9,"position":[8.696001954376698,-396.282821893692,2535.268783569336],"positionconfidence":0.5,"rotation":[-0.6756540536880493,0.07596186548471451,0.7332949638366699,0,0.9946773648262024,-0.103038415312767,-0.7372189164161682,-0.06961832195520401,-0.6720578074455261],"rotationconfidence":0.5},"12":{"id":12,"position":[408.7150990962982,-121.1095899343491,2741.338968276978],"positionconfidence":1,"rotation":[0.1781597286462784,-0.9779743552207947,0.1087439879775047,-0.2860730588436127,-0.1572167277336121,-0.9452221393585205,0.9414994120597839,0.1372918039560318,-0.3077818155288696],"rotationconfidence":1},"13":{"id":13,"position":[445.3653395175934,-322.2942054271698,2763.709306716919],"positionconfidence":1,"rotation":[-0.2235047370195389,-0.429166853427887,-0.8751351237297058,-0.2522386312484741,0.8927298784255981,-0.3733749687671661,0.9414994120597839,0.1372918039560318,-0.3077818155288696],"rotationconfidence":1},"14":{"id":14,"position":[386.3219022750855,-435.6675744056702,2532.524108886719],"positionconfidence":1,"rotation":[-0.1466913372278214,-0.2424808740615845,-0.9590020179748535,0,-0.9694895148277283,0.2451326102018356,-0.9891823530197144,0.03595883026719093,0.1422157138586044],"rotationconfidence":1},"15":{"id":15,"position":[376.7214119434357,-451.5371918678284,2469.760417938232],"positionconfidence":1,"rotation":[-0.1466913372278214,-0.2424808740615845,-0.9590020179748535,0,-0.9694895148277283,0.2451326102018356,-0.9891823530197144,0.03595883026719093,0.1422157138586044],"rotationconfidence":1},"17":{"id":17,"position":[114.7379726171494,-438.5569989681244,2567.757606506348],"positionconfidence":1,"rotation":[0.872265100479126,-0.4726881086826325,-0.1253785192966461,0.4848590195178986,0.8024858832359314,0.3477476239204407,-0.0637616515159607,-0.3641189336776733,0.9291672706604004],"rotationconfidence":1},"18":{"id":18,"position":[-66.49819016456604,-738.5193705558777,2437.772512435913],"positionconfidence":1,"rotation":[0.8140871524810791,-0.5807426571846008,0,0.5496866106987,0.7705526351928711,0.3226347863674164,-0.187367781996727,-0.2626528441905975,0.9465234875679016],"rotationconfidence":1},"19":{"id":19,"position":[-204.8329561948776,-932.437539100647,2356.577873229981],"positionconfidence":1,"rotation":[0.2921727299690247,-0.9563655853271484,0,0.9250360131263733,0.2826014459133148,-0.2538595497608185,0.2427825331687927,0.07417083531618118,0.9672409892082214],"rotationconfidence":1},"20":{"id":20,"position":[-228.9962917566299,-939.8195147514343,2260.311603546143],"positionconfidence":1,"rotation":[0.2921727299690247,-0.9563655853271484,0,0.9250360131263733,0.2826014459133148,-0.2538595497608185,0.2427825331687927,0.07417083531618118,0.9672409892082214],"rotationconfidence":1},"21":{"id":21,"position":[277.723491191864,-451.3699412345886,2573.920965194702],"positionconfidence":1,"rotation":[0.9835880994796753,0.09669101983308792,0.1523332744836807,-0.1642358005046845,0.8293736577033997,0.5340093374252319,-0.07470729202032089,-0.5502637624740601,0.8316421508789062],"rotationconfidence":1},"22":{"id":22,"position":[330.4068148136139,-717.4152135848999,2402.622222900391],"positionconfidence":1,"rotation":[0.9399939179420471,0.3029867708683014,0.1568771749734879,-0.3298613131046295,0.6895156502723694,0.6447943449020386,0.08719488978385925,-0.657850444316864,0.7480841279029846],"rotationconfidence":1},"23":{"id":23,"position":[444.8502957820892,-956.6386938095093,2178.914546966553],"positionconfidence":0.5,"rotation":[-0.4351461827754974,0.9003597497940063,0,-0.8889994621276855,-0.4296557009220123,-0.1583536267280579,-0.1425752490758896,-0.0689069852232933,0.9873824715614319],"rotationconfidence":0.5},"24":{"id":24,"position":[458.5516452789307,-950.0167965888977,2084.028005599976],"positionconfidence":0.5,"rotation":[-0.4351461827754974,0.9003597497940063,0,-0.8889994621276855,-0.4296557009220123,-0.1583536267280579,-0.1425752490758896,-0.0689069852232933,0.9873824715614319],"rotationconfidence":0.5}},"skeletonTracked":true,"frameCount":1},{"position":[162.3569279909134,-445.4698264598846,2473.843336105347],"positionTracked":true,"id":4605,"skeleton":{"1":{"id":1,"position":[231.780469417572,184.0112060308456,2700.571298599243],"positionconfidence":1,"rotation":[0.9990955591201782,-0.04252154380083084,0,0.04214982315897942,0.9903615117073059,-0.131937101483345,0.005610169377177954,0.1318177729845047,0.9912580847740173],"rotationconfidence":1},"2":{"id":2,"position":[223.0998277664185,-19.95106227695942,2727.74338722229],"positionconfidence":1,"rotation":[0.9989655017852783,-0.03951863199472427,0.02249925211071968,0.04214982315897942,0.9903615117073059,-0.131937101483345,-0.0170684214681387,0.1327489614486694,0.9910027384757996],"rotationconfidence":1},"3":{"id":3,"position":[203.703373670578,-327.5121152400971,2662.667274475098],"positionconfidence":1,"rotation":[0.997555673122406,-0.0670633465051651,0.0196236539632082,0.06158227473497391,0.9764830470085144,0.2066117376089096,-0.03301824256777763,-0.2048982530832291,0.9782261848449707],"rotationconfidence":1},"4":{"id":4,"position":[200.9374648332596,-368.3386445045471,2600.490093231201],"positionconfidence":1,"rotation":[0.9952220320701599,-0.09583908319473267,0.01865771226584911,0.03715908527374268,0.5484911799430847,0.8353302478790283,-0.09029087424278259,-0.830645740032196,0.5494318008422852],"rotationconfidence":1},"6":{"id":6,"position":[45.11271044611931,-103.7455275654793,2733.49404335022],"positionconfidence":1,"rotation":[0.3061402440071106,0.916050374507904,-0.2590941786766052,0.006871660705655813,-0.2742809355258942,-0.9616250991821289,-0.9519616961479187,0.2926117479801178,-0.09026322513818741],"rotationconfidence":1},"7":{"id":7,"position":[-26.66653506457806,-318.527489900589,2794.24262046814],"positionconfidence":1,"rotation":[0.01390951033681631,0.3357844948768616,0.9418361186981201,0.3059013187885284,0.895336389541626,-0.3237240612506867,-0.9519616961479187,0.2926117479801178,-0.09026322513818741],"rotationconfidence":1},"8":{"id":8,"position":[-29.83723394572735,-395.0701951980591,2579.549312591553],"positionconfidence":0.5,"rotation":[-0.6799653172492981,0.08473408222198486,0.7283318042755127,0,0.9933004379272461,-0.1155605092644692,-0.7332442402839661,-0.07857713848352432,-0.6754098534584045],"rotationconfidence":0.5},"9":{"id":9,"position":[12.53665890544653,-400.3506302833557,2534.161329269409],"positionconfidence":0.5,"rotation":[-0.6799653172492981,0.08473408222198486,0.7283318042755127,0,0.9933004379272461,-0.1155605092644692,-0.7332442402839661,-0.07857713848352432,-0.6754098534584045],"rotationconfidence":0.5},"12":{"id":12,"position":[408.6058735847473,-121.2418526411057,2742.098331451416],"positionconfidence":1,"rotation":[0.1817468255758286,-0.9776052236557007,0.1060953065752983,-0.2916479110717773,-0.1566268503665924,-0.943615198135376,0.939100444316864,0.1405565887689591,-0.3135829269886017],"rotationconfidence":1},"13":{"id":13,"position":[445.885956287384,-321.7691779136658,2763.860702514648],"positionconfidence":1,"rotation":[-0.2265564650297165,-0.432890921831131,-0.8725122213363647,-0.2583845555782318,0.8904208540916443,-0.374684065580368,0.939100444316864,0.1405565887689591,-0.3135829269886017],"rotationconfidence":1},"14":{"id":14,"position":[386.0173225402832,-436.162680387497,2533.295154571533],"positionconfidence":1,"rotation":[0.3057138025760651,0.3276178538799286,-0.8939829468727112,0,-0.9389359951019287,-0.3440917730331421,-0.9521234035491943,0.1051936075091362,-0.2870456874370575],"rotationconfidence":1},"15":{"id":15,"position":[401.7631113529205,-419.2887246608734,2487.250566482544],"positionconfidence":1,"rotation":[0.3057138025760651,0.3276178538799286,-0.8939829468727112,0,-0.9389359951019287,-0.3440917730331421,-0.9521234035491943,0.1051936075091362,-0.2870456874370575],"rotationconfidence":1},"17":{"id":17,"position":[114.5453900098801,-438.6273920536041,2567.911386489868],"positionconfidence":1,"rotation":[0.8714249134063721,-0.4757256507873535,-0.1195972263813019,0.4856343865394592,0.8023391366004944,0.3470028936862946,-0.06912064552307129,-0.3604675233364105,0.9302071928977966],"rotationconfidence":1},"18":{"id":18,"position":[-66.8773427605629,-738.3643388748169,2438.278436660767],"positionconfidence":1,"rotation":[0.8150119781494141,-0.579444169998169,0,0.5482165813446045,0.7710891366004944,0.323852002620697,-0.1876541525125504,-0.2639432549476624,0.946107804775238],"rotationconfidence":1},"19":{"id":19,"position":[-205.067440867424,-932.7343702316284,2356.64439201355],"positionconfidence":1,"rotation":[0.3019158840179443,-0.9533345103263855,0,0.9228690266609192,0.2922676503658295,-0.250783234834671,0.2390803247690201,0.07571545243263245,0.9680432677268982],"rotationconfidence":1},"20":{"id":20,"position":[-228.7881225347519,-940.24658203125,2260.598659515381],"positionconfidence":1,"rotation":[0.3019158840179443,-0.9533345103263855,0,0.9228690266609192,0.2922676503658295,-0.250783234834671,0.2390803247690201,0.07571545243263245,0.9680432677268982],"rotationconfidence":1},"21":{"id":21,"position":[277.4227857589722,-451.6696333885193,2574.960231781006],"positionconfidence":1,"rotation":[0.9832866787910461,0.09288839250802994,0.1565859317779541,-0.163496732711792,0.8288993835449219,0.5349715948104858,-0.08010133355855942,-0.5516317486763,0.8302326798439026],"rotationconfidence":1},"22":{"id":22,"position":[329.8383057117462,-717.4069881439209,2403.453350067139],"positionconfidence":1,"rotation":[0.9396533370018005,0.3008432388305664,0.1629261374473572,-0.3323283493518829,0.6894371509552002,0.6436102390289307,0.08129845559597015,-0.6589154601097107,0.7478106617927551],"rotationconfidence":1},"23":{"id":23,"position":[445.2615678310394,-956.8601846694946,2179.916620254517],"positionconfidence":0.5,"rotation":[-0.4269861280918121,0.9042580723762512,0,-0.8919691443443298,-0.4211833477020264,-0.1643027514219284,-0.1485721170902252,-0.07015500962734222,0.9864099025726318],"rotationconfidence":0.5},"24":{"id":24,"position":[459.5523178577423,-950.1121640205383,2085.036516189575],"positionconfidence":0.5,"rotation":[-0.4269861280918121,0.9042580723762512,0,-0.8919691443443298,-0.4211833477020264,-0.1643027514219284,-0.1485721170902252,-0.07015500962734222,0.9864099025726318],"rotationconfidence":0.5}},"skeletonTracked":true,"frameCount":2},{"position":[164.0645414590836,-446.9594061374664,2472.621202468872],"positionTracked":true,"id":4605,"skeleton":{"1":{"id":1,"position":[232.5791418552399,184.2399388551712,2700.557947158814],"positionconfidence":1,"rotation":[0.9989546537399292,-0.04571147635579109,0,0.04530489072203636,0.9900693297386169,-0.1330794543027878,0.006083258427679539,0.132940337061882,0.991105318069458],"rotationconfidence":1},"2":{"id":2,"position":[223.2439965009689,-19.76543106138706,2727.979183197022],"positionconfidence":1,"rotation":[0.9987874031066895,-0.04232300445437431,0.02515222877264023,0.04530489072203636,0.9900693297386169,-0.1330794543027878,-0.01927012950181961,0.1340576112270355,0.9907862544059753],"rotationconfidence":1},"3":{"id":3,"position":[203.3679187297821,-327.5455832481384,2663.181781768799],"positionconfidence":1,"rotation":[0.9973708987236023,-0.06904256343841553,0.0220087431371212,0.0630677193403244,0.9766007661819458,0.2056051790714264,-0.03568926081061363,-0.2036765664815903,0.9783874750137329],"rotationconfidence":1},"4":{"id":4,"position":[200.7877230644226,-368.4781491756439,2601.027011871338],"positionconfidence":1,"rotation":[0.9949968457221985,-0.09727966785430908,0.02275963500142098,0.03464880213141441,0.5496731996536255,0.8346608877182007,-0.09370590001344681,-0.8296964168548584,0.5502937436103821],"rotationconfidence":1},"6":{"id":6,"position":[45.20250111818314,-103.3168509602547,2733.161926269531],"positionconfidence":1,"rotation":[0.307158350944519,0.9151514768600464,-0.2610585391521454,0.02530915476381779,-0.2820779979228973,-0.9590575695037842,-0.9513217806816101,0.2879753410816193,-0.1098043099045754],"rotationconfidence":1},"7":{"id":7,"position":[-26.96811594069004,-318.3428943157196,2794.500827789307],"positionconfidence":1,"rotation":[-0.00258816871792078,0.3487997353076935,0.937193751335144,0.308188408613205,0.8918570280075073,-0.3310754597187042,-0.9513217806816101,0.2879753410816193,-0.1098043099045754],"rotationconfidence":1},"8":{"id":8,"position":[-26.37226320803165,-398.6441791057587,2578.738451004028],"positionconfidence":0.5,"rotation":[-0.6830589175224304,0.09144079685211182,0.724616527557373,0,0.9921316504478455,-0.1251990646123886,-0.7303633093833923,-0.08551833778619766,-0.6776843667030334],"rotationconfidence":0.5},"9":{"id":9,"position":[16.42772369086742,-404.3737947940826,2533.334493637085],"positionconfidence":0.5,"rotation":[-0.6830589175224304,0.09144079685211182,0.724616527557373,0,0.9921316504478455,-0.1251990646123886,-0.7303633093833923,-0.08551833778619766,-0.6776843667030334],"rotationconfidence":0.5},"12":{"id":12,"position":[408.5387885570526,-121.3295459747315,2742.665767669678],"positionconfidence":1,"rotation":[0.1863474249839783,-0.976946234703064,0.10416679084301,-0.2976180613040924,-0.1571733057498932,-0.9416581392288208,0.9363215565681458,0.1444736421108246,-0.320045679807663],"rotationconfidence":1},"13":{"id":13,"position":[446.6747641563416,-321.261465549469,2763.983488082886],"positionconfidence":1,"rotation":[-0.2301615029573441,-0.4358343780040741,-0.8701000213623047,-0.2651934325695038,0.8883556127548218,-0.3748288452625275,0.9363215565681458,0.1444736421108246,-0.320045679807663],"rotationconfidence":1},"14":{"id":14,"position":[385.8707845211029,-436.4000260829926,2534.120798110962],"positionconfidence":1,"rotation":[0.4693224132061005,0.5808901190757751,-0.6650587320327759,0,-0.7531579732894897,-0.6578397154808044,-0.8830268979072571,0.3087389171123505,-0.3534739315509796],"rotationconfidence":1},"15":{"id":15,"position":[413.4998917579651,-402.2029042243958,2494.96865272522],"positionconfidence":1,"rotation":[0.4693224132061005,0.5808901190757751,-0.6650587320327759,0,-0.7531579732894897,-0.6578397154808044,-0.8830268979072571,0.3087389171123505,-0.3534739315509796],"rotationconfidence":1},"17":{"id":17,"position":[114.3614500761032,-438.6593401432037,2568.111658096314],"positionconfidence":1,"rotation":[0.8707395195960999,-0.4781663417816162,-0.1147601306438446,0.4862057566642761,0.8022298216819763,0.3464555144309998,-0.07359935343265533,-0.3574694991111755,0.9310203194618225],"rotationconfidence":1},"18":{"id":18,"position":[-67.19434261322021,-738.2227778434753,2438.740491867065],"positionconfidence":1,"rotation":[0.8157839775085449,-0.5783568024635315,0,0.5470328330993652,0.7716008424758911,0.3246340453624725,-0.1877543032169342,-0.2648312449455261,0.9458397626876831],"rotationconfidence":1},"19":{"id":19,"position":[-205.2970230579376,-933.0193996429443,2356.784105300903],"positionconfidence":1,"rotation":[0.3093455135822296,-0.9509497284889221,0,0.9210503101348877,0.299619197845459,-0.2487867474555969,0.2365836799144745,0.07696106284856796,0.9685583710670471],"rotationconfidence":1},"20":{"id":20,"position":[-228.7046909332275,-940.6339526176453,2260.95461845398],"positionconfidence":1,"rotation":[0.3093455135822296,-0.9509497284889221,0,0.9210503101348877,0.299619197845459,-0.2487867474555969,0.2365836799144745,0.07696106284856796,0.9685583710670471],"rotationconfidence":1},"21":{"id":21,"position":[277.1992981433868,-451.8789052963257,2575.908660888672],"positionconfidence":1,"rotation":[0.9830180406570435,0.08968090265989304,0.1601027548313141,-0.1628574728965759,0.8284327387809753,0.5358886122703552,-0.08457539230585098,-0.5528621077537537,0.8289695978164673],"rotationconfidence":1},"22":{"id":22,"position":[329.3925523757935,-717.378556728363,2404.164791107178],"positionconfidence":1,"rotation":[0.9392557144165039,0.2995862364768982,0.1674713641405106,-0.3344620168209076,0.6894241571426392,0.6425181031227112,0.07703077793121338,-0.6595016121864319,0.7477458119392395],"rotationconfidence":1},"23":{"id":23,"position":[445.6468522548676,-957.0127129554749,2180.834531784058],"positionconfidence":0.5,"rotation":[-0.4219525158405304,0.9066179990768433,0,-0.8936100602149963,-0.4158984422683716,-0.1687891036272049,-0.1530272215604782,-0.07122097909450531,0.9856522083282471],"rotationconfidence":0.5},"24":{"id":24,"position":[460.3837728500366,-950.1539468765259,2085.91365814209],"positionconfidence":0.5,"rotation":[-0.4219525158405304,0.9066179990768433,0,-0.8936100602149963,-0.4158984422683716,-0.1687891036272049,-0.1530272215604782,-0.07122097909450531,0.9856522083282471],"rotationconfidence":0.5}},"skeletonTracked":true,"frameCount":3},{"position":[163.8570576906204,-447.2612142562866,2474.276065826416],"positionTracked":true,"id":4605,"skeleton":{"1":{"id":1,"position":[233.3550751209259,184.4598352909088,2700.597047805786],"positionconfidence":1,"rotation":[0.9988464713096619,-0.04801905155181885,0,0.04758094996213913,0.9897334575653076,-0.1347726136445999,0.006471653003245592,0.1346171498298645,0.9908765554428101],"rotationconfidence":1},"2":{"id":2,"position":[223.548948764801,-19.51784454286099,2728.372812271118],"positionconfidence":1,"rotation":[0.9986540675163269,-0.04434779286384583,0.02689282968640328,0.04758094996213913,0.9897334575653076,-0.1347726136445999,-0.02063986659049988,0.1358708143234253,0.9905115365982056],"rotationconfidence":1},"3":{"id":3,"position":[203.1397968530655,-327.5567591190338,2663.792610168457],"positionconfidence":1,"rotation":[0.9971965551376343,-0.07101347297430038,0.02358275465667248,0.06470945477485657,0.9766712188720703,0.2047586143016815,-0.03757321462035179,-0.2026585340499878,0.9785283207893372],"rotationconfidence":1},"4":{"id":4,"position":[200.7010579109192,-368.5914576053619,2601.685285568237],"positionconfidence":1,"rotation":[0.994729220867157,-0.09908009320497513,0.02640327997505665,0.03274400532245636,0.5509570240974426,0.833890974521637,-0.09716907143592834,-0.8286311626434326,0.5512973666191101],"rotationconfidence":1},"6":{"id":6,"position":[45.32130435109139,-102.8530299663544,2733.029842376709],"positionconfidence":1,"rotation":[0.3073234558105469,0.9144639372825623,-0.2632643282413483,0.04195868596434593,-0.2894056439399719,-0.9562865495681763,-0.9506796598434448,0.2828430533409119,-0.1273108422756195],"rotationconfidence":1},"7":{"id":7,"position":[-27.06656418740749,-318.2485401630402,2795.039892196655],"positionconfidence":1,"rotation":[-0.01683870330452919,0.3627811372280121,0.9317221641540527,0.3097171187400818,0.8879130482673645,-0.3401259481906891,-0.9506796598434448,0.2828430533409119,-0.1273108422756195],"rotationconfidence":1},"8":{"id":8,"position":[-23.15468899905682,-402.5278687477112,2578.587293624878],"positionconfidence":0.5,"rotation":[-0.6849096417427063,0.0960438922047615,0.7222701907157898,0,0.991274356842041,-0.13181471824646,-0.7286279201507568,-0.0902811735868454,-0.6789333820343018],"rotationconfidence":0.5},"9":{"id":9,"position":[19.961042329669,-408.5739254951477,2533.119678497315],"positionconfidence":0.5,"rotation":[-0.6849096417427063,0.0960438922047615,0.7222701907157898,0,0.991274356842041,-0.13181471824646,-0.7286279201507568,-0.0902811735868454,-0.6789333820343018],"rotationconfidence":0.5},"12":{"id":12,"position":[408.5322022438049,-121.3788166642189,2743.139505386353],"positionconfidence":1,"rotation":[0.1902195364236832,-0.976268470287323,0.1035201624035835,-0.2986422777175903,-0.1579898148775101,-0.9411970973014832,0.9352161884307861,0.1481185704469681,-0.321607768535614],"rotationconfidence":1},"13":{"id":13,"position":[447.3935961723328,-320.8281099796295,2764.288425445557],"positionconfidence":1,"rotation":[-0.2290980368852615,-0.4394145607948303,-0.8685786724090576,-0.2699717581272125,0.8859885334968567,-0.3770139515399933,0.9352161884307861,0.1481185704469681,-0.321607768535614],"rotationconfidence":1},"14":{"id":14,"position":[387.5619471073151,-435.5863928794861,2537.448883056641],"positionconfidence":1,"rotation":[0.2851496636867523,0.2490895688533783,-0.9255507588386536,0,-0.96564120054245,-0.259878933429718,-0.958483099937439,0.07410439103841782,-0.275352269411087],"rotationconfidence":1},"15":{"id":15,"position":[401.6625285148621,-423.2689738273621,2491.68062210083],"positionconfidence":0.5,"rotation":[0.2851496636867523,0.2490895688533783,-0.9255507588386536,0,-0.96564120054245,-0.259878933429718,-0.958483099937439,0.07410439103841782,-0.275352269411087],"rotationconfidence":0.5},"17":{"id":17,"position":[114.1982153058052,-438.6783540248871,2568.381547927856],"positionconfidence":1,"rotation":[0.8700857162475586,-0.48054638504982,-0.109662264585495,0.4866308867931366,0.8021166324615479,0.346120148897171,-0.07836487144231796,-0.3545192778110504,0.9317590594291687],"rotationconfidence":1},"18":{"id":18,"position":[-67.45003163814545,-738.0902767181396,2439.182758331299],"positionconfidence":1,"rotation":[0.816392183303833,-0.5774978995323181,0,0.546116292476654,0.772028923034668,0.3251588642597199,-0.1877785623073578,-0.2654571533203125,0.9456593990325928],"rotationconfidence":1},"19":{"id":19,"position":[-205.5212557315826,-933.2776069641113,2356.974840164185],"positionconfidence":1,"rotation":[0.3142875134944916,-0.9493279457092285,0,0.9197831153869629,0.3045063018798828,-0.2475382089614868,0.2349948883056641,0.07779815793037415,0.9688781499862671],"rotationconfidence":1},"20":{"id":20,"position":[-228.7160009145737,-940.9565329551697,2261.343479156494],"positionconfidence":1,"rotation":[0.3142875134944916,-0.9493279457092285,0,0.9197831153869629,0.3045063018798828,-0.2475382089614868,0.2349948883056641,0.07779815793037415,0.9688781499862671],"rotationconfidence":1},"21":{"id":21,"position":[277.0757973194122,-452.0488381385803,2576.992988586426],"positionconfidence":1,"rotation":[0.9827196598052979,0.08619619160890579,0.1638053208589554,-0.1621532440185547,0.8276697993278503,0.5372792482376099,-0.08926529437303543,-0.5545564889907837,0.8273444175720215],"rotationconfidence":1},"22":{"id":22,"position":[329.0726244449616,-717.4533605575562,2404.706478118897],"positionconfidence":1,"rotation":[0.9387838840484619,0.2990334331989288,0.1710664033889771,-0.3364869952201843,0.6893848776817322,0.6415020227432251,0.07389996200799942,-0.6597933769226074,0.7478042840957642],"rotationconfidence":1},"23":{"id":23,"position":[446.0399448871613,-957.0926427841187,2181.711912155151],"positionconfidence":0.5,"rotation":[-0.419022262096405,0.907975971698761,0,-0.8943886160850525,-0.4127518236637116,-0.1723507940769196,-0.156490370631218,-0.07221881300210953,0.9850355386734009],"rotationconfidence":0.5},"24":{"id":24,"position":[461.1301124095917,-950.1286745071411,2086.726188659668],"positionconfidence":0.5,"rotation":[-0.419022262096405,0.907975971698761,0,-0.8943886160850525,-0.4127518236637116,-0.1723507940769196,-0.156490370631218,-0.07221881300210953,0.9850355386734009],"rotationconfidence":0.5}},"skeletonTracked":true,"frameCount":4},{"position":[164.4178330898285,-449.3809342384338,2475.284337997437],"positionTracked":true,"id":4605,"skeleton":{"1":{"id":1,"position":[234.2381626367569,184.7108155488968,2700.748920440674],"positionconfidence":1,"rotation":[0.998765230178833,-0.04967917874455452,0,0.04920565336942673,0.9892452955245972,-0.1377409845590591,0.006842859089374542,0.1375709027051926,0.9904683232307434],"rotationconfidence":1},"2":{"id":2,"position":[224.0953147411346,-19.20406334102154,2729.141712188721],"positionconfidence":1,"rotation":[0.998561680316925,-0.04578439518809319,0.02789935097098351,0.04920565336942673,0.9892452955245972,-0.1377409845590591,-0.02129291370511055,0.1389156728982925,0.9900752902030945],"rotationconfidence":1},"3":{"id":3,"position":[202.9936462640762,-327.537477016449,2664.446830749512],"positionconfidence":1,"rotation":[0.9970064759254456,-0.07335744798183441,0.02442316338419914,0.06682957708835602,0.9765006303787231,0.2048905193805695,-0.03887948766350746,-0.202645018696785,0.9784801006317139],"rotationconfidence":1},"4":{"id":4,"position":[200.6621062755585,-368.6462044715881,2602.383375167847],"positionconfidence":1,"rotation":[0.9944330453872681,-0.1011224091053009,0.02962215431034565,0.03130434080958366,0.55194491147995,0.8332928419113159,-0.1006143689155579,-0.8277265429496765,0.55203777551651],"rotationconfidence":1},"6":{"id":6,"position":[45.48525810241699,-102.334201335907,2733.142375946045],"positionconfidence":1,"rotation":[0.3071430921554565,0.9142178297042847,-0.2643274664878845,0.05305730924010277,-0.2937712371349335,-0.9544022083282471,-0.9501832127571106,0.2791135013103485,-0.1387357264757156],"rotationconfidence":1},"7":{"id":7,"position":[-27.02099271118641,-318.1505799293518,2795.541286468506],"positionconfidence":1,"rotation":[-0.02638701349496841,0.371474951505661,0.9280679225921631,0.3105731308460236,0.8854953646659851,-0.3456043004989624,-0.9501832127571106,0.2791135013103485,-0.1387357264757156],"rotationconfidence":1},"8":{"id":8,"position":[-20.84965258836746,-405.030369758606,2578.486680984497],"positionconfidence":0.5,"rotation":[-0.6859144568443298,0.09859300404787064,0.7209721803665161,0,0.9907788038253784,-0.1354890912771225,-0.7276822328567505,-0.09293392300605774,-0.6795895099639893],"rotationconfidence":0.5},"9":{"id":9,"position":[22.47126586735249,-411.2572968006134,2532.951593399048],"positionconfidence":0.5,"rotation":[-0.6859144568443298,0.09859300404787064,0.7209721803665161,0,0.9907788038253784,-0.1354890912771225,-0.7276822328567505,-0.09293392300605774,-0.6795895099639893],"rotationconfidence":0.5},"12":{"id":12,"position":[408.6197018623352,-121.3874593377113,2743.625402450562],"positionconfidence":1,"rotation":[0.1940135806798935,-0.9755410552024841,0.1033362150192261,-0.3011550903320313,-0.1594798713922501,-0.9401445984840393,0.9336296916007996,0.1512805819511414,-0.3247304260730743],"rotationconfidence":1},"13":{"id":13,"position":[448.236346244812,-320.5882608890533,2764.726161956787],"positionconfidence":1,"rotation":[-0.2304274290800095,-0.4404622316360474,-0.8676959276199341,-0.2742970287799835,0.8849334716796875,-0.3763694167137146,0.9336296916007996,0.1512805819511414,-0.3247304260730743],"rotationconfidence":1},"14":{"id":14,"position":[388.4061276912689,-434.9537789821625,2539.429903030396],"positionconfidence":1,"rotation":[0.05638451501727104,-0.07664907723665237,-0.9954625368118286,0,-0.9970487356185913,0.07677121460437775,-0.9984090924263,-0.004328707698732615,-0.05621811002492905],"rotationconfidence":1},"15":{"id":15,"position":[391.3483023643494,-438.9533698558807,2487.486124038696],"positionconfidence":0.5,"rotation":[0.05638451501727104,-0.07664907723665237,-0.9954625368118286,0,-0.9970487356185913,0.07677121460437775,-0.9984090924263,-0.004328707698732615,-0.05621811002492905],"rotationconfidence":0.5},"17":{"id":17,"position":[114.0655875205994,-438.649445772171,2568.633794784546],"positionconfidence":1,"rotation":[0.8694770336151123,-0.4828082919120789,-0.1044313386082649,0.4869144558906555,0.8020676970481873,0.3458350002765656,-0.08321098983287811,-0.3515446782112122,0.932465672492981],"rotationconfidence":1},"18":{"id":18,"position":[-67.64806061983109,-737.9764318466187,2439.570188522339],"positionconfidence":1,"rotation":[0.8168300986289978,-0.5768784284591675,0,0.545474648475647,0.7723640203475952,0.3254399001598358,-0.1877392530441284,-0.2658291161060333,0.9455627202987671],"rotationconfidence":1},"19":{"id":19,"position":[-205.7368755340576,-933.5030913352966,2357.183933258057],"positionconfidence":1,"rotation":[0.3166528940200806,-0.9485414624214172,0,0.9191797971725464,0.3068510591983795,-0.2468825429677963,0.2341783344745636,0.07817607372999191,0.9690454602241516],"rotationconfidence":1},"20":{"id":20,"position":[-228.8044542074204,-941.203773021698,2261.728763580322],"positionconfidence":1,"rotation":[0.3166528940200806,-0.9485414624214172,0,0.9191797971725464,0.3068510591983795,-0.2468825429677963,0.2341783344745636,0.07817607372999191,0.9690454602241516],"rotationconfidence":1},"21":{"id":21,"position":[277.0265936851502,-452.1553814411163,2578.084230422974],"positionconfidence":1,"rotation":[0.982329785823822,0.08307819068431854,0.167708158493042,-0.1618552207946777,0.8270252346992493,0.5383604764938354,-0.09397287666797638,-0.555992066860199,0.8258582949638367],"rotationconfidence":1},"22":{"id":22,"position":[328.8611769676209,-717.0125246047974,2405.672788619995],"positionconfidence":1,"rotation":[0.9387495517730713,0.2977385818958283,0.1734966188669205,-0.3371688425540924,0.6896033883094788,0.6409090757369995,0.07117950171232224,-0.6601507663726807,0.7477530241012573],"rotationconfidence":1},"23":{"id":23,"position":[446.2903439998627,-957.1875929832458,2182.456970214844],"positionconfidence":0.5,"rotation":[-0.4181627929210663,0.9083721041679382,0,-0.8943860530853271,-0.4117244184017181,-0.1748043894767761,-0.1587874293327332,-0.07309669256210327,0.9846031665802002],"rotationconfidence":0.5},"24":{"id":24,"position":[461.6247713565826,-950.1284956932068,2087.371826171875],"positionconfidence":0.5,"rotation":[-0.4181627929210663,0.9083721041679382,0,-0.8943860530853271,-0.4117244184017181,-0.1748043894767761,-0.1587874293327332,-0.07309669256210327,0.9846031665802002],"rotationconfidence":0.5}},"skeletonTracked":true,"frameCount":5},{"position":[166.1464124917984,-429.1626214981079,2485.743761062622],"positionTracked":true,"id":4605,"skeleton":{"1":{"id":1,"position":[200.8754760026932,204.5598179101944,2708.932638168335],"positionconfidence":1,"rotation":[0.992037832736969,0.1259404718875885,0,-0.1253874450922012,0.9876816272735596,-0.09361064434051514,-0.01178936846554279,0.09286530315876007,0.9956088662147522],"rotationconfidence":1},"2":{"id":2,"position":[226.5286594629288,2.488713711500168,2728.084564208984],"positionconfidence":1,"rotation":[0.9769940376281738,0.106519415974617,-0.1847601532936096,-0.1253874450922012,0.9876816272735596,-0.09361064434051514,0.1725128591060638,0.1146236434578896,0.9783152937889099],"rotationconfidence":1},"3":{"id":3,"position":[205.7796120643616,-323.403537273407,2667.67954826355],"positionconfidence":1,"rotation":[0.9829401969909668,-0.0289150532335043,-0.1816385686397553,0.06247983127832413,0.9813314080238342,0.181892454624176,0.1729882210493088,-0.1901381611824036,0.9663967490196228],"rotationconfidence":1},"4":{"id":4,"position":[199.1302818059921,-366.5771186351776,2606.061458587647],"positionconfidence":1,"rotation":[0.9958524703979492,-0.06939341872930527,-0.05884293839335442,0.08803422749042511,0.5715993642807007,0.8157965540885925,-0.02297632582485676,-0.8175932765007019,0.5753377079963684],"rotationconfidence":1},"6":{"id":6,"position":[42.83308237791061,-92.86309778690338,2773.861408233643],"positionconfidence":1,"rotation":[0.2380984723567963,0.9120351672172546,-0.3339174687862396,0.1396795064210892,-0.3723858296871185,-0.9175065755844116,-0.9611445069313049,0.1718155145645142,-0.2160571366548538],"rotationconfidence":1},"7":{"id":7,"position":[-8.291011676192284,-288.6937260627747,2845.559597015381],"positionconfidence":1,"rotation":[-0.1232807412743568,0.4331295192241669,0.8928609490394592,0.2469880878925324,0.8848040699958801,-0.3951185047626495,-0.9611445069313049,0.1718155145645142,-0.2160571366548538],"rotationconfidence":1},"8":{"id":8,"position":[20.66068537533283,-390.4114365577698,2635.876893997192],"positionconfidence":0.5,"rotation":[-0.6843202710151672,0.09800714254379272,0.7225651144981384,0,0.9909262657165527,-0.1344070583581924,-0.7291815876960754,-0.09197747707366943,-0.6781109571456909],"rotationconfidence":0.5},"9":{"id":9,"position":[64.3758699297905,-396.672248840332,2589.718580245972],"positionconfidence":0.5,"rotation":[-0.6843202710151672,0.09800714254379272,0.7225651144981384,0,0.9909262657165527,-0.1344070583581924,-0.7291815876960754,-0.09197747707366943,-0.6781109571456909],"rotationconfidence":0.5},"12":{"id":12,"position":[396.3456153869629,-89.86006677150726,2711.172342300415],"positionconfidence":1,"rotation":[0.5483341813087463,-0.8357684016227722,-0.02864828519523144,-0.430380791425705,-0.2526620030403137,-0.8665645718574524,0.7170090079307556,0.4874966740608215,-0.4982419312000275],"rotationconfidence":1},"13":{"id":13,"position":[503.6444067955017,-253.4043788909912,2705.56640625],"positionconfidence":1,"rotation":[-0.5624128580093384,-0.01769289374351502,-0.826667308807373,-0.4118129014968872,0.8729455471038818,0.2614884376525879,0.7170090079307556,0.4874966740608215,-0.4982419312000275],"rotationconfidence":1},"14":{"id":14,"position":[381.0432851314545,-257.2612762451172,2525.360107421875],"positionconfidence":1,"rotation":[-0.4829699695110321,-0.5092003345489502,-0.7123587131500244,0,-0.8135320544242859,0.5815199017524719,-0.8756367564201355,0.2808566391468048,0.3929115533828735],"rotationconfidence":1},"15":{"id":15,"position":[348.1573164463043,-291.9332981109619,2476.854801177979],"positionconfidence":0.5,"rotation":[-0.4829699695110321,-0.5092003345489502,-0.7123587131500244,0,-0.8135320544242859,0.5815199017524719,-0.8756367564201355,0.2808566391468048,0.3929115533828735],"rotationconfidence":0.5},"17":{"id":17,"position":[107.8982502222061,-436.3856315612793,2589.783906936646],"positionconfidence":1,"rotation":[0.9138458967208862,-0.3687367737293243,-0.1700549274682999,0.4051640629768372,0.8558341860771179,0.3215429782867432,0.02697410807013512,-0.3627408742904663,0.9314994812011719],"rotationconfidence":1},"18":{"id":18,"position":[-36.90944612026215,-742.2651052474976,2474.862813949585],"positionconfidence":1,"rotation":[0.7844105958938599,-0.6202418804168701,0,0.5783993005752563,0.7314929962158203,0.3610709309577942,-0.2239513099193573,-0.2832278609275818,0.9325383305549622],"rotationconfidence":1},"19":{"id":19,"position":[-184.9109381437302,-929.4403791427612,2382.471561431885],"positionconfidence":1,"rotation":[0.9252524971961975,-0.3793517351150513,0,0.2198789268732071,0.5362926125526428,-0.8148886561393738,0.3091294467449188,0.7539778351783752,0.5796175599098206],"rotationconfidence":1},"20":{"id":20,"position":[-206.6262364387512,-982.4047684669495,2341.755390167236],"positionconfidence":0.5,"rotation":[0.9252524971961975,-0.3793517351150513,0,0.2198789268732071,0.5362926125526428,-0.8148886561393738,0.3091294467449188,0.7539778351783752,0.5796175599098206],"rotationconfidence":0.5},"21":{"id":21,"position":[273.8460004329681,-447.4675357341766,2580.662965774536],"positionconfidence":1,"rotation":[0.9891160130500793,0.1280551701784134,0.07246571779251099,-0.1468314379453659,0.8273044228553772,0.5422249436378479,0.009483497589826584,-0.546963632106781,0.8371025919914246],"rotationconfidence":1},"22":{"id":22,"position":[321.6157853603363,-716.6207432746887,2404.256820678711],"positionconfidence":1,"rotation":[0.891936182975769,0.4485906064510346,-0.05671233683824539,-0.3215731084346771,0.7175014019012451,0.617885410785675,0.3178687691688538,-0.5328772068023682,0.7842201590538025],"rotationconfidence":1},"23":{"id":23,"position":[431.2025606632233,-961.1333012580872,2193.691730499268],"positionconfidence":0.5,"rotation":[0.01758499629795551,-0.9998453259468079,0,0.9978649020195007,0.01755016483366489,-0.0629107877612114,0.06290106475353241,0.001106286188587546,0.998019278049469],"rotationconfidence":0.5},"24":{"id":24,"position":[425.468385219574,-961.2341523170471,2102.710485458374],"positionconfidence":0.5,"rotation":[0.01758499629795551,-0.9998453259468079,0,0.9978649020195007,0.01755016483366489,-0.0629107877612114,0.06290106475353241,0.001106286188587546,0.998019278049469],"rotationconfidence":0.5}},"skeletonTracked":true,"frameCount":6},{"position":[164.5137816667557,-479.1677594184876,2425.372838973999],"positionTracked":true,"id":4605,"skeleton":{"1":{"id":1,"position":[135.1725161075592,170.2030897140503,2617.105960845947],"positionconfidence":1,"rotation":[0.9377411603927612,0.3473348319530487,0,-0.3194628357887268,0.86249178647995,0.3924938440322876,0.136326789855957,-0.3680576384067535,0.9197546243667603],"rotationconfidence":1},"2":{"id":2,"position":[212.3937010765076,-38.28012198209763,2522.231578826904],"positionconfidence":1,"rotation":[0.9141676425933838,0.3895614445209503,-0.1119787395000458,-0.3194628357887268,0.86249178647995,0.3924938440322876,0.2494812160730362,-0.3230321407318115,0.9129124879837036],"rotationconfidence":1},"3":{"id":3,"position":[209.7369134426117,-355.7788133621216,2632.85756111145],"positionconfidence":1,"rotation":[0.9836990833282471,-0.06645172834396362,-0.1670932769775391,0.007901698350906372,0.944290280342102,-0.3290188014507294,0.1796484291553497,0.3223352134227753,0.9294226169586182],"rotationconfidence":1},"4":{"id":4,"position":[205.0527185201645,-420.6368029117584,2596.864461898804],"positionconfidence":1,"rotation":[0.9486002922058105,0.0984119400382042,-0.3007862567901611,0.06302428990602493,0.8726427555084229,0.484275221824646,0.3101374208927155,-0.4783405065536499,0.8215869069099426],"rotationconfidence":1},"6":{"id":6,"position":[52.30839550495148,-139.6408826112747,2678.712368011475],"positionconfidence":0.5,"rotation":[0.1816548705101013,0.86170893907547,-0.4737713932991028,0.1746137589216232,-0.5023965835571289,-0.8468223214149475,-0.9677353501319885,0.07110237330198288,-0.2417289912700653],"rotationconfidence":0.5},"7":{"id":7,"position":[16.30891487002373,-310.4101717472076,2772.602081298828],"positionconfidence":0.5,"rotation":[-0.1817965656518936,0.4672413766384125,0.8652372360229492,0.1744662076234818,0.881266176700592,-0.4392398297786713,-0.9677353501319885,0.07110237330198288,-0.2417289912700653],"rotationconfidence":