{"motiondata":[{"position":[139.4344717264175,-467.6653146743774,2553.710460662842],"positionTracked":true,"id":4222,"skeleton":{"1":{"id":1,"position":[202.399417757988,181.4511567354202,2768.64218711853],"positionconfidence":1,"rotation":[0.9986119866371155,-0.05267110839486122,0,0.05182792246341705,0.9826256632804871,-0.1782149821519852,0.009386780671775341,0.1779676228761673,0.9839916229248047],"rotationconfidence":1},"2":{"id":2,"position":[191.7059123516083,-21.29115536808968,2805.412769317627],"positionconfidence":1,"rotation":[0.9981957674026489,-0.0455554910004139,0.0391124039888382,0.05182792246341705,0.9826256632804871,-0.1782149821519852,-0.03031418286263943,0.179920569062233,0.9832139015197754],"rotationconfidence":1},"3":{"id":3,"position":[178.1585514545441,-338.9725089073181,2755.646467208862],"positionconfidence":1,"rotation":[0.9983412623405457,-0.0476384162902832,0.03233003988862038,0.04209333285689354,0.9870753288269043,0.1546300798654556,-0.03927851468324661,-0.1530126929283142,0.9874432682991028],"rotationconfidence":1},"4":{"id":4,"position":[176.8317371606827,-385.1030170917511,2697.247982025147],"positionconfidence":1,"rotation":[0.9973058700561523,-0.06686840206384659,0.03016231581568718,0.0178257878869772,0.6197646856307983,0.7845852971076965,-0.07115749269723892,-0.7819337844848633,0.6192868947982788],"rotationconfidence":1},"6":{"id":6,"position":[16.68124087154865,-111.809067428112,2814.988851547241],"positionconfidence":1,"rotation":[0.2685840427875519,0.9401657581329346,-0.2096447795629501,0.1407949179410934,-0.253620982170105,-0.9570021033287048,-0.9529109597206116,0.2275186032056809,-0.2004891186952591],"rotationconfidence":1},"7":{"id":7,"position":[-44.62232813239098,-326.3993263244629,2862.839698791504],"positionconfidence":1,"rotation":[-0.1425818353891373,0.2473494559526444,0.9583781957626343,0.2676397562026978,0.9418351650238037,-0.203261986374855,-0.9529109597206116,0.2275186032056809,-0.2004891186952591],"rotationconfidence":1},"8":{"id":8,"position":[-10.02280041575432,-386.4222168922424,2630.27548789978],"positionconfidence":1,"rotation":[-0.08473198115825653,0.3263930380344391,0.9414287805557251,0,0.9448265433311462,-0.3275710344314575,-0.9964038133621216,-0.02775574289262295,-0.08005702495574951],"rotationconfidence":1},"9":{"id":9,"position":[-4.086898639798164,-409.287691116333,2564.323663711548],"positionconfidence":0.5,"rotation":[-0.08473198115825653,0.3263930380344391,0.9414287805557251,0,0.9448265433311462,-0.3275710344314575,-0.9964038133621216,-0.02775574289262295,-0.08005702495574951],"rotationconfidence":0.5},"12":{"id":12,"position":[377.5310814380646,-121.3615238666534,2827.862501144409],"positionconfidence":1,"rotation":[0.1942494064569473,-0.9560127258300781,0.219787985086441,-0.2473158985376358,-0.2645466923713684,-0.9321211576461792,0.9492639303207397,0.1267069131135941,-0.2878251969814301],"rotationconfidence":1},"13":{"id":13,"position":[418.3223843574524,-322.1189081668854,2874.016761779785],"positionconfidence":1,"rotation":[-0.2708629667758942,-0.1356064528226852,-0.9530184268951416,-0.1597849726676941,0.9826272130012512,-0.09440610557794571,0.9492639303207397,0.1267069131135941,-0.2878251969814301],"rotationconfidence":1},"14":{"id":14,"position":[342.8670465946198,-359.8953187465668,2608.530759811401],"positionconfidence":1,"rotation":[-0.3076624274253845,0.3089549243450165,-0.8999391794204712,0,-0.9458155035972595,-0.3247045576572418,-0.9514955282211304,-0.09989938884973526,0.2909919023513794],"rotationconfidence":1},"15":{"id":15,"position":[323.5495984554291,-340.4967188835144,2552.025556564331],"positionconfidence":0.5,"rotation":[-0.3076624274253845,0.3089549243450165,-0.8999391794204712,0,-0.9458155035972595,-0.3247045576572418,-0.9514955282211304,-0.09989938884973526,0.2909919023513794],"rotationconfidence":0.5},"17":{"id":17,"position":[93.82413327693939,-458.3722651004791,2664.889097213745],"positionconfidence":1,"rotation":[0.8690822720527649,-0.4837883412837982,-0.1031743884086609,0.4883560538291931,0.8059112429618835,0.3346869945526123,-0.07876826822757721,-0.3412563800811768,0.9366641640663147],"rotationconfidence":1},"18":{"id":18,"position":[-86.60279959440231,-756.1224102973938,2541.236400604248],"positionconfidence":1,"rotation":[0.8304736614227295,-0.5570578575134277,0,0.5184453725814819,0.7729093432426453,0.3658216595649719,-0.2037838250398636,-0.3038052618503571,0.9306849241256714],"rotationconfidence":1},"19":{"id":19,"position":[-223.6132919788361,-960.3805541992188,2444.560050964356],"positionconfidence":1,"rotation":[0.9679093360900879,0.2512995898723602,0,0.08367622643709183,-0.3222886323928833,-0.9429360032081604,-0.2369594275951386,0.9126765727996826,-0.33297398686409],"rotationconfidence":1},"20":{"id":20,"position":[-206.463947892189,-1026.433229446411,2468.658208847046],"positionconfidence":1,"rotation":[0.9679093360900879,0.2512995898723602,0,0.08367622643709183,-0.3222886323928833,-0.9429360032081604,-0.2369594275951386,0.9126765727996826,-0.33297398686409],"rotationconfidence":1},"21":{"id":21,"position":[252.6266872882843,-463.8184905052185,2676.259279251099],"positionconfidence":1,"rotation":[0.9661310911178589,0.1597951799631119,0.2026229053735733,-0.2459314912557602,0.8079783916473389,0.5354330539703369,-0.07815531641244888,-0.567129909992218,0.819911777973175],"rotationconfidence":1},"22":{"id":22,"position":[337.3484015464783,-742.1615123748779,2491.806268692017],"positionconfidence":1,"rotation":[0.9416340589523315,0.3073514103889465,0.1373329162597656,-0.3240028321743012,0.7167266607284546,0.6175152063369751,0.09136400371789932,-0.6259695887565613,0.774476945400238],"rotationconfidence":1},"23":{"id":23,"position":[447.9362070560455,-986.792802810669,2281.037569046021],"positionconfidence":0.5,"rotation":[-0.2896783351898193,0.9571240544319153,0,-0.9480511546134949,-0.2869323790073395,-0.137364387512207,-0.1314747631549835,-0.03979148715734482,0.9905206561088562],"rotationconfidence":0.5},"24":{"id":24,"position":[460.7217013835907,-982.9232096672058,2184.712648391724],"positionconfidence":0.5,"rotation":[-0.2896783351898193,0.9571240544319153,0,-0.9480511546134949,-0.2869323790073395,-0.137364387512207,-0.1314747631549835,-0.03979148715734482,0.9905206561088562],"rotationconfidence":0.5}},"skeletonTracked":true,"frameCount":1},{"position":[140.8177316188812,-464.5564258098602,2553.538322448731],"positionTracked":true,"id":4222,"skeleton":{"1":{"id":1,"position":[202.5124281644821,181.145966053009,2766.355991363525],"positionconfidence":1,"rotation":[0.9985468983650208,-0.05388976633548737,0,0.05300167948007584,0.9820911884307861,-0.1807976216077805,0.009743141941726208,0.1805348992347717,0.9835203289985657],"rotationconfidence":1},"2":{"id":2,"position":[191.5843635797501,-21.34489640593529,2803.633451461792],"positionconfidence":1,"rotation":[0.9981120824813843,-0.04647344723343849,0.04015789180994034,0.05300167948007584,0.9820911884307861,-0.1807976216077805,-0.03103642165660858,0.1825847178697586,0.9827001690864563],"rotationconfidence":1},"3":{"id":3,"position":[177.8901666402817,-338.8634622097015,2754.971504211426],"positionconfidence":1,"rotation":[0.9982832670211792,-0.04816275089979172,0.0333295576274395,0.0425923727452755,0.9875620603561401,0.151350811123848,-0.0402044765651226,-0.1496713757514954,0.9879180192947388],"rotationconfidence":1},"4":{"id":4,"position":[176.6554713249207,-385.0835859775543,2696.687698364258],"positionconfidence":1,"rotation":[0.9971495270729065,-0.06796209514141083,0.03277137875556946,0.01659616641700268,0.6212681531906128,0.7834222316741943,-0.0736028328537941,-0.7806452512741089,0.6206251978874207],"rotationconfidence":1},"6":{"id":6,"position":[16.54884032905102,-111.6635650396347,2813.095092773438],"positionconfidence":1,"rotation":[0.2678171694278717,0.9395308494567871,-0.2134377062320709,0.1423913687467575,-0.2576948702335358,-0.9556766152381897,-0.9528895616531372,0.225554957985878,-0.202796220779419],"rotationconfidence":1},"7":{"id":7,"position":[-44.65445503592491,-326.3711631298065,2861.871242523193],"positionconfidence":1,"rotation":[-0.1461949646472931,0.2442745715379715,0.958622395992279,0.2657600045204163,0.9431090354919434,-0.1997916847467423,-0.9528895616531372,0.225554957985878,-0.202796220779419],"rotationconfidence":1},"8":{"id":8,"position":[-9.006330743432045,-385.934978723526,2628.121137619019],"positionconfidence":1,"rotation":[-0.08659645169973373,0.3288771510124207,0.9403939247131348,0,0.9439399242401123,-0.330117255449295,-0.996243417263031,-0.0285869836807251,-0.08174184709787369],"rotationconfidence":1},"9":{"id":9,"position":[-2.924772677943111,-409.0315997600555,2562.078475952148],"positionconfidence":0.5,"rotation":[-0.08659645169973373,0.3288771510124207,0.9403939247131348,0,0.9439399242401123,-0.330117255449295,-0.996243417263031,-0.0285869836807251,-0.08174184709787369],"rotationconfidence":0.5},"12":{"id":12,"position":[377.5949478149414,-121.4184984564781,2826.310396194458],"positionconfidence":1,"rotation":[0.192836731672287,-0.9556436538696289,0.2226189374923706,-0.247324213385582,-0.2668900489807129,-0.9314507842063904,0.9495497941970825,0.1245588585734367,-0.2878200113773346],"rotationconfidence":1},"13":{"id":13,"position":[418.0358052253723,-321.8318223953247,2872.997045516968],"positionconfidence":1,"rotation":[-0.2709488570690155,-0.1363329887390137,-0.9528903365135193,-0.1579302996397018,0.9828013181686401,-0.09570588171482086,0.9495497941970825,0.1245588585734367,-0.2878200113773346],"rotationconfidence":1},"14":{"id":14,"position":[342.7379131317139,-359.7193658351898,2608.184576034546],"positionconfidence":0.5,"rotation":[-0.3091212809085846,0.3032236993312836,-0.9013874530792236,0,-0.9478086829185486,-0.3188396394252777,-0.9510225653648376,-0.09856011718511581,0.2929878234863281],"rotationconfidence":0.5},"15":{"id":15,"position":[323.26340675354,-340.6164050102234,2551.397562026978],"positionconfidence":0.5,"rotation":[-0.3091212809085846,0.3032236993312836,-0.9013874530792236,0,-0.9478086829185486,-0.3188396394252777,-0.9510225653648376,-0.09856011718511581,0.2929878234863281],"rotationconfidence":0.5},"17":{"id":17,"position":[93.57193112373352,-458.4071636199951,2664.235353469849],"positionconfidence":1,"rotation":[0.8700916767120361,-0.4830653369426727,-0.09791876375675201,0.4861065447330475,0.8081682920455933,0.3325120806694031,-0.08149024099111557,-0.3369150161743164,0.9380018711090088],"rotationconfidence":1},"18":{"id":18,"position":[-84.8776027560234,-755.0854682922363,2542.170286178589],"positionconfidence":1,"rotation":[0.8282574415206909,-0.5603477358818054,0,0.5207721590995789,0.7697603106498718,0.3691415190696716,-0.206847608089447,-0.3057442009449005,0.9293732047080994],"rotationconfidence":1},"19":{"id":19,"position":[-222.5747108459473,-958.6173892021179,2444.565773010254],"positionconfidence":1,"rotation":[0.9580803513526917,0.2864997982978821,0,0.139414981007576,-0.4662158787250519,-0.8736167550086975,-0.2502909898757935,0.8369949460029602,-0.4866145849227905],"rotationconfidence":1},"20":{"id":20,"position":[-199.7057497501373,-1035.093188285828,2489.027500152588],"positionconfidence":1,"rotation":[0.9580803513526917,0.2864997982978821,0,0.139414981007576,-0.4662158787250519,-0.8736167550086975,-0.2502909898757935,0.8369949460029602,-0.4866145849227905],"rotationconfidence":1},"21":{"id":21,"position":[252.5499761104584,-464.0183448791504,2676.031351089478],"positionconfidence":1,"rotation":[0.9659790992736816,0.1580968499183655,0.2046700716018677,-0.2456631511449814,0.8082815408706665,0.5350987315177917,-0.08083361387252808,-0.5671740174293518,0.8196215629577637],"rotationconfidence":1},"22":{"id":22,"position":[337.1040523052216,-742.2183752059937,2491.857290267944],"positionconfidence":1,"rotation":[0.9413504004478455,0.3075379133224487,0.1388521194458008,-0.3250848948955536,0.7162747979164124,0.617470920085907,0.09043944627046585,-0.6263952255249023,0.7742415070533752],"rotationconfidence":1},"23":{"id":23,"position":[448.0603635311127,-986.6936206817627,2281.105279922485],"positionconfidence":0.5,"rotation":[-0.2839130163192749,0.958850085735321,0,-0.9495546817779541,-0.2811606824398041,-0.1389051228761673,-0.1331891715526581,-0.03943696618080139,0.9903056621551514],"rotationconfidence":0.5},"24":{"id":24,"position":[461.0134661197662,-982.8582406044006,2184.794664382935],"positionconfidence":0.5,"rotation":[-0.2839130163192749,0.958850085735321,0,-0.9495546817779541,-0.2811606824398041,-0.1389051228761673,-0.1331891715526581,-0.03943696618080139,0.9903056621551514],"rotationconfidence":0.5}},"skeletonTracked":true,"frameCount":2},{"position":[140.6189203262329,-467.2402441501617,2553.739547729492],"positionTracked":true,"id":4222,"skeleton":{"1":{"id":1,"position":[202.6174962520599,180.9273362159729,2764.657020568848],"positionconfidence":1,"rotation":[0.9984973669052124,-0.05479954555630684,0,0.05388111248612404,0.9817626476287842,-0.182315781712532,0.009990821592509747,0.1820418238639832,0.9832400679588318],"rotationconfidence":1},"2":{"id":2,"position":[191.5140897035599,-21.38678357005119,2802.227258682251],"positionconfidence":1,"rotation":[0.9980237483978271,-0.0470355860888958,0.04166862741112709,0.05388111248612404,0.9817626476287842,-0.182315781712532,-0.0323333702981472,0.1842005997896195,0.9823566675186157],"rotationconfidence":1},"3":{"id":3,"position":[177.6221841573715,-338.7807607650757,2754.278182983398],"positionconfidence":1,"rotation":[0.9981944561004639,-0.0489487424492836,0.03481220826506615,0.0432371124625206,0.9878557920455933,0.1492365151643753,-0.04169438034296036,-0.1474618762731552,0.9881885051727295],"rotationconfidence":1},"4":{"id":4,"position":[176.4782518148422,-385.0821554660797,2696.077346801758],"positionconfidence":1,"rotation":[0.9969624876976013,-0.06930332630872726,0.03553871437907219,0.0153794577345252,0.6224933862686157,0.7824739813804626,-0.07635065913200378,-0.7795506119728088,0.6216683387756348],"rotationconfidence":1},"6":{"id":6,"position":[16.44563861191273,-111.5404516458511,2811.253070831299],"positionconfidence":1,"rotation":[0.2671831250190735,0.9389950633049011,-0.2165674269199371,0.1434373408555985,-0.2609865069389343,-0.9546265602111816,-0.9529107809066772,0.2239962518215179,-0.2044181525707245],"rotationconfidence":1},"7":{"id":7,"position":[-44.65162381529808,-326.2622058391571,2860.775947570801],"positionconfidence":1,"rotation":[-0.1485824584960938,0.2427609711885452,0.9586398005485535,0.2643564641475678,0.9438711404800415,-0.1980476379394531,-0.9529107809066772,0.2239962518215179,-0.2044181525707245],"rotationconfidence":1},"8":{"id":8,"position":[-8.370294235646725,-385.5403363704681,2626.692295074463],"positionconfidence":0.5,"rotation":[-0.0882967859506607,0.3297235369682312,0.9399394392967224,0,0.9436249732971191,-0.3310163915157318,-0.9960942268371582,-0.02922768332064152,-0.0833190530538559],"rotationconfidence":0.5},"9":{"id":9,"position":[-2.162607852369547,-408.7214767932892,2560.610055923462],"positionconfidence":0.5,"rotation":[-0.0882967859506607,0.3297235369682312,0.9399394392967224,0,0.9436249732971191,-0.3310163915157318,-0.9960942268371582,-0.02922768332064152,-0.0833190530538559],"rotationconfidence":0.5},"12":{"id":12,"position":[377.6402175426483,-121.4931383728981,2825.007677078247],"positionconfidence":1,"rotation":[0.1915641725063324,-0.9552314877510071,0.2254683822393417,-0.246361643075943,-0.2691667377948761,-0.9310505986213684,0.9500573873519897,0.1228091716766357,-0.2868950963020325],"rotationconfidence":1},"13":{"id":13,"position":[417.7667200565338,-321.5832412242889,2872.236013412476],"positionconfidence":1,"rotation":[-0.2700535953044891,-0.1372056901454926,-0.9530192017555237,-0.1564031392335892,0.9828999638557434,-0.09718821942806244,0.9500573873519897,0.1228091716766357,-0.2868950963020325],"rotationconfidence":1},"14":{"id":14,"position":[342.9222702980042,-359.6093356609345,2608.109951019287],"positionconfidence":1,"rotation":[-0.3119701445102692,0.2983371317386627,-0.9020363092422485,0,-0.9494200944900513,-0.3140087127685547,-0.9500918388366699,-0.09796134382486343,0.2961907386779785],"rotationconfidence":1},"15":{"id":15,"position":[323.2287466526032,-340.7764136791229,2551.167726516724],"positionconfidence":0.5,"rotation":[-0.3119701445102692,0.2983371317386627,-0.9020363092422485,0,-0.9494200944900513,-0.3140087127685547,-0.9500918388366699,-0.09796134382486343,0.2961907386779785],"rotationconfidence":0.5},"17":{"id":17,"position":[93.31904351711273,-458.453506231308,2663.477182388306],"positionconfidence":1,"rotation":[0.8702585697174072,-0.4837543666362763,-0.09290703386068344,0.4852724373340607,0.8095349669456482,0.330399364233017,-0.0846206471323967,-0.3326181173324585,0.9392574429512024],"rotationconfidence":1},"18":{"id":18,"position":[-84.05916392803192,-754.357099533081,2542.7086353302],"positionconfidence":1,"rotation":[0.8275169730186462,-0.5614405870437622,0,0.5212743878364563,0.7683153748512268,0.3714356422424316,-0.2085390388965607,-0.3073692917823792,0.9284586310386658],"rotationconfidence":1},"19":{"id":19,"position":[-221.9010144472122,-957.5245976448059,2444.489002227783],"positionconfidence":1,"rotation":[0.9616907238960266,-0.2741365730762482,0,0.2602074444293976,0.9128262996673584,-0.3147062659263611,0.08627250790596008,0.30265012383461,0.9491890668869019],"rotationconfidence":1},"20":{"id":20,"position":[-227.4532914161682,-977.0023822784424,2383.40163230896],"positionconfidence":1,"rotation":[0.9616907238960266,-0.2741365730762482,0,0.2602074444293976,0.9128262996673584,-0.3147062659263611,0.08627250790596008,0.30265012383461,0.9491890668869019],"rotationconfidence":1},"21":{"id":21,"position":[252.459853887558,-464.2406702041626,2675.7652759552],"positionconfidence":1,"rotation":[0.965894341468811,0.1558957993984222,0.2067472487688065,-0.2449694275856018,0.8088499903678894,0.5345573425292969,-0.08389227092266083,-0.5669727325439453,0.8194534182548523],"rotationconfidence":1},"22":{"id":22,"position":[336.6833329200745,-742.333173751831,2491.97793006897],"positionconfidence":1,"rotation":[0.9407655000686646,0.3079937994480133,0.1417747437953949,-0.3272115290164948,0.7151512503623962,0.6176498532295227,0.08884193748235703,-0.6274539828300476,0.7735687494277954],"rotationconfidence":1},"23":{"id":23,"position":[448.3803808689117,-986.4574670791626,2281.136751174927],"positionconfidence":0.5,"rotation":[-0.2785139083862305,0.9604321718215942,0,-0.9507196545600891,-0.2756974101066589,-0.1418557614088059,-0.1362428367137909,-0.03950880467891693,0.9898873567581177],"rotationconfidence":0.5},"24":{"id":24,"position":[461.6335034370422,-982.6142191886902,2184.844732284546],"positionconfidence":0.5,"rotation":[-0.2785139083862305,0.9604321718215942,0,-0.9507196545600891,-0.2756974101066589,-0.1418557614088059,-0.1362428367137909,-0.03950880467891693,0.9898873567581177],"rotationconfidence":0.5}},"skeletonTracked":true,"frameCount":3},{"position":[137.6809775829315,-471.1849689483643,2552.139043807983],"positionTracked":true,"id":4222,"skeleton":{"1":{"id":1,"position":[202.7439922094345,180.7284653186798,2763.372421264648],"positionconfidence":1,"rotation":[0.9984565377235413,-0.05553857609629631,0,0.05459897592663765,0.9815647006034851,-0.1831660717725754,0.01017278246581554,0.1828833669424057,0.9830820560455322],"rotationconfidence":1},"2":{"id":2,"position":[191.4985477924347,-21.43889479339123,2801.098108291626],"positionconfidence":1,"rotation":[0.9979116916656494,-0.04729973897337914,0.04398849606513977,0.05459897592663765,0.9815647006034851,-0.1831660717725754,-0.03451384231448174,0.1851852536201477,0.9820972681045532],"rotationconfidence":1},"3":{"id":3,"position":[177.3712635040283,-338.7098610401154,2753.629684448242],"positionconfidence":1,"rotation":[0.9980628490447998,-0.04998347535729408,0.03704329207539558,0.0439947172999382,0.9880346059799194,0.1478245705366135,-0.04398883879184723,-0.1459085047245026,0.9883196353912354],"rotationconfidence":1},"4":{"id":4,"position":[176.3249337673187,-385.0804567337036,2695.498704910278],"positionconfidence":1,"rotation":[0.9967653751373291,-0.07060843706130981,0.03838245943188667,0.01406970247626305,0.6235323548316956,0.7816709280014038,-0.07912527024745941,-0.7786024808883667,0.6225088834762573],"rotationconfidence":1},"6":{"id":6,"position":[16.39882661402226,-111.4474758505821,2809.539318084717],"positionconfidence":1,"rotation":[0.2670471668243408,0.9385318756103516,-0.2187321335077286,0.1857709139585495,-0.2728534042835236,-0.9439492225646973,-0.9456081986427307,0.2114448845386505,-0.2472166419029236],"rotationconfidence":1},"7":{"id":7,"position":[-44.69959437847138,-326.176643371582,2859.583616256714],"positionconfidence":1,"rotation":[-0.2049424201250076,0.202959269285202,0.9574999809265137,0.2526333928108215,0.9560850262641907,-0.1485859155654907,-0.9456081986427307,0.2114448845386505,-0.2472166419029236],"rotationconfidence":1},"8":{"id":8,"position":[10.69332100450993,-381.0335397720337,2600.785493850708],"positionconfidence":1,"rotation":[-0.1202447861433029,0.3064351379871368,0.9442662596702576,0,0.951167643070221,-0.3086748123168945,-0.9927443265914917,-0.03711653500795364,-0.1143729463219643],"rotationconfidence":1},"9":{"id":9,"position":[19.3689838051796,-403.1428396701813,2532.656669616699],"positionconfidence":0.5,"rotation":[-0.1202447861433029,0.3064351379871368,0.9442662596702576,0,0.951167643070221,-0.3086748123168945,-0.9927443265914917,-0.03711653500795364,-0.1143729463219643],"rotationconfidence":0.5},"12":{"id":12,"position":[377.751350402832,-121.5140670537949,2824.13649559021],"positionconfidence":1,"rotation":[0.1901844292879105,-0.9549833536148071,0.2276766747236252,-0.2454250305891037,-0.2707936465740204,-0.9308261275291443,0.9505768418312073,0.1211510896682739,-0.2858775556087494],"rotationconfidence":1},"13":{"id":13,"position":[417.5507724285126,-321.3610649108887,2871.781826019287],"positionconfidence":1,"rotation":[-0.2689626812934876,-0.1386986821889877,-0.9531115889549255,-0.1551213413476944,0.9828962087631226,-0.09925863146781921,0.9505768418312073,0.1211510896682739,-0.2858775556087494],"rotationconfidence":1},"14":{"id":14,"position":[343.212217092514,-359.6959710121155,2608.351469039917],"positionconfidence":1,"rotation":[-0.3144406974315643,0.2942625284194946,-0.9025167226791382,0,-0.950741171836853,-0.3099859356880188,-0.9492770433425903,-0.0974721908569336,0.2989517152309418],"rotationconfidence":1},"15":{"id":15,"position":[323.2595026493073,-341.0236537456513,2551.082611083984],"positionconfidence":0.5,"rotation":[-0.3144406974315643,0.2942625284194946,-0.9025167226791382,0,-0.950741171836853,-0.3099859356880188,-0.9492770433425903,-0.0974721908569336,0.2989517152309418],"rotationconfidence":0.5},"17":{"id":17,"position":[93.10166537761688,-458.4960043430328,2662.722587585449],"positionconfidence":1,"rotation":[0.870622992515564,-0.4840651750564575,-0.08772958815097809,0.4840600490570068,0.8111150860786438,0.3282958269119263,-0.08775779604911804,-0.3282883167266846,0.9404920935630798],"rotationconfidence":1},"18":{"id":18,"position":[-83.06561410427094,-753.6906599998474,2543.243646621704],"positionconfidence":1,"rotation":[0.8262936472892761,-0.5632395148277283,0,0.5224646329879761,0.7664753794670105,0.3735588490962982,-0.210403099656105,-0.3086692988872528,0.927606463432312],"rotationconfidence":1},"19":{"id":19,"position":[-221.2559282779694,-956.4210772514343,2444.438457489014],"positionconfidence":1,"rotation":[0.7880983948707581,-0.6155492663383484,0,0.6054409146308899,0.7751564979553223,-0.1804813891649246,0.1110951900482178,0.1422370970249176,0.9835783243179321],"rotationconfidence":1},"20":{"id":20,"position":[-229.6276539564133,-967.1395421028137,2370.319604873657],"positionconfidence":1,"rotation":[0.7880983948707581,-0.6155492663383484,0,0.6054409146308899,0.7751564979553223,-0.1804813891649246,0.1110951900482178,0.1422370970249176,0.9835783243179321],"rotationconfidence":1},"21":{"id":21,"position":[252.368837594986,-464.4655585289002,2675.500154495239],"positionconfidence":1,"rotation":[0.9657018184661865,0.1539652198553085,0.209081158041954,-0.2446562498807907,0.8092540502548218,0.5340893268585205,-0.0869685634970665,-0.566923975944519,0.8191664814949036],"rotationconfidence":1},"22":{"id":22,"position":[336.3908231258392,-742.3866391181946,2492.078542709351],"positionconfidence":1,"rotation":[0.9404109716415405,0.307814359664917,0.1444906443357468,-0.3287359178066254,0.7143360376358032,0.617783784866333,0.08694784343242645,-0.6284698843955994,0.7729590535163879],"rotationconfidence":1},"23":{"id":23,"position":[448.6297070980072,-986.279308795929,2281.151294708252],"positionconfidence":0.5,"rotation":[-0.273294597864151,0.9619303941726685,0,-0.9518204927444458,-0.2704222500324249,-0.1446011364459992,-0.1390962302684784,-0.03951870650053024,0.9894899725914001],"rotationconfidence":0.5},"24":{"id":24,"position":[462.1637165546417,-982.4341535568237,2184.874296188355],"positionconfidence":0.5,"rotation":[-0.273294597864151,0.9619303941726685,0,-0.9518204927444458,-0.2704222500324249,-0.1446011364459992,-0.1390962302684784,-0.03951870650053024,0.9894899725914001],"rotationconfidence":0.5}},"skeletonTracked":true,"frameCount":4},{"position":[139.0688121318817,-465.9019112586975,2553.625345230103],"positionTracked":true,"id":4222,"skeleton":{"1":{"id":1,"position":[202.8950154781342,180.5460304021835,2762.339353561401],"positionconfidence":1,"rotation":[0.9984145164489746,-0.05628937482833862,0,0.05532887950539589,0.9813780784606934,-0.1839451789855957,0.01035415939986706,0.1836535334587097,0.9829365611076355],"rotationconfidence":1},"2":{"id":2,"position":[191.5044039487839,-21.49125188589096,2800.208330154419],"positionconfidence":1,"rotation":[0.9977633953094482,-0.04742220044136047,0.04711197316646576,0.05532887950539589,0.9813780784606934,-0.1839451789855957,-0.03751157224178314,0.1861404031515122,0.9818068742752075],"rotationconfidence":1},"3":{"id":3,"position":[177.1288514137268,-338.6543989181519,2753.05438041687],"positionconfidence":1,"rotation":[0.9978867173194885,-0.05118140578269959,0.04003232717514038,0.04478764906525612,0.9881353378295898,0.1469101458787918,-0.04707642644643784,-0.1448067426681519,0.9883394241333008],"rotationconfidence":1},"4":{"id":4,"position":[176.1956810951233,-385.0844502449036,2694.984912872315],"positionconfidence":1,"rotation":[0.9965793490409851,-0.07161436975002289,0.04124509543180466,0.01255018264055252,0.6244365572929382,0.7809747457504272,-0.08168395608663559,-0.77778559923172,0.6231992840766907],"rotationconfidence":1},"6":{"id":6,"position":[16.43498241901398,-111.3900691270828,2807.866096496582],"positionconfidence":1,"rotation":[0.2672463357448578,0.9379509687423706,-0.220969021320343,0.1966563016176224,-0.2775695621967316,-0.9403624534606934,-0.943348228931427,0.2078534811735153,-0.2586334347724915],"rotationconfidence":1},"7":{"id":7,"position":[-44.73450779914856,-326.0758221149445,2858.443260192871],"positionconfidence":1,"rotation":[-0.219617635011673,0.193156898021698,0.9562732577323914,0.2487215548753738,0.9588991403579712,-0.1365659236907959,-0.943348228931427,0.2078534811735153,-0.2586334347724915],"rotationconfidence":1},"8":{"id":8,"position":[16.15813747048378,-379.6317875385284,2593.300580978394],"positionconfidence":0.5,"rotation":[-0.1888941675424576,0.2527369558811188,0.9489166736602783,0,0.966312825679779,-0.2573702931404114,-0.9819973111152649,-0.04861574620008469,-0.1825308501720429],"rotationconfidence":0.5},"9":{"id":9,"position":[31.24012239277363,-399.8112082481384,2517.53568649292],"positionconfidence":0.5,"rotation":[-0.1888941675424576,0.2527369558811188,0.9489166736602783,0,0.966312825679779,-0.2573702931404114,-0.9819973111152649,-0.04861574620008469,-0.1825308501720429],"rotationconfidence":0.5},"12":{"id":12,"position":[377.871036529541,-121.5255856513977,2823.596954345703],"positionconfidence":1,"rotation":[0.1889709979295731,-0.9549515843391418,0.228817492723465,-0.2444588392972946,-0.2714282274246216,-0.9308956265449524,0.9510677456855774,0.1199758052825928,-0.2847384214401245],"rotationconfidence":1},"13":{"id":13,"position":[417.3855483531952,-321.2093710899353,2871.443510055542],"positionconfidence":1,"rotation":[-0.267784059047699,-0.1396936923265457,-0.9532982110977173,-0.1541488766670227,0.9828996062278748,-0.1007305532693863,0.9510677456855774,0.1199758052825928,-0.2847384214401245],"rotationconfidence":1},"14":{"id":14,"position":[343.529224395752,-359.7376644611359,2608.518600463867],"positionconfidence":0.5,"rotation":[-0.3157902359962463,0.2903232574462891,-0.9033210277557373,0,-0.9520377516746521,-0.3059806227684021,-0.9488289952278137,-0.09662569314241409,0.3006442189216614],"rotationconfidence":0.5},"15":{"id":15,"position":[323.4387040138245,-341.2673473358154,2551.049470901489],"positionconfidence":0.5,"rotation":[-0.3157902359962463,0.2903232574462891,-0.9033210277557373,0,-0.9520377516746521,-0.3059806227684021,-0.9488289952278137,-0.09662569314241409,0.3006442189216614],"rotationconfidence":0.5},"17":{"id":17,"position":[92.92355179786682,-458.5414528846741,2662.039995193481],"positionconfidence":1,"rotation":[0.8721726536750793,-0.48226597905159,-0.08206293731927872,0.4807320833206177,0.813860297203064,0.3263865411281586,-0.0906173437833786,-0.324115663766861,0.9416673183441162],"rotationconfidence":1},"18":{"id":18,"position":[-80.82190155982971,-752.6856064796448,2544.077873229981],"positionconfidence":1,"rotation":[0.8226557970046997,-0.5685397386550903,0,0.5267850160598755,0.7622382640838623,0.3761521279811859,-0.213857427239418,-0.3094437420368195,0.9265579581260681],"rotationconfidence":1},"19":{"id":19,"position":[-220.2795147895813,-954.4755816459656,2444.49782371521],"positionconfidence":1,"rotation":[0.9939754009246826,0.1096035912632942,0,-0.01863354071974754,0.1689842641353607,-0.9854426980018616,-0.1080080643296242,0.9795057773590088,0.1700084954500198],"rotationconfidence":1},"20":{"id":20,"position":[-214.7296667098999,-1004.806160926819,2435.762166976929],"positionconfidence":1,"rotation":[0.9939754009246826,0.1096035912632942,0,-0.01863354071974754,0.1689842641353607,-0.9854426980018616,-0.1080080643296242,0.9795057773590088,0.1700084954500198],"rotationconfidence":1},"21":{"id":21,"position":[252.286821603775,-464.6844565868378,2675.26125907898],"positionconfidence":1,"rotation":[0.9656909108161926,0.1516985148191452,0.2107811719179153,-0.2436756640672684,0.8099549412727356,0.5334746241569519,-0.08979592472314835,-0.5665338635444641,0.8191313147544861],"rotationconfidence":1},"22":{"id":22,"position":[335.8444571495056,-742.4221634864807,2492.330074310303],"positionconfidence":1,"rotation":[0.9398146271705627,0.3076874315738678,0.1485829651355743,-0.3311333656311035,0.7129385471343994,0.6181175112724304,0.08425646275281906,-0.6301166415214539,0.7719156742095947],"rotationconfidence":1},"23":{"id":23,"position":[448.9817321300507,-986.0095977783203,2281.139850616455],"positionconfidence":0.5,"rotation":[-0.2692562639713287,0.9630686044692993,0,-0.9523583650588989,-0.2662618756294251,-0.148722305893898,-0.1432297676801682,-0.04004440829157829,0.9888790249824524],"rotationconfidence":0.5},"24":{"id":24,"position":[462.9232287406921,-982.1118116378784,2184.885740280151],"positionconfidence":0.5,"rotation":[-0.2692562639713287,0.9630686044692993,0,-0.9523583650588989,-0.2662618756294251,-0.148722305893898,-0.1432297676801682,-0.04004440829157829,0.9888790249824524],"rotationconfidence":0.5}},"skeletonTracked":true,"frameCount":5},{"position":[137.2839063405991,-466.7880237102509,2552.966356277466],"positionTracked":true,"id":4222,"skeleton":{"1":{"id":1,"position":[203.1160891056061,180.3360879421234,2761.344194412231],"positionconfidence":1,"rotation":[0.998353123664856,-0.05736652761697769,0,0.05637151747941971,0.981036901473999,-0.1854417622089386,0.01063815038651228,0.1851363629102707,0.9826551079750061],"rotationconfidence":1},"2":{"id":2,"position":[191.5159225463867,-21.54231257736683,2799.504518508911],"positionconfidence":1,"rotation":[0.9975734949111938,-0.04774405434727669,0.05066849291324616,0.05637151747941971,0.981036901473999,-0.1854417622089386,-0.04085392877459526,0.1878480911254883,0.9813480377197266],"rotationconfidence":1},"3":{"id":3,"position":[176.9067347049713,-338.6279344558716,2752.540826797485],"positionconfidence":1,"rotation":[0.9976850748062134,-0.05238834023475647,0.04335732758045197,0.04552887752652168,0.9881830811500549,0.1463602334260941,-0.05051254853606224,-0.1440474092960358,0.988280713558197],"rotationconfidence":1},"4":{"id":4,"position":[176.0922074317932,-385.1117193698883,2694.521188735962],"positionconfidence":1,"rotation":[0.9964028596878052,-0.07240940630435944,0.04402415826916695,0.01095554511994124,0.6252156496047974,0.780375063419342,-0.08403109759092331,-0.7770857214927673,0.6237600445747375],"rotationconfidence":1},"6":{"id":6,"position":[16.54445938766003,-111.3737896084786,2806.210279464722],"positionconfidence":1,"rotation":[0.2687611281871796,0.9384629726409912,-0.2169210463762283,0.2078910022974014,-0.2764162421226502,-0.9382832646369934,-0.9405045509338379,0.2070781141519547,-0.2693879306316376],"rotationconfidence":1},"7":{"id":7,"position":[-44.87017542123795,-325.8220553398132,2855.778932571411],"positionconfidence":1,"rotation":[-0.2325479686260223,0.185760498046875,0.9546802639961243,0.2477350234985352,0.9605267643928528,-0.1265529990196228,-0.9405045509338379,0.2070781141519547,-0.2693879306316376],"rotationconfidence":1},"8":{"id":8,"position":[20.52617631852627,-378.0609965324402,2587.306976318359],"positionconfidence":0.5,"rotation":[-0.230171337723732,0.2155339866876602,0.9489817023277283,0,0.9751647710800171,-0.2214807122945786,-0.9731501340866089,-0.05097851157188416,-0.2244549840688705],"rotationconfidence":0.5},"9":{"id":9,"position":[40.08796438574791,-396.3787853717804,2506.654977798462],"positionconfidence":0.5,"rotation":[-0.230171337723732,0.2155339866876602,0.9489817023277283,0,0.9751647710800171,-0.2214807122945786,-0.9731501340866089,-0.05097851157188416,-0.2244549840688705],"rotationconfidence":0.5},"12":{"id":12,"position":[377.9784739017487,-121.5370893478394,2823.20237159729],"positionconfidence":1,"rotation":[0.1879202872514725,-0.9549652338027954,0.2296242117881775,-0.2427702993154526,-0.2716968953609467,-0.931259036064148,0.9517082571983337,0.1192565336823463,-0.2828945815563202],"rotationconfidence":1},"13":{"id":13,"position":[417.2470271587372,-321.0903406143189,2871.185541152954],"positionconfidence":1,"rotation":[-0.2654936015605927,-0.1429955065250397,-0.9534491896629333,-0.1541576981544495,0.9825121760368347,-0.10442815721035,0.9517082571983337,0.1192565336823463,-0.2828945815563202],"rotationconfidence":1},"14":{"id":14,"position":[344.3722724914551,-360.3408634662628,2609.475374221802],"positionconfidence":1,"rotation":[-0.3196248114109039,0.2876017093658447,-0.9028427600860596,0,-0.9528239965438843,-0.3035232722759247,-0.9475440382957458,-0.09701357036828995,0.3045461773872376],"rotationconfidence":1},"15":{"id":15,"position":[323.7809836864471,-341.8126106262207,2551.311254501343],"positionconfidence":0.5,"rotation":[-0.3196248114109039,0.2876017093658447,-0.9028427600860596,0,-0.9528239965438843,-0.3035232722759247,-0.9475440382957458,-0.09701357036828995,0.3045461773872376],"rotationconfidence":0.5},"17":{"id":17,"position":[92.79303252696991,-458.6108028888702,2661.420345306397],"positionconfidence":1,"rotation":[0.872632622718811,-0.4821334779262543,-0.07784441113471985,0.4793975651264191,0.8152106404304504,0.3249764144420624,-0.09322241693735123,-0.3209034204483032,0.9425129294395447],"rotationconfidence":1},"18":{"id":18,"position":[-79.8143744468689,-752.1279454231262,2544.41237449646],"positionconfidence":1,"rotation":[0.8210012316703796,-0.5709265470504761,0,0.5286424160003662,0.7601959705352783,0.3776761889457703,-0.2156253606081009,-0.3100726306438446,0.925937831401825],"rotationconfidence":1},"19":{"id":19,"position":[-219.7836339473724,-953.4059166908264,2444.414615631104],"positionconfidence":1,"rotation":[0.9875199794769287,0.1574938595294952,0,0.01624175161123276,-0.1018392294645309,-0.9946682453155518,-0.1566541492938995,0.9822547435760498,-0.1031262502074242],"rotationconfidence":1},"20":{"id":20,"position":[-210.2064043283463,-1013.457179069519,2450.719356536865],"positionconfidence":1,"rotation":[0.9875199794769287,0.1574938595294952,0,0.01624175161123276,-0.1018392294645309,-0.9946682453155518,-0.1566541492938995,0.9822547435760498,-0.1031262502074242],"rotationconfidence":1},"21":{"id":21,"position":[252.2159516811371,-464.916467666626,2675.041675567627],"positionconfidence":1,"rotation":[0.9656941890716553,0.1495646685361862,0.2122856229543686,-0.242695078253746,0.810621440410614,0.5329089164733887,-0.09237893670797348,-0.5661477446556091,0.8191111087799072],"rotationconfidence":1},"22":{"id":22,"position":[335.2990746498108,-742.4209117889404,2492.608070373535],"positionconfidence":1,"rotation":[0.9391933679580688,0.30720454454422,0.1534315496683121,-0.3337318897247315,0.7113784551620483,0.6185173988342285,0.08086345344781876,-0.632112443447113,0.7706458568572998],"rotationconfidence":1},"23":{"id":23,"position":[449.4245052337647,-985.6891632080078,2281.095266342163],"positionconfidence":0.5,"rotation":[-0.2654737532138825,0.9641180634498596,0,-0.9526769518852234,-0.262323409318924,-0.153600201010704,-0.148088738322258,-0.04077682644128799,0.9881330728530884],"rotationconfidence":0.5},"24":{"id":24,"position":[463.8460874557495,-981.718122959137,2184.866189956665],"positionconfidence":0.5,"rotation":[-0.2654737532138825,0.9641180634498596,0,-0.9526769518852234,-0.262323409318924,-0.153600201010704,-0.148088738322258,-0.04077682644128799,0.9881330728530884],"rotationconfidence":0.5}},"skeletonTracked":true,"frameCount":6},{"position":[137.4683380126953,-465.3013646602631,2552.962303161621],"positionTracked":true,"id":4222,"skeleton":{"1":{"id":1,"position":[203.5222202539444,179.9694001674652,2760.112047195435],"positionconfidence":1,"rotation":[0.9982337355613708,-0.05940810590982437,0,0.05834668874740601,0.9803987741470337,-0.1881857216358185,0.01117975730448961,0.1878533363342285,0.9821333885192871],"rotationconfidence":1},"2":{"id":2,"position":[191.5253102779388,-21.61454595625401,2798.805713653565],"positionconfidence":1,"rotation":[0.9972126483917236,-0.04845736548304558,0.05673391744494438,0.05834668874740601,0.9803987741470337,-0.1881857216358185,-0.04650288075208664,0.1909714192152023,0.980493426322937],"rotationconfidence":1},"3":{"id":3,"position":[176.6470968723297,-338.6303186416626,2752.042055130005],"positionconfidence":1,"rotation":[0.9973387718200684,-0.05402830988168716,0.04895267263054848,0.0463797003030777,0.9882299304008484,0.1457758694887161,-0.05625251680612564,-0.1431175023317337,0.9881057739257812],"rotationconfidence":1},"4":{"id":4,"position":[175.9886145591736,-385.1688504219055,2694.081783294678],"positionconfidence":1,"rotation":[0.9961590766906738,-0.07345405220985413,0.04766179621219635,0.00885833241045475,0.6260666251182556,0.7797192931175232,-0.08711299300193787,-0.7763022184371948,0.6243125796318054],"rotationconfidence":1},"6":{"id":6,"position":[16.63698256015778,-111.448235809803,2803.80654335022],"positionconfidence":1,"rotation":[0.2706716358661652,0.9382725358009338,-0.2153639048337936,0.2166202217340469,-0.2773402333259583,-0.9360332489013672,-0.9379832744598389,0.2067054361104965,-0.2783169150352478],"rotationconfidence":1},"7":{"id":7,"position":[-45.14243826270104,-325.6041407585144,2852.962255477905],"positionconfidence":1,"rotation":[-0.2429673075675964,0.180701956152916,0.9530549645423889,0.2472940534353256,0.9615715146064758,-0.1192727461457253,-0.9379832744598389,0.2067054361104965,-0.278316915035