{"motiondata":[{"position":[224.0295708179474,-420.0501441955566,2415.596008300781],"positionTracked":true,"id":4232,"skeleton":{"1":{"id":1,"position":[230.2454560995102,215.4781520366669,2661.659955978394],"positionconfidence":1,"rotation":[0.9861867427825928,0.1656377017498016,0,-0.1655724346637726,0.9857981204986572,0.02806641720235348,0.004648856818675995,-0.0276787281036377,0.9996060729026794],"rotationconfidence":1},"2":{"id":2,"position":[261.8200778961182,27.48669311404228,2656.307697296143],"positionconfidence":1,"rotation":[0.9800772070884705,0.1676439493894577,-0.1065085008740425,-0.1655724346637726,0.9857981204986572,0.02806641720235348,0.1097010597586632,-0.009872385300695896,0.9939156174659729],"rotationconfidence":1},"3":{"id":3,"position":[247.1162974834442,-318.3026313781738,2587.863683700562],"positionconfidence":1,"rotation":[0.9925627708435059,-0.01838689669966698,-0.1203382387757301,0.0416768491268158,0.9801159501075745,0.1939998269081116,0.1143783554434776,-0.1975722908973694,0.9735927581787109],"rotationconfidence":1},"4":{"id":4,"position":[235.7871830463409,-366.5933907032013,2521.049499511719],"positionconfidence":1,"rotation":[0.9847014546394348,0.009701624512672424,-0.1739794462919235,0.1361452043056488,0.5803238153457642,0.8029251098632812,0.1087540909647942,-0.8143280148506165,0.5701248645782471],"rotationconfidence":1},"6":{"id":6,"position":[72.25126028060913,-104.5388653874397,2657.824277877808],"positionconfidence":1,"rotation":[0.1966135501861572,0.9710879921913147,-0.1353928297758102,0.07901366800069809,-0.1533316820859909,-0.9850108027458191,-0.9772921800613403,0.1829686015844345,-0.1068763136863709],"rotationconfidence":1},"7":{"id":7,"position":[21.03149332106113,-357.5168550014496,2693.095445632935],"positionconfidence":1,"rotation":[0.01664570719003677,0.5691127777099609,0.8220908641815186,0.2112414985895157,0.801643967628479,-0.5592350959777832,-0.9772921800613403,0.1829686015844345,-0.1068763136863709],"rotationconfidence":1},"8":{"id":8,"position":[16.84925891458988,-500.5064606666565,2486.545085906982],"positionconfidence":1,"rotation":[-0.0007205465226434171,0.5971806645393372,0.8021064400672913,0,0.8021066784858704,-0.5971808433532715,-0.9999997615814209,-0.0004302965826354921,-0.0005779551574960351],"rotationconfidence":1},"9":{"id":9,"position":[16.90666377544403,-548.0829477310181,2422.642469406128],"positionconfidence":1,"rotation":[-0.0007205465226434171,0.5971806645393372,0.8021064400672913,0,0.8021066784858704,-0.5971808433532715,-0.9999997615814209,-0.0004302965826354921,-0.0005779551574960351],"rotationconfidence":1},"12":{"id":12,"position":[436.9983375072479,-91.10530465841293,2617.69962310791],"positionconfidence":1,"rotation":[0.290802001953125,-0.9565157294273376,0.02262610383331776,-0.4788141250610352,-0.1659625321626663,-0.8620866537094116,0.8283544778823853,0.2398628145456314,-0.5062554478645325],"rotationconfidence":1},"13":{"id":13,"position":[513.8779282569885,-343.9802527427673,2623.681306838989],"positionconfidence":1,"rotation":[-0.2628363966941834,-0.6316511034965515,-0.7293379306793213,-0.4947178661823273,0.7372127175331116,-0.4601863324642181,0.8283544778823853,0.2398628145456314,-0.5062554478645325],"rotationconfidence":1},"14":{"id":14,"position":[446.526825428009,-505.8391094207764,2436.790466308594],"positionconfidence":1,"rotation":[-0.3401007354259491,-0.1476036012172699,-0.9287328720092773,0,-0.9876048564910889,0.156960129737854,-0.9403889775276184,0.05338225513696671,0.3358851373195648],"rotationconfidence":1},"15":{"id":15,"position":[427.5376498699188,-514.0804052352905,2384.935617446899],"positionconfidence":0.5,"rotation":[-0.3401007354259491,-0.1476036012172699,-0.9287328720092773,0,-0.9876048564910889,0.156960129737854,-0.9403889775276184,0.05338225513696671,0.3358851373195648],"rotationconfidence":0.5},"17":{"id":17,"position":[146.0747271776199,-447.6530253887177,2505.456209182739],"positionconfidence":1,"rotation":[0.9373623132705688,-0.2303682714700699,-0.2613089680671692,0.3169216215610504,0.8753383159637451,0.3651623725891113,0.1446119397878647,-0.4251038730144501,0.893517792224884],"rotationconfidence":1},"18":{"id":18,"position":[37.05349564552307,-748.7699389457703,2379.840135574341],"positionconfidence":1,"rotation":[0.8337710499763489,-0.5521103739738464,0,0.5462666749954224,0.8249462246894836,0.1451082229614258,-0.08011575788259506,-0.1209870353341103,0.9894157648086548],"rotationconfidence":1},"19":{"id":19,"position":[-164.6232604980469,-1053.332686424255,2326.26748085022],"positionconfidence":0.5,"rotation":[0.2913032174110413,-0.9566307663917542,0,0.8518807888031006,0.2594058513641357,-0.4549809396266937,0.4352487623691559,0.1325374096632004,0.8905011415481567],"rotationconfidence":0.5},"20":{"id":20,"position":[-210.5312943458557,-1067.312121391296,2232.341527938843],"positionconfidence":0.5,"rotation":[0.2913032174110413,-0.9566307663917542,0,0.8518807888031006,0.2594058513641357,-0.4549809396266937,0.4352487623691559,0.1325374096632004,0.8905011415481567],"rotationconfidence":0.5},"21":{"id":21,"position":[313.6571645736694,-442.5671100616455,2480.753421783447],"positionconfidence":1,"rotation":[0.972042441368103,0.2237340211868286,-0.07124952226877213,-0.1829827874898911,0.9119459986686707,0.3672489523887634,0.1471417993307114,-0.3439441323280335,0.9273896813392639],"rotationconfidence":1},"22":{"id":22,"position":[376.0094344615936,-753.31711769104,2355.611562728882],"positionconfidence":1,"rotation":[0.8601563572883606,0.4992838203907013,0.104147382080555,-0.4860263168811798,0.7404959797859192,0.4641594290733337,0.1546265780925751,-0.4498680531978607,0.8796073794364929],"rotationconfidence":1},"23":{"id":23,"position":[563.5989308357239,-1039.123177528381,2176.461935043335],"positionconfidence":0.5,"rotation":[0.002242339309304953,0.9999974370002747,0,-0.9927281737327576,0.002226039068773389,-0.1203563883900642,-0.1203560903668404,0.0002698798780329526,0.9927307367324829],"rotationconfidence":0.5},"24":{"id":24,"position":[576.0921835899353,-1039.151191711426,2073.414087295532],"positionconfidence":0.5,"rotation":[0.002242339309304953,0.9999974370002747,0,-0.9927281737327576,0.002226039068773389,-0.1203563883900642,-0.1203560903668404,0.0002698798780329526,0.9927307367324829],"rotationconfidence":0.5}},"skeletonTracked":true,"frameCount":1},{"position":[220.2895879745483,-427.3115396499634,2414.5188331604],"positionTracked":true,"id":4232,"skeleton":{"1":{"id":1,"position":[231.2515825033188,218.6878174543381,2661.563158035278],"positionconfidence":1,"rotation":[0.9882250428199768,0.153007447719574,0,-0.1529397219419479,0.9877876043319702,0.0297518502920866,0.00455225445330143,-0.02940152399241924,0.999557375907898],"rotationconfidence":1},"2":{"id":2,"position":[261.0347270965576,26.32823213934898,2655.769348144531],"positionconfidence":1,"rotation":[0.9819139838218689,0.1552923172712326,-0.1083019450306892,-0.1529397219419479,0.9877876043319702,0.0297518502920866,0.1115995422005653,-0.0126500865444541,0.9936727285385132],"rotationconfidence":1},"3":{"id":3,"position":[246.3282942771912,-319.2542195320129,2588.55414390564],"positionconfidence":1,"rotation":[0.9923810362815857,-0.01854057051241398,-0.1218041181564331,0.04173630848526955,0.9807502031326294,0.1907542496919632,0.115922711789608,-0.1943845450878143,0.9740516543388367],"rotationconfidence":1},"4":{"id":4,"position":[235.0477278232575,-367.6918745040894,2521.966934204102],"positionconfidence":1,"rotation":[0.9850164651870728,0.007460251450538635,-0.172298863530159,0.1357301473617554,0.5828120708465576,0.8011913299560547,0.1063949316740036,-0.812572717666626,0.5730668306350708],"rotationconfidence":1},"6":{"id":6,"position":[71.88019156455994,-105.4053157567978,2657.873153686523],"positionconfidence":1,"rotation":[0.1959346830844879,0.9709038734436035,-0.1376778334379196,0.079159677028656,-0.1556010395288467,-0.9846430420875549,-0.9774166345596313,0.1820271909236908,-0.1073440834879875],"rotationconfidence":1},"7":{"id":7,"position":[20.88739909231663,-358.0869734287262,2693.70436668396],"positionconfidence":1,"rotation":[0.01524827815592289,0.5673929452896118,0.8233059644699097,0.2107703536748886,0.8030761480331421,-0.5573549270629883,-0.9774166345596313,0.1820271909236908,-0.1073440834879875],"rotationconfidence":1},"8":{"id":8,"position":[17.06621050834656,-500.2745389938355,2487.385511398315],"positionconfidence":1,"rotation":[-0.002595399972051382,0.5987326502799988,0.8009446859359741,0,0.800947368144989,-0.5987346768379211,-0.999996542930603,-0.00155395595356822,-0.002078778808936477],"rotationconfidence":1},"9":{"id":9,"position":[17.27376878261566,-548.1561422348022,2423.332691192627],"positionconfidence":1,"rotation":[-0.002595399972051382,0.5987326502799988,0.8009446859359741,0,0.800947368144989,-0.5987346768379211,-0.999996542930603,-0.00155395595356822,-0.002078778808936477],"rotationconfidence":1},"12":{"id":12,"position":[436.8780553340912,-92.31477230787277,2617.04683303833],"positionconfidence":1,"rotation":[0.2907981872558594,-0.9563383460044861,0.02921205386519432,-0.4788650274276733,-0.1719072759151459,-0.8608925938606262,0.828326404094696,0.2363573759794235,-0.5079473257064819],"rotationconfidence":1},"13":{"id":13,"position":[513.8661861419678,-345.5030918121338,2624.780654907227],"positionconfidence":1,"rotation":[-0.2728660106658936,-0.6216455698013306,-0.7342349290847778,-0.4893050491809845,0.7467877268791199,-0.4504315555095673,0.828326404094696,0.2363573759794235,-0.5079473257064819],"rotationconfidence":1},"14":{"id":14,"position":[442.9008364677429,-507.17693567276,2433.825254440308],"positionconfidence":1,"rotation":[-0.2639364898204804,-0.0871540978550911,-0.9605944752693176,0,-0.9959093332290649,0.0903581902384758,-0.9645400643348694,0.02384882420301437,0.2628568112850189],"rotationconfidence":1},"15":{"id":15,"position":[426.6424775123596,-512.5455856323242,2374.653100967407],"positionconfidence":0.5,"rotation":[-0.2639364898204804,-0.0871540978550911,-0.9605944752693176,0,-0.9959093332290649,0.0903581902384758,-0.9645400643348694,0.02384882420301437,0.2628568112850189],"rotationconfidence":0.5},"17":{"id":17,"position":[145.369216799736,-448.7800896167755,2506.522655487061],"positionconfidence":1,"rotation":[0.937494695186615,-0.2318685650825501,-0.2595003247261047,0.3177266418933868,0.8745020627975464,0.3664639294147492,0.1419621109962463,-0.4260081946849823,0.893511950969696],"rotationconfidence":1},"18":{"id":18,"position":[36.34060174226761,-748.8674521446228,2380.769729614258],"positionconfidence":1,"rotation":[0.8326038718223572,-0.5538687705993652,0,0.5478282570838928,0.8235234618186951,0.1472866088151932,-0.08157745003700256,-0.1226314008235931,0.9890937805175781],"rotationconfidence":1},"19":{"id":19,"position":[-166.6644811630249,-1054.035067558289,2326.190710067749],"positionconfidence":0.5,"rotation":[0.2878790199756622,-0.9576666951179504,0,0.8538960218429565,0.2566850781440735,-0.4527407884597778,0.4335748553276062,0.1303346008062363,0.8916422128677368],"rotationconfidence":0.5},"20":{"id":20,"position":[-212.3130857944489,-1067.757248878479,2232.314825057983],"positionconfidence":0.5,"rotation":[0.2878790199756622,-0.9576666951179504,0,0.8538960218429565,0.2566850781440735,-0.4527407884597778,0.4335748553276062,0.1303346008062363,0.8916422128677368],"rotationconfidence":0.5},"21":{"id":21,"position":[313.0497634410858,-444.0092444419861,2482.156038284302],"positionconfidence":1,"rotation":[0.9719473123550415,0.2252693921327591,-0.06761868298053741,-0.1855205297470093,0.9110031127929688,0.3683144152164459,0.1445707827806473,-0.3454375267028809,0.9272390604019165],"rotationconfidence":1},"22":{"id":22,"position":[376.2339055538178,-754.2765140533447,2356.716394424439],"positionconfidence":1,"rotation":[0.860241711139679,0.4995271265506744,0.1022590175271034,-0.4854539632797241,0.7410435676574707,0.4638844728469849,0.1559444963932037,-0.4486948251724243,0.8799740076065063],"rotationconfidence":1},"23":{"id":23,"position":[563.4627938270569,-1040.080666542053,2177.806377410889],"positionconfidence":0.5,"rotation":[0.02326936274766922,0.9997292757034302,0,-0.9925453066825867,0.02310215122997761,-0.1196675822138786,-0.119635172188282,0.002784587908536196,0.9928140640258789],"rotationconfidence":0.5},"24":{"id":24,"position":[575.892984867096,-1040.369987487793,2074.652194976807],"positionconfidence":0.5,"rotation":[0.02326936274766922,0.9997292757034302,0,-0.9925453066825867,0.02310215122997761,-0.1196675822138786,-0.119635172188282,0.002784587908536196,0.9928140640258789],"rotationconfidence":0.5}},"skeletonTracked":true,"frameCount":2},{"position":[219.0354317426682,-424.4310557842255,2413.754224777222],"positionTracked":true,"id":4232,"skeleton":{"1":{"id":1,"position":[232.6029986143112,222.542330622673,2662.807941436768],"positionconfidence":1,"rotation":[0.9900876879692078,0.1404510140419006,0,-0.1403529345989227,0.989396333694458,0.03736232593655586,0.005247576627880335,-0.03699197992682457,0.9993018507957458],"rotationconfidence":1},"2":{"id":2,"position":[260.5474889278412,25.55195428431034,2655.36904335022],"positionconfidence":1,"rotation":[0.9836862087249756,0.1436329931020737,-0.108309879899025,-0.1403529345989227,0.989396333694458,0.03736232593655586,0.1125278621912003,-0.02155119553208351,0.9934148192405701],"rotationconfidence":1},"3":{"id":3,"position":[245.7692325115204,-319.9073672294617,2589.067220687866],"positionconfidence":1,"rotation":[0.9923254251480103,-0.01900002174079418,-0.1221852451562882,0.04197479784488678,0.9812108278274536,0.188317596912384,0.1163114383816719,-0.1920010149478912,0.9744778871536255],"rotationconfidence":1},"4":{"id":4,"position":[234.5486730337143,-368.4503734111786,2522.646903991699],"positionconfidence":1,"rotation":[0.9853460192680359,0.005503423511981964,-0.1704792529344559,0.135138601064682,0.5846441388130188,0.7999555468559265,0.1040721833705902,-0.8112712502479553,0.5753329992294312],"rotationconfidence":1},"6":{"id":6,"position":[71.61101698875427,-106.0847193002701,2657.872676849365],"positionconfidence":1,"rotation":[0.1954805552959442,0.9707363843917847,-0.1394931226968765,0.08180861920118332,-0.1578822731971741,-0.9840633869171143,-0.9772894978523254,0.1809534877538681,-0.1102775037288666],"rotationconfidence":1},"7":{"id":7,"position":[20.7783542573452,-358.5145175457001,2694.146394729614],"positionconfidence":1,"rotation":[0.0117212999612093,0.5657646656036377,0.8244835138320923,0.211584284901619,0.8044664859771729,-0.5550369024276733,-0.9772894978523254,0.1809534877538681,-0.1102775037288666],"rotationconfidence":1},"8":{"id":8,"position":[17.80681870877743,-501.9448399543762,2485.126733779907],"positionconfidence":1,"rotation":[-0.005668025463819504,0.5951913595199585,0.8035640120506287,0,0.8035768866539001,-0.5952009558677673,-0.9999839067459106,-0.003373614279553294,-0.004554694052785635],"rotationconfidence":1},"9":{"id":9,"position":[18.27680319547653,-551.2972474098206,2418.496370315552],"positionconfidence":1,"rotation":[-0.005668025463819504,0.5951913595199585,0.8035640120506287,0,0.8035768866539001,-0.5952009558677673,-0.9999839067459106,-0.003373614279553294,-0.004554694052785635],"rotationconfidence":1},"12":{"id":12,"position":[437.0118975639343,-93.40579062700272,2616.757392883301],"positionconfidence":1,"rotation":[0.2900972068309784,-0.9563692808151245,0.03466138243675232,-0.4825564324855804,-0.1774599999189377,-0.8576987981796265,0.8264278173446655,0.232089951634407,-0.5129827857017517],"rotationconfidence":1},"13":{"id":13,"position":[513.8800740242004,-346.8186557292938,2625.941753387451],"positionconfidence":1,"rotation":[-0.2836848795413971,-0.6153572201728821,-0.7354306578636169,-0.486353725194931,0.7533057928085327,-0.4427079260349274,0.8264278173446655,0.232089951634407,-0.5129827857017517],"rotationconfidence":1},"14":{"id":14,"position":[438.9485120773315,-509.3570351600647,2431.687593460083],"positionconfidence":1,"rotation":[-0.209009975194931,-0.05600025877356529,-0.9763087034225464,0,-0.9983590245246887,0.05726504698395729,-0.9779134392738342,0.01196896564215422,0.2086669951677322],"rotationconfidence":1},"15":{"id":15,"position":[425.1298010349274,-513.0594968795776,2367.138862609863],"positionconfidence":0.5,"rotation":[-0.209009975194931,-0.05600025877356529,-0.9763087034225464,0,-0.9983590245246887,0.05726504698395729,-0.9779134392738342,0.01196896564215422,0.2086669951677322],"rotationconfidence":0.5},"17":{"id":17,"position":[144.8770016431809,-449.5486915111542,2507.257699966431],"positionconfidence":1,"rotation":[0.9376673698425293,-0.2334067970514298,-0.2574896812438965,0.3183881044387817,0.8739380836486816,0.3672343492507935,0.1393150538206101,-0.4263254106044769,0.8937773108482361],"rotationconfidence":1},"18":{"id":18,"position":[35.79873219132423,-748.9557862281799,2381.444931030273],"positionconfidence":1,"rotation":[0.8317455649375916,-0.555156946182251,0,0.5489552021026611,0.822454035282135,0.1490556001663208,-0.08274925500154495,-0.1239763349294663,0.9888287782669067],"rotationconfidence":1},"19":{"id":19,"position":[-168.1749820709229,-1054.552674293518,2326.060771942139],"positionconfidence":0.5,"rotation":[0.2856671214103699,-0.958328902721405,0,0.8554467558860779,0.2549991011619568,-0.4507619738578796,0.4319782257080078,0.1287678778171539,0.8926442265510559],"rotationconfidence":0.5},"20":{"id":20,"position":[-213.5845869779587,-1068.08876991272,2232.225894927979],"positionconfidence":0.5,"rotation":[0.2856671214103699,-0.958328902721405,0,0.8554467558860779,0.2549991011619568,-0.4507619738578796,0.4319782257080078,0.1287678778171539,0.8926442265510559],"rotationconfidence":0.5},"21":{"id":21,"position":[312.6828372478485,-445.0494945049286,2483.247518539429],"positionconfidence":1,"rotation":[0.9719845652580261,0.2260747700929642,-0.06431348621845245,-0.1873311102390289,0.9103714227676392,0.3689593076705933,0.141961544752121,-0.3465748131275177,0.9272177815437317],"rotationconfidence":1},"22":{"id":22,"position":[376.4795958995819,-755.0820708274841,2357.596158981323],"positionconfidence":1,"rotation":[0.860427975654602,0.4994314610958099,0.1011527329683304,-0.4849424064159393,0.7415770888328552,0.4635668396949768,0.1565073132514954,-0.4479191303253174,0.8802691698074341],"rotationconfidence":1},"23":{"id":23,"position":[563.3769631385803,-1040.886759757996,2178.936958312988],"positionconfidence":0.5,"rotation":[0.0393342487514019,0.9992260932922363,0,-0.9920610785484314,0.03905219957232475,-0.1195397451519966,-0.1194472387433052,0.004702006466686726,0.992829442024231],"rotationconfidence":0.5},"24":{"id":24,"position":[575.7991671562195,-1041.375756263733,2075.685262680054],"positionconfidence":0.5,"rotation":[0.0393342487514019,0.9992260932922363,0,-0.9920610785484314,0.03905219957232475,-0.1195397451519966,-0.1194472387433052,0.004702006466686726,0.992829442024231],"rotationconfidence":0.5}},"skeletonTracked":true,"frameCount":3},{"position":[220.3997820615768,-424.6533215045929,2414.484024047852],"positionTracked":true,"id":4232,"skeleton":{"1":{"id":1,"position":[233.8576912879944,225.9381115436554,2664.28542137146],"positionconfidence":1,"rotation":[0.9913957118988037,0.1308995187282562,0,-0.1307641714811325,0.9903705716133118,0.04546258971095085,0.005951031111180782,-0.04507141560316086,0.9989660978317261],"rotationconfidence":1},"2":{"id":2,"position":[260.3761851787567,25.09457804262638,2655.065774917603],"positionconfidence":1,"rotation":[0.984961211681366,0.134999692440033,-0.1078267470002174,-0.1307641714811325,0.9903705716133118,0.04546258971095085,0.1129258722066879,-0.0306790117174387,0.9931297302246094],"rotationconfidence":1},"3":{"id":3,"position":[245.3729659318924,-320.3793168067932,2589.452028274536],"positionconfidence":1,"rotation":[0.9923135042190552,-0.01989695988595486,-0.1221392974257469,0.04262648522853851,0.9815452098846436,0.186418890953064,0.1161760687828064,-0.1901923567056656,0.9748486876487732],"rotationconfidence":1},"4":{"id":4,"position":[234.210804104805,-369.0001666545868,2523.159027099609],"positionconfidence":1,"rotation":[0.9856415390968323,0.003883850295096636,-0.1688070446252823,0.1345391273498535,0.5860340595245361,0.7990390062332153,0.102030023932457,-0.8102771639823914,0.5770969390869141],"rotationconfidence":1},"6":{"id":6,"position":[71.42602652311325,-106.6084206104279,2657.833337783814],"positionconfidence":1,"rotation":[0.195256769657135,0.9705792665481567,-0.1408922523260117,0.08203963935375214,-0.1593176126480103,-0.9838126301765442,-0.977314829826355,0.1805373579263687,-0.1107338219881058],"rotationconfidence":1},"7":{"id":7,"position":[20.68724483251572,-358.8199615478516,2694.445133209229],"positionconfidence":1,"rotation":[0.01089256443083286,0.5649975538253784,0.8250207304954529,0.2115114033222199,0.805098831653595,-0.5541470050811768,-0.977314829826355,0.1805373579263687,-0.1107338219881058],"rotationconfidence":1},"8":{"id":8,"position":[17.91125535964966,-502.8105974197388,2484.187126159668],"positionconfidence":1,"rotation":[-0.004431709181517363,0.5946429967880249,0.8039777278900146,0,0.8039855360984802,-0.5946487784385681,-0.9999902248382568,-0.002635310404002667,-0.003563030157238245],"rotationconfidence":1},"9":{"id":9,"position":[18.28311197459698,-552.7060031890869,2416.72682762146],"positionconfidence":1,"rotation":[-0.004431709181517363,0.5946429967880249,0.8039777278900146,0,0.8039855360984802,-0.5946487784385681,-0.9999902248382568,-0.002635310404002667,-0.003563030157238245],"rotationconfidence":1},"12":{"id":12,"position":[437.2867345809937,-94.42920237779617,2616.608619689941],"positionconfidence":1,"rotation":[0.2891701757907867,-0.9564425349235535,0.03997649624943733,-0.4983477592468262,-0.1860628873109818,-0.8467762470245361,0.817331075668335,0.2249402701854706,-0.5304449200630188],"rotationconfidence":1},"13":{"id":13,"position":[513.9487385749817,-347.9920029640198,2627.206802368164],"positionconfidence":1,"rotation":[-0.2898397147655487,-0.6351552605628967,-0.715940535068512,-0.4979587495326996,0.7389044761657715,-0.4539355039596558,0.817331075668335,0.2249402701854706,-0.5304449200630188],"rotationconfidence":1},"14":{"id":14,"position":[442.3499703407288,-504.8936605453491,2450.348854064941],"positionconfidence":1,"rotation":[-0.06583074480295181,0.05543152615427971,-0.9962900280952454,0,-0.998455822467804,-0.05555202811956406,-0.9978309273719788,-0.003657031338661909,0.06572908908128738],"rotationconfidence":1},"15":{"id":15,"position":[438.1696581840515,-501.3737082481384,2387.083530426025],"positionconfidence":1,"rotation":[-0.06583074480295181,0.05543152615427971,-0.9962900280952454,0,-0.998455822467804,-0.05555202811956406,-0.9978309273719788,-0.003657031338661909,0.06572908908128738],"rotationconfidence":1},"17":{"id":17,"position":[144.5175707340241,-450.0941932201386,2507.777214050293],"positionconfidence":1,"rotation":[0.9378536343574524,-0.2347461730241776,-0.255587100982666,0.3188673257827759,0.8735545873641968,0.3677309155464172,0.1369458585977554,-0.4263761043548584,0.8941192030906677],"rotationconfidence":1},"18":{"id":18,"position":[35.39782389998436,-749.0337491035461,2381.935834884644],"positionconfidence":1,"rotation":[0.8311479687690735,-0.5560513734817505,0,0.5497168302536011,0.8216795325279236,0.1505128294229507,-0.08369286358356476,-0.1250984370708466,0.9886080622673035],"rotationconfidence":1},"19":{"id":19,"position":[-169.2672222852707,-1054.953217506409,2325.898408889771],"positionconfidence":0.5,"rotation":[0.2841435968875885,-0.9587818384170532,0,0.8565855622291565,0.2538568079471588,-0.4492418766021729,0.4307248592376709,0.1276491731405258,0.8934102654457092],"rotationconfidence":0.5},"20":{"id":20,"position":[-214.4957929849625,-1068.357110023499,2232.085227966309],"positionconfidence":0.5,"rotation":[0.2841435968875885,-0.9587818384170532,0,0.8565855622291565,0.2538568079471588,-0.4492418766021729,0.4307248592376709,0.1276491731405258,0.8934102654457092],"rotationconfidence":0.5},"21":{"id":21,"position":[312.4849200248718,-445.8123743534088,2484.092712402344],"positionconfidence":1,"rotation":[0.9720854759216309,0.2264208644628525,-0.06151045858860016,-0.1885746717453003,0.9099469780921936,0.369372695684433,0.139604926109314,-0.3474624752998352,0.9272434115409851],"rotationconfidence":1},"22":{"id":22,"position":[376.7159581184387,-755.7523846626282,2358.279466629028],"positionconfidence":1,"rotation":[0.8606680631637573,0.4991541504859924,0.1004767045378685,-0.4845245778560638,0.7422628402709961,0.4629060029983521,0.1564813256263733,-0.4470918476581574,0.8806943893432617],"rotationconfidence":1},"23":{"id":23,"position":[563.3323192596436,-1041.637539863586,2179.989576339722],"positionconfidence":0.5,"rotation":[0.05274232476949692,0.9986081123352051,0,-0.9914243817329407,0.05236291140317917,-0.1197319254279137,-0.1195652857422829,0.006314940750598908,0.9928062558174133],"rotationconfidence":0.5},"24":{"id":24,"position":[575.7778286933899,-1042.294859886169,2076.648712158203],"positionconfidence":0.5,"rotation":[0.05274232476949692,0.9986081123352051,0,-0.9914243817329407,0.05236291140317917,-0.1197319254279137,-0.1195652857422829,0.006314940750598908,0.9928062558174133],"rotationconfidence":0.5}},"skeletonTracked":true,"frameCount":4},{"position":[219.6707427501679,-424.6521592140198,2415.769338607788],"positionTracked":true,"id":4232,"skeleton":{"1":{"id":1,"position":[237.7445846796036,229.3259501457214,2668.182849884033],"positionconfidence":1,"rotation":[0.9935019612312317,0.113814152777195,0,-0.1135894358158112,0.9915403723716736,0.06280957907438278,0.007148618809878826,-0.06240143999457359,0.9980254173278809],"rotationconfidence":1},"2":{"id":2,"position":[261.1404955387116,25.09928867220879,2655.246019363403],"positionconfidence":1,"rotation":[0.9872704744338989,0.1197322681546211,-0.1046954989433289,-0.1135894358158112,0.9915403723716736,0.06280957907438278,0.111330159008503,-0.05011774227023125,0.992518961429596],"rotationconfidence":1},"3":{"id":3,"position":[245.0878471136093,-320.7483291625977,2589.761972427368],"positionconfidence":1,"rotation":[0.9924747347831726,-0.02330499328672886,-0.1202105358242989,0.04555772989988327,0.981522262096405,0.1858450025320053,0.113658219575882,-0.1899230182170868,0.975197970867157],"rotationconfidence":1},"4":{"id":4,"position":[234.004333615303,-369.4208264350891,2523.550748825073],"positionconfidence":1,"rotation":[0.9859226942062378,0.002906708512455225,-0.1671765446662903,0.1336645931005478,0.5869790315628052,0.7984919548034668,0.1004501134157181,-0.8095968961715698,0.5783274173736572],"rotationconfidence":1},"6":{"id":6,"position":[71.41488045454025,-107.0317402482033,2657.633304595947],"positionconfidence":1,"rotation":[0.1956569701433182,0.9702821373939514,-0.1423759311437607,0.09230419993400574,-0.1627582013607025,-0.9823388457298279,-0.9763187170028687,0.1790595501661301,-0.1214058920741081],"rotationconfidence":1},"7":{"id":7,"position":[20.59474214911461,-359.0537905693054,2694.614171981812],"positionconfidence":1,"rotation":[-0.0008044007117860019,0.5581800937652588,0.8297194838523865,0.2163355499505997,0.8101683259010315,-0.5448176264762878,-0.9763187170028687,0.1790595501661301,-0.1214058920741081],"rotationconfidence":1},"8":{"id":8,"position":[20.80387249588966,-504.1710138320923,2478.901386260986],"positionconfidence":1,"rotation":[-0.02136423252522945,0.5813279151916504,0.8133889436721802,0,0.8135745525360107,-0.5814605951309204,-0.9997718334197998,-0.01242245920002461,-0.01738139614462853],"rotationconfidence":1},"9":{"id":9,"position":[22.65102416276932,-554.4326305389404,2408.575773239136],"positionconfidence":1,"rotation":[-0.02136423252522945,0.5813279151916504,0.8133889436721802,0,0.8135745525360107,-0.5814605951309204,-0.9997718334197998,-0.01242245920002461,-0.01738139614462853],"rotationconfidence":1},"12":{"id":12,"position":[437.9224479198456,-95.90483456850052,2617.084264755249],"positionconfidence":1,"rotation":[0.2869255244731903,-0.9567808508872986,0.047372255474329,-0.5012031197547913,-0.1920794397592545,-0.8437421917915344,0.8163756132125854,0.2183480262756348,-0.5346540212631226],"rotationconfidence":1},"13":{"id":13,"position":[514.0272974967957,-349.6837913990021,2629.64940071106],"positionconfidence":1,"rotation":[-0.3080037236213684,-0.6185133457183838,-0.7228934168815613,-0.4885329902172089,0.7548279762268066,-0.4376872181892395,0.8163756132125854,0.2183480262756348,-0.5346540212631226],"rotationconfidence":1},"14":{"id":14,"position":[436.624675989151,-505.1187872886658,2447.983264923096],"positionconfidence":1,"rotation":[-0.03231825679540634,0.02187721617519856,-0.9992380738258362,0,-0.9997603893280029,-0.02188865095376968,-0.9994775056838989,-0.0007074030581861734,0.03231051191687584],"rotationconfidence":1},"15":{"id":15,"position":[434.4237446784973,-503.6289095878601,2379.93335723877],"positionconfidence":0.5,"rotation":[-0.03231825679540634,0.02187721617519856,-0.9992380738258362,0,-0.9997603893280029,-0.02188865095376968,-0.9994775056838989,-0.0007074030581861734,0.03231051191687584],"rotationconfidence":0.5},"17":{"id":17,"position":[144.2582756280899,-450.4856467247009,2508.148193359375],"positionconfidence":1,"rotation":[0.9386342763900757,-0.233926385641098,-0.2534642517566681,0.3173215091228485,0.8736734986305237,0.3687840104103088,0.1351766884326935,-0.4265829920768738,0.8942897915840149],"rotationconfidence":1},"18":{"id":18,"position":[36.00366413593292,-748.5404014587402,2382.337093353272],"positionconfidence":1,"rotation":[0.8293470144271851,-0.5587338805198669,0,0.5522108674049377,0.819664716720581,0.1523575186729431,-0.08512730896472931,-0.1263572573661804,0.9883254170417786],"rotationconfidence":1},"19":{"id":19,"position":[-170.3990995883942,-1054.910778999329,2325.389623641968],"positionconfidence":0.5,"rotation":[0.2812338769435883,-0.9596392512321472,0,0.858379065990448,0.2515583634376526,-0.4471059739589691,0.4290604591369629,0.1257413476705551,0.8944810032844543],"rotationconfidence":0.5},"20":{"id":20,"position":[-215.4323607683182,-1068.108320236206,2231.506824493408],"positionconfidence":0.5,"rotation":[0.2812338769435883,-0.9596392512321472,0,0.858379065990448,0.2515583634376526,-0.4471059739589691,0.4290604591369629,0.1257413476705551,0.8944810032844543],"rotationconfidence":0.5},"21":{"id":21,"position":[312.3692870140076,-446.3806450366974,2484.695434570313],"positionconfidence":1,"rotation":[0.9722462296485901,0.226229190826416,-0.05964658409357071,-0.1890265494585037,0.9097910523414612,0.3695257604122162,0.137863427400589,-0.3479951918125153,0.9273041486740112],"rotationconfidence":1},"22":{"id":22,"position":[376.7506182193756,-756.2501430511475,2358.837127685547],"positionconfidence":1,"rotation":[0.8606405258178711,0.4989474713802338,0.1017313674092293,-0.485007107257843,0.7423403263092041,0.4622759222984314,0.1551320999860764,-0.447193831205368,0.8808812499046326],"rotationconfidence":1},"23":{"id":23,"position":[563.4942650794983,-1042.075514793396,2180.845737457275],"positionconfidence":0.5,"rotation":[0.05657541379332542,0.9983982443809509,0,-0.9910005331039429,0.0561562143266201,-0.1215083599090576,-0.121313750743866,0.006874386686831713,0.9925904273986816],"rotationconfidence":0.5},"24":{"id":24,"position":[576.1270523071289,-1042.791366577148,2077.484130859375],"positionconfidence":0.5,"rotation":[0.05657541379332542,0.9983982443809509,0,-0.9910005331039429,0.0561562143266201,-0.1215083599090576,-0.121313750743866,0.006874386686831713,0.9925904273986816],"rotationconfidence":0.5}},"skeletonTracked":true,"frameCount":5},{"position":[220.5353975296021,-424.3597984313965,2416.281461715698],"positionTracked":true,"id":4232,"skeleton":{"1":{"id":1,"position":[241.0594969987869,231.8084985017777,2671.125650405884],"positionconfidence":1,"rotation":[0.9948416352272034,0.1014405265450478,0,-0.1011537536978722,0.9920292496681213,0.07513880729675293,0.007622119970619679,-0.07475121319293976,0.9971730709075928],"rotationconfidence":1},"2":{"id":2,"position":[262.1154487133026,25.30978620052338,2655.484914779663],"positionconfidence":1,"rotation":[0.9888687133789062,0.1085400059819222,-0.1017726808786392,-0.1011537536978722,0.9920292496681213,0.07513880729675293,0.1091170459985733,-0.06400773674249649,0.9919659495353699],"rotationconfidence":1},"3":{"id":3,"position":[244.8845505714417,-321.0204541683197,2590.001344680786],"positionconfidence":1,"rotation":[0.9926396012306213,-0.02706735022366047,-0.1180422827601433,0.04882829636335373,0.9814180731773376,0.1855649799108505,0.1108260750770569,-0.1899629533290863,0.9755160808563232],"rotationconfidence":1},"4":{"id":4,"position":[233.8835299015045,-369.7337508201599,2523.855209350586],"positionconfidence":1,"rotation":[0.9861918687820435,0.002139074727892876,-0.1655927151441574,0.1327321529388428,0.5877473950386047,0.7980822324752808,0.09903384745121002,-0.8090416193008423,0.5793477892875671],"rotationconfidence":1},"6":{"id":6,"position":[71.4891105890274,-107.3683947324753,2657.367706298828],"positionconfidence":1,"rotation":[0.1963440924882889,0.969939649105072,-0.1437570601701737,0.08537457883358002,-0.1629648655653,-0.9829311370849609,-0.9768112301826477,0.1807195246219635,-0.1148053780198097],"rotationconfidence":1},"7":{"id":7,"position":[20.50471305847168,-359.2312633991242,2694.69690322876],"positionconfidence":1,"rotation":[0.00528533011674881,0.5564075708389282,0.8308926224708557,0.2140371054410934,0.8110184669494629,-0.5444602966308594,-0.9768112301826477,0.1807195246219635,-0.1148053780198097],"rotationconfidence":1},"8":{"id":8,"position":[19.11755464971066,-505.2629113197327,2476.625442504883],"positionconfidence":1,"rotation":[-0.003035558387637138,0.5792055726051331,0.8151758909225464,0,0.8151795864105225,-0.5792081952095032,-0.9999953508377075,-0.001758220256306231,-0.002474525244906545],"rotationconfidence":1},"9":{"id":9,"position":[19.38263699412346,-555.8424592018127,2405.439615249634],"positionconfidence":1,"rotation":[-0.003035558387637138,0.5792055726051331,0.8151758909225464,0,0.8151795864105225,-0.5792081952095032,-0.9999953508377075,-0.001758220256306231,-0.002474525244906545],"rotationconfidence":1},"12":{"id":12,"position":[438.5688602924347,-97.19977527856827,2617.644786834717],"positionconfidence":1,"rotation":[0.284814178943634,-0.957099199295044,0.05331096425652504,-0.5042743682861328,-0.1968951523303986,-0.8407968878746033,0.8152226805686951,0.2125875055789948,-0.538719117641449],"rotationconfidence":1},"13":{"id":13,"position":[514.1087770462036,-351.0466516017914,2631.784200668335],"positionconfidence":1,"rotation":[-0.2983298599720001,-0.6431400775909424,-0.7052447199821472,-0.4963980615139008,0.7356474995613098,-0.4608811736106873,0.8152226805686951,0.2125875055789948,-0.538719117641449],"rotationconfidence":1},"14":{"id":14,"position":[442.7434504032135,-504.8961639404297,2463.078260421753],"positionconfidence":1,"rotation":[0.05811286345124245,0.09482648968696594,-0.9937960505485535,0,-0.9954784512519836,-0.09498701989650726,-0.998309850692749,0.005519967526197434,-0.05785010382533073],"rotationconfidence":1},"15":{"id":15,"position":[446.3838040828705,-498.9559650421143,2400.824069976807],"positionconfidence":1,"rotation":[0.05811286345124245,0.09482648968696594,-0.9937960505485535,0,-0.9954784512519836,-0.09498701989650726,-0.998309850692749,0.005519967526197434,-0.05785010382533073],"rotationconfidence":1},"17":{"id":17,"position":[144.0858393907547,-450.7489800453186,2508.410215377808],"positionconfidence":1,"rotation":[0.9398723840713501,-0.2317086458206177,-0.2509007751941681,0.3143033385276794,0.8742490410804749,0.3700027167797089,0.1336169242858887,-0.4266142845153809,0.8945093154907227],"rotationconfidence":1},"18":{"id":18,"position":[37.3157225549221,-747.7349042892456,2382.718801498413],"positionconfidence":1,"rotation":[0.8268185257911682,-0.5624688267707825,0,0.555744469165802,0.8169339299201965,0.1541657745838165,-0.08671344071626663,-0.1274671256542206,0.9880450367927551],"rotationconfidence":1},"19":{"id":19,"position":[-171.4418828487396,-1054.604649543762,2324.808597564697],"positionconfidence":0.5,"rotation":[0.2769403159618378,-0.96088707447052,0,0.8605615496635437,0.2480251789093018,-0.444878876209259,0.4274784028530121,0.1232049092650414,0.8955907225608826],"rotationconfidence":0.5},"20":{"id":20,"position":[-216.3083553314209,-1067.535758018494,2230.810880661011],"positionconfidence":0.5,"rotation":[0.2769403159618378,-0.96088707447052,0,0.8605615496635437,0.2480251789093018,-0.444878876209259,0.4274784028530121,0.1232049092650414,0.8955907225608826],"rotationconfidence":0.5},"21":{"id":21,"position":[312.3252689838409,-446.8033313751221,2485.161304473877],"positionconfidence":1,"rotation":[0.9724231958389282,0.2258747816085815,-0.05808240547776222,-0.1892319023609161,0.9097136855125427,0.3696109652519226,0.1363241672515869,-0.3484272658824921,0.9273694157600403],"rotationconfidence":1},"22":{"id":22,"position":[376.7776787281036,-756.6519379615784,2359.271764755249],"positionconfidence":1,"rotation":[0.8605847954750061,0.498631089925766,0.1037347242236137,-0.4857427775859833,0.7423252463340759,0.4615271389484406,0.1531268805265427,-0.4475716352462769,0.8810402750968933],"rotationconfidence":1},"23":{"id":23,"position":[563.755452632904,-1042.396426200867,2181.615352630615],"positionconfidence":0.5,"rotation":[0.0575576014816761,0.9983422756195068,0,-0.9906435608863831,0.05711374804377556,-0.123949408531189,-0.1237439140677452,0.00713422941043973,0.9922885298728943],"rotationconfidence":0.5},"24":{"id":24,"position":[576.6434073448181,-1043.139457702637,2078.26828956604],"positionconfidence":0.5,"rotation":[0.0575576014816761,0.9983422756195068,0,-0.9906435608863831,0.05711374804377556,-0.123949408531189,-0.1237439140677452,0.00713422941043973,0.9922885298728943],"rotationconfidence":0.5}},"skeletonTracked":true,"frameCount":6},{"position":[220.0751602649689,-421.0347235202789,2417.250633239746],"positionTracked":true,"id":4232,"skeleton":{"1":{"id":1,"position":[243.3218955993652,233.3980649709702,2673.135995864868],"positionconfidence":1,"rotation":[0.9952607750892639,0.09724275022745132,0,-0.09691239893436432,0.9918797016143799,0.08235704898834229,0.008008626289665699,-0.08196674287319183,0.9966030120849609],"rotationconfidence":1},"2":{"id":2,"position":[263.6105418205261,25.74769221246243,2655.89451789856],"positionconfidence":1,"rotation":[0.9896708130836487,0.1048171520233154,-0.0978013351559639,-0.09691239893436432,0.9918797016143799,0.08235704898834229,0.1056395843625069,-0.07202820479869843,0.9917924404144287],"rotationconfidence":1},"3":{"id":3,"position":[244.7720766067505,-321.2192058563232,2590.205669403076],"positionconfidence":1,"rotation":[0.9928421974182129,-0.03212795779109001,-0.115031473338604,0.05327130854129791,0.9811511039733887,0.1857545673847199,0.1068953350186348,-0.190552830696106,0.9758396148681641],"rotationconfidence":1},"4":{"id":4,"position":[233.8853776454926,-369.9619770050049,2524.108171463013],"positionconfidence":1,"rotation":[0.9865358471870422,0.001423378242179751,-0.1635386943817139,0.1314108073711395,0.5883626341819763,0.7978474497795105,0.09735570847988129,-0.8085958957672119,0.5802538394927979],"rotationconfidence":1},"6":{"id":6,"position":[71.64674997329712,-107.6234504580498,2657.041788101196],"positionconfidence":1,"rotation":[0.1973938345909119,0.9695369005203247,-0.1450310945510864,0.07733062654733658,-0.1628805696964264,-0.9836106896400452,-0.9772694706916809,0.1829433143138886,-0.1071265041828156],"rotationconfidence":1},"7":{"id":7,"position":[20.39969153702259,-359.3330085277557,2694.694519042969],"positionconfidence":1,"rotation":[0.01286780927330256,0.55556720495224,0.8313721418380737,0.2116099447011948,0.8110961318016052,-0.5452929735183716,-0.9772694706916809,0.1829433143138886,-0.1071265041