{"motiondata":[{"position":[267.721027135849,-456.7170441150665,2757.370233535767],"positionTracked":true,"id":4288,"skeleton":{"1":{"id":1,"position":[353.9443910121918,225.3263592720032,2945.081472396851],"positionconfidence":1,"rotation":[0.9990773797035217,-0.0429459922015667,0,0.04264570027589798,0.9920914769172668,-0.1180505380034447,0.005069797392934561,0.1179416254162788,0.9930076003074646],"rotationconfidence":1},"2":{"id":2,"position":[344.8863327503204,14.60352353751659,2970.155715942383],"positionconfidence":1,"rotation":[0.9942827820777893,-0.05372067540884018,-0.09228197485208511,0.04264570027589798,0.9920914769172668,-0.1180505380034447,0.09789390861988068,0.1134401708841324,0.988710343837738],"rotationconfidence":1},"3":{"id":3,"position":[311.1917674541473,-315.6746029853821,2945.729494094849],"positionconfidence":1,"rotation":[0.991308867931366,-0.09435220062732697,-0.09167412668466568,0.1012183725833893,0.9921545386314392,0.07337629795074463,0.08403169363737106,-0.0820176899433136,0.9930819272994995],"rotationconfidence":1},"4":{"id":4,"position":[300.5147576332092,-367.3376142978668,2888.423204421997],"positionconfidence":1,"rotation":[0.9905406832695007,-0.0870683565735817,-0.1060581579804421,0.1370755285024643,0.6632694602012634,0.7357200384140015,0.006287200376391411,-0.7432985901832581,0.6689302921295166],"rotationconfidence":1},"6":{"id":6,"position":[145.4596072435379,-76.44212990999222,2975.688695907593],"positionconfidence":1,"rotation":[0.3494626581668854,0.9362265467643738,0.03681971877813339,0.02123578637838364,0.03137293085455895,-0.9992820620536804,-0.9367095828056335,0.3499936461448669,-0.008917839266359806],"rotationconfidence":1},"7":{"id":7,"position":[63.43947350978851,-296.1778342723846,2967.046976089478],"positionconfidence":1,"rotation":[0.09521132707595825,0.2791663408279419,0.9555107951164246,0.3369122743606567,0.8941870331764221,-0.2948211431503296,-0.9367095828056335,0.3499936461448669,-0.008917839266359806],"rotationconfidence":1},"8":{"id":8,"position":[41.53905436396599,-360.3914082050324,2747.26128578186],"positionconfidence":1,"rotation":[-0.3676021099090576,0.5552555918693542,0.7460293769836426,0,0.8021966814994812,-0.5970598459243774,-0.9299830794334412,-0.2194804549217224,-0.2948891818523407],"rotationconfidence":1},"9":{"id":9,"position":[67.2479197382927,-399.2241322994232,2695.086479187012],"positionconfidence":1,"rotation":[-0.3676021099090576,0.5552555918693542,0.7460293769836426,0,0.8021966814994812,-0.5970598459243774,-0.9299830794334412,-0.2194804549217224,-0.2948891818523407],"rotationconfidence":1},"12":{"id":12,"position":[522.2815275192261,-103.9309427142143,2941.532850265503],"positionconfidence":1,"rotation":[0.2737497389316559,-0.9595192670822144,0.06621134281158447,-0.3769752383232117,-0.1703737825155258,-0.9104189276695251,0.8848450779914856,0.2242668867111206,-0.4083547592163086],"rotationconfidence":1},"13":{"id":13,"position":[587.0730876922607,-331.0316205024719,2957.20386505127],"positionconfidence":1,"rotation":[-0.3157853484153748,-0.3557259738445282,-0.87962406873703,-0.3425329327583313,0.9072834849357605,-0.2439421862363815,0.8848450779914856,0.2242668867111206,-0.4083547592163086],"rotationconfidence":1},"14":{"id":14,"position":[510.1633071899414,-417.6689684391022,2742.970705032349],"positionconfidence":1,"rotation":[0.3802284598350525,0.08680201321840286,-0.9208104014396667,0,-0.9955863356590271,-0.09385091811418533,-0.9248927235603333,0.03568479046225548,-0.378550261259079],"rotationconfidence":1},"15":{"id":15,"position":[534.9671244621277,-412.0065271854401,2682.902574539185],"positionconfidence":1,"rotation":[0.3802284598350525,0.08680201321840286,-0.9208104014396667,0,-0.9955863356590271,-0.09385091811418533,-0.9248927235603333,0.03568479046225548,-0.378550261259079],"rotationconfidence":1},"17":{"id":17,"position":[206.3006162643433,-445.0616836547852,2873.23260307312],"positionconfidence":1,"rotation":[0.900529146194458,-0.3888579308986664,-0.194516658782959,0.43272465467453,0.8451616168022156,0.3137693107128143,0.04238633066415787,-0.3667305707931519,0.92936110496521],"rotationconfidence":1},"18":{"id":18,"position":[40.40819406509399,-769.0688967704773,2752.943754196167],"positionconfidence":1,"rotation":[0.9084041714668274,-0.4180931746959686,0,0.415430098772049,0.9026180505752563,0.112687349319458,-0.0471138134598732,-0.1023656576871872,0.9936304688453674],"rotationconfidence":1},"19":{"id":19,"position":[-93.3324322104454,-1059.651374816895,2716.665983200073],"positionconfidence":1,"rotation":[0.9056558012962341,0.4240137338638306,0,0.08140100538730621,-0.1738653481006622,-0.9813993573188782,-0.4161267876625061,0.8888099789619446,-0.1919772922992706],"rotationconfidence":1},"20":{"id":20,"position":[-57.30685219168663,-1136.598825454712,2733.286142349243],"positionconfidence":1,"rotation":[0.9056558012962341,0.4240137338638306,0,0.08140100538730621,-0.1738653481006622,-0.9813993573188782,-0.4161267876625061,0.8888099789619446,-0.1919772922992706],"rotationconfidence":1},"21":{"id":21,"position":[375.3777146339417,-453.6053538322449,2862.149953842163],"positionconfidence":1,"rotation":[0.980945885181427,0.1933914124965668,0.01857857778668404,-0.1888361424207687,0.926598846912384,0.3252007067203522,0.04567613825201988,-0.3225125968456268,0.9454625844955444],"rotationconfidence":1},"22":{"id":22,"position":[440.3087198734283,-772.2148895263672,2750.330209732056],"positionconfidence":1,"rotation":[0.9182038307189941,0.3924621939659119,0.05362038314342499,-0.3855035603046417,0.8542828559875488,0.3486941754817963,0.09104230999946594,-0.3408431708812714,0.9357013702392578],"rotationconfidence":1},"23":{"id":23,"position":[588.6272192001343,-1100.891351699829,2616.17374420166],"positionconfidence":0.5,"rotation":[0.7768775224685669,0.6296517252922058,0,-0.6178683042526245,0.7623388767242432,-0.1925571262836456,-0.1212439313530922,0.1495933085680008,0.981285810470581],"rotationconfidence":0.5},"24":{"id":24,"position":[600.9200215339661,-1116.058468818665,2516.682147979736],"positionconfidence":0.5,"rotation":[0.7768775224685669,0.6296517252922058,0,-0.6178683042526245,0.7623388767242432,-0.1925571262836456,-0.1212439313530922,0.1495933085680008,0.981285810470581],"rotationconfidence":0.5}},"skeletonTracked":true,"frameCount":1},{"position":[265.0609016418457,-459.2336118221283,2754.639387130737],"positionTracked":true,"id":4288,"skeleton":{"1":{"id":1,"position":[354.3511033058167,225.421279668808,2945.194244384766],"positionconfidence":1,"rotation":[0.9990096092224121,-0.04449347406625748,0,0.04419094696640968,0.9922170042991638,-0.1164152249693871,0.005179717671126127,0.1162999272346497,0.9932005405426025],"rotationconfidence":1},"2":{"id":2,"position":[344.9640274047852,14.65377956628799,2969.923257827759],"positionconfidence":1,"rotation":[0.9942710399627686,-0.05503347888588905,-0.09163213521242142,0.04419094696640968,0.9922170042991638,-0.1164152249693871,0.09732570499181747,0.1116989776492119,0.9889646768569946],"rotationconfidence":1},"3":{"id":3,"position":[311.0685348510742,-315.6627416610718,2945.594549179077],"positionconfidence":1,"rotation":[0.9912824034690857,-0.09499643743038177,-0.09129597246646881,0.1018062680959702,0.9921169281005859,0.07307210564613342,0.08363468945026398,-0.08172959089279175,0.9931392669677734],"rotationconfidence":1},"4":{"id":4,"position":[300.3856539726257,-367.359846830368,2888.309001922607],"positionconfidence":1,"rotation":[0.9905339479446411,-0.08737080544233322,-0.1058720499277115,0.1371365189552307,0.6636375784873962,0.7353765964508057,0.006010224111378193,-0.7429344058036804,0.669337272644043],"rotationconfidence":1},"6":{"id":6,"position":[145.3223079442978,-76.5359029173851,2975.418090820313],"positionconfidence":1,"rotation":[0.3527736961841583,0.9348145723342896,0.04089543595910072,0.02818349376320839,0.03307010605931282,-0.9990555644035339,-0.9352841377258301,0.3535930812358856,-0.01468007732182741],"rotationconfidence":1},"7":{"id":7,"position":[62.3486191034317,-296.4077889919281,2965.799331665039],"positionconfidence":1,"rotation":[0.08786363899707794,0.2721893191337585,0.9582237601280212,0.3428170382976532,0.8949216604232788,-0.2856423258781433,-0.9352841377258301,0.3535930812358856,-0.01468007732182741],"rotationconfidence":1},"8":{"id":8,"position":[42.11525246500969,-359.0879440307617,2745.138168334961],"positionconfidence":1,"rotation":[-0.4415618777275085,0.5456993579864502,0.7122044563293457,0,0.7937807440757751,-0.6082040667533875,-0.8972307443618774,-0.2685597240924835,-0.3505033254623413],"rotationconfidence":1},"9":{"id":9,"position":[59.71755459904671,-380.8415532112122,2716.747045516968],"positionconfidence":1,"rotation":[-0.4415618777275085,0.5456993579864502,0.7122044563293457,0,0.7937807440757751,-0.6082040667533875,-0.8972307443618774,-0.2685597240924835,-0.3505033254623413],"rotationconfidence":1},"12":{"id":12,"position":[522.2720503807068,-103.9504632353783,2941.418170928955],"positionconfidence":1,"rotation":[0.2731848061084747,-0.959607720375061,0.0672537311911583,-0.38144651055336,-0.1722426414489746,-0.9082021713256836,0.8831018209457397,0.2224533408880234,-0.4130930900573731],"rotationconfidence":1},"13":{"id":13,"position":[586.9494676589966,-331.1408162117004,2957.340717315674],"positionconfidence":1,"rotation":[-0.3212792575359345,-0.3549282848834992,-0.8779553174972534,-0.3419225215911865,0.9080421924591064,-0.2419681698083878,0.8831018209457397,0.2224533408880234,-0.4130930900573731],"rotationconfidence":1},"14":{"id":14,"position":[508.3171725273132,-418.0086255073547,2742.463350296021],"positionconfidence":1,"rotation":[0.4741725027561188,0.02800420671701431,-0.8799865245819092,0,-0.9994940161705017,-0.03180734813213348,-0.8804320096969604,0.0150821702554822,-0.4739325642585754],"rotationconfidence":1},"15":{"id":15,"position":[541.186511516571,-416.0673916339874,2681.463241577148],"positionconfidence":1,"rotation":[0.4741725027561188,0.02800420671701431,-0.8799865245819092,0,-0.9994940161705017,-0.03180734813213348,-0.8804320096969604,0.0150821702554822,-0.4739325642585754],"rotationconfidence":1},"17":{"id":17,"position":[206.0949057340622,-445.122629404068,2873.120307922363],"positionconfidence":1,"rotation":[0.8996911644935608,-0.3908317089080811,-0.1944383978843689,0.4344978928565979,0.8446643352508545,0.3126558065414429,0.04203937947750092,-0.3657767772674561,0.9297526478767395],"rotationconfidence":1},"18":{"id":18,"position":[39.54803943634033,-768.8899040222168,2753.276586532593],"positionconfidence":1,"rotation":[0.909390926361084,-0.4159424304962158,0,0.4132862389087677,0.9035835862159729,0.1128325760364533,-0.04693185538053513,-0.1026089191436768,0.9936140179634094],"rotationconfidence":1},"19":{"id":19,"position":[-93.68223696947098,-1060.176372528076,2716.9029712677],"positionconfidence":1,"rotation":[0.9041276574134827,0.4272623658180237,0,0.08519186824560165,-0.1802740693092346,-0.9799202084541321,-0.4186830520629883,0.8859730362892151,-0.1993900537490845],"rotationconfidence":1},"20":{"id":20,"position":[-57.41116777062416,-1136.929392814636,2734.176397323608],"positionconfidence":1,"rotation":[0.9041276574134827,0.4272623658180237,0,0.08519186824560165,-0.1802740693092346,-0.9799202084541321,-0.4186830520629883,0.8859730362892151,-0.1993900537490845],"rotationconfidence":1},"21":{"id":21,"position":[375.2374053001404,-453.6763429641724,2862.107276916504],"positionconfidence":1,"rotation":[0.9807953834533691,0.194083034992218,0.01928813196718693,-0.189718633890152,0.9264222979545593,0.3251897692680359,0.04524487257003784,-0.3226040005683899,0.9454520344734192],"rotationconfidence":1},"22":{"id":22,"position":[440.444141626358,-772.0898389816284,2750.338792800903],"positionconfidence":1,"rotation":[0.917822003364563,0.3932903409004211,0.05408836901187897,-0.3866314291954041,0.8546096682548523,0.3466388583183289,0.09010527282953262,-0.3390650451183319,0.9364379644393921],"rotationconfidence":1},"23":{"id":23,"position":[589.1430377960205,-1100.773692131043,2617.021083831787],"positionconfidence":0.5,"rotation":[0.7765834331512451,0.6300144195556641,0,-0.6179861426353455,0.7617568373680115,-0.1944726705551148,-0.1225205808877945,0.1510242521762848,0.9809079170227051],"rotationconfidence":0.5},"24":{"id":24,"position":[601.5620827674866,-1116.081953048706,2517.593383789063],"positionconfidence":0.5,"rotation":[0.7765834331512451,0.6300144195556641,0,-0.6179861426353455,0.7617568373680115,-0.1944726705551148,-0.1225205808877945,0.1510242521762848,0.9809079170227051],"rotationconfidence":0.5}},"skeletonTracked":true,"frameCount":2},{"position":[265.7511234283447,-455.6130766868591,2754.709720611572],"positionTracked":true,"id":4288,"skeleton":{"1":{"id":1,"position":[354.9005687236786,225.4824489355087,2945.325613021851],"positionconfidence":1,"rotation":[0.9989133477210999,-0.04660628736019135,0,0.04629833251237869,0.9923128485679626,-0.1147679761052132,0.005348909180611372,0.1146432608366013,0.9933923482894897],"rotationconfidence":1},"2":{"id":2,"position":[345.0648188591003,14.67266492545605,2969.707250595093],"positionconfidence":1,"rotation":[0.9942685961723328,-0.05686082690954208,-0.09053701907396317,0.04629833251237869,0.9923128485679626,-0.1147679761052132,0.09636684507131577,0.1099184826016426,0.9892580509185791],"rotationconfidence":1},"3":{"id":3,"position":[310.945451259613,-315.6538605690002,2945.483922958374],"positionconfidence":1,"rotation":[0.9912788271903992,-0.09574920684099197,-0.09054510295391083,0.1024709567427635,0.9920721650123596,0.07275010645389557,0.0828615054488182,-0.08139388263225555,0.9932315945625305],"rotationconfidence":1},"4":{"id":4,"position":[300.2673387527466,-367.3807084560394,2888.217926025391],"positionconfidence":1,"rotation":[0.9905454516410828,-0.08760394155979156,-0.105571910738945,0.1370670199394226,0.6639792323112488,0.735081136226654,0.00570155680179596,-0.7426016330718994,0.6697092056274414],"rotationconfidence":1},"6":{"id":6,"position":[145.2272981405258,-76.6608715057373,2975.041151046753],"positionconfidence":1,"rotation":[0.3605950176715851,0.931393563747406,0.04977301508188248,0.0452306941151619,0.03583888337016106,-0.9983335137367249,-0.9316251277923584,0.3622453510761261,-0.02920425124466419],"rotationconfidence":1},"7":{"id":7,"position":[60.12014672160149,-296.4871227741242,2963.293790817261],"positionconfidence":1,"rotation":[0.07356981933116913,0.2666811048984528,0.960972785949707,0.3558961451053619,0.8931178450584412,-0.275097131729126,-0.9316251277923584,0.3622453510761261,-0.02920425124466419],"rotationconfidence":1},"8":{"id":8,"position":[43.18117722868919,-357.8886985778809,2742.036104202271],"positionconfidence":1,"rotation":[-0.3758678138256073,0.5579999089241028,0.7398373484611511,0,0.7983800172805786,-0.6021539568901062,-0.9266732335090637,-0.2263302952051163,-0.3000853657722473],"rotationconfidence":1},"9":{"id":9,"position":[61.57374382019043,-385.1936459541321,2705.833196640015],"positionconfidence":1,"rotation":[-0.3758678138256073,0.5579999089241028,0.7398373484611511,0,0.7983800172805786,-0.6021539568901062,-0.9266732335090637,-0.2263302952051163,-0.3000853657722473],"rotationconfidence":1},"12":{"id":12,"position":[522.2889184951782,-103.9786711335182,2941.345691680908],"positionconfidence":1,"rotation":[0.2724814116954804,-0.9597315788269043,0.0683312937617302,-0.3765666782855988,-0.171726867556572,-0.9103337526321411,0.8854103684425354,0.2223177254199982,-0.4081953167915344],"rotationconfidence":1},"13":{"id":13,"position":[586.8102312088013,-331.2350511550903,2957.525968551636],"positionconfidence":1,"rotation":[-0.3173144459724426,-0.352612316608429,-0.8803272843360901,-0.3396470546722412,0.9089771509170532,-0.2416619807481766,0.8854103684425354,0.2223177254199982,-0.4081953167915344],"rotationconfidence":1},"14":{"id":14,"position":[510.2914571762085,-416.2657260894775,2745.239496231079],"positionconfidence":1,"rotation":[0.2776258289813995,-0.1369410008192062,-0.9508791565895081,0,-0.9897884130477905,0.1425445228815079,-0.9606893658638,-0.0395740419626236,-0.2747908234596252],"rotationconfidence":1},"15":{"id":15,"position":[527.4235010147095,-424.7162342071533,2686.561584472656],"positionconfidence":1,"rotation":[0.2776258289813995,-0.1369410008192062,-0.9508791565895081,0,-0.9897884130477905,0.1425445228815079,-0.9606893658638,-0.0395740419626236,-0.2747908234596252],"rotationconfidence":1},"17":{"id":17,"position":[205.9043198823929,-445.1771080493927,2873.029708862305],"positionconfidence":1,"rotation":[0.8991345167160034,-0.3922237157821655,-0.1942104697227478,0.4356840252876282,0.8443556427955627,0.3118381202220917,0.04167239367961884,-0.3649988174438477,0.9300748705863953],"rotationconfidence":1},"18":{"id":18,"position":[38.94522786140442,-768.7438130378723,2753.529787063599],"positionconfidence":1,"rotation":[0.910067081451416,-0.4144611060619354,0,0.4118101894855499,0.9042462110519409,0.1129207089543343,-0.04680124297738075,-0.1027654185891151,0.9936040043830872],"rotationconfidence":1},"19":{"id":19,"position":[-93.99252384901047,-1060.646414756775,2717.077493667603],"positionconfidence":1,"rotation":[0.9021547436714172,0.4314125180244446,0,0.08818480372428894,-0.184408962726593,-0.9788854122161865,-0.4223034381866455,0.8831061720848083,-0.2044094651937485],"rotationconfidence":1},"20":{"id":20,"position":[-57.40773677825928,-1137.15124130249,2734.785795211792],"positionconfidence":1,"rotation":[0.9021547436714172,0.4314125180244446,0,0.08818480372428894,-0.184408962726593,-0.9788854122161865,-0.4223034381866455,0.8831061720848083,-0.2044094651937485],"rotationconfidence":1},"21":{"id":21,"position":[375.0967681407929,-453.7481665611267,2862.085342407227],"positionconfidence":1,"rotation":[0.9806573987007141,0.1947085410356522,0.01998766697943211,-0.1905340999364853,0.9262486696243286,0.3252079784870148,0.04480721801519394,-0.322725921869278,0.9454311728477478],"rotationconfidence":1},"22":{"id":22,"position":[440.5598640441895,-771.9857096672058,2750.351428985596],"positionconfidence":1,"rotation":[0.9175299406051636,0.393877387046814,0.05476641654968262,-0.3875403702259064,0.8547642827033997,0.3452399373054504,0.08916983008384705,-0.3379921913146973,0.9369152188301086],"rotationconfidence":1},"23":{"id":23,"position":[589.5678400993347,-1100.639700889587,2617.607831954956],"positionconfidence":0.5,"rotation":[0.7753188014030457,0.6315701007843018,0,-0.619329035282135,0.760291576385498,-0.1959290951490402,-0.1237429529428482,0.1519075036048889,0.9806180000305176],"rotationconfidence":0.5},"24":{"id":24,"position":[602.108359336853,-1116.034507751465,2518.228769302368],"positionconfidence":0.5,"rotation":[0.7753188014030457,0.6315701007843018,0,-0.619329035282135,0.760291576385498,-0.1959290951490402,-0.1237429529428482,0.1519075036048889,0.9806180000305176],"rotationconfidence":0.5}},"skeletonTracked":true,"frameCount":3},{"position":[265.7928764820099,-456.7572772502899,2753.159761428833],"positionTracked":true,"id":4288,"skeleton":{"1":{"id":1,"position":[355.5046021938324,225.4705280065537,2945.495367050171],"positionconfidence":1,"rotation":[0.9988083243370056,-0.04880557209253311,0,0.048492681235075,0.9924050569534302,-0.1130519881844521,0.005517567042261362,0.1129172667860985,0.9935891628265381],"rotationconfidence":1},"2":{"id":2,"position":[345.203697681427,14.66203108429909,2969.510078430176],"positionconfidence":1,"rotation":[0.9942960739135742,-0.05872726440429688,-0.0890311747789383,0.048492681235075,0.9924050569534302,-0.1130519881844521,0.09499421715736389,0.1080897748470306,0.9895921945571899],"rotationconfidence":1},"3":{"id":3,"position":[310.8257651329041,-315.6669437885284,2945.383787155151],"positionconfidence":1,"rotation":[0.9912953972816467,-0.09663525968790054,-0.08941531181335449,0.1032406911253929,0.9920140504837036,0.07245389372110367,0.08169963955879211,-0.08105450868606567,0.9933555722236633],"rotationconfidence":1},"4":{"id":4,"position":[300.1518547534943,-367.4226105213165,2888.132810592651],"positionconfidence":1,"rotation":[0.9905572533607483,-0.0879480242729187,-0.1051739379763603,0.1369998455047607,0.6642849445343018,0.734817385673523,0.005239728838205338,-0.7422874569892883,0.6700611114501953],"rotationconfidence":1},"6":{"id":6,"position":[145.1722234487534,-76.84489339590073,2974.54047203064],"positionconfidence":1,"rotation":[0.3703913986682892,0.9270848631858826,0.05765070021152496,0.06863617151975632,0.03457928821444511,-0.9970422387123108,-0.9263365268707275,0.3732528984546661,-0.05082369595766068],"rotationconfidence":1},"7":{"id":7,"position":[57.33689665794373,-296.6955900192261,2960.869073867798],"positionconfidence":1,"rotation":[0.0568229965865612,0.2718312740325928,0.9606658220291138,0.3723867833614349,0.8870118856430054,-0.2730165719985962,-0.9263365268707275,0.3732528984546661,-0.05082369595766068],"rotationconfidence":1},"8":{"id":8,"position":[44.26952078938484,-359.2076301574707,2739.948272705078],"positionconfidence":1,"rotation":[-0.4373035430908203,0.5340314507484436,0.7235855460166931,0,0.8045972585678101,-0.5938209295272827,-0.8993139863014221,-0.2596800029277802,-0.351853221654892],"rotationconfidence":1},"9":{"id":9,"position":[58.63930657505989,-376.7558932304382,2716.171264648438],"positionconfidence":1,"rotation":[-0.4373035430908203,0.5340314507484436,0.7235855460166931,0,0.8045972585678101,-0.5938209295272827,-0.8993139863014221,-0.2596800029277802,-0.351853221654892],"rotationconfidence":1},"12":{"id":12,"position":[522.3182439804077,-104.0150225162506,2941.304683685303],"positionconfidence":1,"rotation":[0.2714502215385437,-0.9599369764328003,0.06954052299261093,-0.368322104215622,-0.1703633517026901,-0.913955807685852,0.8891870379447937,0.2224801778793335,-0.3998111486434937],"rotationconfidence":1},"13":{"id":13,"position":[586.6065621376038,-331.3595950603485,2957.774162292481],"positionconfidence":1,"rotation":[-0.3092892169952393,-0.3516681790351868,-0.8835550546646118,-0.3371743559837341,0.9093029499053955,-0.2438880652189255,0.8891870379447937,0.2224801778793335,-0.3998111486434937],"rotationconfidence":1},"14":{"id":14,"position":[513.064980506897,-414.9778783321381,2747.68590927124],"positionconfidence":1,"rotation":[0.11903315782547,-0.2491716742515564,-0.9611162543296814,0,-0.9679985046386719,0.2509559094905853,-0.9928901791572571,-0.02987207472324371,-0.1152239218354225],"rotationconfidence":1},"15":{"id":15,"position":[520.3114151954651,-430.1468133926392,2689.175605773926],"positionconfidence":1,"rotation":[0.11903315782547,-0.2491716742515564,-0.9611162543296814,0,-0.9679985046386719,0.2509559094905853,-0.9928901791572571,-0.02987207472324371,-0.1152239218354225],"rotationconfidence":1},"17":{"id":17,"position":[205.7159394025803,-445.252925157547,2872.918844223023],"positionconfidence":1,"rotation":[0.8987863659858704,-0.3932774960994721,-0.1936900466680527,0.4364553391933441,0.8441793918609619,0.311236172914505,0.04110695421695709,-0.364271879196167,0.9303849339485168],"rotationconfidence":1},"18":{"id":18,"position":[38.50456699728966,-768.6683535575867,2753.680467605591],"positionconfidence":1,"rotation":[0.9104964733123779,-0.4135168790817261,0,0.4108428657054901,0.9046087265014648,0.1135392785072327,-0.04695040732622147,-0.1033771112561226,0.9935334920883179],"rotationconfidence":1},"19":{"id":19,"position":[-94.25591677427292,-1060.985207557678,2716.991186141968],"positionconfidence":1,"rotation":[0.9208473563194275,0.3899231851100922,0,0.07833809405565262,-0.1850041896104813,-0.9796104431152344,-0.3819728493690491,0.9020717144012451,-0.2009064704179764],"rotationconfidence":1},"20":{"id":20,"position":[-61.22901663184166,-1138.981938362122,2734.362363815308],"positionconfidence":1,"rotation":[0.9208473563194275,0.3899231851100922,0,0.07833809405565262,-0.1850041896104813,-0.9796104431152344,-0.3819728493690491,0.9020717144012451,-0.2009064704179764],"rotationconfidence":1},"21":{"id":21,"position":[374.9395906925201,-453.8440108299255,2862.078428268433],"positionconfidence":1,"rotation":[0.9805282354354858,0.1952625215053558,0.02090075984597206,-0.1913473308086395,0.9260475635528564,0.3253028392791748,0.04416436329483986,-0.3229679763317108,0.9453788995742798],"rotationconfidence":1},"22":{"id":22,"position":[440.6625032424927,-771.9176411628723,2750.345230102539],"positionconfidence":1,"rotation":[0.9173464179039001,0.3942090570926666,0.05544998496770859,-0.388179212808609,0.854901909828186,0.3441793918609619,0.08827433735132217,-0.3372562527656555,0.9372649788856506],"rotationconfidence":1},"23":{"id":23,"position":[589.8807048797607,-1100.546598434448,2618.040800094605],"positionconfidence":0.5,"rotation":[0.7739698886871338,0.6332223415374756,0,-0.6207978129386902,0.758783757686615,-0.1971220672130585,-0.1248221024870873,0.1525665521621704,0.9803789258003235],"rotationconfidence":0.5},"24":{"id":24,"position":[602.5285124778748,-1116.005659103394,2518.702268600464],"positionconfidence":0.5,"rotation":[0.7739698886871338,0.6332223415374756,0,-0.6207978129386902,0.758783757686615,-0.1971220672130585,-0.1248221024870873,0.1525665521621704,0.9803789258003235],"rotationconfidence":0.5}},"skeletonTracked":true,"frameCount":4},{"position":[256.8317353725433,-457.5537741184235,2752.761602401733],"positionTracked":true,"id":4288,"skeleton":{"1":{"id":1,"position":[357.0161461830139,225.1372933387756,2946.469783782959],"positionconfidence":1,"rotation":[0.9984499216079712,-0.05565697699785233,0,0.05533475056290627,0.992669403553009,-0.1074500530958176,0.005980344954878092,0.1072834953665733,0.9942104816436768],"rotationconfidence":1},"2":{"id":2,"position":[345.2645242214203,14.3208485096693,2969.289302825928],"positionconfidence":1,"rotation":[0.9944584965705872,-0.0644269734621048,-0.08307648450136185,0.05533475056290627,0.992669403553009,-0.1074500530958176,0.08939016610383987,0.10225760191679,0.9907335638999939],"rotationconfidence":1},"3":{"id":3,"position":[310.3956580162048,-316.0052299499512,2945.194005966187],"positionconfidence":1,"rotation":[0.9915715456008911,-0.09853285551071167,-0.08412452042102814,0.1047005727887154,0.9918684959411621,0.07235082983970642,0.07631152868270874,-0.08054891228675842,0.9938250780105591],"rotationconfidence":1},"4":{"id":4,"position":[299.8628318309784,-367.7623867988586,2887.96591758728],"positionconfidence":1,"rotation":[0.9908103346824646,-0.08954884111881256,-0.1013704910874367,0.1352498382329941,0.6646029353141785,0.7348540425300598,0.00156579923350364,-0.7418112754821777,0.6706069111824036],"rotationconfidence":1},"6":{"id":6,"position":[145.1645642518997,-77.4780660867691,2973.221778869629],"positionconfidence":1,"rotation":[0.3805862367153168,0.9226981997489929,0.06149845570325851,0.08222424983978271,0.032474584877491,-0.9960845112800598,-0.921082615852356,0.3841527700424194,-0.06350879371166229],"rotationconfidence":1},"7":{"id":7,"position":[54.65510860085487,-296.9103753566742,2958.596467971802],"positionconfidence":1,"rotation":[0.04476545006036758,0.2665047347545624,0.9627934694290161,0.3867851793766022,0.8839693069458008,-0.2626696527004242,-0.921082615852356,0.3841527700424194,-0.06350879371166229],"rotationconfidence":1},"8":{"id":8,"position":[44.36759278178215,-358.1556379795075,2737.337589263916],"positionconfidence":1,"rotation":[-0.4864764511585236,0.5650641918182373,0.6663655042648315,0,0.7626993060112,-0.6467532515525818,-0.873693585395813,-0.3146302402019501,-0.371035248041153],"rotationconfidence":1},"9":{"id":9,"position":[55.94876781105995,-371.6076910495758,2721.473932266235],"positionconfidence":1,"rotation":[-0.4864764511585236,0.5650641918182373,0.6663655042648315,0,0.7626993060112,-0.6467532515525818,-0.873693585395813,-0.3146302402019501,-0.371035248041153],"rotationconfidence":1},"12":{"id":12,"position":[522.5226879119873,-105.0033792853355,2942.015171051025],"positionconfidence":1,"rotation":[0.2627031803131104,-0.9622737765312195,0.0708252564072609,-0.3529936075210571,-0.1641637533903122,-0.9211111664772034,0.8979880809783936,0.21697798371315,-0.3828028440475464],"rotationconfidence":1},"13":{"id":13,"position":[584.3483805656433,-331.4690291881561,2958.683490753174],"positionconfidence":1,"rotation":[-0.2937568426132202,-0.3520916402339935,-0.8886722922325134,-0.3276039958000183,0.9104681015014648,-0.2524353265762329,0.8979880809783936,0.21697798371315,-0.3828028440475464],"rotationconfidence":1},"14":{"id":14,"position":[515.2055025100708,-414.3424332141876,2749.512672424316],"positionconfidence":1,"rotation":[0.01529846619814634,-0.3189643323421478,-0.9476432204246521,0,-0.9477541446685791,0.3190016746520996,-0.9998829364776611,-0.004880236461758614,-0.0144991846755147],"rotationconfidence":1},"15":{"id":15,"position":[516.1557793617249,-434.1551661491394,2690.649032592773],"positionconfidence":1,"rotation":[0.01529846619814634,-0.3189643323421478,-0.9476432204246521,0,-0.9477541446685791,0.3190016746520996,-0.9998829364776611,-0.004880236461758614,-0.0144991846755147],"rotationconfidence":1},"17":{"id":17,"position":[205.2982151508331,-445.627361536026,2872.463226318359],"positionconfidence":1,"rotation":[0.8986660838127136,-0.3954919576644898,-0.1896985173225403,0.4370489716529846,0.8440786004066467,0.3106760680675507,0.0372505784034729,-0.3621015250682831,0.9313940405845642],"rotationconfidence":1},"18":{"id":18,"position":[37.98752278089523,-768.7567472457886,2753.530502319336],"positionconfidence":1,"rotation":[0.9104151129722595,-0.4136959612369537,0,0.4108787178993225,0.9042152762413025,0.1165045574307442,-0.04819746315479279,-0.1060675084590912,0.9931901097297668],"rotationconfidence":1},"19":{"id":19,"position":[-94.88627314567566,-1061.170339584351,2715.854167938232],"positionconfidence":1,"rotation":[0.9255362153053284,0.3786592185497284,0,0.07261527329683304,-0.1774895787239075,-0.981440007686615,-0.3716312646865845,0.9083582162857056,-0.1917694509029388],"rotationconfidence":1},"20":{"id":20,"position":[-62.81702965497971,-1139.55545425415,2732.402563095093],"positionconfidence":1,"rotation":[0.9255362153053284,0.3786592185497284,0,0.07261527329683304,-0.1774895787239075,-0.981440007686615,-0.3716312646865845,0.9083582162857056,-0.1917694509029388],"rotationconfidence":1},"21":{"id":21,"position":[374.4690120220184,-454.5078277587891,2862.244844436646],"positionconfidence":1,"rotation":[0.9803431034088135,0.1956154853105545,0.02573141641914845,-0.1931988149881363,0.9253087043762207,0.3263098001480103,0.04002173990011215,-0.3248668015003204,0.9449126124382019],"rotationconfidence":1},"22":{"id":22,"position":[440.7362937927246,-771.8891501426697,2750.320434570313],"positionconfidence":1,"rotation":[0.9173973798751831,0.3938944339752197,0.05682432651519775,-0.3883584141731262,0.8548685908317566,0.3440603911876679,0.08694614470005035,-0.3377082943916321,0.937226414680481],"rotationconfidence":1},"23":{"id":23,"position":[590.0389552116394,-1100.539565086365,2618.047952651978],"positionconfidence":0.5,"rotation":[0.770497739315033,0.6374428272247314,0,-0.6248213648796082,0.7552417516708374,-0.1980109363794327,-0.126220628619194,0.1525669693946838,0.9801998138427734],"rotationconfidence":0.5},"24":{"id":24,"position":[602.8304100036621,-1116.001009941101,2518.712520599365],"positionconfidence":0.5,"rotation":[0.770497739315033,0.6374428272247314,0,-0.6248213648796082,0.7552417516708374,-0.1980109363794327,-0.126220628619194,0.1525669693946838,0.9801998138427734],"rotationconfidence":0.5}},"skeletonTracked":true,"frameCount":5},{"position":[251.9651353359222,-470.712423324585,2753.161430358887],"positionTracked":true,"id":4288,"skeleton":{"1":{"id":1,"position":[357.983410358429,224.5383858680725,2947.724342346191],"positionconfidence":1,"rotation":[0.9981286525726318,-0.06114888191223145,0,0.06083571538329125,0.9930168986320496,-0.1010762825608254,0.006180701777338982,0.1008871346712112,0.9948786497116089],"rotationconfidence":1},"2":{"id":2,"position":[345.0785279273987,13.89295421540737,2969.165325164795],"positionconfidence":1,"rotation":[0.9950562119483948,-0.06829939782619476,-0.07209900766611099,0.06083571538329125,0.9930168986320496,-0.1010762825608254,0.07849898189306259,0.09619039297103882,0.9922627210617065],"rotationconfidence":1},"3":{"id":3,"position":[309.5468580722809,-316.6049420833588,2944.97013092041],"positionconfidence":1,"rotation":[0.9921367168426514,-0.10128103941679,-0.07353125512599945,0.1066114827990532,0.991646945476532,0.07259680330753326,0.06556436419487,-0.0798652321100235,0.9946470856666565],"rotationconfidence":1},"4":{"id":4,"position":[299.3732392787933,-368.3171570301056,2887.759685516357],"positionconfidence":1,"rotation":[0.9913981556892395,-0.09134072065353394,-0.0937359631061554,0.1307895332574844,0.6647994518280029,0.7354833483695984,-0.004863966256380081,-0.7414165735244751,0.6710273623466492],"rotationconfidence":1},"6":{"id":6,"position":[144.3375647068024,-78.69379222393036,2971.255302429199],"positionconfidence":1,"rotation":[0.4291364252567291,0.903238832950592,0.00126360182184726,0.1096862852573395,-0.05072417110204697,-0.9926711916923523,-0.8965550065040588,0.4261299073696137,-0.12084049731493],"rotationconfidence":1},"7":{"id":7,"position":[40.85765033960342,-296.4965105056763,2970.950603485107],"positionconfidence":1,"rotation":[-0.01211933139711618,0.2491165399551392,0.9683976173400879,0.442766547203064,0.8696862459182739,-0.2181822657585144,-0.8965550065040588,0.4261299073696137,-0.12084049731493],"rotationconfidence":1},"8":{"id":8,"position":[43.78886520862579,-356.7485213279724,2736.731290817261],"positionconfidence":1,"rotation":[-0.494600385427475,0.6347129940986633,0.5937254428863525,0,0.683133602142334,-0.7302933931350708,-0.8691204786300659,-0.3612034022808075,-0.3378781378269196],"rotationconfidence":1},"9":{"id":9,"position":[52.74574086070061,-368.2427406311035,2725.979328155518],"positionconfidence":1,"rotation":[-0.494600385427475,0.6347129940986633,0.5937254428863525,0,0.683133602142334,-0.7302933931350708,-0.8691204786300659,-0.3612034022808075,-0.3378781378269196],"rotationconfidence":1},"12":{"id":12,"position":[522.1086144447327,-106.8160608410835,2944.095611572266],"positionconfidence":1,"rotation":[0.2448774874210358,-0.9669086337089539,0.07157312333583832,-0.325517475605011,-0.1515264362096787,-0.9333157539367676,0.9132762551307678,0.2052497118711472,-0.3518510758876801],"rotationconfidence":1},"13":{"id":13,"position":[579.2193412780762,-332.3200643062592,2960.788011550903],"positionconfidence":1,"rotation":[-0.267540454864502,-0.3491003513336182,-0.89808189868927,-0.3071623742580414,0.9143312573432922,-0.2639124691486359,0.9132762551307678,0.2052497118711472,-0.3518510758876801],"rotationconfidence":1},"14":{"id":14,"position":[516.7078375816345,-413.8882458209992,2750.948905944824],"positionconfidence":1,"rotation":[-0.04868140071630478,-0.3556185066699982,-0.9333624243736267,0,-0.9344704747200012,0.3560406565666199,-0.9988142848014832,0.01733255758881569,0.04549133032560349],"rotationconfidence":1},"15":{"id":15,"position":[513.6085748672485,-436.5284144878388,2691.527128219605],"positionconfidence":1,"rotation":[-0.04868140071630478,-0.3556185066699982,-0.9333624243736267,0,-0.9344704747200012,0.3560406565666199,-0.9988142848014832,0.01733255758881569,0.04549133032560349],"rotationconfidence":1},"17":{"id":17,"position":[204.5139372348785,-446.3261365890503,2871.547222137451],"positionconfidence":1,"rotation":[0.8984889388084412,-0.3994747400283814,-0.1820364445447922,0.4379857182502747,0.8438341617584229,0.3100197911262512,0.02976349741220474,-0.3582787811756134,0.9331400394439697],"rotationconfidence":1},"18":{"id":18,"position":[36.91007196903229,-769.2359089851379,2752.912044525147],"positionconfidence":1,"rotation":[0.9106486439704895,-0.4131815135478973,0,0.4102754592895508,0.9042437076568604,0.1183956041932106,-0.04891887679696083,-0.10781679302454,0.9929665327072144],"rotationconfidence":1},"19":{"id":19,"position":[-95.60754150152206,-1061.303615570068,2714.670658111572],"positionconfidence":1,"rotation":[0.9268071055412292,0.3755376636981964,0,0.06919047236442566,-0.1707584261894226,-0.9828805327415466,-0.3691087067127228,0.9109407067298889,-0.1842437535524368],"rotationconfidence":1},"20":{"id":20,"position":[-63.79473954439163,-1139.815926551819,2730.550289154053],"positionconfidence":1,"rotation":[0.9268071055412292,0.3755376636981964,0,0.06919047236442566,-0.1707584261894226,-0.9828805327415466,-0.3691087067127228,0.9109407067298889,-0.1842437535524368],"rotationconfidence":1},"21":{"id":21,"position":[373.7887144088745,-455.5170834064484,2862.619161605835],"positionconfidence":1,"rotation":[0.9802394509315491,0.1947328746318817,0.03478305041790009,-0.1952253580093384,0.9239758849143982,0.3288704454898834,0.03190317749977112,-0.3291622400283814,0.9437342882156372],"rotationconfidence":1},"22":{"id":22,"position":[440.6567215919495,-771.9945311546326,2749.975442886353],"positionconfidence":1,"rotation":[0.9174743890762329,0.3933159410953522,0.05952562764286995,-0.3887465596199036,0.8547760248184204,0.343851774930954,0.08436130732297897,-0.3386155664920807,0.9371353387832642],"rotationconfidence":1},"23":{"id":23,"position":[590.0833606719971,-1100.553870201111,2617.805480957031],"positionconfidence":0.5,"rotation":[0.7633552551269531,0.6459790468215942,0,-0.6329980492591858,0.7480155229568481,-0.1994650810956955,-0.1288502365350723,0.1522626876831055,0.9799048900604248],"rotationconfidence":0.5},"24":{"id":24,"position":[603.1423807144165,-1115.985751152039,2518.491744995117],"positionconfidence":0.5,"rotation":[0.7633552551269531,0.6459790468215942,0,-0.6329980492591858,0.7480155229568481,-0.1994650810956955,-0.1288502365350723,0.1522626876831055,0.9799048900604248],"rotationconfidence":0.5}},"skeletonTracked":true,"frameCount":6},{"position":[262.3293697834015,-447.7217197418213,2753.216743469238],"positionTracked":true,"id":4288,"skeleton":{"1":{"id":1,"position":[254.8073828220367,243.7148094177246,2971.032619476318],"positionconfidence":1,"rotation":[0.953789472579956,0.300475686788559,0,-0.300217866897583,0.9529711008071899,-0.04141661152243614,-0.0124446852132678,0.03950272873044014,0.9991419911384583],"rotationconfidence":1},"2":{"id":2,"position":[318.9455270767212,40.12332856655121,2979.880809783936],"positionconfidence":1,"rotation":[0.8452720046043396,0.245666429400444,-0.4745136201381683,-0.300217866897583,0.9529711008071899,-0.04141661152243614,0.4420230984687805,0.1774657666683197,0.8792732357978821],"rotationconfidence":1},"3":{"id":3,"position":[308.9666962623596,-315.001517534256,2944.442749023438],"positionconfidence":1,"rotation":[0.8924587368965149,0.01989689841866493,-0.4506899416446686,0.02794970385730267,0.9946690201759338,0.09925845265388489,0.4502623081207275,-0.1011807322502136,0.8871450424194336],"rotationconfidence":1},"4":{"id":4,"position":[289.5863354206085,-365.9670948982239,2889.185667037964],"positionconfidence":1,"rotation":[0.9530367851257324,-0.03643408045172691,-0.3006549179553986,0.2496500760316849,0.6565182209014893,0.711799681186676,0.1714516431093216,-0.7534297108650208,0.6347817182540894],"rotationconfidence":1},"6":{"id":6,"position":[128.1048208475113,-78.49076390266418,3052.485942840576],"positionconfidence":1,"rotation":[0.4194507300853729,0.9047090411186218,-0.07458280026912689,0.1057157292962074,-0.1302828937768936,-0.9858248233795166,-0.9016014933586121,0.4056203961372376,-0.1502892374992371],"rotationconfidence":1},"7":{"id":7,"position":[34.34005007147789,-280.7310521602631,3069.158315658569],"positionconfidence":1,"rotation":[-0.05013002827763557,0.2471172362565994,0.9676880240440369,0.4296530485153198,0.8800029754638672,-0.2024675011634827,-0.9016014933586121,0.4056203961372376,-0.1502892374992371],"rotationconfidence":1},"8":{"id":8,"position":[48.77147078514099,-351.8711030483246,2790.58051109314],"positionconfidence":1,"ro