{"motiondata":[{"position":[311.3045990467072,-691.5308833122253,3026.828527450562],"positionTracked":true,"id":4625,"skeleton":{"1":{"id":1,"position":[371.8522191047669,-148.3909487724304,3353.989362716675],"positionconfidence":1,"rotation":[0.9999687075614929,0.007908092811703682,0,-0.007380145601928234,0.9332103729248047,0.3592544794082642,0.002841017674654722,-0.359243243932724,0.9332395195960999],"rotationconfidence":1},"2":{"id":2,"position":[373.0834722518921,-304.0814101696014,3294.053792953491],"positionconfidence":1,"rotation":[0.9997816681861877,0.01390815060585737,-0.01558977458626032,-0.007380145601928234,0.9332103729248047,0.3592544794082642,0.01954510807991028,-0.3590610325336456,0.9331094026565552],"rotationconfidence":1},"3":{"id":3,"position":[347.7070033550263,-649.660587310791,3212.918281555176],"positionconfidence":1,"rotation":[0.9968620538711548,-0.06150012835860252,-0.04983853548765183,0.07130587846040726,0.9710502624511719,0.2279843986034393,0.0343746542930603,-0.2308227568864822,0.9723884463310242],"rotationconfidence":1},"4":{"id":4,"position":[341.8298065662384,-697.1885561943054,3148.009061813355],"positionconfidence":1,"rotation":[0.9962049126625061,-0.08151734620332718,-0.03051243163645268,0.07286036014556885,0.5892103314399719,0.8046879172325134,-0.04761777445673943,-0.8038570880889893,0.5929135680198669],"rotationconfidence":1},"6":{"id":6,"position":[237.7371191978455,-428.0352294445038,3271.539449691773],"positionconfidence":1,"rotation":[0.296405553817749,0.9531080722808838,-0.06106370314955711,-0.06787040829658508,-0.04275461286306381,-0.9967775940895081,-0.9526475071907043,0.2995948195457459,0.05201512947678566],"rotationconfidence":1},"7":{"id":7,"position":[166.823998093605,-656.0602188110352,3286.148548126221],"positionconfidence":1,"rotation":[0.1692159473896027,0.3802007138729096,0.9092928171157837,0.2526432275772095,0.8750373125076294,-0.4128934741020203,-0.9526475071907043,0.2995948195457459,0.05201512947678566],"rotationconfidence":1},"8":{"id":8,"position":[130.2614510059357,-738.2103204727173,3089.677333831787],"positionconfidence":1,"rotation":[0.5828366875648499,-0.1553072333335877,0.7976096272468567,0,0.9815654754638672,0.191126361489296,-0.8125894069671631,-0.1113954558968544,0.5720923542976379],"rotationconfidence":1},"9":{"id":9,"position":[94.20691430568695,-728.602945804596,3040.336847305298],"positionconfidence":1,"rotation":[0.5828366875648499,-0.1553072333335877,0.7976096272468567,0,0.9815654754638672,0.191126361489296,-0.8125894069671631,-0.1113954558968544,0.5720923542976379],"rotationconfidence":1},"12":{"id":12,"position":[513.4122967720032,-454.971045255661,3255.40018081665],"positionconfidence":1,"rotation":[0.2670021057128906,-0.9636878967285156,0.003940083086490631,-0.297981470823288,-0.0864463672041893,-0.9506492018699646,0.9164697527885437,0.2526512742042542,-0.3102425038814545],"rotationconfidence":1},"13":{"id":13,"position":[574.2579698562622,-674.5806932449341,3256.298065185547],"positionconfidence":1,"rotation":[-0.237196758389473,-0.2813645899295807,-0.9298234581947327,-0.3222123384475708,0.925743579864502,-0.1979340761899948,0.9164697527885437,0.2526512742042542,-0.3102425038814545],"rotationconfidence":1},"14":{"id":14,"position":[522.1866965293884,-736.348032951355,3052.175998687744],"positionconfidence":1,"rotation":[-0.2069877684116364,-0.4680082499980927,-0.8591416478157043,0,-0.8781595230102539,0.4783680438995361,-0.9783436059951782,0.09901633113622665,0.1817682832479477],"rotationconfidence":1},"15":{"id":15,"position":[508.2300901412964,-767.90452003479,2994.246482849121],"positionconfidence":0.5,"rotation":[-0.2069877684116364,-0.4680082499980927,-0.8591416478157043,0,-0.8781595230102539,0.4783680438995361,-0.9783436059951782,0.09901633113622665,0.1817682832479477],"rotationconfidence":0.5},"17":{"id":17,"position":[269.1960334777832,-750.1751780509949,3124.949932098389],"positionconfidence":1,"rotation":[0.7882585525512695,-0.5124860405921936,-0.3405970931053162,0.6147522330284119,0.6315944194793701,0.472406804561615,-0.02698267251253128,-0.5817615389823914,0.8129116296768188],"rotationconfidence":1},"18":{"id":18,"position":[80.10447025299072,-944.4472193717957,2979.642391204834],"positionconfidence":1,"rotation":[0.8656135201454163,-0.5007126927375793,0,0.4761275053024292,0.8231115341186523,0.3094997406005859,-0.1549704521894455,-0.2679071724414825,0.9508995413780212],"rotationconfidence":1},"19":{"id":19,"position":[-79.1519284248352,-1219.76375579834,2876.120090484619],"positionconfidence":0.5,"rotation":[0.5931090712547302,-0.8051221370697021,0,0.7572823762893677,0.5578669309616089,-0.339570015668869,0.2733953297138214,0.2014020681381226,0.9405807256698608],"rotationconfidence":0.5},"20":{"id":20,"position":[-102.8088331222534,-1237.191081047058,2794.731616973877],"positionconfidence":0.5,"rotation":[0.5931090712547302,-0.8051221370697021,0,0.7572823762893677,0.5578669309616089,-0.339570015668869,0.2733953297138214,0.2014020681381226,0.9405807256698608],"rotationconfidence":0.5},"21":{"id":21,"position":[404.0065407752991,-760.0984573364258,3122.323036193848],"positionconfidence":1,"rotation":[0.9381799697875977,0.2250990122556686,0.2629613280296326,-0.3441903591156006,0.6873207092285156,0.6396274566650391,-0.03675926104187965,-0.6905943751335144,0.7223073840141296],"rotationconfidence":1},"22":{"id":22,"position":[510.2432370185852,-972.2446799278259,2924.89767074585],"positionconfidence":1,"rotation":[0.9075044393539429,0.375927597284317,0.187387615442276,-0.4029045104980469,0.6529256701469421,0.6413703560829163,0.1187586337327957,-0.6575457453727722,0.7439958453178406],"rotationconfidence":1},"23":{"id":23,"position":[648.449957370758,-1196.215152740479,2704.890966415405],"positionconfidence":0.5,"rotation":[-0.1153054013848305,0.9933300614356995,0,-0.9743507504463196,-0.1131022870540619,-0.1945466250181198,-0.1932490170001984,-0.02243227697908878,0.9808932542800903],"rotationconfidence":0.5},"24":{"id":24,"position":[666.2646532058716,-1194.147229194641,2614.467144012451],"positionconfidence":0.5,"rotation":[-0.1153054013848305,0.9933300614356995,0,-0.9743507504463196,-0.1131022870540619,-0.1945466250181198,-0.1932490170001984,-0.02243227697908878,0.9808932542800903],"rotationconfidence":0.5}},"skeletonTracked":true,"frameCount":1},{"position":[309.272050857544,-693.2523250579834,3023.616790771484],"positionTracked":true,"id":4625,"skeleton":{"1":{"id":1,"position":[373.2481300830841,-148.2006758451462,3353.3935546875],"positionconfidence":1,"rotation":[0.9999993443489075,-0.001129138050600886,0,0.001052129548043013,0.9317982792854309,0.3629750609397888,-0.0004098489589523524,-0.3629748225212097,0.9317988753318787],"rotationconfidence":1},"2":{"id":2,"position":[373.072475194931,-303.7660419940949,3292.794227600098],"positionconfidence":1,"rotation":[0.9997622966766357,0.006925757974386215,-0.02067714743316174,0.001052129548043013,0.9317982792854309,0.3629750609397888,0.02178080752491951,-0.3629105091094971,0.9315694570541382],"rotationconfidence":1},"3":{"id":3,"position":[347.5813865661621,-649.6403813362122,3212.724685668945],"positionconfidence":1,"rotation":[0.9967355728149414,-0.06129628047347069,-0.05254265666007996,0.07161718606948853,0.9717335104942322,0.2249552756547928,0.03726854175329208,-0.2279839068651199,0.9729512929916382],"rotationconfidence":1},"4":{"id":4,"position":[341.6423797607422,-697.2814202308655,3147.87483215332],"positionconfidence":1,"rotation":[0.9962058663368225,-0.0810541957616806,-0.03168807923793793,0.07360520213842392,0.5904402136802673,0.8037179708480835,-0.04643480107188225,-0.8030010461807251,0.5941660404205322],"rotationconfidence":1},"6":{"id":6,"position":[237.6221716403961,-427.1022975444794,3270.014524459839],"positionconfidence":1,"rotation":[0.294301837682724,0.9535599946975708,-0.06410759687423706,-0.07296712696552277,-0.04446367174386978,-0.9963427186012268,-0.9529229998588562,0.2979032099246979,0.05649279430508614],"rotationconfidence":1},"7":{"id":7,"position":[166.936993598938,-656.1275720596313,3285.411834716797],"positionconfidence":1,"rotation":[0.1724882125854492,0.3793666362762451,0.9090263247489929,0.2493703812360764,0.8759764432907104,-0.4128919839859009,-0.9529229998588562,0.2979032099246979,0.05649279430508614],"rotationconfidence":1},"8":{"id":8,"position":[129.6889632940292,-738.0500435829163,3089.111804962158],"positionconfidence":1,"rotation":[0.566013753414154,-0.137029841542244,0.8129276037216187,0,0.9860889315605164,0.1662185043096542,-0.8243958353996277,-0.09408196061849594,0.5581399202346802],"rotationconfidence":1},"9":{"id":9,"position":[94.52759474515915,-729.5376062393188,3038.611888885498],"positionconfidence":1,"rotation":[0.566013753414154,-0.137029841542244,0.8129276037216187,0,0.9860889315605164,0.1662185043096542,-0.8243958353996277,-0.09408196061849594,0.5581399202346802],"rotationconfidence":1},"12":{"id":12,"position":[512.9932165145874,-453.5736739635468,3253.263711929321],"positionconfidence":1,"rotation":[0.269255131483078,-0.963005006313324,0.01109234057366848,-0.3003904521465302,-0.0949208065867424,-0.949081540107727,0.915023148059845,0.2522130310535431,-0.3148354291915894],"rotationconfidence":1},"13":{"id":13,"position":[574.4434595108032,-673.3536720275879,3255.795240402222],"positionconfidence":1,"rotation":[-0.2363837361335754,-0.2971926629543304,-0.9250942468643188,-0.3268876075744629,0.9209046363830566,-0.2123191058635712,0.915023148059845,0.2522130310535431,-0.3148354291915894],"rotationconfidence":1},"14":{"id":14,"position":[523.1355428695679,-737.860381603241,3055.000305175781],"positionconfidence":1,"rotation":[-0.2235627770423889,-0.3922576904296875,-0.8922743797302246,0,-0.9154447317123413,0.4024437367916107,-0.9746895432472229,0.08997143805027008,0.2046593725681305],"rotationconfidence":1},"15":{"id":15,"position":[507.87353515625,-764.6387219429016,2994.087219238281],"positionconfidence":0.5,"rotation":[-0.2235627770423889,-0.3922576904296875,-0.8922743797302246,0,-0.9154447317123413,0.4024437367916107,-0.9746895432472229,0.08997143805027008,0.2046593725681305],"rotationconfidence":0.5},"17":{"id":17,"position":[269.0884470939636,-750.257670879364,3125.040531158447],"positionconfidence":1,"rotation":[0.7877719402313232,-0.5114444494247437,-0.3432781994342804,0.6154279708862305,0.630214273929596,0.4733692109584808,-0.02576324157416821,-0.5841699838638306,0.8112223148345947],"rotationconfidence":1},"18":{"id":18,"position":[79.8410028219223,-944.05198097229,2979.476928710938],"positionconfidence":1,"rotation":[0.8661857843399048,-0.4997220635414124,0,0.4753570854663849,0.8239530920982361,0.3084428608417511,-0.1541357040405273,-0.2671688199043274,0.9512428641319275],"rotationconfidence":1},"19":{"id":19,"position":[-79.16899770498276,-1219.669580459595,2876.300811767578],"positionconfidence":0.5,"rotation":[0.5971469879150391,-0.8021318316459656,0,0.7540349364280701,0.5613412857055664,-0.3410679399967194,0.2735814452171326,0.2036676853895187,0.9400386810302734],"rotationconfidence":0.5},"20":{"id":20,"position":[-102.7898788452148,-1237.254142761231,2795.138359069824],"positionconfidence":0.5,"rotation":[0.5971469879150391,-0.8021318316459656,0,0.7540349364280701,0.5613412857055664,-0.3410679399967194,0.2735814452171326,0.2036676853895187,0.9400386810302734],"rotationconfidence":0.5},"21":{"id":21,"position":[403.7197232246399,-760.1503729820251,3122.1923828125],"positionconfidence":1,"rotation":[0.9375301003456116,0.2274407893419266,0.2632636427879334,-0.3460941016674042,0.6868016123771667,0.6391575336456299,-0.03543940931558609,-0.6903434991836548,0.7226131558418274],"rotationconfidence":1},"22":{"id":22,"position":[510.5245709419251,-972.0977544784546,2924.94797706604],"positionconfidence":1,"rotation":[0.9074345231056213,0.3787657022476196,0.1819314509630203,-0.401457816362381,0.6536510586738586,0.6415387392044067,0.1240731850266457,-0.6551921963691711,0.745203971862793],"rotationconfidence":1},"23":{"id":23,"position":[648.2294797897339,-1196.308016777039,2704.89239692688],"positionconfidence":0.5,"rotation":[-0.1016632169485092,0.994818925857544,0,-0.9767404198646545,-0.0998157262802124,-0.1897766441106796,-0.1887933760881424,-0.01929330080747604,0.9818273186683655],"rotationconfidence":0.5},"24":{"id":24,"position":[665.6023859977722,-1194.532632827759,2614.543914794922],"positionconfidence":0.5,"rotation":[-0.1016632169485092,0.994818925857544,0,-0.9767404198646545,-0.0998157262802124,-0.1897766441106796,-0.1887933760881424,-0.01929330080747604,0.9818273186683655],"rotationconfidence":0.5}},"skeletonTracked":true,"frameCount":2},{"position":[312.159925699234,-696.2027549743652,3020.851135253906],"positionTracked":true,"id":4625,"skeleton":{"1":{"id":1,"position":[373.7252950668335,-148.1830924749374,3353.090524673462],"positionconfidence":1,"rotation":[0.9999980330467224,0.001988307340070605,0,-0.00184893177356571,0.929900586605072,0.3678063750267029,0.0007313120877370238,-0.3678056597709656,0.9299024343490601],"rotationconfidence":1},"2":{"id":2,"position":[374.0347623825073,-303.8263916969299,3291.528463363648],"positionconfidence":1,"rotation":[0.9997220635414124,0.01036269497126341,-0.02117379941046238,-0.00184893177356571,0.929900586605072,0.3678063750267029,0.02350099198520184,-0.3676649928092957,0.9296612739562988],"rotationconfidence":1},"3":{"id":3,"position":[347.5170433521271,-649.6078968048096,3212.473869323731],"positionconfidence":1,"rotation":[0.9964318871498108,-0.06377668678760529,-0.05528207495808601,0.07455222308635712,0.9721341133117676,0.2222550064325333,0.03956690058112145,-0.2255833595991135,0.9734200835227966],"rotationconfidence":1},"4":{"id":4,"position":[341.4900004863739,-697.3347663879395,3147.702932357788],"positionconfidence":1,"rotation":[0.9962247610092163,-0.07997347414493561,-0.03377140313386917,0.0747019574046135,0.5915489196777344,0.8028009533882141,-0.04422535002231598,-0.802293062210083,0.595289945602417],"rotationconfidence":1},"6":{"id":6,"position":[237.5460416078568,-426.4867305755615,3268.778324127197],"positionconfidence":1,"rotation":[0.2925705313682556,0.9539493322372437,-0.06620540469884872,-0.08168767392635345,-0.0440487377345562,-0.9956841468811035,-0.9527484774589539,0.2967160046100617,0.0650385394692421],"rotationconfidence":1},"7":{"id":7,"position":[167.0578569173813,-656.3190221786499,3284.72900390625],"positionconfidence":1,"rotation":[0.1770975142717362,0.3686300814151764,0.9125503897666931,0.2467931509017944,0.8809491395950317,-0.4037594199180603,-0.9527484774589539,0.2967160046100617,0.0650385394692421],"rotationconfidence":1},"8":{"id":8,"position":[128.7689357995987,-736.0177636146545,3087.433338165283],"positionconfidence":1,"rotation":[0.5593926310539246,-0.06859315186738968,0.8260598182678223,0,0.9965702295303345,0.08275175094604492,-0.8289028406143188,-0.04629071801900864,0.5574740171432495],"rotationconfidence":1},"9":{"id":9,"position":[94.45151686668396,-731.8097352981567,3036.75651550293],"positionconfidence":1,"rotation":[0.5593926310539246,-0.06859315186738968,0.8260598182678223,0,0.9965702295303345,0.08275175094604492,-0.8289028406143188,-0.04629071801900864,0.5574740171432495],"rotationconfidence":1},"12":{"id":12,"position":[512.7098560333252,-452.3129463195801,3251.608610153198],"positionconfidence":1,"rotation":[0.2700352072715759,-0.9627134799957275,0.01624034345149994,-0.2938914895057678,-0.09847332537174225,-0.9507526755332947,0.9169016480445862,0.2519637942314148,-0.3095245659351349],"rotationconfidence":1},"13":{"id":13,"position":[574.6241211891174,-673.0459928512573,3255.332231521606],"positionconfidence":1,"rotation":[-0.2361304610967636,-0.2827672362327576,-0.9296693801879883,-0.3217664361000061,0.9255035519599915,-0.1997734159231186,0.9169016480445862,0.2519637942314148,-0.3095245659351349],"rotationconfidence":1},"14":{"id":14,"position":[523.377001285553,-734.4146370887756,3053.567171096802],"positionconfidence":1,"rotation":[-0.2304101884365082,-0.3667269945144653,-0.9013447761535645,0,-0.9262672662734985,0.3768670856952667,-0.9730935096740723,0.08683401346206665,0.2134214192628861],"rotationconfidence":1},"15":{"id":15,"position":[507.627010345459,-759.482741355896,2991.954565048218],"positionconfidence":0.5,"rotation":[-0.2304101884365082,-0.3667269945144653,-0.9013447761535645,0,-0.9262672662734985,0.3768670856952667,-0.9730935096740723,0.08683401346206665,0.2134214192628861],"rotationconfidence":0.5},"17":{"id":17,"position":[269.000917673111,-750.3125071525574,3125.097274780273],"positionconfidence":1,"rotation":[0.787161111831665,-0.509863018989563,-0.3470115661621094,0.6163007020950317,0.6288610100746155,0.4740330874919891,-0.02346990071237087,-0.5870038270950317,0.8092437982559204],"rotationconfidence":1},"18":{"id":18,"position":[79.53476905822754,-943.6399936676025,2979.367733001709],"positionconfidence":1,"rotation":[0.866787850856781,-0.4986769556999207,0,0.4744390845298767,0.824658215045929,0.3079712986946106,-0.1535781919956207,-0.2669457793235779,0.951395571231842],"rotationconfidence":1},"19":{"id":19,"position":[-79.1933611035347,-1219.537258148193,2876.332998275757],"positionconfidence":0.5,"rotation":[0.60146164894104,-0.7989017367362976,0,0.7508159279823303,0.5652597546577454,-0.3416971564292908,0.2729824185371399,0.2055177092552185,0.9398100972175598],"rotationconfidence":0.5},"20":{"id":20,"position":[-102.7324497699738,-1237.258911132813,2795.293807983398],"positionconfidence":0.5,"rotation":[0.60146164894104,-0.7989017367362976,0,0.7508159279823303,0.5652597546577454,-0.3416971564292908,0.2729824185371399,0.2055177092552185,0.9398100972175598],"rotationconfidence":0.5},"21":{"id":21,"position":[403.4180045127869,-760.094165802002,3121.900320053101],"positionconfidence":1,"rotation":[0.9369103908538818,0.2307173162698746,0.2626185417175293,-0.3480109572410584,0.6864737868309021,0.6384686231613159,-0.0329749621450901,-0.6895819902420044,0.7234565019607544],"rotationconfidence":1},"22":{"id":22,"position":[510.7899308204651,-971.8921184539795,2924.91340637207],"positionconfidence":1,"rotation":[0.9073674082756042,0.3818127810955048,0.1757939904928207,-0.3998606204986572,0.655103862285614,0.6410541534423828,0.1295993477106094,-0.6519647240638733,0.7470917701721191],"rotationconfidence":1},"23":{"id":23,"position":[647.9178667068481,-1196.552991867065,2705.070734024048],"positionconfidence":0.5,"rotation":[-0.07886218279600143,0.9968855977058411,0,-0.9797071814537048,-0.07750322669744492,-0.1848438829183579,-0.1842681765556335,-0.01457718946039677,0.9827679395675659],"rotationconfidence":0.5},"24":{"id":24,"position":[664.8208498954773,-1195.215821266174,2614.921092987061],"positionconfidence":0.5,"rotation":[-0.07886218279600143,0.9968855977058411,0,-0.9797071814537048,-0.07750322669744492,-0.1848438829183579,-0.1842681765556335,-0.01457718946039677,0.9827679395675659],"rotationconfidence":0.5}},"skeletonTracked":true,"frameCount":3},{"position":[310.3794157505035,-699.8691558837891,3020.684480667114],"positionTracked":true,"id":4625,"skeleton":{"1":{"id":1,"position":[371.4026212692261,-148.0290293693543,3352.113485336304],"positionconfidence":1,"rotation":[0.9998165965080261,0.0191473700106144,0,-0.01779284328222275,0.9290874004364014,0.3694319128990173,0.007073649670928717,-0.3693641722202301,0.9292576909065247],"rotationconfidence":1},"2":{"id":2,"position":[374.3807077407837,-303.535521030426,3290.279626846314],"positionconfidence":1,"rotation":[0.9995254874229431,0.02581950090825558,-0.01679381914436817,-0.01779284328222275,0.9290874004364014,0.3694319128990173,0.02514147572219372,-0.3689578175544739,0.9291059970855713],"rotationconfidence":1},"3":{"id":3,"position":[347.5121557712555,-649.5643258094788,3212.000131607056],"positionconfidence":1,"rotation":[0.9962862133979797,-0.0644407644867897,-0.05710826814174652,0.07551831007003784,0.9725686311721802,0.2200168818235397,0.04136364534497261,-0.2235124707221985,0.9738230109214783],"rotationconfidence":1},"4":{"id":4,"position":[341.3913249969482,-697.4301338195801,3147.323846817017],"positionconfidence":1,"rotation":[0.9963259696960449,-0.07714170962572098,-0.0371989905834198,0.07585178315639496,0.5931722521781921,0.8014943599700928,-0.03976323083043098,-0.8013712167739868,0.5968442559242249],"rotationconfidence":1},"6":{"id":6,"position":[237.5290393829346,-426.0311424732208,3267.717123031616],"positionconfidence":1,"rotation":[0.2910812199115753,0.9544658660888672,-0.06531897187232971,-0.08643872290849686,-0.04175802692770958,-0.9953815340995789,-0.9527853727340698,0.2953829765319824,0.07034783810377121],"rotationconfidence":1},"7":{"id":7,"position":[167.2809273004532,-656.3772559165955,3283.480882644653],"positionconfidence":1,"rotation":[0.1817377209663391,0.3691480159759522,0.9114280939102173,0.2432515770196915,0.8811802268028259,-0.4054010510444641,-0.9527853727340698,0.2953829765319824,0.07034783810377121],"rotationconfidence":1},"8":{"id":8,"position":[128.050833940506,-736.0619306564331,3086.73906326294],"positionconfidence":1,"rotation":[0.5330457091331482,-0.06083825975656509,0.8438962697982788,0,0.9974114298820496,0.07190549373626709,-0.8460863828659058,-0.03832891583442688,0.5316658616065979],"rotationconfidence":1},"9":{"id":9,"position":[95.36035358905792,-732.330858707428,3034.984827041626],"positionconfidence":1,"rotation":[0.5330457091331482,-0.06083825975656509,0.8438962697982788,0,0.9974114298820496,0.07190549373626709,-0.8460863828659058,-0.03832891583442688,0.5316658616065979],"rotationconfidence":1},"12":{"id":12,"position":[512.4339461326599,-451.3181149959564,3250.236511230469],"positionconfidence":1,"rotation":[0.2714790999889374,-0.9622881412506104,0.01733536832034588,-0.305823564529419,-0.1033287346363068,-0.9464644193649292,0.9125628471374512,0.2516437768936157,-0.3223420083522797],"rotationconfidence":1},"13":{"id":13,"position":[574.7537016868591,-672.2174882888794,3254.215955734253],"positionconfidence":1,"rotation":[-0.2364171743392944,-0.3185149729251862,-0.9179624319076538,-0.3336702883243561,0.9139056205749512,-0.2311720252037048,0.9125628471374512,0.2516437768936157,-0.3223420083522797],"rotationconfidence":1},"14":{"id":14,"position":[523.7649083137512,-740.9125566482544,3056.236267089844],"positionconfidence":0.5,"rotation":[-0.2371064722537994,-0.4279939234256744,-0.8721247911453247,0,-0.8977246284484863,0.4405570030212402,-0.9714836478233337,0.1044589132070541,0.2128563225269318],"rotationconfidence":0.5},"15":{"id":15,"position":[507.6135396957398,-770.0669169425964,2996.828317642212],"positionconfidence":0.5,"rotation":[-0.2371064722537994,-0.4279939234256744,-0.8721247911453247,0,-0.8977246284484863,0.4405570030212402,-0.9714836478233337,0.1044589132070541,0.2128563225269318],"rotationconfidence":0.5},"17":{"id":17,"position":[268.9661681652069,-750.4019141197205,3125.096321105957],"positionconfidence":1,"rotation":[0.7862282395362854,-0.5060533881187439,-0.3546196818351746,0.6176489591598511,0.6260796189308167,0.4759559333324432,-0.01883896440267563,-0.59324049949646,0.8048048615455627],"rotationconfidence":1},"18":{"id":18,"position":[79.14629578590393,-942.8127408027649,2978.822469711304],"positionconfidence":1,"rotation":[0.8679446578025818,-0.4966610372066498,0,0.4728741943836212,0.8263757824897766,0.3057664036750794,-0.1518622636795044,-0.2653883099555969,0.9521066546440125],"rotationconfidence":1},"19":{"id":19,"position":[-79.12207394838333,-1219.396114349365,2876.484155654907],"positionconfidence":0.5,"rotation":[0.6119324564933777,-0.7909100651741028,0,0.7429725527763367,0.5748428702354431,-0.3428520560264587,0.271165132522583,0.2098022997379303,0.9393894076347351],"rotationconfidence":0.5},"20":{"id":20,"position":[-102.382242679596,-1237.392663955689,2795.904636383057],"positionconfidence":0.5,"rotation":[0.6119324564933777,-0.7909100651741028,0,0.7429725527763367,0.5748428702354431,-0.3428520560264587,0.271165132522583,0.2098022997379303,0.9393894076347351],"rotationconfidence":0.5},"21":{"id":21,"position":[403.2130837440491,-759.982168674469,3121.176958084106],"positionconfidence":1,"rotation":[0.9365044236183167,0.236075222492218,0.2592834234237671,-0.3495493829250336,0.687191367149353,0.6368540525436401,-0.02783187292516232,-0.6870490908622742,0.7260778546333313],"rotationconfidence":1},"22":{"id":22,"position":[510.9793543815613,-971.8436598777771,2924.834489822388],"positionconfidence":1,"rotation":[0.9073353409767151,0.3839043974876404,0.1713482737541199,-0.3985668122768402,0.6558461785316467,0.6411009430885315,0.1337433606386185,-0.6499872803688049,0.7480839490890503],"rotationconfidence":1},"23":{"id":23,"position":[647.6367115974426,-1196.714878082275,2705.018997192383],"positionconfidence":0.5,"rotation":[-0.06691918522119522,0.9977583885192871,0,-0.9812769293785095,-0.06581377983093262,-0.1810089200735092,-0.1806031763553619,-0.01211296953260899,0.9834815263748169],"rotationconfidence":0.5},"24":{"id":24,"position":[664.1878485679626,-1195.604801177979,2614.889144897461],"positionconfidence":0.5,"rotation":[-0.06691918522119522,0.9977583885192871,0,-0.9812769293785095,-0.06581377983093262,-0.1810089200735092,-0.1806031763553619,-0.01211296953260899,0.9834815263748169],"rotationconfidence":0.5}},"skeletonTracked":true,"frameCount":4},{"position":[312.5782608985901,-697.4048018455505,3020.023107528687],"positionTracked":true,"id":4625,"skeleton":{"1":{"id":1,"position":[372.1813857555389,-147.6165950298309,3351.649522781372],"positionconfidence":1,"rotation":[0.999866783618927,0.01632130518555641,0,-0.01514391973614693,0.9277385473251343,0.3729234933853149,0.00608659815043211,-0.3728738129138947,0.9278621077537537],"rotationconfidence":1},"2":{"id":2,"position":[374.7188746929169,-303.0668497085571,3289.163112640381],"positionconfidence":1,"rotation":[0.9995141625404358,0.02420790307223797,-0.01963416859507561,-0.01514391973614693,0.9277385473251343,0.3729234933853149,0.02724306844174862,-0.3724449276924133,0.9276543259620667],"rotationconfidence":1},"3":{"id":3,"position":[347.5964367389679,-649.5110988616943,3211.429834365845],"positionconfidence":1,"rotation":[0.9961371421813965,-0.06465315073728561,-0.05942055955529213,0.07616688311100006,0.9729058742523193,0.2182953208684921,0.04369712620973587,-0.2219779342412949,0.9740720391273499],"rotationconfidence":1},"4":{"id":4,"position":[341.35702252388,-697.5414156913757,3146.855115890503],"positionconfidence":1,"rotation":[0.9964330792427063,-0.07335467636585236,-0.04171772673726082,0.0772969052195549,0.595022976398468,0.7999830842018127,-0.0338594913482666,-0.8003541827201843,0.5985705852508545],"rotationconfidence":1},"6":{"id":6,"position":[237.4729216098785,-425.8363246917725,3266.727924346924],"positionconfidence":1,"rotation":[0.2898876070976257,0.9549459218978882,-0.0635889321565628,-0.09164275228977203,-0.03843993321061134,-0.995049774646759,-0.952663004398346,0.2942800521850586,0.07637060433626175],"rotationconfidence":1},"7":{"id":7,"position":[167.546346783638,-656.1880111694336,3282.066822052002],"positionconfidence":1,"rotation":[0.1877774745225906,0.3719713389873505,0.9090527892112732,0.2391084283590317,0.8803616166114807,-0.4096224904060364,-0.952663004398346,0.2942800521850586,0.07637060433626175],"rotationconfidence":1},"8":{"id":8,"position":[127.0786672830582,-736.3510727882385,3086.158037185669],"positionconfidence":1,"rotation":[0.5022236108779907,-0.05604050308465958,0.8629200458526611,0,0.9978979229927063,0.06480635702610016,-0.8647379279136658,-0.03254728391766548,0.501167893409729],"rotationconfidence":1},"9":{"id":9,"position":[96.36633098125458,-732.9240441322327,3033.388137817383],"positionconfidence":1,"rotation":[0.5022236108779907,-0.05604050308465958,0.8629200458526611,0,0.9978979229927063,0.06480635702610016,-0.8647379279136658,-0.03254728391766548,0.501167893409729],"rotationconfidence":1},"12":{"id":12,"position":[511.9777917861939,-450.333297252655,3248.831033706665],"positionconfidence":1,"rotation":[0.2753289341926575,-0.9611151218414307,0.02125606685876846,-0.3843483626842499,-0.1303164213895798,-0.9139443039894104,0.8811755776405334,0.2434655278921127,-0.4052828550338745],"rotationconfidence":1},"13":{"id":13,"position":[575.1968622207642,-671.0177063941956,3253.711700439453],"positionconfidence":1,"rotation":[-0.2233102172613144,-0.5412464141845703,-0.8106693029403687,-0.4167279303073883,0.8048458099365234,-0.4225647747516632,0.8811755776405334,0.2434655278921127,-0.4052828550338745],"rotationconfidence":1},"14":{"id":14,"position":[526.7086625099182,-788.5406017303467,3077.687978744507],"positionconfidence":1,"rotation":[-0.2337534129619598,-0.6347933411598206,-0.7364758849143982,0,-0.7574606537818909,0.652880847454071,-0.9722959399223328,0.1526131331920624,0.1770590096712112],"rotationconfidence":1},"15":{"id":15,"position":[510.0778341293335,-833.7041735649109,3025.290012359619],"positionconfidence":1,"rotation":[-0.2337534129619598,-0.6347933411598206,-0.7364758849143982,0,-0.7574606537818909,0.652880847454071,-0.9722959399223328,0.1526131331920624,0.1770590096712112],"rotationconfidence":1},"17":{"id":17,"position":[269.0150737762451,-750.5601048469543,3125.064849853516],"positionconfidence":1,"rotation":[0.7858299016952515,-0.5012693405151367,-0.3622158467769623,0.618310809135437,0.624717116355896,0.4768858253955841,-0.01276578567922115,-0.598713219165802,0.8008617758750916],"rotationconfidence":1},"18":{"id":18,"position":[79.05846834182739,-942.4848556518555,2978.556632995606],"positionconfidence":1,"rotation":[0.8676745891571045,-0.4971326291561127,0,0.4734174907207489,0.8262831568717957,0.305175393819809,-0.151712641119957,-0.2647929489612579,0.9522961974143982],"rotationconfidence":1},"19":{"id":19,"position":[-79.35721427202225,-1218.976974487305,2876.43837928772],"positionconfidence":0.5,"rotation":[0.622276246547699,-0.782797634601593,0,0.7347931861877441,0.5841156244277954,-0.344801276922226,0.2699096500873566,0.2145616710186005,0.9386757612228394],"rotationconfidence":0.5},"20":{"id":20,"position":[-102.4281606078148,-1237.316966056824,2796.20361328125],"positionconfidence":0.5,"rotation":[0.622276246547699,-0.782797634601593,0,0.7347931861877441,0.5841156244277954,-0.344801276922226,0.2699096500873566,0.2145616710186005,0.9386757612228394],"rotationconfidence":0.5},"21":{"id":21,"position":[403.099924325943,-759.8006129264832,3120.294094085693],"positionconfidence":1,"rotation":[0.9365917444229126,0.2414118945598602,0.254000335931778,-0.3497783839702606,0.6879734396934509,0.6358832716941833,-0.02123568579554558,-0.6844069361686707,0.7287909388542175],"rotationconfidence":1},"22":{"id":22,"position":[510.8792781829834,-971.790075302124,2924.355506896973],"positionconfidence":1,"rotation":[0.9069088697433472,0.3857249021530151,0.169506847858429,-0.398942232131958,0.6567737460136414,0.639916718006134,0.1355041712522507,-0.6479696035385132,0.7495158910751343],"rotationconfidence":1},"23":{"id":23,"position":[647.5763320922852,-1196.832776069641,2705.08885383606],"positionconfidence":0.5,"rotation":[-0.05603742226958275,0.9984287023544312,0,-0.9821476936340332,-0.05512364208698273,-0.1798543632030487,-0.1795717477798462,-0.01007857453078032,0.9836933612823486],"rotationconfidence":0.5},"24":{"id":24,"position":[664.0095114707947,-1195.910453796387,2615.067958831787],"positionconfidence":0.5,"rotation":[-0.05603742226958275,0.9984287023544312,0,-0.9821476936340332,-0.05512364208698273,-0.1798543632030487,-0.1795717477798462,-0.01007857453078032,0.9836933612823486],"rotationconfidence":0.5}},"skeletonTracked":true,"frameCount":5},{"position":[309.6671998500824,-694.0428614616394,3021.488666534424],"positionTracked":true,"id":4625,"skeleton":{"1":{"id":1,"position":[373.5093772411346,-147.5499719381332,3350.579261779785],"positionconfidence":1,"rotation":[0.999907910823822,0.01357150822877884,0,-0.01257477235049009,0.9264714121818542,0.3761551678180695,0.005104993004351854,-0.376120537519455,0.9265567660331726],"rotationconfidence":1},"2":{"id":2,"position":[375.618040561676,-302.9099404811859,3287.501811981201],"positionconfidence":1,"rotation":[0.9995682239532471,0.02163804695010185,-0.01987926475703716,-0.01257477235049009,0.9264714121818542,0.3761551678180695,0.0265568308532238,-0.3757427334785461,0.9263433814048767],"rotationconfidence":1},"3":{"id":3,"position":[347.8251695632935,-649.4277119636536,3210.857152938843],"positionconfidence":1,"rotation":[0.995992124080658,-0.0667056068778038,-0.05958408862352371,0.07807435840368271,0.9734205603599548,0.2153063863515854,0.04363823309540749,-0.2190954387187958,0.9747271537780762],"rotationconfidence":1},"4":{"id":4,"position":[341.4815664291382,-697.6101398468018,3146.434783935547],"positionconfidence":1,"rotation":[0.9964554905891418,-0.07111787050962448,-0.04492983967065811,0.07861000299453735,0.5970771908760071,0.7983227372169495,-0.02994843386113644,-0.7990251183509827,0.6005514860153198],"rotationconfidence":1},"6":{"id":6,"position":[237.6360595226288,-425.3624677658081,3265.446662902832],"positionconfidence":1,"rotation":[0.2897894084453583,0.9550257325172424,-0.06283316761255264,-0.09447332471609116,-0.03678650036454201,-0.9948475360870361,-0.9524163603782654,0.2942323386669159,0.07956410944461823],"rotationconfidence":1},"7":{"id":7,"position":[167.7423566579819,-655.7031273841858,3280.601263046265],"positionconfidence":1,"rotation":[0.1922471970319748,0.3773269355297089,0.9059058427810669,0.2365251183509827,0.8780955076217651,-0.4159376919269562,-0.9524163603782654,0.2942323386669159,0.07956410944461823],"rotationconfidence":1},"8":{"id":8,"position":[126.3929456472397,-736.8603348731995,3085.754871368408],"positionconfidence":1,"rotation":[0.4815222024917603,-0.05667973682284355,0.8745991587638855,0,0.9979066252708435,0.0646708682179451,-0.8764338493347168,-0.03114045970141888,0.4805141985416412],"rotationconfidence":1},"9":{"id":9,"position":[97.05230593681335,-733.406662940979,3032.46283531189],"positionconfidence":0.5,"rotation":[0.4815222024917603,-0.05667973682284355,0.8745991587638855,0,0.9979066252708435,0.0646708682179451,-0.8764338493347168,-0.03114045970141888,0.4805141985416412],"rotationconfidence":0.5},"12":{"id":12,"position":[511.8879079818726,-449.780285358429,3247.679948806763],"positionconfidence":1,"rotation":[0.2783056199550629,-0.9602074027061462,0.02340046316385269,-0.4260437786579132,-0.1452459394931793,-0.8929670453071594,0.8608325123786926,0.2385481595993042,-0.4495132267475128],"rotationconfidence":1},"13":{"id":13,"position":[575.4694938659668,-669.148862361908,3253.026008605957],"positionconfidence":1,"rotation":[-0.2213547080755234,-0.6198567152023315,-0.7528477311134338,-0.4582242369651794,0.7475776672363281,-0.480789065361023,0.8608325123786926,0.2385481595993042,-0.4495132267475128],"rotationconfidence":1},"14":{"id":14,"position":[525.1347422599792,-810.1006150245667,3081.832885742188],"positionconfidence":1,"rotation":[-0.2394480705261231,-0.614787220954895,-0.7514660954475403,0,-0.7739818692207336,0.6332077980041504,-0.9709091782569885,0.1516203880310059,0.1853284686803818],"rotationconfidence":1},"15":{"id":15,"position":[508.3572268486023,-853.1771898269653,3029.179573059082],"positionconfidence":0.5,"rotation":[-0.2394480705261231,-0.614787220954895,-0.7514660954475403,0,-0.7739818692207336,0.6332077980041504,-0.9709091782569885,0.1516203880310059,0.1853284686803818],"rotationconfidence":0.5},"17":{"id":17,"position":[269.1222429275513,-750.6955862045288,3125.022172927856],"positionconfidence":1,"rotation":[0.7849512696266174,-0.4986889064311981,-0.3676421940326691,0.619492769241333,0.6231763958930969,0.4773676097393036,-0.008951982483267784,-0.6024619936943054,0.7980973124504089],"rotationconfidence":1},"18":{"id":18,"position":[78.88289541006088,-942.0661330223083,2978.427886962891],"positionconfidence":1,"rotation":[0.8680427074432373,-0.4964894950389862,0,0.4728877544403076,0.8267782926559448,0.3046552240848541,-0.151258111000061,-0.2644537389278412,0.9524626731872559],"rotationconfidence":1},"19":{"id":19,"position":[-79.35923337936401,-1218.730449676514,2876.481294631958],"positionconfidence":0.5,"rotation":[0.6278400421142578,-0.7783423066139221,0,0.7304197549819946,0.5891839265823364,-0.3454694449901581,0.2688935101032257,0.216899573802948,0.9384300112724304],"rotationconfidence":0.5},"20":{"id":20,"position":[-102.3069173097611,-1237.24091053009,2796.39458656311],"positionconfidence":0.5,"rotation":[0.6278400421142578,-0.7783423066139221,0,0.7304197549819946,0.5891839265823364,-0.3454694449901581,0.2688935101032257,0.216899573802948,0.9384300112724304],"rotationconfidence":0.5},"21":{"id":21,"position":[403.2750725746155,-759.7037553787231,3119.726896286011],"positionconfidence":1,"rotation":[0.93695467710495,0.2438269406557083,0.2503286600112915,-0.3490327298641205,0.6880097985267639,0.6362536549568176,-0.01709277927875519,-0.6835137009620667,0.7297375202178955],"rotationconfidence":1},"22":{"id":22,"position":[510.8049511909485,-971.6655611991882,2923.710107803345],"positionconfidence":1,"rotation":[0.9066119194030762,0.3869054615497589,0.1684009581804276,-0.3995766937732697,0.6589094996452332,0.6373199820518494,0.1356215924024582,-0.6450909972190857,0.7519736289978027],"rotationconfidence":1},"23":{"id":23,"position":[647.6019024848938,-1197.246313095093,2705.520629882813],"positionconfidence":0.5,"rotation":[-0.02640535123646259,0.999651312828064,0,-0.9831923842430115,-0.02597059682011604,-0.1807158887386322,-0.1806528717279434,-0.004771866369992495,0.9835353493690491],"rotationconfidence":0.5},"24":{"id":24,"position":[664.0698909759521,-1196.811318397522,2615.86332321167],"positionconfidence":0.5,"rotation":[-0.02640535123646259,0.999651312828064,0,-0.9831923842430115,-0.02597059682011604,-0.1807158887386322,-0.1806528717279434,-0.004771866369992495,0.9835353493690491],"rotationconfidence":0.5}},"skeletonTracked":true,"frameCount":6},{"position":[312.1176064014435,-692.4565434455872,3019.128084182739],"positionTracked":true,"id":4625,"skeleton":{"1":{"id":1,"position":[375.811755657196,-147.037610411644,3348.018646240234],"positionconfidence":1,"rotation":[0.9999990463256836,0.001364514580927789,0,-0.001267268555238843,0.9287312626838684,0.3707513213157654,0.0005058955866843462,-0.3707509636878967,0.9287320971488953],"rotationconfidence":1},"2":{"id":2,"position":[376.0240077972412,-302.5888502597809,3285.922288894653],"positionconfidence":1,"rotation":[0.999578058719635,0.01193536818027496,-0.02648140303790569,-0.001267268555238843,0.9287312626838684,0.3707513213157654,0.02901916392147541,-0.3705613911151886,0.9283546209335327],"rotationconfidence":1},"3":{"id":3,"position":[348.1931686401367,-649.0752100944519,3210.222482681274],"positionconfidence":1,"rotation":[0.9958844184875488,-0.06655130535364151,-0.06152166798710823,0.07823152095079422,0.9739611148834229,0.2127895355224609,0.04575829952955246,-0.2167267501354218,0.9751592874526978],"rotationconfidence":1},"4":{"id":4,"position":[341.7177796363831,-697.4380016326904,3146.027803421021],"positionconfidence":1,"rotation":[0.9964567422866821,-0.06834455579519272,-0.04902448877692223,0.08030591160058975,0.5997814536094666,0.7961239218711853,-0.02500675804913044,-0.7972398996353149,0.603144645690918],"rotationconfidence":1},"6":{"id":6,"position":[237.6533895730972,-424.8787462711334,3264.381408691406],"positionconfidence":1,"rotation":[0.2894459068775177,0.9554018974304199,-0.05855171382427216,-0.09463692456483841,-0.03230677545070648,-0.9949875473976135,-0.952504575252533,0.2935362458229065,0.08106523007154465],"rotationconfidence":1},"7":{"id":7,"position":[167.8977161645889,-655.128002166748,3278.492212295532],"positionconfidence":1,"rotation":[0.1961987316608429,0.3879463076591492,0.9005574584007263,0.2328972965478897,0.8736900091171265,-0.4271120727062225,-0.952504575252533,0.2935362458229065,0.08106523007154465],"rotatio