{"motiondata":[{"position":[269.3605422973633,-740.0774955749512,2643.982410430908],"positionTracked":true,"id":4625,"skeleton":{"1":{"id":1,"position":[328.1214535236359,-270.1644003391266,2946.120023727417],"positionconfidence":1,"rotation":[0.9997543692588806,-0.02216056734323502,0,0.01955616101622582,0.8822588920593262,0.4703580141067505,-0.010423400439322,-0.4702424705028534,0.8824755549430847],"rotationconfidence":1},"2":{"id":2,"position":[324.5534598827362,-431.1312735080719,2860.30387878418],"positionconfidence":1,"rotation":[0.9997299313545227,-0.0231624748557806,0.001880310941487551,0.01955616101622582,0.8822588920593262,0.4703580141067505,-0.01255357824265957,-0.4701942801475525,0.8824737071990967],"rotationconfidence":1},"3":{"id":3,"position":[307.0008158683777,-766.6651010513306,2810.854434967041],"positionconfidence":1,"rotation":[0.9986635446548462,-0.05116250365972519,-0.007329402957111597,0.05168440937995911,0.9879917502403259,0.1456057131290436,-0.0002081625279970467,-0.1457899212837219,0.9893156290054321],"rotationconfidence":1},"4":{"id":4,"position":[303.9833307266235,-815.8907294273376,2749.121904373169],"positionconfidence":1,"rotation":[0.9978966116905212,-0.06476219743490219,0.002864319831132889,0.0381893664598465,0.6230008006095886,0.7812884449958801,-0.05238242447376251,-0.7795356512069702,0.6241635680198669],"rotationconfidence":1},"6":{"id":6,"position":[188.5386109352112,-560.7424974441528,2827.987909317017],"positionconfidence":1,"rotation":[0.2979414761066437,0.9499310255050659,-0.0941379964351654,0.02669644169509411,-0.1068699657917023,-0.9939144849777222,-0.9542106986045837,0.2936151921749115,-0.05720077082514763],"rotationconfidence":1},"7":{"id":7,"position":[113.3068427443504,-800.6049990653992,2851.758241653442],"positionconfidence":1,"rotation":[0.05750452354550362,0.3677027523517609,0.9281637668609619,0.2935558557510376,0.8823744654655457,-0.3677501082420349,-0.9542106986045837,0.2936151921749115,-0.05720077082514763],"rotationconfidence":1},"8":{"id":8,"position":[100.4437208175659,-882.856011390686,2644.138336181641],"positionconfidence":0.5,"rotation":[0.07235259562730789,0.3856499493122101,0.9198039174079895,0,0.9222209453582764,-0.3866633474826813,-0.9973791241645813,0.02797609753906727,0.06672508269548416],"rotationconfidence":0.5},"9":{"id":9,"position":[95.24347633123398,-910.5740785598755,2578.028678894043],"positionconfidence":0.5,"rotation":[0.07235259562730789,0.3856499493122101,0.9198039174079895,0,0.9222209453582764,-0.3866633474826813,-0.9973791241645813,0.02797609753906727,0.06672508269548416],"rotationconfidence":0.5},"12":{"id":12,"position":[461.0543847084045,-570.6512331962585,2826.585054397583],"positionconfidence":1,"rotation":[0.2572200000286102,-0.9618625640869141,0.09304988384246826,-0.2156443744897842,-0.1509943306446075,-0.9647271037101746,0.9419848918914795,0.2280814200639725,-0.2462590038776398],"rotationconfidence":1},"13":{"id":13,"position":[527.2892117500305,-818.3333873748779,2850.545644760132],"positionconfidence":1,"rotation":[-0.06106130033731461,-0.6049811840057373,-0.7938950061798096,-0.3300547599792481,0.7628740072250366,-0.5559561848640442,0.9419848918914795,0.2280814200639725,-0.2462590038776398],"rotationconfidence":1},"14":{"id":14,"position":[513.4136080741882,-955.8096528053284,2670.140504837036],"positionconfidence":0.5,"rotation":[0.1791044473648071,-0.727643609046936,-0.6621604561805725,0,-0.673043429851532,0.7396028637886047,-0.9838300347328186,-0.1324661672115326,-0.1205450743436813],"rotationconfidence":0.5},"15":{"id":15,"position":[528.647243976593,-1017.699003219605,2613.820791244507],"positionconfidence":0.5,"rotation":[0.1791044473648071,-0.727643609046936,-0.6621604561805725,0,-0.673043429851532,0.7396028637886047,-0.9838300347328186,-0.1324661672115326,-0.1205450743436813],"rotationconfidence":0.5},"17":{"id":17,"position":[235.4481667280197,-865.2756810188293,2735.060214996338],"positionconfidence":1,"rotation":[0.494964063167572,-0.4475075900554657,-0.7448137402534485,0.865395724773407,0.1768320351839066,0.4688502550125122,-0.07810712605714798,-0.87662273645401,0.4747967123985291],"rotationconfidence":1},"18":{"id":18,"position":[-54.22895029187203,-924.4673252105713,2578.120231628418],"positionconfidence":1,"rotation":[0.5691991448402405,-0.8221995830535889,0,0.7095301151275635,0.491199404001236,0.5052623152732849,-0.4154264628887177,-0.2875948846340179,0.8629656434059143],"rotationconfidence":1},"19":{"id":19,"position":[-261.6962194442749,-1068.094491958618,2430.381059646606],"positionconfidence":0.5,"rotation":[-0.9528461694717407,0.3034537732601166,0,-0.2659558653831482,-0.8351025581359863,-0.481530100107193,-0.1461221277713776,-0.458824098110199,0.876429557800293],"rotationconfidence":0.5},"20":{"id":20,"position":[-254.8880875110626,-1046.716928482056,2389.546394348145],"positionconfidence":0.5,"rotation":[-0.9528461694717407,0.3034537732601166,0,-0.2659558653831482,-0.8351025581359863,-0.481530100107193,-0.1461221277713776,-0.458824098110199,0.876429557800293],"rotationconfidence":0.5},"21":{"id":21,"position":[366.6108250617981,-882.9684853553772,2723.970890045166],"positionconfidence":1,"rotation":[0.8184964060783386,0.1689692437648773,0.5491021871566772,-0.567767322063446,0.3839222192764282,0.7281785607337952,-0.08777276426553726,-0.9077737927436829,0.410174161195755],"rotationconfidence":1},"22":{"id":22,"position":[567.9765939712524,-1019.131302833557,2465.713262557983],"positionconfidence":0.5,"rotation":[0.7326768040657043,0.6424031257629395,0.2247286289930344,-0.5506617426872253,0.3655191957950592,0.7504447102546692,0.3999454081058502,-0.673582911491394,0.6215542554855347],"rotationconfidence":0.5},"23":{"id":23,"position":[733.8799834251404,-1129.254937171936,2239.619255065918],"positionconfidence":0.5,"rotation":[-0.7083063125610352,0.7059053182601929,0,-0.6877704858779907,-0.6901097893714905,-0.225212037563324,-0.1589783579111099,-0.1595190763473511,0.9743098020553589],"rotationconfidence":0.5},"24":{"id":24,"position":[748.9859461784363,-1114.097595214844,2147.041320800781],"positionconfidence":0.5,"rotation":[-0.7083063125610352,0.7059053182601929,0,-0.6877704858779907,-0.6901097893714905,-0.225212037563324,-0.1589783579111099,-0.1595190763473511,0.9743098020553589],"rotationconfidence":0.5}},"skeletonTracked":true,"frameCount":1},{"position":[270.7874774932861,-737.8226518630981,2644.656896591187],"positionTracked":true,"id":4625,"skeleton":{"1":{"id":1,"position":[329.1413486003876,-269.6360647678375,2945.001363754273],"positionconfidence":1,"rotation":[0.9997420907020569,-0.02270876988768578,0,0.02004293352365494,0.882379949092865,0.4701103866100311,-0.01067562866955996,-0.469989150762558,0.8826075196266174],"rotationconfidence":1},"2":{"id":2,"position":[325.4873752593994,-430.5003881454468,2859.296798706055],"positionconfidence":1,"rotation":[0.9996790885925293,-0.02496948093175888,0.004245955962687731,0.02004293352365494,0.882379949092865,0.4701103866100311,-0.01548496074974537,-0.4698744714260101,0.8825973868370056],"rotationconfidence":1},"3":{"id":3,"position":[307.3417246341705,-766.2868499755859,2809.988975524902],"positionconfidence":1,"rotation":[0.9985709190368652,-0.0531679280102253,-0.005407850723713636,0.05338963866233826,0.9879787564277649,0.14507757127285,-0.00237063248641789,-0.145158976316452,0.9894055128097534],"rotationconfidence":1},"4":{"id":4,"position":[304.2812943458557,-815.6049251556396,2748.350143432617],"positionconfidence":1,"rotation":[0.9976876974105835,-0.06780198961496353,0.004713097587227821,0.03873967379331589,0.6242802143096924,0.7802394032478333,-0.05584407225251198,-0.7782526016235352,0.6254633069038391],"rotationconfidence":1},"6":{"id":6,"position":[189.1876012086868,-559.8359704017639,2826.874494552612],"positionconfidence":1,"rotation":[0.2993997633457184,0.9497434496879578,-0.09136247634887695,0.0297643207013607,-0.1050053164362907,-0.9940260648727417,-0.9536633491516113,0.2948918342590332,-0.05970703810453415],"rotationconfidence":1},"7":{"id":7,"position":[113.414540886879,-800.2001047134399,2849.99680519104],"positionconfidence":1,"rotation":[0.05626637861132622,0.3697399199008942,0.9274300932884216,0.2955676317214966,0.881096601486206,-0.3691999018192291,-0.9536633491516113,0.2948918342590332,-0.05970703810453415],"rotationconfidence":1},"8":{"id":8,"position":[100.8212417364121,-882.9537034034729,2642.423391342163],"positionconfidence":1,"rotation":[0.07064025104045868,0.3890393376350403,0.9185087084770203,0,0.9208090901374817,-0.3900136649608612,-0.9975018501281738,0.02755066379904747,0.06504618376493454],"rotationconfidence":1},"9":{"id":9,"position":[95.78119218349457,-910.7109308242798,2576.889514923096],"positionconfidence":0.5,"rotation":[0.07064025104045868,0.3890393376350403,0.9185087084770203,0,0.9208090901374817,-0.3900136649608612,-0.9975018501281738,0.02755066379904747,0.06504618376493454],"rotationconfidence":0.5},"12":{"id":12,"position":[461.679220199585,-570.5393552780151,2825.95705986023],"positionconfidence":1,"rotation":[0.254866361618042,-0.9625534415245056,0.09238020330667496,-0.2076717168092728,-0.1477916687726975,-0.9669695496559143,0.9444128274917603,0.2272632420063019,-0.2375622242689133],"rotationconfidence":1},"13":{"id":13,"position":[527.198314666748,-817.9852366447449,2849.705457687378],"positionconfidence":1,"rotation":[-0.05055405199527741,-0.6136139035224915,-0.7879862785339355,-0.3248518109321594,0.7561940550804138,-0.5680157542228699,0.9444128274917603,0.2272632420063019,-0.2375622242689133],"rotationconfidence":1},"14":{"id":14,"position":[515.7124996185303,-957.3975205421448,2670.675992965698],"positionconfidence":0.5,"rotation":[0.2065459936857224,-0.7245811223983765,-0.6575112342834473,0,-0.6720016598701477,0.740549623966217,-0.9784369468688965,-0.152957558631897,-0.138799250125885],"rotationconfidence":0.5},"15":{"id":15,"position":[533.7650775909424,-1020.727515220642,2613.208055496216],"positionconfidence":0.5,"rotation":[0.2065459936857224,-0.7245811223983765,-0.6575112342834473,0,-0.6720016598701477,0.740549623966217,-0.9784369468688965,-0.152957558631897,-0.138799250125885],"rotationconfidence":0.5},"17":{"id":17,"position":[235.575407743454,-864.8920655250549,2734.085321426392],"positionconfidence":1,"rotation":[0.4931972026824951,-0.4556348919868469,-0.7410489320755005,0.8662086129188538,0.178640678524971,0.4666584432125092,-0.08024439215660095,-0.8720576167106628,0.4827799797058106],"rotationconfidence":1},"18":{"id":18,"position":[-54.98331412672997,-924.8148202896118,2577.550649642944],"positionconfidence":1,"rotation":[0.5664779543876648,-0.8240768909454346,0,0.7124047875404358,0.4897135198116303,0.5026531219482422,-0.4142248332500458,-0.2847419083118439,0.8644882440567017],"rotationconfidence":1},"19":{"id":19,"position":[-264.362633228302,-1068.74406337738,2429.818391799927],"positionconfidence":0.5,"rotation":[-0.5733926296234131,-0.819280743598938,0,0.7707006335258484,-0.5393927097320557,-0.3392288684844971,0.2779236733913422,-0.1945113390684128,0.9407039284706116],"rotationconfidence":0.5},"20":{"id":20,"position":[-283.2181453704834,-1055.547595024109,2365.997076034546],"positionconfidence":0.5,"rotation":[-0.5733926296234131,-0.819280743598938,0,0.7707006335258484,-0.5393927097320557,-0.3392288684844971,0.2779236733913422,-0.1945113390684128,0.9407039284706116],"rotationconfidence":0.5},"21":{"id":21,"position":[366.788923740387,-882.8517198562622,2723.453760147095],"positionconfidence":1,"rotation":[0.8178250789642334,0.165984645485878,0.5510092973709106,-0.5682005882263184,0.3845897018909454,0.7274880409240723,-0.09116066992282867,-0.908041775226593,0.4088396728038788],"rotationconfidence":1},"22":{"id":22,"position":[568.4108138084412,-1019.320607185364,2465.309858322144],"positionconfidence":0.5,"rotation":[0.7330990433692932,0.6416181921958923,0.2255920469760895,-0.5512574315071106,0.3662846386432648,0.7496338486671448,0.3983478248119354,-0.6739151477813721,0.6222197413444519],"rotationconfidence":0.5},"23":{"id":23,"position":[734.4334721565247,-1129.634857177734,2239.542007446289],"positionconfidence":0.5,"rotation":[-0.7040516138076782,0.7101488709449768,0,-0.6917744278907776,-0.6858349442481995,-0.2260060161352158,-0.1604979038238525,-0.1591198742389679,0.9741259217262268],"rotationconfidence":0.5},"24":{"id":24,"position":[749.6576309204102,-1114.541411399841,2147.140502929688],"positionconfidence":0.5,"rotation":[-0.7040516138076782,0.7101488709449768,0,-0.6917744278907776,-0.6858349442481995,-0.2260060161352158,-0.1604979038238525,-0.1591198742389679,0.9741259217262268],"rotationconfidence":0.5}},"skeletonTracked":true,"frameCount":2},{"position":[269.6606814861298,-735.9067797660828,2643.544912338257],"positionTracked":true,"id":4625,"skeleton":{"1":{"id":1,"position":[330.0437033176422,-269.0833210945129,2943.930625915527],"positionconfidence":1,"rotation":[0.9997174739837646,-0.02376885153353214,0,0.02098333090543747,0.8825585842132568,0.4697339534759522,-0.01116503681987524,-0.4696012437343597,0.8828079700469971],"rotationconfidence":1},"2":{"id":2,"position":[326.2214958667755,-429.8453032970429,2858.3664894104],"positionconfidence":1,"rotation":[0.999570369720459,-0.02813581936061382,0.008211442269384861,0.02098333090543747,0.8825585842132568,0.4697339534759522,-0.02046342939138413,-0.4693598449230194,0.8827698230743408],"rotationconfidence":1},"3":{"id":3,"position":[307.6252639293671,-765.8254504203796,2809.125661849976],"positionconfidence":1,"rotation":[0.9984837770462036,-0.05502187460660934,-0.001660792855545878,0.05468223243951798,0.9879498481750488,0.1447926908731461,-0.006325985305011272,-0.1446639746427536,0.9894606471061707],"rotationconfidence":1},"4":{"id":4,"position":[304.5906722545624,-815.231204032898,2747.575998306274],"positionconfidence":1,"rotation":[0.9974892735481262,-0.07043388485908508,0.007357737980782986,0.03842025250196457,0.6255146265029907,0.779265820980072,-0.05948909744620323,-0.7770267128944397,0.6266502737998962],"rotationconfidence":1},"6":{"id":6,"position":[189.8965686559677,-558.5241317749023,2825.319051742554],"positionconfidence":1,"rotation":[0.3008925020694733,0.9494324326515198,-0.08967556804418564,0.03697086125612259,-0.1055756956338882,-0.9937236905097961,-0.9529411196708679,0.295688658952713,-0.06686827540397644],"rotationconfidence":1},"7":{"id":7,"position":[113.4651973843575,-799.6947169303894,2848.098039627075],"positionconfidence":1,"rotation":[0.07074953615665436,0.4314006268978119,0.8993820548057556,0.2947840988636017,0.8523272275924683,-0.4320192337036133,-0.9529411196708679,0.295688658952713,-0.06686827540397644],"rotationconfidence":1},"8":{"id":8,"position":[96.0702896118164,-905.7614803314209,2626.970529556274],"positionconfidence":1,"rotation":[0.05787596851587296,0.3749496042728424,0.9252368807792664,0,0.9267903566360474,-0.3755791485309601,-0.9983238577842712,0.02173700742423534,0.05363889038562775],"rotationconfidence":1},"9":{"id":9,"position":[92.1805277466774,-930.9613108634949,2564.786672592163],"positionconfidence":0.5,"rotation":[0.05787596851587296,0.3749496042728424,0.9252368807792664,0,0.9267903566360474,-0.3755791485309601,-0.9983238577842712,0.02173700742423534,0.05363889038562775],"rotationconfidence":0.5},"12":{"id":12,"position":[462.2517228126526,-570.3849792480469,2825.326204299927],"positionconfidence":1,"rotation":[0.2521997094154358,-0.9634085893630981,0.0907706618309021,-0.2023425549268723,-0.1442320644855499,-0.9686354398727417,0.9462836384773254,0.2259227931499481,-0.2313138097524643],"rotationconfidence":1},"13":{"id":13,"position":[526.962399482727,-817.5812363624573,2848.616600036621],"positionconfidence":1,"rotation":[-0.04339023679494858,-0.6201953887939453,-0.7832465171813965,-0.3204129934310913,0.7512101531028748,-0.5770779252052307,0.9462836384773254,0.2259227931499481,-0.2313138097524643],"rotationconfidence":1},"14":{"id":14,"position":[517.1144604682922,-958.3420753479004,2670.849323272705],"positionconfidence":0.5,"rotation":[0.2097291797399521,-0.7211148142814636,-0.660308301448822,0,-0.6753279566764832,0.7375175952911377,-0.9777595400810242,-0.1546789556741715,-0.1416359841823578],"rotationconfidence":0.5},"15":{"id":15,"position":[535.5479121208191,-1021.722078323364,2612.813711166382],"positionconfidence":0.5,"rotation":[0.2097291797399521,-0.7211148142814636,-0.660308301448822,0,-0.6753279566764832,0.7375175952911377,-0.9777595400810242,-0.1546789556741715,-0.1416359841823578],"rotationconfidence":0.5},"17":{"id":17,"position":[235.7670664787293,-864.443838596344,2733.089685440064],"positionconfidence":1,"rotation":[0.4910345077514648,-0.4642192423343658,-0.7371469140052795,0.8672288060188293,0.1803948879241943,0.4640818238258362,-0.08245816081762314,-0.8671551942825317,0.4911643862724304],"rotationconfidence":1},"18":{"id":18,"position":[-54.95214089751244,-924.9172210693359,2577.516555786133],"positionconfidence":1,"rotation":[0.5640313625335693,-0.8257533311843872,0,0.7148590683937073,0.4882849454879761,0.500554084777832,-0.4133341908454895,-0.282328188419342,0.8657052516937256],"rotationconfidence":1},"19":{"id":19,"position":[-266.5044963359833,-1069.41819190979,2429.384708404541],"positionconfidence":0.5,"rotation":[-0.2917203009128571,-0.956503689289093,0,0.8830980658531189,-0.269332617521286,-0.3841843903064728,0.3674737811088562,-0.1120743900537491,0.9232563376426697],"rotationconfidence":0.5},"20":{"id":20,"position":[-296.5430915355682,-1060.256838798523,2353.914499282837],"positionconfidence":0.5,"rotation":[-0.2917203009128571,-0.956503689289093,0,0.8830980658531189,-0.269332617521286,-0.3841843903064728,0.3674737811088562,-0.1120743900537491,0.9232563376426697],"rotationconfidence":0.5},"21":{"id":21,"position":[367.0035004615784,-882.660984992981,2722.959518432617],"positionconfidence":1,"rotation":[0.8177376985549927,0.1626849621534348,0.5521220564842224,-0.5677644610404968,0.3856293261051178,0.7272781729698181,-0.0945972204208374,-0.9081980586051941,0.4077103734016419],"rotationconfidence":1},"22":{"id":22,"position":[568.4893131256104,-1019.511461257935,2464.866161346436],"positionconfidence":0.5,"rotation":[0.7358308434486389,0.6384291052818298,0.2257459610700607,-0.5493896007537842,0.3679417073726654,0.7501932978630066,0.3958838880062103,-0.6760378479957581,0.6214891672134399],"rotationconfidence":0.5},"23":{"id":23,"position":[733.9746356010437,-1130.341649055481,2238.895416259766],"positionconfidence":0.5,"rotation":[-0.6997588276863098,0.714379072189331,0,-0.6958733797073364,-0.681631863117218,-0.2261375486850739,-0.1615479588508606,-0.1582417637109757,0.9740954041481018],"rotationconfidence":0.5},"24":{"id":24,"position":[749.2764592170715,-1115.352988243103,2146.629095077515],"positionconfidence":0.5,"rotation":[-0.6997588276863098,0.714379072189331,0,-0.6958733797073364,-0.681631863117218,-0.2261375486850739,-0.1615479588508606,-0.1582417637109757,0.9740954041481018],"rotationconfidence":0.5}},"skeletonTracked":true,"frameCount":3},{"position":[269.0756916999817,-738.6173009872437,2641.205549240112],"positionTracked":true,"id":4625,"skeleton":{"1":{"id":1,"position":[330.7285904884338,-268.5635387897492,2943.087100982666],"positionconfidence":1,"rotation":[0.9997144341468811,-0.02389606647193432,0,0.02108643017709255,0.8821706771850586,0.4704575836658478,-0.01124208606779575,-0.4703232347965241,0.8824226260185242],"rotationconfidence":1},"2":{"id":2,"position":[326.8896639347076,-429.1686415672302,2857.437133789063],"positionconfidence":1,"rotation":[0.999471127986908,-0.03025129809975624,0.01192781236022711,0.02108643017709255,0.8821706771850586,0.4704575836658478,-0.02475431747734547,-0.4699572622776032,0.8823419213294983],"rotationconfidence":1},"3":{"id":3,"position":[307.9274594783783,-765.235960483551,2808.17723274231],"positionconfidence":1,"rotation":[0.9983983039855957,-0.05655601993203163,0.001518426230177283,0.05574049428105354,0.987889289855957,0.1448023319244385,-0.009689480997622013,-0.1444857716560364,0.9894594550132751],"rotationconfidence":1},"4":{"id":4,"position":[304.9561977386475,-814.7240281105042,2746.713638305664],"positionconfidence":1,"rotation":[0.9974139332771301,-0.07128287851810455,0.009177369996905327,0.03762697800993919,0.626698911190033,0.7783526182174683,-0.06123465672135353,-0.7759943604469299,0.6277602910995483],"rotationconfidence":1},"6":{"id":6,"position":[190.292239189148,-557.3108196258545,2823.915243148804],"positionconfidence":1,"rotation":[0.3028169572353363,0.9492995738983154,-0.08445242047309875,0.01844771206378937,-0.09443473070859909,-0.9953600764274597,-0.9528701305389404,0.2998539507389069,-0.04610884189605713],"rotationconfidence":1},"7":{"id":7,"position":[113.2430732250214,-798.8519072532654,2845.403432846069],"positionconfidence":1,"rotation":[0.09155748784542084,0.4291269779205322,0.8985918164253235,0.2892328500747681,0.8520196676254272,-0.4363561570644379,-0.9528701305389404,0.2998539507389069,-0.04610884189605713],"rotationconfidence":1},"8":{"id":8,"position":[90.71808308362961,-904.4257998466492,2624.331712722778],"positionconfidence":1,"rotation":[0.03733082860708237,0.4068286418914795,0.912741482257843,0,0.9133780598640442,-0.4071123898029327,-0.9993030428886414,0.01519784238189459,0.03409716114401817],"rotationconfidence":1},"9":{"id":9,"position":[88.18529546260834,-932.0279359817505,2562.404870986939],"positionconfidence":0.5,"rotation":[0.03733082860708237,0.4068286418914795,0.912741482257843,0,0.9133780598640442,-0.4071123898029327,-0.9993030428886414,0.01519784238189459,0.03409716114401817],"rotationconfidence":0.5},"12":{"id":12,"position":[463.0038738250732,-570.1934099197388,2824.704647064209],"positionconfidence":1,"rotation":[0.2490343600511551,-0.9644785523414612,0.08810845017433167,-0.1988000124692917,-0.1399439871311188,-0.9699970483779907,0.9478715062141418,0.2240466177463532,-0.2265891879796982],"rotationconfidence":1},"13":{"id":13,"position":[526.7777442932129,-817.1815276145935,2847.267866134644],"positionconfidence":1,"rotation":[-0.03796377778053284,-0.6266201734542847,-0.7783995270729065,-0.3163831233978272,0.7464249134063721,-0.585449755191803,0.9478715062141418,0.2240466177463532,-0.2265891879796982],"rotationconfidence":1},"14":{"id":14,"position":[518.1784629821777,-959.1190218925476,2670.950412750244],"positionconfidence":0.5,"rotation":[0.2009712159633637,-0.7188838124275208,-0.6654447317123413,0,-0.6793044805526733,0.7338566184043884,-0.9795972108840942,-0.1474840641021729,-0.136520653963089],"rotationconfidence":0.5},"15":{"id":15,"position":[535.760760307312,-1022.011756896973,2612.732887268066],"positionconfidence":0.5,"rotation":[0.2009712159633637,-0.7188838124275208,-0.6654447317123413,0,-0.6793044805526733,0.7338566184043884,-0.9795972108840942,-0.1474840641021729,-0.136520653963089],"rotationconfidence":0.5},"17":{"id":17,"position":[236.035019159317,-864.016592502594,2732.105731964111],"positionconfidence":1,"rotation":[0.4882737696170807,-0.4705666601657867,-0.7349527478218079,0.8687220215797424,0.1818636655807495,0.4607033431529999,-0.08313044905662537,-0.8634190559387207,0.4975909292697907],"rotationconfidence":1},"18":{"id":18,"position":[-54.9650564789772,-924.9363541603088,2577.781677246094],"positionconfidence":1,"rotation":[0.5631550550460815,-0.8263512849807739,0,0.7144009470939636,0.4868613481521606,0.5025906562805176,-0.4153164327144623,-0.283036470413208,0.8645245432853699],"rotationconfidence":1},"19":{"id":19,"position":[-267.706960439682,-1069.919109344482,2428.114891052246],"positionconfidence":0.5,"rotation":[-0.1936413943767548,-0.9810724258422852,0,0.9031547904014587,-0.1782622337341309,-0.3905560672283173,0.3831637501716614,-0.07562781870365143,0.9205791354179382],"rotationconfidence":0.5},"20":{"id":20,"position":[-302.8258085250855,-1062.987446784973,2343.73927116394],"positionconfidence":0.5,"rotation":[-0.1936413943767548,-0.9810724258422852,0,0.9031547904014587,-0.1782622337341309,-0.3905560672283173,0.3831637501716614,-0.07562781870365143,0.9205791354179382],"rotationconfidence":0.5},"21":{"id":21,"position":[367.314487695694,-882.3041319847107,2722.305536270142],"positionconfidence":1,"rotation":[0.8180856108665466,0.1620699316263199,0.551787257194519,-0.5670419931411743,0.3873357772827148,0.7269348502159119,-0.09591268002986908,-0.9075815677642822,0.4087743163108826],"rotationconfidence":1},"22":{"id":22,"position":[568.4319734573364,-1019.683718681335,2464.4775390625],"positionconfidence":0.5,"rotation":[0.7394601702690125,0.6342955827713013,0.2255385518074036,-0.546777069568634,0.3704414367675781,0.750871479511261,0.3927256464958191,-0.678558886051178,0.6207449436187744],"rotationconfidence":0.5},"23":{"id":23,"position":[733.2137227058411,-1131.323337554932,2238.188028335571],"positionconfidence":0.5,"rotation":[-0.6938195824623108,0.7201488018035889,0,-0.7015339732170105,-0.6758853197097778,-0.225896418094635,-0.1626790463924408,-0.1567313671112061,0.9741513729095459],"rotationconfidence":0.5},"24":{"id":24,"position":[748.6036419868469,-1116.496086120606,2146.030426025391],"positionconfidence":0.5,"rotation":[-0.6938195824623108,0.7201488018035889,0,-0.7015339732170105,-0.6758853197097778,-0.225896418094635,-0.1626790463924408,-0.1567313671112061,0.9741513729095459],"rotationconfidence":0.5}},"skeletonTracked":true,"frameCount":4},{"position":[270.0380980968475,-739.6155595779419,2641.283273696899],"positionTracked":true,"id":4625,"skeleton":{"1":{"id":1,"position":[331.2743008136749,-267.8701281547546,2942.393302917481],"positionconfidence":1,"rotation":[0.9997283816337585,-0.02330742031335831,0,0.02055609785020351,0.8817155361175537,0.4713334441184998,-0.01098556630313397,-0.4712054133415222,0.8819551467895508],"rotationconfidence":1},"2":{"id":2,"position":[327.5308310985565,-428.4392893314362,2856.558799743652],"positionconfidence":1,"rotation":[0.9993897080421448,-0.03143836930394173,0.01522520277649164,0.02055609785020351,0.8817155361175537,0.4713334441184998,-0.02824225090444088,-0.4707327783107758,0.8818236589431763],"rotationconfidence":1},"3":{"id":3,"position":[308.1939518451691,-764.5900845527649,2807.213544845581],"positionconfidence":1,"rotation":[0.9983037710189819,-0.05805972591042519,0.004311332479119301,0.0568225122988224,0.9877980947494507,0.1450038105249405,-0.01267760712653399,-0.1445128619670868,0.9894216656684875],"rotationconfidence":1},"4":{"id":4,"position":[305.2837252616882,-814.1564726829529,2745.831727981567],"positionconfidence":1,"rotation":[0.997334361076355,-0.07213938981294632,0.01096774078905582,0.03686187788844109,0.6278240084648132,0.7774820923805237,-0.06297288089990616,-0.7750051617622375,0.6288095712661743],"rotationconfidence":1},"6":{"id":6,"position":[190.5955374240875,-556.2448501586914,2822.696685791016],"positionconfidence":1,"rotation":[0.3043535351753235,0.9490513205528259,-0.08167317509651184,-0.008106469176709652,-0.08315712213516235,-0.9965035319328308,-0.952524721622467,0.3039514720439911,-0.01761570945382118],"rotationconfidence":1},"7":{"id":7,"position":[113.0318939685822,-798.107922077179,2843.510866165161],"positionconfidence":1,"rotation":[0.1167977079749107,0.4182278513908386,0.9008017182350159,0.2811673879623413,0.8559784293174744,-0.4338732063770294,-0.952524721622467,0.3039514720439911,-0.01761570945382118],"rotationconfidence":1},"8":{"id":8,"position":[84.54075455665588,-900.1286625862122,2623.773097991943],"positionconfidence":1,"rotation":[0.02560671232640743,0.4391320645809174,0.8980574011802673,0,0.8983520865440369,-0.4392761588096619,-0.999671995639801,0.01124841812998056,0.02300384268164635],"rotationconfidence":1},"9":{"id":9,"position":[82.75686949491501,-930.7206869125366,2561.210155487061],"positionconfidence":0.5,"rotation":[0.02560671232640743,0.4391320645809174,0.8980574011802673,0,0.8983520865440369,-0.4392761588096619,-0.999671995639801,0.01124841812998056,0.02300384268164635],"rotationconfidence":0.5},"12":{"id":12,"position":[463.5721743106842,-569.7711706161499,2824.21875],"positionconfidence":1,"rotation":[0.246719241142273,-0.9653365612030029,0.08517584204673767,-0.1493351757526398,-0.1247150450944901,-0.9808900356292725,0.9575117230415344,0.2292846888303757,-0.1749283075332642],"rotationconfidence":1},"13":{"id":13,"position":[526.6992449760437,-816.7679905891418,2846.012353897095],"positionconfidence":1,"rotation":[-0.04172396659851074,-0.4900410771369934,-0.8707001805305481,-0.2853602766990662,0.8410043120384216,-0.4596534073352814,0.9575117230415344,0.2292846888303757,-0.1749283075332642],"rotationconfidence":1},"14":{"id":14,"position":[517.1941518783569,-928.4037351608276,2647.659063339233],"positionconfidence":1,"rotation":[-0.4647976756095886,-0.5912707448005676,-0.6590614914894104,0,-0.7443515658378601,0.6677879095077515,-0.8854169249534607,0.3103862702846527,0.345972865819931],"rotationconfidence":1},"15":{"id":15,"position":[488.6611700057983,-964.7006392478943,2607.200622558594],"positionconfidence":0.5,"rotation":[-0.4647976756095886,-0.5912707448005676,-0.6590614914894104,0,-0.7443515658378601,0.6677879095077515,-0.8854169249534607,0.3103862702846527,0.345972865819931],"rotationconfidence":0.5},"17":{"id":17,"position":[236.2880557775497,-863.5300397872925,2731.073141098023],"positionconfidence":1,"rotation":[0.4825783371925354,-0.4790636599063873,-0.7332229018211365,0.8718690872192383,0.1830011457204819,0.4542628824710846,-0.08344023674726486,-0.8584918975830078,0.5059932470321655],"rotationconfidence":1},"18":{"id":18,"position":[-50.69087818264961,-923.7655401229858,2581.55083656311],"positionconfidence":1,"rotation":[0.5588539242744446,-0.8292660713195801,0,0.7135623097419739,0.4808795750141144,0.5094934701919556,-0.422505646944046,-0.2847324311733246,0.8604744672775269],"rotationconfidence":1},"19":{"id":19,"position":[-268.4125304222107,-1070.491194725037,2426.09453201294],"positionconfidence":0.5,"rotation":[-0.1502159088850021,-0.9886531829833984,0,0.9146592617034912,-0.138973280787468,-0.3795851767063141,0.375278115272522,-0.05701973289251328,0.925156831741333],"rotationconfidence":0.5},"20":{"id":20,"position":[-305.3624033927918,-1064.877033233643,2335.003614425659],"positionconfidence":0.5,"rotation":[-0.1502159088850021,-0.9886531829833984,0,0.9146592617034912,-0.138973280787468,-0.3795851767063141,0.375278115272522,-0.05701973289251328,0.925156831741333],"rotationconfidence":0.5},"21":{"id":21,"position":[367.5862848758698,-881.8485736846924,2721.644639968872],"positionconfidence":1,"rotation":[0.8188145756721497,0.1617637425661087,0.5507949590682983,-0.565800130367279,0.3895722627639771,0.7267073392868042,-0.09701955318450928,-0.9066784977912903,0.4105134606361389],"rotationconfidence":1},"22":{"id":22,"position":[568.0985450744629,-1019.907951354981,2464.108943939209],"positionconfidence":0.5,"rotation":[0.7449114918708801,0.6281672120094299,0.2247506082057953,-0.5426728129386902,0.3745371103286743,0.7518166303634644,0.388089120388031,-0.6820029020309448,0.6198862791061401],"rotationconfidence":0.5},"23":{"id":23,"position":[731.7628860473633,-1132.864356040955,2237.369060516357],"positionconfidence":0.5,"rotation":[-0.6858532428741455,0.7277399301528931,0,-0.7090669870376587,-0.668255090713501,-0.2250760942697525,-0.1637968420982361,-0.1543691605329514,0.9743412137031555],"rotationconfidence":0.5},"24":{"id":24,"position":[747.2405433654785,-1118.277549743652,2145.300626754761],"positionconfidence":0.5,"rotation":[-0.6858532428741455,0.7277399301528931,0,-0.7090669870376587,-0.668255090713501,-0.2250760942697525,-0.1637968420982361,-0.1543691605329514,0.9743412137031555],"rotationconfidence":0.5}},"skeletonTracked":true,"frameCount":5},{"position":[270.056277513504,-737.791121006012,2641.475200653076],"positionTracked":true,"id":4625,"skeleton":{"1":{"id":1,"position":[331.6887617111206,-267.2771811485291,2941.84947013855],"positionconfidence":1,"rotation":[0.9997379779815674,-0.02288948930799961,0,0.02017630822956562,0.8812351226806641,0.4722474813461304,-0.01080950349569321,-0.4721237421035767,0.8814660310745239],"rotationconfidence":1},"2":{"id":2,"position":[328.0138969421387,-427.7832508087158,2855.835437774658],"positionconfidence":1,"rotation":[0.9993152022361755,-0.03242788091301918,0.01781713403761387,0.02017630822956562,0.8812351226806641,0.4722474813461304,-0.03101506642997265,-0.4715645611286163,0.8812858462333679],"rotationconfidence":1},"3":{"id":3,"position":[308.4335029125214,-763.9502882957458,2806.372165679932],"positionconfidence":1,"rotation":[0.9982321262359619,-0.05908847972750664,0.006425393745303154,0.05753013491630554,0.9877091646194458,0.1453305035829544,-0.01493377797305584,-0.1447039097547531,0.9893622994422913],"rotationconfidence":1},"4":{"id":4,"position":[305.5976927280426,-813.5724067687988,2745.053052902222],"positionconfidence":1,"rotation":[0.997361958026886,-0.07161843031644821,0.01183202024549246,0.03592676669359207,0.6286606788635254,0.7768494486808777,-0.06307505816221237,-0.7743749618530273,0.629575252532959],"rotationconfidence":1},"6":{"id":6,"position":[190.7926797866821,-555.3181767463684,2821.729421615601],"positionconfidence":1,"rotation":[0.3052717745304108,0.9488952159881592,-0.08004417270421982,-0.08762515336275101,-0.05570901557803154,-0.9945946335792542,-0.948225200176239,0.310635507106781,0.06614069640636444],"rotationconfidence":1},"7":{"id":7,"position":[112.8611341118813,-797.5576519966125,2842.163562774658],"positionconfidence":1,"rotation":[0.1606060713529587,0.289330780506134,0.9436595439910889,0.2739976346492767,0.9054243564605713,-0.3242406845092773,-0.948225200176239,0.310635507106781,0.06614069640636444],"rotationconfidence":1},"8":{"id":8,"position":[74.80848580598831,-866.1092519760132,2618.58081817627],"positionconfidence":1,"rotation":[0.05608097836375237,0.4681136906147003,0.8818870186805725,0,0.8832770586013794,-0.4688515365123749,-0.9984263777732849,0.02629365213215351,0.04953503981232643],"rotationconfidence":1},"9":{"id":9,"position":[70.72445750236511,-900.1990556716919,2554.35848236084],"positionconfidence":0.5,"rotation":[0.05608097836375237,0.4681136906147003,0.8818870186805725,0,0.8832770586013794,-0.4688515365123749,-0.9984263777732849,0.02629365213215351,0.04953503981232643],"rotationconfidence":0.5},"12":{"id":12,"position":[464.1752541065216,-569.4494247436523,2823.789119720459],"positionconfidence":1,"rotation":[0.2446533441543579,-0.9660374522209167,0.08316455781459808,-0.1283234506845474,-0.1172760352492333,-0.9847738146781921,0.9610816240310669,0.2302562445402145,-0.1526572406291962],"rotationconfidence":1},"13":{"id":13,"position":[526.7172455787659,-816.4025545120239,2845.048904418945],"positionconfidence":1,"rotation":[-0.03648698702454567,-0.4419419765472412,-0.8963012099266052,-0.2738445997238159,0.8669885993003845,-0.4163409471511841,0.9610816240310669,0.2302562445402145,-0.1526572406291962],"rotationconfidence":1},"14":{"id":14,"position":[518.3601379394531,-917.6265001296997,2639.756917953491],"positionconfidence":0.5,"rotation":[-0.8567603826522827,-0.2197441160678864,-0.4665556252002716,0,-0.9046777486801147,0.4260962605476379,-0.5157146453857422,0.3650623857975006,0.7750920653343201],"rotationconfidence":0.5},"15":{"id":15,"position":[467.227965593338,-930.741012096405,2611.912488937378],"positionconfidence":0.5,"rotation":[-0.8567603826522827,-0.2197441160678864,-0.4665556252002716,0,-0.9046777486801147,0.4260962605476379,-0.5157146453857422,0.3650623857975006,0.7750920653343201],"rotationconfidence":0.5},"17":{"id":17,"position":[236.5051507949829,-863.1061315536499,2730.228662490845],"positionconfidence":1,"rotation":[0.480270117521286,-0.4826156497001648,-0.7324087619781494,0.8731985688209534,0.1841997504234314,0.4512145519256592,-0.08285371214151382,-0.8562432527542114,0.5098850131034851],"rotationconfidence":1},"18":{"id":18,"position":[-50.09307339787483,-923.563539981842,2582.132577896118],"positionconfidence":1,"rotation":[0.5585454702377319,-0.8294739127159119,0,0.7130430936813354,0.4801441133022308,0.5109119415283203,-0.4237881302833557,-0.2853675484657288,0.8596329689025879],"rotationconfidence":1},"19":{"id":19,"position":[-269.1079676151276,-1071.04229927063,2425.203323364258],"positionconfidence":0.5,"rotation":[-0.121961697936058,-0.9925347566604614,0,0.9188505411148071,-0.1129074543714523,-0.378107875585556,0.3752852380275726,-0.04611467942595482,0.9257615804672241],"rotationconfidence":0.5},"20":{"id":20,"position":[-307.4729442596436,-1066.328048706055,2330.56378364563],"positionconfidence":0.5,"rotation":[-0.121961697936058,-0.9925347566604614,0,0.9188505411148071,-0.1129074543714523,-0.378107875585556,0.3752852380275726,-0.04611467942595482,0.9257615804672241],"rotationconfidence":0.5},"21":{"id":21,"position":[367.9205179214478,-881.3309669494629,2720.978260040283],"positionconfidence":1,"rotation":[0.8193393349647522,0.1635339558124542,0.5494905710220337,-0.5651333332061768,0.3916674554347992,0.7260999083518982,-0.09647557139396667,-0.9054574966430664,0.4133269786834717],"rotationconfidence":1},"22":{"id":22,"position":[568.0116415023804,-1020.004749298096,2463.895320892334],"positionconfidence":0.5,"rotation":[0.7472808361053467,0.6254637241363525,0.224424883723259,-0.5410282611846924,0.3765791952610016,0.751981794834137,0.3858235776424408,-0.6833617687225342,0.6198039650917053],"rotationconfidence":0.5},"23":{"id":23,"position":[731.2503457069397,-1133.625984191895,2237.007856369019],"positionconfidence":0.5,"rotation":[-0.6804511547088623,0.7327935099601746,0,-0.7140532732009888,-0.6630494594573975,-0.2247076779603958,-0.1646643131971359,-0.1529025733470917,0.97442626953125],"rotationconfidence":0.5},"24":{"id":24,"position":[746.7980980873108,-1119.188785552979,2145.001649856567],"positionconfidence":0.5,"rotation":[-0.6804511547088623,0.7327935099601746,0,-0.7140532732009888,-0.6630494594573975,-0.2247076779603958,-0.1646643131971359,-0.1529025733470917,0.97442626953125],"rotationconfidence":0.5}},"skeletonTracked":true,"frameCount":6},{"position":[270.6804871559143,-735.5024814605713,2640.77353477478],"positionTracked":true,"id":4625,"skeleton":{"1":{"id":1,"position":[331.9284617900848,-266.6487991809845,2941.421985626221],"positionconfidence":1,"rotation":[0.9997584223747253,-0.02197753451764584,0,0.01936398446559906,0.8808680176734924,0.4729656577110291,-0.01039461884647608,-0.4728513956069946,0.8810808062553406],"rotationconfidence":1},"2":{"id":2,"position":[328.3994495868683,-427.1836280822754,2855.225801467896],"positionconfidence":1,"rotation":[0.999272882938385,-0.03259041532874107,0.01978568732738495,0.01936398446559906,0.8808680176734924,0.4729656577110291,-0.0328427292406559,-0.4722386598587036,0.8808586597442627],"rotationconfidence":1},"3":{"id":3,"position":[308.6732923984528,-763.2883787155151,2805.590391159058],"positionconfidence":1,"rotation":[0.9981833696365356,-0.05973950028419495,0.007825211621820927,0.05796318128705025,0.987607479095459,0.1458482891321182,-0.01644114218652248,-0.1451297700405121,0.9892760515213013],"rotationconfidence":1},"4":{"id":4,"position":[305.9031963348389,-812.9317164421082,2744.313716888428],"positionconfidence":1,"rotation":[0.9974716901779175,-0.07009638845920563,0.01169656403362751,0.03510399907827377,0.6291044354438782,0.7765277028083801,-0.06179015338420868,-0.7741538286209106,0.6299745440483093],"rotationconfidence":1},"6":{"id":6,"position":[190.8623725175858,-554.5556545257568,2821.003437042236],"positionconfidence":1,"rotation":[0.3056302070617676,0.9488296508789062,-0.0794498473405838,-0.09541156142950058,-0.05250325053930283,-0.9940522313117981,-0.9473577737808228,0.3113928735256195,0.0744827538728714],"rotationconfidence":1},"7":{"id":7,"position":[112.7380877733231,-797.0926761627197,2841.312170028687],"positionconfidence":1,"rotation":[0.1643690466880798,0.2733663320541382,0.9477625489234924,0.2747654318809509,0.910112857