{"motiondata":[{"position":[214.3936604261398,-445.7586109638214,2437.478065490723],"positionTracked":true,"id":4749,"skeleton":{"1":{"id":1,"position":[241.9585287570953,150.9494185447693,2671.21171951294],"positionconfidence":1,"rotation":[0.9997991919517517,0.02004040963947773,0,-0.01975566148757935,0.9855934381484985,-0.1679742932319641,-0.003366273595020175,0.1679405570030212,0.9857914447784424],"rotationconfidence":1},"2":{"id":2,"position":[245.7502484321594,-38.21629658341408,2703.451156616211],"positionconfidence":1,"rotation":[0.9940943121910095,0.03729470446705818,0.1019109785556793,-0.01975566148757935,0.9855934381484985,-0.1679742932319641,-0.1067073345184326,0.164968952536583,0.9805095195770264],"rotationconfidence":1},"3":{"id":3,"position":[233.3790510892868,-367.0294582843781,2624.412059783936],"positionconfidence":1,"rotation":[0.9945710897445679,-0.0581611730158329,0.0862879753112793,0.03655731305480003,0.9716541767120361,0.233563244342804,-0.09742637723684311,-0.2291407883167267,0.968505322933197],"rotationconfidence":1},"4":{"id":4,"position":[235.6242090463638,-410.0489020347595,2558.647632598877],"positionconfidence":1,"rotation":[0.9985391497612,-0.02278534695506096,0.04899443686008453,-0.02855807915329933,0.5472010374069214,0.836513876914978,-0.04587006568908691,-0.8366910219192505,0.5457509756088257],"rotationconfidence":1},"6":{"id":6,"position":[70.70010155439377,-157.963901758194,2652.956008911133],"positionconfidence":1,"rotation":[0.3498509824275971,0.9362102150917053,0.03338785469532013,0.369267612695694,-0.1050612851977348,-0.9233652949333191,-0.8609562516212463,0.3353693187236786,-0.3824678957462311],"rotationconfidence":1},"7":{"id":7,"position":[-9.948177263140678,-373.780757188797,2645.259380340576],"positionconfidence":1,"rotation":[-0.2487271428108215,0.378321498632431,0.8916320204734802,0.4437218606472015,0.8627862930297852,-0.242302805185318,-0.8609562516212463,0.3353693187236786,-0.3824678957462311],"rotationconfidence":1},"8":{"id":8,"position":[46.21392115950584,-459.2050015926361,2443.930625915527],"positionconfidence":0.5,"rotation":[-0.7788909077644348,-0.4769015312194824,0.407300591468811,0,0.6494371891021729,0.7604151964187622,-0.6271592974662781,0.5922805070877075,-0.5058407187461853],"rotationconfidence":0.5},"9":{"id":9,"position":[98.82547706365585,-426.9918501377106,2416.418790817261],"positionconfidence":0.5,"rotation":[-0.7788909077644348,-0.4769015312194824,0.407300591468811,0,0.6494371891021729,0.7604151964187622,-0.6271592974662781,0.5922805070877075,-0.5058407187461853],"rotationconfidence":0.5},"12":{"id":12,"position":[413.0651950836182,-151.0006785392761,2689.043521881104],"positionconfidence":1,"rotation":[0.2566577196121216,-0.9659826159477234,0.03169200941920281,-0.2795554101467133,-0.1055856794118881,-0.9543061852455139,0.9251894354820251,0.23607037961483,-0.2971450388431549],"rotationconfidence":1},"13":{"id":13,"position":[468.7581360340118,-360.6121838092804,2695.920467376709],"positionconfidence":1,"rotation":[-0.1339582055807114,-0.5294349193572998,-0.8377074599266052,-0.3550768792629242,0.8148431181907654,-0.4582040309906006,0.9251894354820251,0.23607037961483,-0.2971450388431549],"rotationconfidence":1},"14":{"id":14,"position":[438.7134611606598,-479.3559312820435,2508.036136627197],"positionconfidence":1,"rotation":[-0.5376612544059753,0.1502528637647629,-0.8296652436256409,0,-0.9839939475059509,-0.1782018840312958,-0.8431609272956848,-0.09581224620342255,0.5290554165840149],"rotationconfidence":1},"15":{"id":15,"position":[405.3648412227631,-470.0364470481873,2456.575870513916],"positionconfidence":0.5,"rotation":[-0.5376612544059753,0.1502528637647629,-0.8296652436256409,0,-0.9839939475059509,-0.1782018840312958,-0.8431609272956848,-0.09581224620342255,0.5290554165840149],"rotationconfidence":0.5},"17":{"id":17,"position":[153.5157561302185,-478.7813127040863,2524.836540222168],"positionconfidence":1,"rotation":[0.932429313659668,-0.3498401045799255,-0.0904841274023056,0.3579657673835754,0.8600613474845886,0.3635311722755432,-0.0493558868765831,-0.3713573515415192,0.9271772503852844],"rotationconfidence":1},"18":{"id":18,"position":[37.05928474664688,-758.5837841033936,2406.569480895996],"positionconfidence":1,"rotation":[0.8727483749389648,-0.4881702065467835,0,0.4311209321022034,0.7707559466362,0.4691161513328552,-0.2290085256099701,-0.409420371055603,0.8831363916397095],"rotationconfidence":1},"19":{"id":19,"position":[-114.2575740814209,-1029.107332229614,2241.91689491272],"positionconfidence":0.5,"rotation":[-0.05220634490251541,-0.9986363053321838,0,0.993158757686615,-0.05191999301314354,-0.1045943647623062,0.1044517308473587,-0.005460489541292191,0.9945150017738342],"rotationconfidence":0.5},"20":{"id":20,"position":[-123.8531246781349,-1028.605699539185,2150.554895401001],"positionconfidence":0.5,"rotation":[-0.05220634490251541,-0.9986363053321838,0,0.993158757686615,-0.05191999301314354,-0.1045943647623062,0.1044517308473587,-0.005460489541292191,0.9945150017738342],"rotationconfidence":0.5},"21":{"id":21,"position":[312.0624721050263,-483.0953180789948,2531.548500061035],"positionconfidence":1,"rotation":[0.9582973718643188,0.2310746759176254,0.1681388020515442,-0.2813730239868164,0.8657922744750977,0.4138031601905823,-0.04995384812355042,-0.4438561499118805,0.8947045803070068],"rotationconfidence":1},"22":{"id":22,"position":[398.1027007102966,-747.8433847427368,2405.012845993042],"positionconfidence":1,"rotation":[0.9906112551689148,0.09035547077655792,0.1025930196046829,-0.1348827630281448,0.7682420015335083,0.6257883310317993,-0.0222728680819273,-0.6337509751319885,0.7732165455818176],"rotationconfidence":1},"23":{"id":23,"position":[447.8592574596405,-1031.238198280335,2174.167394638062],"positionconfidence":0.5,"rotation":[-0.3146442174911499,0.9492096304893494,0,-0.9439309239387512,-0.3128944337368012,-0.1053159609436989,-0.09996693581342697,-0.03313706070184708,0.9944388270378113],"rotationconfidence":0.5},"24":{"id":24,"position":[457.4818015098572,-1028.048515319824,2078.445434570313],"positionconfidence":0.5,"rotation":[-0.3146442174911499,0.9492096304893494,0,-0.9439309239387512,-0.3128944337368012,-0.1053159609436989,-0.09996693581342697,-0.03313706070184708,0.9944388270378113],"rotationconfidence":0.5}},"skeletonTracked":true,"frameCount":1},{"position":[212.6868814229965,-448.0131268501282,2435.789108276367],"positionTracked":true,"id":4749,"skeleton":{"1":{"id":1,"position":[243.7758296728134,151.4420658349991,2668.406963348389],"positionconfidence":1,"rotation":[0.9999284744262695,0.01195288635790348,0,-0.01176704186946154,0.9843815565109253,-0.1756548881530762,-0.002099582925438881,0.1756423264741898,0.9844517707824707],"rotationconfidence":1},"2":{"id":2,"position":[246.0363954305649,-37.6674123108387,2702.152013778687],"positionconfidence":1,"rotation":[0.9934980869293213,0.03140345588326454,0.1094330549240112,-0.01176704186946154,0.9843815565109253,-0.1756548881530762,-0.1132400333881378,0.1732250601053238,0.9783505797386169],"rotationconfidence":1},"3":{"id":3,"position":[233.2069277763367,-366.2369847297669,2624.073266983032],"positionconfidence":1,"rotation":[0.9937831163406372,-0.0609443411231041,0.09317193180322647,0.03796118497848511,0.9722063541412354,0.2310276478528976,-0.1046621724963188,-0.2260544449090958,0.9684757590293884],"rotationconfidence":1},"4":{"id":4,"position":[235.6386929750443,-409.3382954597473,2558.406829833984],"positionconfidence":1,"rotation":[0.9982235431671143,-0.02562925033271313,0.05378850549459457,-0.03094410710036755,0.5484623312950134,0.8356025815010071,-0.05091682821512222,-0.835782527923584,0.546694815158844],"rotationconfidence":1},"6":{"id":6,"position":[71.08834385871887,-156.7459553480148,2650.764465332031],"positionconfidence":1,"rotation":[0.3519963026046753,0.9353689551353455,0.03440071269869804,0.4088580310344696,-0.1205917596817017,-0.9045953750610352,-0.8419820666313171,0.3324792683124542,-0.4248810112476349],"rotationconfidence":1},"7":{"id":7,"position":[-10.02445165067911,-372.2890913486481,2642.837285995483],"positionconfidence":1,"rotation":[-0.3213537335395813,0.3235167264938355,0.8899825215339661,0.4333568513393402,0.8858864307403564,-0.1655518263578415,-0.8419820666313171,0.3324792683124542,-0.4248810112476349],"rotationconfidence":1},"8":{"id":8,"position":[63.28488141298294,-446.0918605327606,2439.80860710144],"positionconfidence":1,"rotation":[-0.762551486492157,-0.4445426166057587,0.4699968993663788,0,0.726506233215332,0.6871597766876221,-0.6469274759292603,0.5239946842193604,-0.5539984107017517],"rotationconfidence":1},"9":{"id":9,"position":[106.4003705978394,-420.9569394588471,2413.23447227478],"positionconfidence":0.5,"rotation":[-0.762551486492157,-0.4445426166057587,0.4699968993663788,0,0.726506233215332,0.6871597766876221,-0.6469274759292603,0.5239946842193604,-0.5539984107017517],"rotationconfidence":0.5},"12":{"id":12,"position":[413.3687615394592,-150.3444015979767,2689.248561859131],"positionconfidence":1,"rotation":[0.2895856201648712,-0.952343761920929,0.09582042694091797,-0.2649527788162231,-0.1759565472602844,-0.9480714797973633,0.9197501540184021,0.2491599768400192,-0.3032805919647217],"rotationconfidence":1},"13":{"id":13,"position":[474.3885397911072,-351.0166704654694,2709.439277648926],"positionconfidence":1,"rotation":[-0.1430713534355164,-0.506700336933136,-0.8501676917076111,-0.3655001521110535,0.8253326416015625,-0.4303900599479675,0.9197501540184021,0.2491599768400192,-0.3032805919647217],"rotationconfidence":1},"14":{"id":14,"position":[442.2760009765625,-464.7461771965027,2518.618106842041],"positionconfidence":1,"rotation":[-0.5139094591140747,0.2576978206634522,-0.8182229995727539,0,-0.9538127779960632,-0.3004015684127808,-0.857844352722168,-0.154379203915596,0.4901733994483948],"rotationconfidence":1},"15":{"id":15,"position":[410.1442694664002,-448.6338496208191,2467.459440231323],"positionconfidence":0.5,"rotation":[-0.5139094591140747,0.2576978206634522,-0.8182229995727539,0,-0.9538127779960632,-0.3004015684127808,-0.857844352722168,-0.154379203915596,0.4901733994483948],"rotationconfidence":0.5},"17":{"id":17,"position":[153.7169963121414,-477.8957366943359,2524.194002151489],"positionconfidence":1,"rotation":[0.9317895174026489,-0.3529168963432312,-0.08495772629976273,0.3588343858718872,0.8601671457290649,0.3624227643013001,-0.05482726916670799,-0.3681875169277191,0.9281335473060608],"rotationconfidence":1},"18":{"id":18,"position":[37.02927753329277,-757.6095461845398,2406.339406967163],"positionconfidence":1,"rotation":[0.8748900294303894,-0.484321653842926,0,0.4283506572246552,0.7737826704978943,0.4666648507118225,-0.2260158956050873,-0.4082804322242737,0.8844342231750488],"rotationconfidence":1},"19":{"id":19,"position":[-113.2738068699837,-1029.120564460754,2242.592334747315],"positionconfidence":0.5,"rotation":[-0.01681008562445641,-0.9998586773872375,0,0.9946998357772827,-0.01672335341572762,-0.1014520972967148,0.1014377623796463,-0.001705418457277119,0.9948404431343079],"rotationconfidence":0.5},"20":{"id":20,"position":[-122.5907653570175,-1028.963923454285,2151.217222213745],"positionconfidence":0.5,"rotation":[-0.01681008562445641,-0.9998586773872375,0,0.9946998357772827,-0.01672335341572762,-0.1014520972967148,0.1014377623796463,-0.001705418457277119,0.9948404431343079],"rotationconfidence":0.5},"21":{"id":21,"position":[312.1145367622376,-482.6616942882538,2531.660318374634],"positionconfidence":1,"rotation":[0.958146870136261,0.2281841337680817,0.1728781759738922,-0.2808430790901184,0.8663221597671509,0.4130534827709198,-0.05551593750715256,-0.444317489862442,0.8941476941108704],"rotationconfidence":1},"22":{"id":22,"position":[397.9495167732239,-747.4385499954224,2405.417442321777],"positionconfidence":1,"rotation":[0.9903659224510193,0.08689603954553604,0.1078164204955101,-0.135402724146843,0.7707850933074951,0.6225403547286987,-0.02900699898600578,-0.6311413645744324,0.77512526512146],"rotationconfidence":1},"23":{"id":23,"position":[447.8314220905304,-1031.393170356751,2176.07569694519],"positionconfidence":0.5,"rotation":[-0.2614443302154541,0.9652185440063477,0,-0.9594136476516724,-0.2598719894886017,-0.1095072999596596,-0.1056984812021256,-0.02863006293773651,0.9939859509468079],"rotationconfidence":0.5},"24":{"id":24,"position":[457.9710066318512,-1028.64670753479,2080.723285675049],"positionconfidence":0.5,"rotation":[-0.2614443302154541,0.9652185440063477,0,-0.9594136476516724,-0.2598719894886017,-0.1095072999596596,-0.1056984812021256,-0.02863006293773651,0.9939859509468079],"rotationconfidence":0.5}},"skeletonTracked":true,"frameCount":2},{"position":[213.6198729276657,-451.3728618621826,2434.732437133789],"positionTracked":true,"id":4749,"skeleton":{"1":{"id":1,"position":[246.2789118289948,151.853933930397,2664.873361587524],"positionconfidence":1,"rotation":[0.9999999403953552,0.000473189604235813,0,-0.0004649006586987525,0.9824827313423157,-0.1863529980182648,-0.00008818029891699553,0.1863529831171036,0.98248291015625],"rotationconfidence":1},"2":{"id":2,"position":[246.3683784008026,-37.21734508872032,2700.735569000244],"positionconfidence":1,"rotation":[0.9927831888198853,0.0228013601154089,0.1177356764674187,-0.0004649006586987525,0.9824827313423157,-0.1863529980182648,-0.1199223771691322,0.1849533915519714,0.9754029512405396],"rotationconfidence":1},"3":{"id":3,"position":[233.1919521093369,-365.5306100845337,2623.610496520996],"positionconfidence":1,"rotation":[0.992951512336731,-0.06337791681289673,0.1001523658633232,0.03904036432504654,0.9727576375007629,0.2285134643316269,-0.1119066923856735,-0.2229928076267242,0.9683755040168762],"rotationconfidence":1},"4":{"id":4,"position":[235.8438670635223,-408.6907505989075,2558.035612106323],"positionconfidence":1,"rotation":[0.9978678822517395,-0.02815135382115841,0.05888347700238228,-0.03376141935586929,0.5494699478149414,0.8348311185836792,-0.05585632473230362,-0.8350390791893005,0.5473479628562927],"rotationconfidence":1},"6":{"id":6,"position":[71.53482735157013,-155.7266116142273,2648.345232009888],"positionconfidence":1,"rotation":[0.3532772958278656,0.9348289370536804,0.03591760247945786,0.4091349244117737,-0.119859553873539,-0.9045674800872803,-0.8413107395172119,0.3342582881450653,-0.4248147904872894],"rotationconfidence":1},"7":{"id":7,"position":[-9.844758547842503,-371.0701763629913,2640.071392059326],"positionconfidence":1,"rotation":[-0.3042609393596649,0.3567477464675903,0.8832646012306213,0.4467902183532715,0.8723545670509338,-0.1984339654445648,-0.8413107395172119,0.3342582881450653,-0.4248147904872894],"rotationconfidence":1},"8":{"id":8,"position":[59.80087071657181,-452.7300894260407,2437.891244888306],"positionconfidence":1,"rotation":[-0.3529526889324188,0.3601627349853516,0.8635433912277222,0,0.9229429364204407,-0.3849368095397949,-0.9356411695480347,-0.1358644813299179,-0.3257551789283752],"rotationconfidence":1},"9":{"id":9,"position":[79.23032343387604,-472.5564420223236,2390.354633331299],"positionconfidence":0.5,"rotation":[-0.3529526889324188,0.3601627349853516,0.8635433912277222,0,0.9229429364204407,-0.3849368095397949,-0.9356411695480347,-0.1358644813299179,-0.3257551789283752],"rotationconfidence":0.5},"12":{"id":12,"position":[413.7264788150787,-149.7080028057098,2689.27526473999],"positionconfidence":1,"rotation":[0.3033778965473175,-0.9443854689598083,0.1268782168626785,-0.2466665804386139,-0.2064500600099564,-0.946854829788208,0.9203898310661316,0.2559581995010376,-0.2955806851387024],"rotationconfidence":1},"13":{"id":13,"position":[476.8966436386108,-346.3504910469055,2715.694189071655],"positionconfidence":1,"rotation":[-0.1472632139921188,-0.4733687043190002,-0.8684673309326172,-0.3622099757194519,0.8428566455841064,-0.3979905247688294,0.9203898310661316,0.2559581995010376,-0.2955806851387024],"rotationconfidence":1},"14":{"id":14,"position":[444.4777369499207,-450.5591094493866,2524.507522583008],"positionconfidence":1,"rotation":[-0.5103688836097717,0.2577193975448608,-0.8204293847084045,0,-0.9540368318557739,-0.2996891736984253,-0.8599555492401123,-0.1529520303010941,0.4869107007980347],"rotationconfidence":1},"15":{"id":15,"position":[412.7128124237061,-434.5188736915588,2473.444700241089],"positionconfidence":0.5,"rotation":[-0.5103688836097717,0.2577193975448608,-0.8204293847084045,0,-0.9540368318557739,-0.2996891736984253,-0.8599555492401123,-0.1529520303010941,0.4869107007980347],"rotationconfidence":0.5},"17":{"id":17,"position":[154.2008519172669,-477.1371185779572,2523.364543914795],"positionconfidence":1,"rotation":[0.930560290813446,-0.3573447167873383,-0.07976529002189636,0.3610658645629883,0.8594855070114136,0.3618234694004059,-0.06073858216404915,-0.3654990196228027,0.9288279414176941],"rotationconfidence":1},"18":{"id":18,"position":[37.1602363884449,-755.7420134544373,2406.078338623047],"positionconfidence":1,"rotation":[0.8778301477432251,-0.4789721369743347,0,0.4245212972164154,0.7780360579490662,0.4630783200263977,-0.2218016088008881,-0.4065041244029999,0.8863173723220825],"rotationconfidence":1},"19":{"id":19,"position":[-112.0807826519013,-1029.261589050293,2243.282556533814],"positionconfidence":0.5,"rotation":[0.03168511018157005,-0.9994978904724121,0,0.9948036074638367,0.0315362960100174,-0.0968046635389328,0.09675605595111847,0.003067266428843141,0.9953033328056335],"rotationconfidence":0.5},"20":{"id":20,"position":[-120.9629029035568,-1029.543161392212,2151.914596557617],"positionconfidence":0.5,"rotation":[0.03168511018157005,-0.9994978904724121,0,0.9948036074638367,0.0315362960100174,-0.0968046635389328,0.09675605595111847,0.003067266428843141,0.9953033328056335],"rotationconfidence":0.5},"21":{"id":21,"position":[312.3498260974884,-482.2578132152557,2531.691312789917],"positionconfidence":1,"rotation":[0.9580869078636169,0.2246742993593216,0.1777387857437134,-0.27981036901474,0.8669817447662354,0.4123699069023132,-0.06144734472036362,-0.444819301366806,0.8935099244117737],"rotationconfidence":1},"22":{"id":22,"position":[397.8405892848969,-747.1476793289185,2405.699491500855],"positionconfidence":1,"rotation":[0.9898928999900818,0.08350221812725067,0.1146278977394104,-0.1369318217039108,0.7730979919433594,0.6193296313285828,-0.03690319880843163,-0.6287662386894226,0.7767183184623718],"rotationconfidence":1},"23":{"id":23,"position":[448.2217133045197,-1031.592488288879,2177.830457687378],"positionconfidence":0.5,"rotation":[-0.2082461565732956,0.9780764579772949,0,-0.9715276956558228,-0.2068518251180649,-0.1155262887477875,-0.1129935383796692,-0.0240579042583704,0.993304431438446],"rotationconfidence":0.5},"24":{"id":24,"position":[459.0243101119995,-1029.292464256287,2082.866907119751],"positionconfidence":0.5,"rotation":[-0.2082461565732956,0.9780764579772949,0,-0.9715276956558228,-0.2068518251180649,-0.1155262887477875,-0.1129935383796692,-0.0240579042583704,0.993304431438446],"rotationconfidence":0.5}},"skeletonTracked":true,"frameCount":3},{"position":[214.0984684228897,-450.4956305027008,2434.332609176636],"positionTracked":true,"id":4749,"skeleton":{"1":{"id":1,"position":[248.8377094268799,152.1607339382172,2661.358594894409],"positionconfidence":1,"rotation":[0.9999411702156067,-0.01084325928241015,0,0.01063365302979946,0.9806117415428162,-0.1956723183393478,0.002121725585311651,0.195660799741745,0.980669379234314],"rotationconfidence":1},"2":{"id":2,"position":[246.7882633209229,-36.83461248874664,2699.070930480957],"positionconfidence":1,"rotation":[0.9919615387916565,0.01433090213686228,0.125726655125618,0.01063365302979946,0.9806117415428162,-0.1956723183393478,-0.1260931789875031,0.1954363286495209,0.9725766181945801],"rotationconfidence":1},"3":{"id":3,"position":[233.2923859357834,-364.919513463974,2623.010158538818],"positionconfidence":1,"rotation":[0.9921563267707825,-0.06549607962369919,0.1064708009362221,0.04004040360450745,0.9733824729919434,0.2256617993116379,-0.1184167861938477,-0.2196286618709564,0.9683701395988464],"rotationconfidence":1},"4":{"id":4,"position":[236.1495792865753,-408.1563055515289,2557.542085647583],"positionconfidence":1,"rotation":[0.9975480437278748,-0.02989542856812477,0.06327924132347107,-0.03639322891831398,0.5507245063781738,0.833893358707428,-0.05977902561426163,-0.834151566028595,0.5482861399650574],"rotationconfidence":1},"6":{"id":6,"position":[72.03108817338943,-154.8293232917786,2645.797729492188],"positionconfidence":1,"rotation":[0.3542220294475555,0.9344463348388672,0.03656238690018654,0.4140497446060181,-0.121658205986023,-0.9020876288414001,-0.8385043740272522,0.3346779942512512,-0.43000128865242],"rotationconfidence":1},"7":{"id":7,"position":[-9.561552666127682,-370.0726926326752,2637.375831604004],"positionconfidence":1,"rotation":[-0.3007389307022095,0.3738179504871368,0.8773916959762573,0.454385906457901,0.865014910697937,-0.2127972841262817,-0.8385043740272522,0.3346779942512512,-0.43000128865242],"rotationconfidence":1},"8":{"id":8,"position":[59.27596613764763,-455.6376039981842,2436.545610427856],"positionconfidence":1,"rotation":[-0.1923261731863022,0.5198459029197693,0.8323284387588501,0,0.848162829875946,-0.5297355651855469,-0.981330931186676,-0.1018820106983185,-0.1631239056587219],"rotationconfidence":1},"9":{"id":9,"position":[72.0042809844017,-490.0414645671845,2381.461381912231],"positionconfidence":0.5,"rotation":[-0.1923261731863022,0.5198459029197693,0.8323284387588501,0,0.848162829875946,-0.5297355651855469,-0.981330931186676,-0.1018820106983185,-0.1631239056587219],"rotationconfidence":0.5},"12":{"id":12,"position":[414.1514301300049,-148.9395201206207,2688.969612121582],"positionconfidence":1,"rotation":[0.3104239702224731,-0.9390031099319458,0.1480201482772827,-0.2361113876104355,-0.2269961535930634,-0.944840669631958,0.9208084940910339,0.2583520114421845,-0.2921744287014008],"rotationconfidence":1},"13":{"id":13,"position":[478.3695936203003,-343.193382024765,2719.590902328491],"positionconfidence":1,"rotation":[-0.1522221863269806,-0.4516557157039642,-0.8791106939315796,-0.3590822815895081,0.8539680242538452,-0.3765615224838257,0.9208084940910339,0.2583520114421845,-0.2921744287014008],"rotationconfidence":1},"14":{"id":14,"position":[445.1141953468323,-441.8648779392242,2527.53496170044],"positionconfidence":1,"rotation":[-0.503577709197998,0.2950916290283203,-0.8119916319847107,0,-0.9398596286773682,-0.3415610194206238,-0.8639499545097351,-0.1720025092363358,0.473292350769043],"rotationconfidence":1},"15":{"id":15,"position":[413.8691425323486,-423.5555827617645,2477.154016494751],"positionconfidence":0.5,"rotation":[-0.503577709197998,0.2950916290283203,-0.8119916319847107,0,-0.9398596286773682,-0.3415610194206238,-0.8639499545097351,-0.1720025092363358,0.473292350769043],"rotationconfidence":0.5},"17":{"id":17,"position":[154.7349691390991,-476.5764772891998,2522.514343261719],"positionconfidence":1,"rotation":[0.9293409585952759,-0.3614992201328278,-0.07512612640857697,0.3633019328117371,0.8590154051780701,0.3606997430324554,-0.06585817784070969,-0.3625065088272095,0.9296514987945557],"rotationconfidence":1},"18":{"id":18,"position":[37.04760223627091,-754.8443675041199,2405.669927597046],"positionconfidence":1,"rotation":[0.8802399635314941,-0.4745288789272308,0,0.4212875366210938,0.7814785242080688,0.4602260589599609,-0.218390554189682,-0.4051093757152557,0.8878017067909241],"rotationconfidence":1},"19":{"id":19,"position":[-110.9986901283264,-1029.46674823761,2243.940114974976],"positionconfidence":0.5,"rotation":[0.08571424335241318,-0.9963197112083435,0,0.9920068383216858,0.08534320443868637,-0.09294572472572327,0.0926036685705185,0.007966773584485054,0.9956712126731873],"rotationconfidence":0.5},"20":{"id":20,"position":[-119.494155049324,-1030.197620391846,2152.597188949585],"positionconfidence":0.5,"rotation":[0.08571424335241318,-0.9963197112083435,0,0.9920068383216858,0.08534320443868637,-0.09294572472572327,0.0926036685705185,0.007966773584485054,0.9956712126731873],"rotationconfidence":0.5},"21":{"id":21,"position":[312.6843571662903,-481.9073975086212,2531.625032424927],"positionconfidence":1,"rotation":[0.9581009745597839,0.221414789557457,0.181708574295044,-0.2785966098308563,0.8677233457565308,0.4116310775279999,-0.06653156131505966,-0.4450075328350067,0.8930519819259644],"rotationconfidence":1},"22":{"id":22,"position":[397.774875164032,-746.9322681427002,2405.90238571167],"positionconfidence":1,"rotation":[0.9892566800117493,0.0806504637002945,0.121929258108139,-0.1391765475273132,0.774800181388855,0.6166963577270508,-0.04473396390676498,-0.627040684223175,0.7777009010314941],"rotationconfidence":1},"23":{"id":23,"position":[448.92817735672,-1031.704306602478,2179.240226745606],"positionconfidence":0.5,"rotation":[-0.1672734022140503,0.9859105348587036,0,-0.9784995317459106,-0.1660160273313522,-0.1223822757601738,-0.1206579804420471,-0.02047130092978478,0.9924830794334412],"rotationconfidence":0.5},"24":{"id":24,"position":[460.4342877864838,-1029.752135276794,2084.595680236816],"positionconfidence":0.5,"rotation":[-0.1672734022140503,0.9859105348587036,0,-0.9784995317459106,-0.1660160273313522,-0.1223822757601738,-0.1206579804420471,-0.02047130092978478,0.9924830794334412],"rotationconfidence":0.5}},"skeletonTracked":true,"frameCount":4},{"position":[212.7370685338974,-446.4321732521057,2434.096336364746],"positionTracked":true,"id":4749,"skeleton":{"1":{"id":1,"position":[250.8696615695953,152.4041295051575,2658.400535583496],"positionconfidence":1,"rotation":[0.9998209476470947,-0.01892267167568207,0,0.01853594742715359,0.9793875217437744,-0.2011379599571228,0.003806067630648613,0.2011019438505173,0.9795629382133484],"rotationconfidence":1},"2":{"id":2,"position":[247.2940981388092,-36.51861846446991,2697.199821472168],"positionconfidence":1,"rotation":[0.9911613464355469,0.008431149646639824,0.132394090294838,0.01853594742715359,0.9793875217437744,-0.2011379599571228,-0.1313609480857849,0.2018142342567444,0.9705747961997986],"rotationconfidence":1},"3":{"id":3,"position":[233.487531542778,-364.4025027751923,2622.305631637573],"positionconfidence":1,"rotation":[0.9914385676383972,-0.0673055350780487,0.1118917018175125,0.04101626947522163,0.9740709066390991,0.2224941551685333,-0.1239655241370201,-0.2159998863935471,0.9684919714927673],"rotationconfidence":1},"4":{"id":4,"position":[236.535370349884,-407.7309370040894,2556.962013244629],"positionconfidence":1,"rotation":[0.9972529411315918,-0.03117968514561653,0.06718993186950684,-0.03884431719779968,0.5522153377532959,0.832796037197113,-0.06306963413953781,-0.8331183195114136,0.5494872331619263],"rotationconfidence":1},"6":{"id":6,"position":[72.50019907951355,-154.0836989879608,2643.296480178833],"positionconfidence":1,"rotation":[0.3549356460571289,0.9341666102409363,0.03678957745432854,0.4638469219207764,-0.1417986452579498,-0.8744937181472778,-0.8117060661315918,0.3274537324905396,-0.4836396872997284],"rotationconfidence":1},"7":{"id":7,"position":[-9.278686717152596,-369.3201839923859,2634.819984436035],"positionconfidence":1,"rotation":[-0.3789435923099518,0.3348587453365326,0.8627116084098816,0.4444491267204285,0.8835403919219971,-0.1477203816175461,-0.8117060661315918,0.3274537324905396,-0.4836396872997284],"rotationconfidence":1},"8":{"id":8,"position":[78.98138463497162,-447.3124146461487,2433.885097503662],"positionconfidence":1,"rotation":[-0.5733476877212524,0.0921720564365387,0.814111053943634,0,0.993651807308197,-0.1124993041157723,-0.8193122148513794,-0.06450121849775314,-0.569707989692688],"rotationconfidence":1},"9":{"id":9,"position":[114.9875000119209,-453.1008005142212,2382.759094238281],"positionconfidence":0.5,"rotation":[-0.5733476877212524,0.0921720564365387,0.814111053943634,0,0.993651807308197,-0.1124993041157723,-0.8193122148513794,-0.06450121849775314,-0.569707989692688],"rotationconfidence":0.5},"12":{"id":12,"position":[414.5974814891815,-148.2532471418381,2688.384771347046],"positionconfidence":1,"rotation":[0.3131213486194611,-0.9358009696006775,0.1619612872600555,-0.2289822697639465,-0.2398957461118698,-0.9434071183204651,0.9216952323913574,0.2583146691322327,-0.2893983423709869],"rotationconfidence":1},"13":{"id":13,"position":[479.2194664478302,-341.3838446140289,2721.810340881348],"positionconfidence":1,"rotation":[-0.1550648510456085,-0.4384930431842804,-0.885256290435791,-0.355573832988739,0.8608120083808899,-0.3641014099121094,0.9216952323913574,0.2583146691322327,-0.2893983423709869],"rotationconfidence":1},"14":{"id":14,"position":[445.3905820846558,-437.0453059673309,2528.683185577393],"positionconfidence":1,"rotation":[-0.4983383119106293,0.3240579664707184,-0.8041426539421082,0,-0.9275186657905579,-0.3737767338752747,-0.866982638835907,-0.1862672716379166,0.4622180759906769],"rotationconfidence":1},"15":{"id":15,"position":[414.4947528839111,-416.9544577598572,2478.828191757202],"positionconfidence":0.5,"rotation":[-0.4983383119106293,0.3240579664707184,-0.8041426539421082,0,-0.9275186657905579,-0.3737767338752747,-0.866982638835907,-0.1862672716379166,0.4622180759906769],"rotationconfidence":0.5},"17":{"id":17,"position":[155.3337872028351,-476.2042164802551,2521.616220474243],"positionconfidence":1,"rotation":[0.9281378388404846,-0.3654604256153107,-0.0707017108798027,0.36546590924263,0.8586056232452393,0.3594871163368225,-0.07067343592643738,-0.359492689371109,0.9304677248001099],"rotationconfidence":1},"18":{"id":18,"position":[37.05509379506111,-754.0817260742188,2405.272483825684],"positionconfidence":1,"rotation":[0.8819999694824219,-0.4712492823600769,0,0.4190232753753662,0.7842526435852051,0.4575667679309845,-0.2156280130147934,-0.4035738706588745,0.8891752362251282],"rotationconfidence":1},"19":{"id":19,"position":[-110.179029405117,-1029.648184776306,2244.495153427124],"positionconfidence":0.5,"rotation":[0.1337062865495682,-0.9910210371017456,0,0.986961305141449,0.1331585645675659,-0.09042270481586456,0.08961080014705658,0.01209008321166039,0.995903491973877],"rotationconfidence":0.5},"20":{"id":20,"position":[-118.3953508734703,-1030.756711959839,2153.181791305542],"positionconfidence":0.5,"rotation":[0.1337062865495682,-0.9910210371017456,0,0.986961305141449,0.1331585645675659,-0.09042270481586456,0.08961080014705658,0.01209008321166039,0.995903491973877],"rotationconfidence":0.5},"21":{"id":21,"position":[313.0719065666199,-481.6246330738068,2531.502962112427],"positionconfidence":1,"rotation":[0.9581248760223389,0.2183004170656204,0.1853156238794327,-0.2773467004299164,0.8684744834899902,0.410890519618988,-0.07124429941177368,-0.4450810551643372,0.8926517963409424],"rotationconfidence":1},"22":{"id":22,"position":[397.7444171905518,-746.7653751373291,2406.060218811035],"positionconfidence":1,"rotation":[0.9887075424194336,0.07851256430149078,0.1276449412107468,-0.1409754306077957,0.7761858105659485,0.6145417094230652,-0.05082694813609123,-0.625596821308136,0.7784891128540039],"rotationconfidence":1},"23":{"id":23,"position":[449.5185017585754,-1031.824350357056,2180.366039276123],"positionconfidence":0.5,"rotation":[-0.1367388367652893,0.9906072020530701,0,-0.982477068901062,-0.1356166005134583,-0.1278558969497681,-0.1266549527645111,-0.01748286373913288,0.9917927980422974],"rotationconfidence":0.5},"24":{"id":24,"position":[461.5736901760101,-1030.160307884216,2085.965871810913],"positionconfidence":0.5,"rotation":[-0.1367388367652893,0.9906072020530701,0,-0.982477068901062,-0.1356166005134583,-0.1278558969497681,-0.1266549527645111,-0.01748286373913288,0.9917927980422974],"rotationconfidence":0.5}},"skeletonTracked":true,"frameCount":5},{"position":[212.3252153396606,-448.1284618377686,2432.692050933838],"positionTracked":true,"id":4749,"skeleton":{"1":{"id":1,"position":[252.5988519191742,152.6779979467392,2655.760288238525],"positionconfidence":1,"rotation":[0.9996703267097473,-0.02567310072481632,0,0.0251267459243536,0.9783961176872253,-0.2052063196897507,0.005268282722681761,0.2051386684179306,0.978718638420105],"rotationconfidence":1},"2":{"id":2,"position":[247.7489709854126,-36.16877645254135,2695.368528366089],"positionconfidence":1,"rotation":[0.9901491403579712,0.003926589153707027,0.1399615108966827,0.0251267459243536,0.9783961176872253,-0.2052063196897507,-0.1377435624599457,0.2067016512155533,0.9686594605445862],"rotationconfidence":1},"3":{"id":3,"position":[233.6883246898651,-363.8996183872223,2621.4599609375],"positionconfidence":1,"rotation":[0.9905334115028381,-0.06922860443592072,0.1185357645153999,0.0418153777718544,0.9746485948562622,0.2197989076375961,-0.1307470947504044,-0.2127615511417389,0.9683168530464172],"rotationconfidence":1},"4":{"id":4,"position":[236.9614690542221,-407.3230922222138,2556.247234344482],"positionconfidence":1,"rotation":[0.9969059228897095,-0.03240493312478066,0.07161412388086319,-0.04174096882343292,0.5537604689598083,0.8316291570663452,-0.06660595536231995,-0.8320452570915222,0.550694465637207],"rotationconfidence":1},"6":{"id":6,"position":[73.04941117763519,-153.1639695167542,2640.276908874512],"positionconfidence":1,"rotation":[0.3560565412044525,0.9337776303291321,0.03581791371107101,0.4786096513271332,-0.14930859208107,-0.8652395606040955,-0.8025935292243958,0.325217068195343,-0.5000773668289185],"rotationconfidence":1},"7":{"id":7,"position":[-9.092014282941818,-368.5843348503113,2632.01379776001],"positionconfidence":1,"rotation":[-0.4048600792884827,0.3187037110328674,0.8570392727851868,0.4381003081798554,0.8903155326843262,-0.1241221278905869,-0.8025935292243958,0.325217068195343,-0.5000773668289185],"rotationconfidence":1},"8":{"id":8,"position":[85.2232500910759,-442.8288042545319,2432.359933853149],"positionconfidence":1,"rotation":[-0.6799773573875427,-0.1296130418777466,0.7216864824295044,0,0.9842523336410522,0.1767691969871521,-0.7332332134246826,0.120199054479599,-0.669269323348999],"rotationconfidence":1},"9":{"id":9,"position":[131.3659846782684,-434.0333640575409,2383.386850357056],"positionconfidence":0.5,"rotation":[-0.6799773573875427,-0.1296130418777466,0.7216864824295044,0,0.9842523336410522,0.1767691969871521,-0.7332332134246826,0.120199054479599,-0.669269323348999],"rotationconfidence":0.5},"12":{"id":12,"position":[415.1191413402557,-147.4971324205399,2687.710046768189],"positionconfidence":1,"rotation":[0.3133544921875,-0.9338241219520569,0.1725729256868362,-0.2239552289247513,-0.2492682635784149,-0.9421833753585815,0.9228505492210388,0.2565887868404388,-0.2872441411018372],"rotationconfidence":1},"13":{"id":13,"position":[479.7075688838959,-339.9763703346252,2723.280668258667],"positionconfidence":1,"rotation":[-0.1571819186210632,-0.4299575984477997,-0.8890615105628967,-0.3516260087490082,0.865620493888855,-0.3564554750919342,0.9228505492210388,0.2565887868404388,-0.2872441411018372],"rotationconfidence":1},"14":{"id":14,"position":[445.3717172145844,-433.8991343975067,2529.068231582642],"positionconfidence":1,"rotation":[-0.4944756031036377,0.3492651581764221,-0.7959319949150085,0,-0.9157152771949768,-0.4018275737762451,-0.8691914677619934,-0.1986939311027527,0.4527988731861115],"rotationconfidence":1},"15":{"id":15,"position":[414.8449599742889,-412.3370349407196,2479.930877685547],"positionconfidence":0.5,"rotation":[-0.4944756031036377,0.3492651581764221,-0.7959319949150085,0,-0.9157152771949768,-0.4018275737762451,-0.8691914677619934,-0.1986939311027527,0.4527988731861115],"rotationconfidence":0.5},"17":{"id":17,"position":[155.956894159317,-475.8605360984802,2520.581245422363],"positionconfidence":1,"rotation":[0.9279094338417053,-0.3670802712440491,-0.0650850310921669,0.3650101125240326,0.8590394854545593,0.358913391828537,-0.07583941519260406,-0.3567958176136017,0.9310988187789917],"rotationconfidence":1},"18":{"id":18,"position":[37.32578083872795,-755.0550103187561,2403.931617736816],"positionconfidence":1,"rotation":[0.8814356923103333,-0.4723040163516998,0,0.4206685423851013,0.7850711941719055,0.4546439945697784,-0.2147301882505417,-0.4007394313812256,0.8906732201576233],"rotationconfidence":1},"19":{"id":19,"position":[-109.8009198904038,-1029.629707336426,2244.922161102295],"positionconfidence":0.5,"rotation":[0.162540465593338,-0.9867019057273865,0,0.9827507734298706,0.1618895977735519,-0.08940284699201584,0.0882139578461647,0.01453158166259527,0.9959956407546997],"rotationconfidence":0.5},"20":{"id":20,"position":[-117.891438305378,-1030.962467193604,2153.574705123901],"positionconfidence":0.5,"rotation":[0.162540465593338,-0.9867019057273865,0,0.9827507734298706,0.1618895977735519,-0.08940284699201584,0.0882139578461647,0.01453158166259527,0.9959956407546997],"rotationconfidence":0.5},"21":{"id":21,"position":[313.4573400020599,-481.3769459724426,2531.296014785767],"positionconfidence":1,"rotation":[0.958077073097229,0.2151247560977936,0.1892341375350952,-0.2761673629283905,0.8692600131034851,0.4100225567817688,-0.07628767192363739,-0.44509357213974,0.8922286033630371],"rotationconfidence":1},"22":{"id":22,"position":[397.726833820343,-746.6222643852234,2406.182050704956],"positionconfidence":1,"rotation":[0.9879159927368164,0.07581055164337158,0.1351835131645203,-0.1434728503227234,0.777251660823822,0.6126135587692261,-0.05862903967499733,-0.6246058940887451,0.7787361145019531],"rotationconfidence":1},"23":{"id":23,"position":[450.3841102123261,-1031.888484954834,2181.341171264648],"positionconfidence":0.5,"rotation":[-0.1114018857479096,0.993775486946106,0,-0.9846421480178833,-0.1103780418634415,-0.1352650672197342,-0.134423092007637,-0.0150687824934721,0.990809440612793],"rotationconfidence":0.5},"24":{"id":24,"position":[463.1600677967072,-1030.456304550171,2087.171792984009],"positionconfidence":0.5,"rotation":[-0.1114018857479096,0.993775486946106,0,-0.9846421480178833,-0.1103780418634415,-0.1352650672197342,-0.134423092007637,-0.0150687824934721,0.990809440612793],"rotationconfidence":0.5}},"skeletonTracked":true,"frameCount":6},{"position":[211.1129909753799,-447.5521147251129,2431.416749954224],"positionTracked":true,"id":4749,"skeleton":{"1":{"id":1,"position":[253.9804875850678,152.8757512569428,2653.588533401489],"positionconfidence":1,"rotation":[0.99950110912323,-0.03158501535654068,0,0.03089462220668793,0.9776538014411926,-0.2079391628503799,0.006567761767655611,0.2078354209661484,0.9781418442726135],"rotationconfidence":1},"2":{"id":2,"position":[248.0176091194153,-35.81828251481056,2693.722248077393],"positionconfidence":1,"rotation":[0.9893110394477844,-0.0002480554685462266,0.1458209156990051,0.03089462220668793,0.9776538014411926,-0.2079391628503799,-0.1425107717514038,0.2102215588092804,0.9672112464904785],"rotationconfidence":1},"3":{"id":3,"position":[233.7535172700882,-363.4858131408691,2620.505094528198],"positionconfidence":1,"rotation":[0.9897565245628357,-0.07078937441110611,0.1239791437983513,0.04244622215628624,0.9750531911849976,0.2178751677274704,-0.1363095045089722,-0.2103809267282486,0.9680700302124023],"rotationconfidence":1},"4":{"id":4,"position":[237.2331768274307,-407.0242643356323,2555.438280105591],"positionconfidence":1,"rotation":[0.9965782761573792,-0.03336562961339951,0.0756213590502739,-0.04440207406878471,0.5555708408355713,0.8302828073501587,-0.06971592456102371,-0.8307995200157166,0.5521882772445679],"rotationconfidence":1},"6":{"id":6,"position":[73.4935775399208,-152.2694081068039,2637.351751327515],"positionconfidence":1,"rotation":[0.3570320308208466,0.9334652423858643,0.03421832621097565,0.4872875213623047,-0.1548746377229691,-0.8593980073928833,-0.796918511390686,0.3235067129135132,-0.5101611018180847],"rotationconfidence":1},"7":{"id":7,"position":[-8.996745571494102,-367.9415285587311,2629.445791244507],"positionconfidence":1,"rotation":[-0.416962742805481,0.3165034949779511,0.8520373702049255,0.4371075928211212,0.8917225003242493,-0.1173372492194176,-0.796918511390686,0.3235067129135132,-0.51016