{"motiondata":[{"position":[301.8429279327393,-675.5082607269287,2998.324155807495],"positionTracked":true,"id":4625,"skeleton":{"1":{"id":1,"position":[373.6350238323212,-89.51231092214584,3310.572385787964],"positionconfidence":1,"rotation":[0.9980641603469849,-0.06219150498509407,0,0.05800828337669373,0.9309308528900146,0.3605591356754303,-0.02242371439933777,-0.3598611652851105,0.932736337184906],"rotationconfidence":1},"2":{"id":2,"position":[363.9263212680817,-245.3199028968811,3250.226497650147],"positionconfidence":1,"rotation":[0.9981343150138855,-0.06097708642482758,-0.003146793926134706,0.05800828337669373,0.9309308528900146,0.3605591356754303,-0.01905639655888081,-0.3600689470767975,0.9327310919761658],"rotationconfidence":1},"3":{"id":3,"position":[337.0113670825958,-613.0990982055664,3179.350137710571],"positionconfidence":1,"rotation":[0.9974088072776794,-0.0715528279542923,-0.007471747696399689,0.07167530804872513,0.9794067144393921,0.1887458115816116,-0.006187418941408396,-0.1887923181056976,0.9819976091384888],"rotationconfidence":1},"4":{"id":4,"position":[332.328587770462,-667.5499081611633,3117.490768432617],"positionconfidence":1,"rotation":[0.998211145401001,-0.05166168510913849,-0.03009054437279701,0.05673116445541382,0.6596633195877075,0.7494169473648071,-0.0188665147870779,-0.7497835159301758,0.6614142060279846],"rotationconfidence":1},"6":{"id":6,"position":[230.2638590335846,-375.2047419548035,3213.698387145996],"positionconfidence":1,"rotation":[0.3128706216812134,0.948939323425293,-0.04032411798834801,0.03080090880393982,-0.0525701679289341,-0.9981421232223511,-0.949296236038208,0.3110473453998566,-0.0456758588552475],"rotationconfidence":1},"7":{"id":7,"position":[153.9957821369171,-606.5264940261841,3223.528146743774],"positionconfidence":1,"rotation":[0.03300681710243225,0.2430926114320755,0.9694413542747498,0.3126456141471863,0.9187794327735901,-0.2410335838794708,-0.949296236038208,0.3110473453998566,-0.0456758588552475],"rotationconfidence":1},"8":{"id":8,"position":[147.0562219619751,-657.6358079910278,3019.706726074219],"positionconfidence":1,"rotation":[-0.393301248550415,-0.2386812120676041,0.8878881931304932,0,0.9657155871391296,0.2596026957035065,-0.9194097518920898,0.1021020635962486,-0.3798171579837799],"rotationconfidence":1},"9":{"id":9,"position":[167.6982194185257,-645.1088786125183,2973.106861114502],"positionconfidence":0.5,"rotation":[-0.393301248550415,-0.2386812120676041,0.8878881931304932,0,0.9657155871391296,0.2596026957035065,-0.9194097518920898,0.1021020635962486,-0.3798171579837799],"rotationconfidence":0.5},"12":{"id":12,"position":[504.5977234840393,-395.2080011367798,3211.581230163574],"positionconfidence":1,"rotation":[0.2387227267026901,-0.9659574627876282,0.09968841075897217,-0.3863681256771088,-0.1886603981256485,-0.9028438925743103,0.8909159302711487,0.1770129054784775,-0.4182526469230652],"rotationconfidence":1},"13":{"id":13,"position":[564.1414523124695,-636.1432075500488,3236.446142196655],"positionconfidence":1,"rotation":[-0.2270987033843994,-0.6238939166069031,-0.7477851510047913,-0.3933129012584686,0.7611983418464661,-0.5156376361846924,0.8909159302711487,0.1770129054784775,-0.4182526469230652],"rotationconfidence":1},"14":{"id":14,"position":[505.0070881843567,-798.5993027687073,3041.729927062988],"positionconfidence":1,"rotation":[-0.4027804136276245,0.4442305564880371,-0.8002669811248779,0,-0.8743252158164978,-0.4853405058383942,-0.9152966737747192,-0.1954856514930725,0.3521610796451569],"rotationconfidence":1},"15":{"id":15,"position":[474.3325114250183,-764.7680044174194,2980.783939361572],"positionconfidence":0.5,"rotation":[-0.4027804136276245,0.4442305564880371,-0.8002669811248779,0,-0.8743252158164978,-0.4853405058383942,-0.9152966737747192,-0.1954856514930725,0.3521610796451569],"rotationconfidence":0.5},"17":{"id":17,"position":[263.4672820568085,-722.3675847053528,3099.478483200073],"positionconfidence":1,"rotation":[0.8247602581977844,-0.4894073605537415,-0.283285915851593,0.5654602646827698,0.7182171940803528,0.4054856598377228,0.005013152491301298,-0.4946154356002808,0.8690975308418274],"rotationconfidence":1},"18":{"id":18,"position":[101.0896041989327,-928.6109805107117,2983.039140701294],"positionconfidence":1,"rotation":[0.8290795087814331,-0.559130847454071,0,0.5296759009361267,0.7854036688804626,0.320288211107254,-0.1790830194950104,-0.2655443847179413,0.9473202228546143],"rotationconfidence":1},"19":{"id":19,"position":[-26.53780952095985,-1117.856979370117,2905.864477157593],"positionconfidence":1,"rotation":[0.5541948676109314,-0.8323869705200195,0,0.8030887842178345,0.534688413143158,-0.2629769444465637,0.2188985645771027,0.1457404643297195,0.9648022055625916],"rotationconfidence":1},"20":{"id":20,"position":[-43.67623850703239,-1129.267573356628,2830.326318740845],"positionconfidence":1,"rotation":[0.5541948676109314,-0.8323869705200195,0,0.8030887842178345,0.534688413143158,-0.2629769444465637,0.2188985645771027,0.1457404643297195,0.9648022055625916],"rotationconfidence":1},"21":{"id":21,"position":[393.1795060634613,-730.2475571632385,3094.245672225952],"positionconfidence":1,"rotation":[0.9415083527565002,0.2630735635757446,0.2106048315763474,-0.3369468152523041,0.7448797821998596,0.5758654475212097,-0.005380311980843544,-0.6131446957588196,0.789952278137207],"rotationconfidence":1},"22":{"id":22,"position":[490.9556210041046,-946.3987350463867,2927.139520645142],"positionconfidence":1,"rotation":[0.899762749671936,0.3975576460361481,0.179930180311203,-0.4162684082984924,0.6582090258598328,0.6272810697555542,0.1309487223625183,-0.6393033862113953,0.7577226758003235],"rotationconfidence":1},"23":{"id":23,"position":[620.5182075500488,-1151.264786720276,2731.899738311768],"positionconfidence":0.5,"rotation":[0.09014534205198288,0.9959286451339722,0,-0.9748338460922241,0.08823596686124802,-0.2047273516654968,-0.2038938254117966,0.01845521666109562,0.978818953037262],"rotationconfidence":0.5},"24":{"id":24,"position":[637.6830339431763,-1152.818441390991,2649.497747421265],"positionconfidence":0.5,"rotation":[0.09014534205198288,0.9959286451339722,0,-0.9748338460922241,0.08823596686124802,-0.2047273516654968,-0.2038938254117966,0.01845521666109562,0.978818953037262],"rotationconfidence":0.5}},"skeletonTracked":true,"frameCount":1},{"position":[305.3612411022186,-676.2238144874573,3000.613451004028],"positionTracked":true,"id":4625,"skeleton":{"1":{"id":1,"position":[375.2171993255615,-88.55724334716797,3311.15198135376],"positionconfidence":0.5,"rotation":[0.9976290464401245,-0.06881950050592422,0,0.06414562463760376,0.9298750162124634,0.362239807844162,-0.02492916211485863,-0.3613809645175934,0.9320847988128662],"rotationconfidence":0.5},"2":{"id":2,"position":[364.5017743110657,-243.8914030790329,3250.640392303467],"positionconfidence":1,"rotation":[0.9977133274078369,-0.06750355660915375,-0.003392986487597227,0.06414562463760376,0.9298750162124634,0.362239807844162,-0.02129742316901684,-0.3616291582584381,0.9320788383483887],"rotationconfidence":1},"3":{"id":3,"position":[337.1798694133759,-612.5221848487854,3179.243326187134],"positionconfidence":1,"rotation":[0.9973285794258118,-0.07283000648021698,-0.005623962730169296,0.07257315516471863,0.9791666269302368,0.1896467357873917,-0.008305177092552185,-0.1895482540130615,0.9818363189697266],"rotationconfidence":1},"4":{"id":4,"position":[332.610696554184,-667.039155960083,3117.265224456787],"positionconfidence":1,"rotation":[0.9982153177261353,-0.05349957570433617,-0.02653168700635433,0.05527029186487198,0.6594560742378235,0.7497084736824036,-0.02261260338127613,-0.7498369216918945,0.6612361669540405],"rotationconfidence":1},"6":{"id":6,"position":[230.4300516843796,-374.9586045742035,3213.438749313355],"positionconfidence":1,"rotation":[0.3138312995433807,0.9488885402679443,-0.03347372636198998,0.01803086325526238,-0.04120452702045441,-0.9989880323410034,-0.9493075609207153,0.3129101395606995,-0.03004054725170136],"rotationconfidence":1},"7":{"id":7,"position":[153.9431810379028,-606.2214374542236,3221.596956253052],"positionconfidence":1,"rotation":[0.04866217076778412,0.240695521235466,0.9693799614906311,0.3105594515800476,0.9187778830528259,-0.2437209635972977,-0.9493075609207153,0.3129101395606995,-0.03004054725170136],"rotationconfidence":1},"8":{"id":8,"position":[143.7125951051712,-656.82452917099,3017.797470092773],"positionconfidence":0.5,"rotation":[-0.4021041393280029,-0.2441166192293167,0.8824506998062134,0,0.963801383972168,0.2666210532188416,-0.9155938625335693,0.1072094291448593,-0.3875485360622406],"rotationconfidence":0.5},"9":{"id":9,"position":[165.0704890489578,-643.8581943511963,2970.925807952881],"positionconfidence":0.5,"rotation":[-0.4021041393280029,-0.2441166192293167,0.8824506998062134,0,0.963801383972168,0.2666210532188416,-0.9155938625335693,0.1072094291448593,-0.3875485360622406],"rotationconfidence":0.5},"12":{"id":12,"position":[505.4097771644592,-395.2591419219971,3211.845636367798],"positionconfidence":1,"rotation":[0.2370348125696182,-0.9662843942642212,0.1005431190133095,-0.3740324974060059,-0.1862842440605164,-0.9085140824317932,0.8966126441955566,0.1777430921792984,-0.4055776298046112],"rotationconfidence":1},"13":{"id":13,"position":[564.2867684364319,-635.2741718292236,3236.819505691528],"positionconfidence":1,"rotation":[-0.2090569585561752,-0.6374993920326233,-0.7415453791618347,-0.3903600573539734,0.749667763710022,-0.5344315767288208,0.8966126441955566,0.1777430921792984,-0.4055776298046112],"rotationconfidence":1},"14":{"id":14,"position":[509.7145438194275,-801.6870021820068,3043.246507644653],"positionconfidence":1,"rotation":[-0.4207612574100494,0.4601864218711853,-0.7817853689193726,0,-0.8617835640907288,-0.507276177406311,-0.907171368598938,-0.2134421616792679,0.3626051247119904],"rotationconfidence":1},"15":{"id":15,"position":[476.4465093612671,-765.301764011383,2981.433629989624],"positionconfidence":0.5,"rotation":[-0.4207612574100494,0.4601864218711853,-0.7817853689193726,0,-0.8617835640907288,-0.507276177406311,-0.907171368598938,-0.2134421616792679,0.3626051247119904],"rotationconfidence":0.5},"17":{"id":17,"position":[263.810396194458,-721.620500087738,3098.929166793823],"positionconfidence":1,"rotation":[0.8252612352371216,-0.491534411907196,-0.2780967056751251,0.5647488236427307,0.7196809649467468,0.4038787186145783,0.001620600000023842,-0.4903602600097656,0.8715183138847351],"rotationconfidence":1},"18":{"id":18,"position":[101.5831753611565,-928.3528327941895,2982.91277885437],"positionconfidence":1,"rotation":[0.8286638855934143,-0.559746503829956,0,0.5304455757141113,0.785286009311676,0.3193011283874512,-0.1787276864051819,-0.2645933032035828,0.9476532340049744],"rotationconfidence":1},"19":{"id":19,"position":[-26.48144029080868,-1117.943167686462,2905.824422836304],"positionconfidence":1,"rotation":[0.5640251636505127,-0.8257576823234558,0,0.7958568334579468,0.5436016917228699,-0.2666630446910858,0.2201990187168121,0.1504046469926834,0.9637898206710815],"rotationconfidence":1},"20":{"id":20,"position":[-43.60312595963478,-1129.637956619263,2830.884456634522],"positionconfidence":1,"rotation":[0.5640251636505127,-0.8257576823234558,0,0.7958568334579468,0.5436016917228699,-0.2666630446910858,0.2201990187168121,0.1504046469926834,0.9637898206710815],"rotationconfidence":1},"21":{"id":21,"position":[393.4451639652252,-729.8016548156738,3094.084978103638],"positionconfidence":1,"rotation":[0.9418289661407471,0.2600479423999786,0.2129160314798355,-0.3359667062759399,0.7457883358001709,0.5752617716789246,-0.009194662794470787,-0.6133309006690979,0.7897725105285645],"rotationconfidence":1},"22":{"id":22,"position":[490.939199924469,-946.221649646759,2927.150011062622],"positionconfidence":1,"rotation":[0.9001128673553467,0.3959084749221802,0.181805744767189,-0.4163147807121277,0.6587070226669312,0.6267271637916565,0.1283698678016663,-0.6398136019706726,0.7577332258224487],"rotationconfidence":1},"23":{"id":23,"position":[620.4948425292969,-1151.208877563477,2732.114791870117],"positionconfidence":0.5,"rotation":[0.09019339084625244,0.9959242343902588,0,-0.9744246602058411,0.08824633806943893,-0.2066615223884583,-0.205819234251976,0.01863950490951538,0.9784124493598938],"rotationconfidence":0.5},"24":{"id":24,"position":[637.8018260002136,-1152.77624130249,2649.841785430908],"positionconfidence":0.5,"rotation":[0.09019339084625244,0.9959242343902588,0,-0.9744246602058411,0.08824633806943893,-0.2066615223884583,-0.205819234251976,0.01863950490951538,0.9784124493598938],"rotationconfidence":0.5}},"skeletonTracked":true,"frameCount":2},{"position":[304.604172706604,-669.3299412727356,3004.788160324097],"positionTracked":true,"id":4625,"skeleton":{"1":{"id":1,"position":[376.4871954917908,-87.79281377792358,3311.791181564331],"positionconfidence":1,"rotation":[0.9972206354141235,-0.07450495660305023,0,0.06938354671001434,0.9286725521087646,0.3643531799316406,-0.02714611776173115,-0.3633404970169067,0.9312608242034912],"rotationconfidence":1},"2":{"id":2,"position":[364.9047613143921,-242.8193092346191,3250.968456268311],"positionconfidence":1,"rotation":[0.9973388910293579,-0.07277050614356995,-0.004443316254764795,0.06938354671001434,0.9286725521087646,0.3643531799316406,-0.02238777838647366,-0.3636918663978577,0.9312503337860107],"rotationconfidence":1},"3":{"id":3,"position":[337.3952805995941,-611.940860748291,3179.116487503052],"positionconfidence":1,"rotation":[0.9972900748252869,-0.07342511415481567,-0.004622543230652809,0.07295887172222137,0.978960394859314,0.1905611604452133,-0.009466688148677349,-0.1903820037841797,0.9816644787788391],"rotationconfidence":1},"4":{"id":4,"position":[332.9058289527893,-666.5282249450684,3117.012977600098],"positionconfidence":1,"rotation":[0.9980915784835815,-0.05801289528608322,-0.02116004563868046,0.05421670898795128,0.659222424030304,0.7499908804893494,-0.02955996803939343,-0.7497068643569946,0.6611096262931824],"rotationconfidence":1},"6":{"id":6,"position":[230.5990010499954,-374.7856914997101,3213.251352310181],"positionconfidence":1,"rotation":[0.315108984708786,0.948514997959137,-0.03202742710709572,0.0187836829572916,-0.03997309878468514,-0.9990242719650269,-0.9488695859909058,0.3141998946666718,-0.03041248396039009],"rotationconfidence":1},"7":{"id":7,"position":[153.8184285163879,-605.904221534729,3221.055269241333],"positionconfidence":1,"rotation":[0.04728862643241882,0.2367399632930756,0.9704214930534363,0.312106192111969,0.9193652868270874,-0.2394934296607971,-0.9488695859909058,0.3141998946666718,-0.03041248396039009],"rotationconfidence":1},"8":{"id":8,"position":[143.8719928264618,-655.698835849762,3016.942024230957],"positionconfidence":1,"rotation":[-0.4022764265537262,-0.245384693145752,0.8820203542709351,0,0.9634110331535339,0.268028199672699,-0.9155181646347046,0.1078214272856712,-0.3875575363636017],"rotationconfidence":1},"9":{"id":9,"position":[165.309488773346,-642.622172832489,2969.9387550354],"positionconfidence":0.5,"rotation":[-0.4022764265537262,-0.245384693145752,0.8820203542709351,0,0.9634110331535339,0.268028199672699,-0.9155181646347046,0.1078214272856712,-0.3875575363636017],"rotationconfidence":0.5},"12":{"id":12,"position":[505.6120157241821,-394.9245810508728,3211.997747421265],"positionconfidence":1,"rotation":[0.2363174557685852,-0.9664390683174133,0.1007448956370354,-0.3661251068115234,-0.184603750705719,-0.912071168422699,0.900059163570404,0.1786531060934067,-0.3974627256393433],"rotationconfidence":1},"13":{"id":13,"position":[564.2967224121094,-634.9203586578369,3237.015724182129],"positionconfidence":1,"rotation":[-0.1966887414455414,-0.6473498344421387,-0.7363773584365845,-0.388853520154953,0.740959644317627,-0.5475140810012817,0.900059163570404,0.1786531060934067,-0.3974627256393433],"rotationconfidence":1},"14":{"id":14,"position":[512.9823684692383,-803.8082122802734,3044.901371002197],"positionconfidence":0.5,"rotation":[-0.4165062308311462,0.4712589383125305,-0.7774558067321777,0,-0.8551619648933411,-0.5183609127998352,-0.9091328382492065,-0.2159005552530289,0.3561802804470062],"rotationconfidence":0.5},"15":{"id":15,"position":[480.1730215549469,-766.6858434677124,2983.659029006958],"positionconfidence":0.5,"rotation":[-0.4165062308311462,0.4712589383125305,-0.7774558067321777,0,-0.8551619648933411,-0.5183609127998352,-0.9091328382492065,-0.2159005552530289,0.3561802804470062],"rotationconfidence":0.5},"17":{"id":17,"position":[264.3103003501892,-720.6539511680603,3098.102807998657],"positionconfidence":1,"rotation":[0.8224731683731079,-0.4989186823368073,-0.2731631398200989,0.5687812566757202,0.7171024084091187,0.4028052389621735,-0.00508112832903862,-0.4866665601730347,0.8735730648040771],"rotationconfidence":1},"18":{"id":18,"position":[100.3890112042427,-927.3210167884827,2982.015371322632],"positionconfidence":1,"rotation":[0.8327546119689941,-0.5536421537399292,0,0.5252847671508789,0.790101170539856,0.3159368634223938,-0.1749159693717957,-0.263097882270813,0.9487801790237427],"rotationconfidence":1},"19":{"id":19,"position":[-26.40457078814507,-1118.036150932312,2905.754327774048],"positionconfidence":1,"rotation":[0.5719025135040283,-0.8203216791152954,0,0.7898846864700317,0.550682783126831,-0.2698718309402466,0.2213816791772842,0.1543403565883637,0.9628962874412537],"rotationconfidence":1},"20":{"id":20,"position":[-43.52620244026184,-1129.972815513611,2831.284046173096],"positionconfidence":1,"rotation":[0.5719025135040283,-0.8203216791152954,0,0.7898846864700317,0.550682783126831,-0.2698718309402466,0.2213816791772842,0.1543403565883637,0.9628962874412537],"rotationconfidence":1},"21":{"id":21,"position":[393.6826586723328,-729.3763756752014,3093.996047973633],"positionconfidence":1,"rotation":[0.9420563578605652,0.2548052370548248,0.2181836068630219,-0.3350532054901123,0.7465208768844604,0.5748441815376282,-0.01640530489385128,-0.6146388053894043,0.7886381149291992],"rotationconfidence":1},"22":{"id":22,"position":[490.9145534038544,-946.0155367851257,2927.17719078064],"positionconfidence":1,"rotation":[0.9003563523292542,0.3947498500347138,0.1831143796443939,-0.4163607060909271,0.6591588258743286,0.6262214779853821,0.1264993697404862,-0.6400641202926636,0.7578361630439758],"rotationconfidence":1},"23":{"id":23,"position":[620.4670667648315,-1151.115775108337,2732.325553894043],"positionconfidence":0.5,"rotation":[0.08997075259685516,0.9959444403648376,0,-0.9741661548614502,0.08800336718559265,-0.2079801708459854,-0.2071366757154465,0.0187121294438839,0.9781330227851868],"rotationconfidence":0.5},"24":{"id":24,"position":[637.8700137138367,-1152.687907218933,2650.146007537842],"positionconfidence":0.5,"rotation":[0.08997075259685516,0.9959444403648376,0,-0.9741661548614502,0.08800336718559265,-0.2079801708459854,-0.2071366757154465,0.0187121294438839,0.9781330227851868],"rotationconfidence":0.5}},"skeletonTracked":true,"frameCount":3},{"position":[304.994523525238,-672.8171706199646,2996.834993362427],"positionTracked":true,"id":4625,"skeleton":{"1":{"id":1,"position":[376.3058185577393,-87.17956393957138,3312.560796737671],"positionconfidence":0.5,"rotation":[0.997464120388031,-0.07117122411727905,0,0.0661945790052414,0.9277164340019226,0.3673697113990784,-0.02614615298807621,-0.3664381206035614,0.9300749897956848],"rotationconfidence":0.5},"2":{"id":2,"position":[365.2624785900116,-241.9518679380417,3251.271963119507],"positionconfidence":1,"rotation":[0.9975367784500122,-0.07009172439575195,-0.00273914635181427,0.0661945790052414,0.9277164340019226,0.3673697113990784,-0.02320842631161213,-0.3666461110115051,0.9300709366798401],"rotationconfidence":1},"3":{"id":3,"position":[337.6054167747498,-611.416220664978,3178.981781005859],"positionconfidence":1,"rotation":[0.9972600936889648,-0.07386764883995056,-0.004009191878139973,0.07326672226190567,0.9787532687187195,0.1915049552917481,-0.01022200938314199,-0.1912739723920822,0.981483519077301],"rotationconfidence":1},"4":{"id":4,"position":[333.1627547740936,-666.0664081573486,3116.754770278931],"positionconfidence":1,"rotation":[0.9979355931282043,-0.06198325008153915,-0.01681093499064446,0.05356657132506371,0.658934473991394,0.7502906322479248,-0.03542814776301384,-0.7496421933174133,0.6608943343162537],"rotationconfidence":1},"6":{"id":6,"position":[230.7175993919373,-374.6683299541473,3213.131904602051],"positionconfidence":1,"rotation":[0.3159926235675812,0.9482598900794983,-0.03085140883922577,0.01938112266361713,-0.03896239399909973,-0.9990527629852295,-0.9485637545585632,0.3150953650474548,-0.03069017082452774],"rotationconfidence":1},"7":{"id":7,"position":[153.7366360425949,-605.6799292564392,3220.647811889648],"positionconfidence":1,"rotation":[0.04625990241765976,0.2338525801897049,0.9711709022521973,0.3131884336471558,0.9197977781295776,-0.2364003658294678,-0.9485637545585632,0.3150953650474548,-0.03069017082452774],"rotationconfidence":1},"8":{"id":8,"position":[144.0048068761826,-654.876172542572,3016.339778900147],"positionconfidence":0.5,"rotation":[-0.4022086262702942,-0.2462900876998901,0.8817989826202393,0,0.9631378054618835,0.2690083384513855,-0.9155480265617371,0.1081974729895592,-0.3873823285102844],"rotationconfidence":0.5},"9":{"id":9,"position":[165.51573574543,-641.7040824890137,2969.179391860962],"positionconfidence":0.5,"rotation":[-0.4022086262702942,-0.2462900876998901,0.8817989826202393,0,0.9631378054618835,0.2690083384513855,-0.9155480265617371,0.1081974729895592,-0.3873823285102844],"rotationconfidence":0.5},"12":{"id":12,"position":[505.7685971260071,-394.7296738624573,3212.086915969849],"positionconfidence":1,"rotation":[0.2361011952161789,-0.9664225578308105,0.1014079749584198,-0.3579405844211578,-0.1835145056247711,-0.9155330657958984,0.9034017324447632,0.1798604279756546,-0.3892498910427094],"rotationconfidence":1},"13":{"id":13,"position":[564.3354058265686,-634.458601474762,3237.241983413696],"positionconfidence":1,"rotation":[-0.1870621591806412,-0.6515282988548279,-0.7351997494697571,-0.385840654373169,0.7369946241378784,-0.5549467206001282,0.9034017324447632,0.1798604279756546,-0.3892498910427094],"rotationconfidence":1},"14":{"id":14,"position":[515.1285529136658,-805.8436512947083,3043.84708404541],"positionconfidence":1,"rotation":[-0.4227126240730286,0.4852888286113739,-0.7653814554214478,0,-0.8445459604263306,-0.5354829430580139,-0.9062637090682983,-0.2263554036617279,0.3570002317428589],"rotationconfidence":1},"15":{"id":15,"position":[481.7213714122772,-767.4910426139832,2983.35862159729],"positionconfidence":0.5,"rotation":[-0.4227126240730286,0.4852888286113739,-0.7653814554214478,0,-0.8445459604263306,-0.5354829430580139,-0.9062637090682983,-0.2263554036617279,0.3570002317428589],"rotationconfidence":0.5},"17":{"id":17,"position":[264.6634876728058,-719.8432683944702,3097.371339797974],"positionconfidence":1,"rotation":[0.8231511116027832,-0.5022478699684143,-0.2648944854736328,0.5677257180213928,0.7193664908409119,0.4002491235733032,-0.01046805549412966,-0.4798529446125031,0.8772863745689392],"rotationconfidence":1},"18":{"id":18,"position":[101.0244786739349,-927.1906018257141,2982.005119323731],"positionconfidence":1,"rotation":[0.8318410515785217,-0.5550138354301453,0,0.5266233086585999,0.7892900109291077,0.3157358169555664,-0.1752377450466156,-0.2626420259475708,0.9488470554351807],"rotationconfidence":1},"19":{"id":19,"position":[-26.32783725857735,-1118.063092231751,2905.651330947876],"positionconfidence":1,"rotation":[0.5611169338226318,-0.8277365565299988,0,0.7970969080924988,0.5403465032577515,-0.2695591151714325,0.2231239229440689,0.1512541770935059,0.9629837870597839],"rotationconfidence":1},"20":{"id":20,"position":[-43.51602494716644,-1129.714846611023,2831.46858215332],"positionconfidence":1,"rotation":[0.5611169338226318,-0.8277365565299988,0,0.7970969080924988,0.5403465032577515,-0.2695591151714325,0.2231239229440689,0.1512541770935059,0.9629837870597839],"rotationconfidence":1},"21":{"id":21,"position":[393.8798010349274,-729.012131690979,3093.898057937622],"positionconfidence":1,"rotation":[0.9421684741973877,0.2503221035003662,0.2228392958641052,-0.3343800604343414,0.7468671202659607,0.5747864246368408,-0.02254958637058735,-0.6160587072372437,0.7873774170875549],"rotationconfidence":1},"22":{"id":22,"position":[490.9034967422485,-945.7230567932129,2927.118062973023],"positionconfidence":1,"rotation":[0.9006166458129883,0.3936355113983154,0.1842302083969116,-0.4163521230220795,0.6598373651504517,0.6255121827125549,0.1246618330478668,-0.6400513052940369,0.7581514716148376],"rotationconfidence":1},"23":{"id":23,"position":[620.44757604599,-1151.025295257568,2732.495784759522],"positionconfidence":0.5,"rotation":[0.0899626836180687,0.995945155620575,0,-0.97392737865448,0.08797384053468704,-0.2091078758239746,-0.2082599699497223,0.01881190575659275,0.9778925776481628],"rotationconfidence":0.5},"24":{"id":24,"position":[637.9325985908508,-1152.604699134827,2650.394201278687],"positionconfidence":0.5,"rotation":[0.0899626836180687,0.995945155620575,0,-0.97392737865448,0.08797384053468704,-0.2091078758239746,-0.2082599699497223,0.01881190575659275,0.9778925776481628],"rotationconfidence":0.5}},"skeletonTracked":true,"frameCount":4},{"position":[302.3020625114441,-669.0788269042969,3000.109672546387],"positionTracked":true,"id":4625,"skeleton":{"1":{"id":1,"position":[375.8811950683594,-86.80339902639389,3313.339710235596],"positionconfidence":1,"rotation":[0.9977481365203857,-0.0670727863907814,0,0.06229129433631897,0.9266205430030823,0.3708019256591797,-0.02487071789801121,-0.3699669241905212,0.9287119507789612],"rotationconfidence":1},"2":{"id":2,"position":[365.4906749725342,-241.3686513900757,3251.487970352173],"positionconfidence":1,"rotation":[0.9977630376815796,-0.06684763729572296,-0.0005651512183248997,0.06229129433631897,0.9266205430030823,0.3708019256591797,-0.02426355332136154,-0.3700076937675476,0.9287118315696716],"rotationconfidence":1},"3":{"id":3,"position":[337.787926197052,-610.9241247177124,3178.827524185181],"positionconfidence":1,"rotation":[0.9972450733184814,-0.07410383224487305,-0.003316192887723446,0.07335595041513443,0.9785704612731934,0.1924024224281311,-0.01101262867450714,-0.1921156495809555,0.9813106060028076],"rotationconfidence":1},"4":{"id":4,"position":[333.4109485149384,-665.5958294868469,3116.464853286743],"positionconfidence":1,"rotation":[0.9977936148643494,-0.06511984020471573,-0.01294215582311153,0.05270309746265411,0.6583008766174316,0.7509076595306396,-0.04037915542721748,-0.7499329447746277,0.6602804660797119],"rotationconfidence":1},"6":{"id":6,"position":[230.9164553880692,-374.3879497051239,3213.061571121216],"positionconfidence":1,"rotation":[0.3168556094169617,0.9479985237121582,-0.03002243302762508,-0.00820316281169653,-0.02891318313777447,-0.9995483160018921,-0.9484383463859558,0.3169587552547455,-0.001384717994369566],"rotationconfidence":1},"7":{"id":7,"position":[153.6999642848969,-605.4115295410156,3220.377922058106],"positionconfidence":1,"rotation":[0.1031435877084732,0.3127624690532684,0.9442145824432373,0.2997101545333862,0.8953865170478821,-0.329328179359436,-0.9484383463859558,0.3169587552547455,-0.001384717994369566],"rotationconfidence":1},"8":{"id":8,"position":[132.2428733110428,-670.4759001731873,3023.951768875122],"positionconfidence":1,"rotation":[-0.05884143710136414,0.04341279342770577,0.9973228573799133,0,0.9990540146827698,-0.04348814859986305,-0.9982673525810242,-0.0025589051656425,-0.05878577381372452],"rotationconfidence":1},"9":{"id":9,"position":[135.2998018264771,-672.7312803268433,2972.13888168335],"positionconfidence":1,"rotation":[-0.05884143710136414,0.04341279342770577,0.9973228573799133,0,0.9990540146827698,-0.04348814859986305,-0.9982673525810242,-0.0025589051656425,-0.05878577381372452],"rotationconfidence":1},"12":{"id":12,"position":[506.1320662498474,-394.6298658847809,3212.18729019165],"positionconfidence":1,"rotation":[0.2351060509681702,-0.9667176008224487,0.1009071692824364,-0.3394405841827393,-0.1789428889751434,-0.9234497547149658,0.9107717275619507,0.1828566491603851,-0.3702137470245361],"rotationconfidence":1},"13":{"id":13,"position":[564.3703937530518,-634.0963244438171,3237.183094024658],"positionconfidence":1,"rotation":[-0.1548524498939514,-0.6798962354660034,-0.7167718410491943,-0.3827734291553497,0.71014404296875,-0.5909144878387451,0.9107717275619507,0.1828566491603851,-0.3702137470245361],"rotationconfidence":1},"14":{"id":14,"position":[524.4349241256714,-809.4372749328613,3052.332162857056],"positionconfidence":1,"rotation":[-0.4369146823883057,0.4777676463127136,-0.7621309161186218,0,-0.8472800850868225,-0.5311462879180908,-0.8995028734207153,-0.2320656180381775,0.3701891005039215],"rotationconfidence":1},"15":{"id":15,"position":[487.8973066806793,-769.4832682609558,2988.597869873047],"positionconfidence":0.5,"rotation":[-0.4369146823883057,0.4777676463127136,-0.7621309161186218,0,-0.8472800850868225,-0.5311462879180908,-0.8995028734207153,-0.2320656180381775,0.3701891005039215],"rotationconfidence":0.5},"17":{"id":17,"position":[264.9943828582764,-719.0887331962585,3096.685647964478],"positionconfidence":1,"rotation":[0.8238975405693054,-0.5047214031219482,-0.2577772736549377,0.5665398240089417,0.7214317917823792,0.398206889629364,-0.01501482538878918,-0.4741228222846985,0.8803307414054871],"rotationconfidence":1},"18":{"id":18,"position":[101.7029732465744,-927.0240068435669,2981.912136077881],"positionconfidence":1,"rotation":[0.8308845162391663,-0.5564448237419128,0,0.5278863906860352,0.7882410287857056,0.3162465989589691,-0.1759737879037857,-0.2627643942832947,0.9486769437789917],"rotationconfidence":1},"19":{"id":19,"position":[-26.19511820375919,-1118.001699447632,2905.290842056274],"positionconfidence":1,"rotation":[0.5408012866973877,-0.8411504030227661,0,0.8105948567390442,0.5211561918258667,-0.2670812904834747,0.2246555238962174,0.1444378942251205,0.9636740684509277],"rotationconfidence":1},"20":{"id":20,"position":[-43.46193745732307,-1129.103064537048,2831.223726272583],"positionconfidence":1,"rotation":[0.5408012866973877,-0.8411504030227661,0,0.8105948567390442,0.5211561918258667,-0.2670812904834747,0.2246555238962174,0.1444378942251205,0.9636740684509277],"rotationconfidence":1},"21":{"id":21,"position":[394.0641582012177,-728.6194562911987,3093.754053115845],"positionconfidence":1,"rotation":[0.942223310470581,0.2466288655996323,0.2266927808523178,-0.3338384032249451,0.7472836971282959,0.5745599269866943,-0.02770075760781765,-0.6170424222946167,0.786442220211029],"rotationconfidence":1},"22":{"id":22,"position":[490.91637134552,-945.419192314148,2927.064418792725],"positionconfidence":1,"rotation":[0.900935709476471,0.3924221992492676,0.1852555871009827,-0.416196882724762,0.6605130434036255,0.6249022483825684,0.1228617802262306,-0.6400995254516602,0.7584046721458435],"rotationconfidence":1},"23":{"id":23,"position":[620.4115152359009,-1150.930643081665,2732.632875442505],"positionconfidence":0.5,"rotation":[0.08958886563777924,0.995978832244873,0,-0.9737529158592224,0.08758962899446487,-0.2100796550512314,-0.209234893321991,0.01882079988718033,0.9776843190193176],"rotationconfidence":0.5},"24":{"id":24,"position":[637.9700899124146,-1152.510046958923,2650.587558746338],"positionconfidence":0.5,"rotation":[0.08958886563777924,0.995978832244873,0,-0.9737529158592224,0.08758962899446487,-0.2100796550512314,-0.209234893321991,0.01882079988718033,0.9776843190193176],"rotationconfidence":0.5}},"skeletonTracked":true,"frameCount":5},{"position":[300.023078918457,-674.0125417709351,2992.937088012695],"positionTracked":true,"id":4625,"skeleton":{"1":{"id":1,"position":[375.5110502243042,-86.80844306945801,3314.217567443848],"positionconfidence":0.5,"rotation":[0.9978895783424377,-0.06493373960256577,0,0.06020075082778931,0.9251538515090942,0.374788373708725,-0.02433641068637371,-0.3739974200725555,0.9271104335784912],"rotationconfidence":0.5},"2":{"id":2,"position":[365.4736876487732,-241.0607486963272,3251.728534698486],"positionconfidence":1,"rotation":[0.9968910217285156,-0.07484594732522964,0.02462837658822537,0.06020075082778931,0.9251538515090942,0.374788373708725,-0.05083642527461052,-0.372140496969223,0.9267832636833191],"rotationconfidence":1},"3":{"id":3,"position":[337.4729156494141,-609.6760034561157,3178.542852401733],"positionconfidence":1,"rotation":[0.9964972138404846,-0.08031898736953735,0.02328477613627911,0.07430177927017212,0.9781433939933777,0.1942027360200882,-0.03837401792407036,-0.1917923837900162,0.9806850552558899],"rotationconfidence":1},"4":{"id":4,"position":[333.7148427963257,-664.0453338623047,3115.988731384277],"positionconfidence":1,"rotation":[0.9974902272224426,-0.07078579068183899,0.001597579102963209,0.04529717192053795,0.6553297638893127,0.7539834380149841,-0.05441825836896896,-0.7520188093185425,0.6568914651870728],"rotationconfidence":1},"6":{"id":6,"position":[230.2609384059906,-375.053197145462,3211.547613143921],"positionconfidence":1,"rotation":[0.346132755279541,0.938139796257019,0.009263374842703342,0.07393179088830948,-0.0174319464713335,-0.9971109628677368,-0.9352680444717407,0.3458176553249359,-0.07539212703704834],"rotationconfidence":1},"7":{"id":7,"position":[146.7954814434052,-601.2735366821289,3209.313869476318],"positionconfidence":1,"rotation":[0.04698045179247856,0.3324173986911774,0.9419615268707275,0.3508085906505585,0.8774445652961731,-0.327146053314209,-0.9352680444717407,0.3458176553249359,-0.07539212703704834],"rotationconfidence":1},"8":{"id":8,"position":[137.0847225189209,-669.9835062026978,3014.612436294556],"positionconfidence":1,"rotation":[0.1077472716569901,0.1565650254487991,0.9817728400230408,0,0.9875218868255615,-0.1574818342924118,-0.994178295135498,0.01696823723614216,0.1064027920365334],"rotationconfidence":1},"9":{"id":9,"position":[131.7396610975266,-677.750289440155,2965.909242630005],"positionconfidence":0.5,"rotation":[0.1077472716569901,0.1565650254487991,0.9817728400230408,0,0.9875218868255615,-0.1574818342924118,-0.994178295135498,0.01696823723614216,0.1064027920365334],"rotationconfidence":0.5},"12":{"id":12,"position":[510.4900002479553,-396.4444994926453,3218.329429626465],"positionconfidence":1,"rotation":[0.2146245688199997,-0.9701801538467407,0.1126352921128273,-0.3092143535614014,-0.1768857836723328,-0.9343969821929932,0.9264570474624634,0.1657161116600037,-0.3379576802253723],"rotationconfidence":1},"13":{"id":13,"position":[562.9401206970215,-633.5378885269165,3245.855331420898],"positionconfidence":0.5,"rotation":[-0.09293505549430847,-0.7693601250648499,-0.63201904296875,-0.3647468984127045,0.6169466376304626,-0.6973782777786255,0.9264570474624634,0.1657161116600037,-0.3379576802253723],"rotationconfidence":0.5},"14":{"id":14,"position":[541.4701700210571,-811.2762570381165,3099.84564781189],"positionconfidence":1,"rotation":[-0.413779228925705,0.4505200386047363,-0.7910867929458618,0,-0.8689659833908081,-0.4948718547821045,-0.9103772044181824,-0.2047676891088486,0.3595600724220276],"rotationconfidence":1},"15":{"id":15,"position":[505.2757263183594,-771.8679904937744,3030.647039413452],"positionconfidence":0.5,"rotation":[-0.413779228925705,0.4505200386047363,-0.7910867929458618,0,-0.8689659833908081,-0.4948718547821045,-0.9103772044181824,-0.2047676891088486,0.3595600724220276],"rotationconfidence":0.5},"17":{"id":17,"position":[264.923095703125,-717.4018025398254,3095.06630897522],"positionconfidence":1,"rotation":[0.8252106308937073,-0.5107632279396057,-0.2411394566297531,0.564066469669342,0.7231057286262512,0.3986816108226776,-0.02926257811486721,-0.4650150537490845,0.8848190307617188],"rotationconfidence":1},"18":{"id":18,"position":[101.5234962105751,-926.8721342086792,2979.575634002686],"positionconfidence":1,"rotation":[0.8312767744064331,-0.5558586716651917,0,0.5277260541915894,0.789205014705658,0.3141030371189117,-0.1745968908071518,-0.261106550693512,0.9493889212608337],"rotationconfidence":1},"19":{"id":19,"position":[-25.89165233075619,-1117.419242858887,2903.738021850586],"positionconfidence":1,"rotation":[0.5393245816230774,-0.8420979380607605,0,0.8136385083198547,0.5210976600646973,-0.2577777802944183,0.2170741409063339,0.1390258967876434,0.9662041664123535],"rotationconfidence":1},"20":{"id":20,"position":[-42.55945608019829,-1128.09419631958,2829.549074172974],"positionconfidence":1,"rotation":[0.5393245816230774,-0.8420979380607605,0,0.8136385083198547,0.5210976600646973,-0.2577777802944183,0.2170741409063339,0.1390258967876434,0.9662041664123535],"rotationconfidence":1},"21":{"id":21,"position":[394.5319056510925,-727.8184294700623,3093.878269195557],"positionconfidence":1,"rotation":[0.9423283934593201,0.2353171557188034,0.2379978448152542,-0.3319530189037323,0.7478739023208618,0.5748841762542725,-0.04271227121353149,-0.6207337975502014,0.7828570604324341],"rotationconfidence":1},"22":{"id":22,"position":[490.8275604248047,-944.7678327560425,2927.111148834229],"positionconfidence":1,"rotation":[0.9023017883300781,0.3855052590370178,0.192969411611557,-0.4161674976348877,0.6620966792106628,0.6232435703277588,0.1124992668628693,-0.6426613926887512,0.7578457593917847],"rotationconfidence":1},"23":{"id":23,"position":[620.305061340332,-1150.758504867554,2733.208417892456],"positionconfidence":0.5,"rotation":[0.08604160696268082,0.9962915778160095,0,-0.9724305868148804,0.08398092538118362,-0.2175454497337341,-0.216738685965538,0.01871795952320099,0.9760501980781555],"rotationconfidence":0.5},"24":{"id":24,"position":[638.4345293045044,-1152.324199676514,2651.565074920654],"positionconfidence":0.5,"rotation":[0.08604160696268082,0.9962915778160095,0,-0.9724305868148804,0.08398092538118362,-0.2175454497337341,-0.216738685965538,0.01871795952320099,0.9760501980781555],"rotationconfidence":0.5}},"skeletonTracked":true,"frameCount":6},{"position":[297.3384857177734,-672.897219657898,2992.133855819702],"positionTracked":true,"id":4625,"skeleton":{"1":{"id":1,"position":[375.141441822052,-86.84989809989929,3315.014362335205],"positionconfidence":0.5,"rotation":[0.9980016946792603,-0.06318778544664383,0,0.05848608538508415,0.9237419962882996,0.3785234093666077,-0.02391805686056614,-0.3777669966220856,0.9255917072296143],"rotationconfidence":0.5},"2":{"id":2,"position":[365.3942048549652,-240.7998889684677,3251.929998397827],"positionconfidence":1,"rotation":[0.993818461894989,-0.08971680700778961,0.06538732349872589,0.05848608538508415,0.9237419962882996,0.3785234093666077,-0.09436094015836716,-0.3723593652248383,0.9232791662216187],"rotationconfidence":1},"3":{"id":3,"position":[336.634635925293,-608.0654263496399,3178.194999694824],"positionconfidence":1,"rotation":[0.9935104846954346,-0.09139228612184525,0.06770600378513336,0.07654998451471329,0.9775587916374207,0.1962620764970779,-0.08412344753742218,-0.1898055672645569,0.9782111048698425],"rotationconfidence":1},"4":{"id":4,"position":[333.9439928531647,-662.4030470848083,3115.556240081787],"positionconfidence":1,"rotation":[0.9956845045089722,-0.08688751608133316,0.03260328248143196,0.0324304960668087,0.6549348831176758,0.7549890875816345,-0.08695215731859207,-0.7506736516952515,0.6549263596534729],"rotationconfidence":1},"6":{"id":6,"position":[229.7726273536682,-375.4297196865082,3208.701848983765],"positionconfidence":1,"rotation":[0.3667242228984833,0.9298058152198792,0.03121815994381905,0.1221101954579353,-0.01484147366136313,-0.9924056529998779,-0.9222811460494995,0.3677512109279633,-0.1189814880490303],"rotationconfidence":1},"7":{"id":7,"position":[141.9443041086197,-598.1128215789795,3201.225280761719],"positionconfidence":1,"rotation":[0.02428295649588108,0.3623480200767517,0.9317265748977661,0.3857562839984894,0.8564246296882629,-0.343116819858551,-0.9222811460494995,0.3677512109279633,-0.1189814880490303],"rotationc