{"motiondata":[{"position":[261.3470554351807,-463.1417393684387,2758.981466293335],"positionTracked":true,"id":4288,"skeleton":{"1":{"id":1,"position":[321.4910924434662,256.9093108177185,2968.941688537598],"positionconfidence":1,"rotation":[0.9972559809684753,0.07403072714805603,0,-0.07378751784563065,0.9939796924591064,-0.08099155873060226,-0.005995864048600197,0.08076931536197662,0.99671471118927],"rotationconfidence":1},"2":{"id":2,"position":[337.6071155071259,39.81296718120575,2986.631155014038],"positionconfidence":1,"rotation":[0.9885587096214294,0.0621878020465374,-0.1374202370643616,-0.07378751784563065,0.9939796924591064,-0.08099155873060226,0.1315562576055527,0.09020482003688812,0.9871960878372192],"rotationconfidence":1},"3":{"id":3,"position":[295.1694130897522,-307.2608709335327,2955.648422241211],"positionconfidence":1,"rotation":[0.9846412539482117,-0.1081606596708298,-0.1370497941970825,0.1208952516317368,0.9887335300445557,0.08826267719268799,0.125959187746048,-0.1034757494926453,0.986624002456665],"rotationconfidence":1},"4":{"id":4,"position":[280.445009469986,-358.3019375801086,2898.996353149414],"positionconfidence":1,"rotation":[0.9808528423309326,-0.09309552609920502,-0.171057790517807,0.1895948946475983,0.6572168469429016,0.7294654250144958,0.04451208561658859,-0.7479299306869507,0.6622834205627441],"rotationconfidence":1},"6":{"id":6,"position":[121.5459182858467,-73.97990673780441,2995.268821716309],"positionconfidence":1,"rotation":[0.2101956605911255,0.9438108205795288,0.2550272643566132,-0.03794852271676064,0.268534779548645,-0.9625222086906433,-0.9769225716590881,0.1926400810480118,0.09226106852293015],"rotationconfidence":1},"7":{"id":7,"position":[71.41157239675522,-299.0908324718475,2934.441566467285],"positionconfidence":1,"rotation":[0.1380808651447296,0.2400400787591934,0.9608924984931946,0.1629600524902344,0.9514570832252502,-0.2611004710197449,-0.9769225716590881,0.1926400810480118,0.09226106852293015],"rotationconfidence":1},"8":{"id":8,"position":[38.40783983469009,-356.4645946025848,2704.771518707275],"positionconfidence":1,"rotation":[-0.4036083519458771,-0.2690806984901428,-0.8744689226150513,0,-0.9557749032974243,0.2940991818904877,-0.9149318337440491,0.118700884282589,0.3857587277889252],"rotationconfidence":1},"9":{"id":9,"position":[51.30644515156746,-347.8652536869049,2732.717990875244],"positionconfidence":1,"rotation":[-0.4036083519458771,-0.2690806984901428,-0.8744689226150513,0,-0.9557749032974243,0.2940991818904877,-0.9149318337440491,0.118700884282589,0.3857587277889252],"rotationconfidence":1},"12":{"id":12,"position":[496.7374503612518,-84.6775621175766,2946.247339248657],"positionconfidence":1,"rotation":[0.30825075507164,-0.9423006176948547,-0.1305790692567825,-0.4896832406520844,-0.03948858380317688,-0.871005654335022,0.815592885017395,0.3324305713176727,-0.4736012518405914],"rotationconfidence":1},"13":{"id":13,"position":[569.440484046936,-306.9255650043488,2915.449380874634],"positionconfidence":1,"rotation":[-0.3981723189353943,-0.2714445292949677,-0.8762286305427551,-0.4198416471481323,0.9032207727432251,-0.08902357518672943,0.815592885017395,0.3324305713176727,-0.4736012518405914],"rotationconfidence":1},"14":{"id":14,"position":[469.079464673996,-375.344306230545,2694.592237472534],"positionconfidence":1,"rotation":[-0.2886396050453186,-0.5502992868423462,-0.7834908366203308,0,-0.8183203935623169,0.5747624635696411,-0.9574379324913025,0.1658992171287537,0.236199676990509],"rotationconfidence":1},"15":{"id":15,"position":[450.5255222320557,-410.7179045677185,2644.228935241699],"positionconfidence":1,"rotation":[-0.2886396050453186,-0.5502992868423462,-0.7834908366203308,0,-0.8183203935623169,0.5747624635696411,-0.9574379324913025,0.1658992171287537,0.236199676990509],"rotationconfidence":1},"17":{"id":17,"position":[186.318963766098,-434.5872700214386,2885.051250457764],"positionconfidence":1,"rotation":[0.8717549443244934,-0.430799812078476,-0.2333556264638901,0.4813902676105499,0.8417453765869141,0.2443934231996536,0.09114138782024384,-0.3253862857818604,0.9411785006523132],"rotationconfidence":1},"18":{"id":18,"position":[4.871340002864599,-751.8614530563354,2792.933464050293],"positionconfidence":1,"rotation":[0.9215248227119446,-0.3883194625377655,0,0.3853971362113953,0.9145898222923279,0.1224517896771431,-0.04755041375756264,-0.1128423660993576,0.9924744367599487],"rotationconfidence":1},"19":{"id":19,"position":[-128.0253827571869,-1067.239999771118,2750.708341598511],"positionconfidence":1,"rotation":[0.9546371102333069,0.2977716624736786,0,0.04491858556866646,-0.1440061330795288,-0.9885568022727966,-0.2943642139434815,0.9437130093574524,-0.1508490890264511],"rotationconfidence":1},"20":{"id":20,"position":[-101.636178791523,-1151.84211730957,2764.231681823731],"positionconfidence":1,"rotation":[0.9546371102333069,0.2977716624736786,0,0.04491858556866646,-0.1440061330795288,-0.9885568022727966,-0.2943642139434815,0.9437130093574524,-0.1508490890264511],"rotationconfidence":1},"21":{"id":21,"position":[351.0635793209076,-440.816193819046,2866.944313049316],"positionconfidence":1,"rotation":[0.9469925761222839,0.3212415277957916,0.002991749439388514,-0.3071960806846619,0.9027843475341797,0.301016628742218,0.09399813413619995,-0.2859795391559601,0.9536141753196716],"rotationconfidence":1},"22":{"id":22,"position":[460.1410329341888,-761.3717913627625,2760.061025619507],"positionconfidence":1,"rotation":[0.9081328511238098,0.4186821579933167,-0.0002263549395138398,-0.4005750715732575,0.8690151572227478,0.2904345691204071,0.1217964813113213,-0.2636624872684479,0.9568948745727539],"rotationconfidence":1},"23":{"id":23,"position":[617.9208159446716,-1103.662252426148,2645.663738250732],"positionconfidence":0.5,"rotation":[0.9086140394210815,0.4176368415355682,0,-0.4097839891910553,0.8915293216705322,-0.193009227514267,-0.08060776442289352,0.1753708869218826,0.981196939945221],"rotationconfidence":0.5},"24":{"id":24,"position":[626.2847781181335,-1121.858954429627,2543.853521347046],"positionconfidence":0.5,"rotation":[0.9086140394210815,0.4176368415355682,0,-0.4097839891910553,0.8915293216705322,-0.193009227514267,-0.08060776442289352,0.1753708869218826,0.981196939945221],"rotationconfidence":0.5}},"skeletonTracked":true,"frameCount":1},{"position":[261.7467641830444,-454.6248912811279,2763.396978378296],"positionTracked":true,"id":4288,"skeleton":{"1":{"id":1,"position":[317.2427713871002,250.7342398166657,2968.599081039429],"positionconfidence":1,"rotation":[0.9955868721008301,0.09384407103061676,0,-0.09347902238368988,0.9917141199111938,-0.08811759948730469,-0.008269314654171467,0.08772872388362885,0.9961100220680237],"rotationconfidence":1},"2":{"id":2,"position":[337.0682895183563,40.40634632110596,2987.287521362305],"positionconfidence":1,"rotation":[0.9862602949142456,0.08012871444225311,-0.1444645673036575,-0.09347902238368988,0.9917141199111938,-0.08811759948730469,0.1362068057060242,0.1004113033413887,0.9855786561965942],"rotationconfidence":1},"3":{"id":3,"position":[295.0825989246368,-306.9637715816498,2953.784704208374],"positionconfidence":1,"rotation":[0.9843418002128601,-0.1053439825773239,-0.1413289606571198,0.119447685778141,0.988254725933075,0.09531423449516296,0.1296282410621643,-0.110703207552433,0.9853636026382446],"rotationconfidence":1},"4":{"id":4,"position":[280.2693545818329,-358.1588268280029,2896.533727645874],"positionconfidence":1,"rotation":[0.9808346033096313,-0.09133704006671906,-0.1721077710390091,0.1893843114376068,0.6545183658599854,0.7319421172142029,0.04579426348209381,-0.750508725643158,0.6592720746994019],"rotationconfidence":1},"6":{"id":6,"position":[122.402049601078,-73.61384481191635,2994.904518127441],"positionconfidence":1,"rotation":[0.2119308412075043,0.9467786550521851,0.2422717809677124,0.005809970665723085,0.2466779947280884,-0.9690801501274109,-0.9772673845291138,0.2067855447530747,0.04677791520953178],"rotationconfidence":1},"7":{"id":7,"position":[71.03888690471649,-303.0733466148377,2936.187982559204],"positionconfidence":1,"rotation":[0.1198397651314735,0.3567811846733093,0.9264693856239319,0.1748909950256348,0.9110141396522522,-0.3734517395496368,-0.9772673845291138,0.2067855447530747,0.04677791520953178],"rotationconfidence":1},"8":{"id":8,"position":[43.00107806921005,-386.5461647510529,2719.430446624756],"positionconfidence":1,"rotation":[-0.1439182460308075,-0.896568238735199,-0.4188710153102875,0,-0.4232775270938873,0.9060001373291016,-0.9895896315574646,0.1303899437189102,0.06091735884547234],"rotationconfidence":1},"9":{"id":9,"position":[47.9743592441082,-355.5640876293182,2733.905076980591],"positionconfidence":1,"rotation":[-0.1439182460308075,-0.896568238735199,-0.4188710153102875,0,-0.4232775270938873,0.9060001373291016,-0.9895896315574646,0.1303899437189102,0.06091735884547234],"rotationconfidence":1},"12":{"id":12,"position":[496.6619312763214,-85.2247029542923,2944.364786148071],"positionconfidence":1,"rotation":[0.3123171925544739,-0.9399670362472534,-0.1375498324632645,-0.4871035516262054,-0.03414406627416611,-0.8726765513420105,0.8155906796455383,0.3395529091358185,-0.4685250520706177],"rotationconfidence":1},"13":{"id":13,"position":[570.3560709953308,-307.0186376571655,2911.908626556397],"positionconfidence":1,"rotation":[-0.388835996389389,-0.2780177891254425,-0.878358006477356,-0.4285073280334473,0.8985599875450134,-0.0947183221578598,0.8155906796455383,0.3395529091358185,-0.4685250520706177],"rotationconfidence":1},"14":{"id":14,"position":[473.1288254261017,-376.5361309051514,2692.277908325195],"positionconfidence":1,"rotation":[-0.3271166384220123,-0.5036411881446838,-0.7995875477790833,0,-0.8461387753486633,0.5329626798629761,-0.944983959197998,0.1743409633636475,0.2767860591411591],"rotationconfidence":1},"15":{"id":15,"position":[452.1431922912598,-408.8464081287384,2640.981674194336],"positionconfidence":1,"rotation":[-0.3271166384220123,-0.5036411881446838,-0.7995875477790833,0,-0.8461387753486633,0.5329626798629761,-0.944983959197998,0.1743409633636475,0.2767860591411591],"rotationconfidence":1},"17":{"id":17,"position":[186.5372657775879,-434.397429227829,2882.391929626465],"positionconfidence":1,"rotation":[0.8724609017372131,-0.4282606840133667,-0.2353826761245728,0.4798618257045746,0.841892659664154,0.246879518032074,0.09243815392255783,-0.3283438384532929,0.9400242567062378],"rotationconfidence":1},"18":{"id":18,"position":[6.124702747911215,-750.921905040741,2789.573192596436],"positionconfidence":1,"rotation":[0.9195160269737244,-0.3930526375770569,0,0.3900898098945618,0.912584662437439,0.1225524470210075,-0.04816956073045731,-0.1126889362931252,0.9924620389938354],"rotationconfidence":1},"19":{"id":19,"position":[-128.1886398792267,-1065.137505531311,2747.376680374146],"positionconfidence":1,"rotation":[0.9547224640846252,0.2974979877471924,0,0.05212080851197243,-0.1672646850347519,-0.984533429145813,-0.2928967177867889,0.9399561285972595,-0.175197184085846],"rotationconfidence":1},"20":{"id":20,"position":[-101.9414216279984,-1149.369359016419,2763.076543807983],"positionconfidence":1,"rotation":[0.9547224640846252,0.2974979877471924,0,0.05212080851197243,-0.1672646850347519,-0.984533429145813,-0.2928967177867889,0.9399561285972595,-0.175197184085846],"rotationconfidence":1},"21":{"id":21,"position":[351.0209023952484,-440.4160976409912,2864.114999771118],"positionconfidence":1,"rotation":[0.947541356086731,0.3196267187595367,0.002014764118939638,-0.3050939738750458,0.9025432467460632,0.3038640320301056,0.09530465304851532,-0.2885384261608124,0.9527132511138916],"rotationconfidence":1},"22":{"id":22,"position":[459.4856202602387,-761.2814903259277,2756.0875415802],"positionconfidence":1,"rotation":[0.905908465385437,0.4234644174575806,0.002774799941107631,-0.4048258364200592,0.8640750646591187,0.2991495430469513,0.1242815479636192,-0.2721254229545593,0.9542022347450256],"rotationconfidence":1},"23":{"id":23,"position":[618.821382522583,-1101.373553276062,2638.345003128052],"positionconfidence":0.5,"rotation":[0.8994713425636292,0.4369796216487885,0,-0.4296604096889496,0.8844056129455566,-0.1822596937417984,-0.07964378595352173,0.1639373898506165,0.9832504391670227],"rotationconfidence":0.5},"24":{"id":24,"position":[627.0480155944824,-1118.307113647461,2536.782264709473],"positionconfidence":0.5,"rotation":[0.8994713425636292,0.4369796216487885,0,-0.4296604096889496,0.8844056129455566,-0.1822596937417984,-0.07964378595352173,0.1639373898506165,0.9832504391670227],"rotationconfidence":0.5}},"skeletonTracked":true,"frameCount":2},{"position":[265.3863728046417,-453.2522857189179,2766.437768936157],"positionTracked":true,"id":4288,"skeleton":{"1":{"id":1,"position":[317.1510100364685,249.5556026697159,2970.707893371582],"positionconfidence":1,"rotation":[0.9953674077987671,0.09614505618810654,0,-0.09581722319126129,0.9919734001159668,-0.08250965923070908,-0.007932895794510841,0.08212742209434509,0.9965903162956238],"rotationconfidence":1},"2":{"id":2,"position":[337.2496962547302,41.47859662771225,2988.015174865723],"positionconfidence":1,"rotation":[0.9853975772857666,0.08280716091394424,-0.1487772613763809,-0.09581722319126129,0.9919734001159668,-0.08250965923070908,0.1407506912946701,0.0955602377653122,0.9854225516319275],"rotationconfidence":1},"3":{"id":3,"position":[295.5139577388763,-306.3228130340576,2952.234506607056],"positionconfidence":1,"rotation":[0.9839457869529724,-0.1030846759676933,-0.1456850469112396,0.1185272857546806,0.9877375960350037,0.101615197956562,0.1334236413240433,-0.1172515079379082,0.9840986728668213],"rotationconfidence":1},"4":{"id":4,"position":[280.5355489253998,-357.7063679695129,2894.62685585022],"positionconfidence":1,"rotation":[0.9805110096931458,-0.09007050096988678,-0.1746009886264801,0.1904832571744919,0.6534543633460999,0.732607364654541,0.04810745641589165,-0.7515881657600403,0.6578760743141174],"rotationconfidence":1},"6":{"id":6,"position":[124.7574687004089,-72.64287024736404,2995.158910751343],"positionconfidence":1,"rotation":[0.2747363150119782,0.9494771957397461,0.151699960231781,0.06658916175365448,0.1386039406061173,-0.9881066679954529,-0.9592111110687256,0.2815704047679901,-0.02514535561203957],"rotationconfidence":1},"7":{"id":7,"position":[59.47498977184296,-298.2563674449921,2959.112167358398],"positionconfidence":1,"rotation":[0.07027573138475418,0.3236680626869202,0.9435573220252991,0.2738165557384491,0.9033035635948181,-0.3302535712718964,-0.9592111110687256,0.2815704047679901,-0.02514535561203957],"rotationconfidence":1},"8":{"id":8,"position":[42.59542375802994,-375.9983777999878,2732.478618621826],"positionconfidence":1,"rotation":[-0.2524906396865845,-0.9563901424407959,-0.146854430437088,0,-0.1517719477415085,0.988415539264679,-0.9675992727279663,0.2495656758546829,0.03832099586725235],"rotationconfidence":1},"9":{"id":9,"position":[46.97582125663757,-359.4062030315399,2735.026359558106],"positionconfidence":1,"rotation":[-0.2524906396865845,-0.9563901424407959,-0.146854430437088,0,-0.1517719477415085,0.988415539264679,-0.9675992727279663,0.2495656758546829,0.03832099586725235],"rotationconfidence":1},"12":{"id":12,"position":[496.8833327293396,-85.1319208741188,2943.218231201172],"positionconfidence":1,"rotation":[0.314678817987442,-0.9384890198707581,-0.1421820223331451,-0.4849051237106323,-0.03017159178853035,-0.874046266078949,0.8159928321838379,0.3439885973930359,-0.4645724296569824],"rotationconfidence":1},"13":{"id":13,"position":[571.2168216705322,-306.8219721317291,2909.631967544556],"positionconfidence":1,"rotation":[-0.3728477954864502,-0.3009612560272217,-0.877728283405304,-0.4417468309402466,0.889434814453125,-0.1173268407583237,0.8159928321838379,0.3439885973930359,-0.4645724296569824],"rotationconfidence":1},"14":{"id":14,"position":[479.2448878288269,-381.0613453388214,2693.119049072266],"positionconfidence":1,"rotation":[-0.3666431605815888,-0.4407308995723724,-0.8193467259407043,0,-0.8806755542755127,0.4737200140953064,-0.9303616881370544,0.1736862063407898,0.3228936791419983],"rotationconfidence":1},"15":{"id":15,"position":[455.2349448204041,-409.9229872226715,2639.463424682617],"positionconfidence":1,"rotation":[-0.3666431605815888,-0.4407308995723724,-0.8193467259407043,0,-0.8806755542755127,0.4737200140953064,-0.9303616881370544,0.1736862063407898,0.3228936791419983],"rotationconfidence":1},"17":{"id":17,"position":[187.1605664491653,-433.892548084259,2880.456924438477],"positionconfidence":1,"rotation":[0.8729842901229858,-0.4258273541927338,-0.2378434985876083,0.478472501039505,0.8423106670379639,0.2481466084718704,0.09467051178216934,-0.3304296731948853,0.9390707015991211],"rotationconfidence":1},"18":{"id":18,"position":[7.45012890547514,-750.257670879364,2787.255048751831],"positionconfidence":1,"rotation":[0.9181275367736816,-0.3962850570678711,0,0.3933412432670593,0.9113072156906128,0.1216635182499886,-0.04821343347430229,-0.1117026284337044,0.9925715327262878],"rotationconfidence":1},"19":{"id":19,"position":[-127.9216408729553,-1063.891887664795,2745.383501052856],"positionconfidence":1,"rotation":[0.9529942274093628,0.3029886186122894,0,0.05615373328328133,-0.1766211092472076,-0.9826759099960327,-0.297739565372467,0.9364843964576721,-0.1853328198194504],"rotationconfidence":1},"20":{"id":20,"position":[-101.327620446682,-1147.538423538208,2761.937379837036],"positionconfidence":1,"rotation":[0.9529942274093628,0.3029886186122894,0,0.05615373328328133,-0.1766211092472076,-0.9826759099960327,-0.297739565372467,0.9364843964576721,-0.1853328198194504],"rotationconfidence":1},"21":{"id":21,"position":[351.3934910297394,-439.6443068981171,2861.876249313355],"positionconfidence":1,"rotation":[0.9481630921363831,0.317782998085022,-0.0008871655445545912,-0.3024109601974487,0.9031485915184021,0.3047462403774262,0.09764441847801208,-0.2886808514595032,0.952433168888092],"rotationconfidence":1},"22":{"id":22,"position":[459.0104818344116,-761.0418200492859,2753.428220748901],"positionconfidence":1,"rotation":[0.9046023488044739,0.4262277781963348,0.004947076551616192,-0.4072945713996887,0.8608800172805786,0.304953932762146,0.1257209926843643,-0.2778769731521606,0.952354371547699],"rotationconfidence":1},"23":{"id":23,"position":[619.1542148590088,-1099.530339241028,2633.52370262146],"positionconfidence":0.5,"rotation":[0.8924134373664856,0.4512187242507935,0,-0.4442406594753265,0.8786123394966125,-0.1751872599124908,-0.07904776185750961,0.1563394516706467,0.9845350980758667],"rotationconfidence":0.5},"24":{"id":24,"position":[627.2945404052734,-1115.630149841309,2532.1364402771],"positionconfidence":0.5,"rotation":[0.8924134373664856,0.4512187242507935,0,-0.4442406594753265,0.8786123394966125,-0.1751872599124908,-0.07904776185750961,0.1563394516706467,0.9845350980758667],"rotationconfidence":0.5}},"skeletonTracked":true,"frameCount":3},{"position":[265.0848627090454,-453.2232582569122,2767.903804779053],"positionTracked":true,"id":4288,"skeleton":{"1":{"id":1,"position":[321.7164278030396,247.950479388237,2973.433494567871],"positionconfidence":1,"rotation":[0.9970773458480835,0.07639904320240021,0,-0.07619498670101166,0.994414210319519,-0.07303858548402786,-0.00558007787913084,0.0728251188993454,0.9973291158676147],"rotationconfidence":1},"2":{"id":2,"position":[337.4876379966736,42.1217679977417,2988.551378250122],"positionconfidence":1,"rotation":[0.9866499900817871,0.06462056934833527,-0.1494849920272827,-0.07619498670101166,0.994414210319519,-0.07303858548402786,0.1439302116632462,0.08345353603363037,0.9860625863075256],"rotationconfidence":1},"3":{"id":3,"position":[296.2275445461273,-305.7348430156708,2951.221942901611],"positionconfidence":1,"rotation":[0.9837868213653564,-0.1007690206170082,-0.1483538895845413,0.1171235144138336,0.9874477982521057,0.1059656962752342,0.1358136832714081,-0.1216234117746353,0.9832407236099243],"rotationconfidence":1},"4":{"id":4,"position":[281.3018262386322,-357.2836518287659,2893.327713012695],"positionconfidence":1,"rotation":[0.9808016419410706,-0.08926710486412048,-0.1733774691820145,0.1890725791454315,0.652998149394989,0.7333792448043823,0.04774851351976395,-0.7520803809165955,0.6573395133018494],"rotationconfidence":1},"6":{"id":6,"position":[128.2699704170227,-71.25425338745117,2995.400428771973],"positionconfidence":1,"rotation":[0.3419247567653656,0.9359017610549927,0.08470688760280609,0.1216158792376518,0.04531137645244598,-0.9915424585342407,-0.9318246245384216,0.3493346571922302,-0.09832744300365448],"rotationconfidence":1},"7":{"id":7,"position":[45.5966591835022,-297.5440919399262,2974.919319152832],"positionconfidence":1,"rotation":[0.004882886540144682,0.2829864621162415,0.9591115117073059,0.3628762364387512,0.8932436108589172,-0.2653995156288147,-0.9318246245384216,0.3493346571922302,-0.09832744300365448],"rotationconfidence":1},"8":{"id":8,"position":[44.38173025846481,-367.9549992084503,2736.279249191284],"positionconfidence":1,"rotation":[-0.07288701832294464,-0.09461935609579086,0.9928416609764099,0,0.9954895377159119,0.09487169981002808,-0.997340202331543,0.006914915516972542,-0.07255826145410538],"rotationconfidence":1},"9":{"id":9,"position":[48.28067868947983,-362.8935217857361,2683.16912651062],"positionconfidence":1,"rotation":[-0.07288701832294464,-0.09461935609579086,0.9928416609764099,0,0.9954895377159119,0.09487169981002808,-0.997340202331543,0.006914915516972542,-0.07255826145410538],"rotationconfidence":1},"12":{"id":12,"position":[497.8589713573456,-85.15568822622299,2942.630052566528],"positionconfidence":1,"rotation":[0.3138646483421326,-0.9382243156433105,-0.1456848382949829,-0.4831496179103851,-0.02573599107563496,-0.8751593828201294,0.8173465132713318,0.3450691998004913,-0.4613803625106812],"rotationconfidence":1},"13":{"id":13,"position":[571.947991847992,-306.6273331642151,2908.240556716919],"positionconfidence":1,"rotation":[-0.3629444241523743,-0.3135513067245483,-0.8774718642234802,-0.4474549293518066,0.8846539855003357,-0.1310391277074814,0.8173465132713318,0.3450691998004913,-0.4613803625106812],"rotationconfidence":1},"14":{"id":14,"position":[483.4371507167816,-383.0927312374115,2694.252490997315],"positionconfidence":1,"rotation":[-0.3877183794975281,-0.4001826345920563,-0.8303784132003784,0,-0.900844395160675,0.4341421723365784,-0.9217779040336609,0.1683249026536942,0.3492739200592041],"rotationconfidence":1},"15":{"id":15,"position":[457.4715495109558,-409.8930656909943,2638.641834259033],"positionconfidence":1,"rotation":[-0.3877183794975281,-0.4001826345920563,-0.8303784132003784,0,-0.900844395160675,0.4341421723365784,-0.9217779040336609,0.1683249026536942,0.3492739200592041],"rotationconfidence":1},"17":{"id":17,"position":[188.4948015213013,-433.307021856308,2879.149913787842],"positionconfidence":1,"rotation":[0.8733506202697754,-0.4249643385410309,-0.2380422204732895,0.4778251349925995,0.8423336148262024,0.2493135333061218,0.0945616066455841,-0.3314806818962097,0.9387112259864807],"rotationconfidence":1},"18":{"id":18,"position":[8.868642151355743,-749.9608397483826,2785.42685508728],"positionconfidence":1,"rotation":[0.9170427918434143,-0.3987889587879181,0,0.3958811759948731,0.9103561639785767,0.1205395236611366,-0.04806983098387718,-0.110539898276329,0.9927086234092712],"rotationconfidence":1},"19":{"id":19,"position":[-127.2743046283722,-1063.030958175659,2743.97349357605],"positionconfidence":1,"rotation":[0.9382189512252808,0.3460420668125153,0,0.06092541292309761,-0.1651861965656281,-0.9843788146972656,-0.3406364917755127,0.9235629439353943,-0.176063597202301],"rotationconfidence":1},"20":{"id":20,"position":[-97.06758707761765,-1144.930005073547,2759.586334228516],"positionconfidence":1,"rotation":[0.9382189512252808,0.3460420668125153,0,0.06092541292309761,-0.1651861965656281,-0.9843788146972656,-0.3406364917755127,0.9235629439353943,-0.176063597202301],"rotationconfidence":1},"21":{"id":21,"position":[352.4560332298279,-439.1309320926666,2860.576629638672],"positionconfidence":1,"rotation":[0.9494113326072693,0.314031332731247,-0.001530049135908485,-0.2985062599182129,0.9039660692214966,0.3061686754226685,0.09752967953681946,-0.2902233004570007,0.9519760608673096],"rotationconfidence":1},"22":{"id":22,"position":[458.6922824382782,-760.8460187911987,2751.61337852478],"positionconfidence":1,"rotation":[0.9039807319641113,0.4275112152099609,0.007274547126144171,-0.4087325632572174,0.8590279817581177,0.3082346022129059,0.125524714589119,-0.2816114723682404,0.9512825012207031],"rotationconfidence":1},"23":{"id":23,"position":[619.327962398529,-1098.451972007752,2630.474328994751],"positionconfidence":0.5,"rotation":[0.8853071331977844,0.465006560087204,0,-0.4581458866596222,0.8722453713417053,-0.1711442768573761,-0.07958322018384933,0.1515152752399445,0.9852460622787476],"rotationconfidence":0.5},"24":{"id":24,"position":[627.5054216384888,-1114.020705223084,2529.236793518066],"positionconfidence":0.5,"rotation":[0.8853071331977844,0.465006560087204,0,-0.4581458866596222,0.8722453713417053,-0.1711442768573761,-0.07958322018384933,0.1515152752399445,0.9852460622787476],"rotationconfidence":0.5}},"skeletonTracked":true,"frameCount":4},{"position":[262.5970244407654,-458.5138261318207,2767.206430435181],"positionTracked":true,"id":4288,"skeleton":{"1":{"id":1,"position":[326.7691433429718,246.3811784982681,2975.73447227478],"positionconfidence":1,"rotation":[0.9985612630844116,0.05362318828701973,0,-0.05351271107792854,0.996504008769989,-0.06415753066539764,-0.003440331434831023,0.06406522542238235,0.9979398250579834],"rotationconfidence":1},"2":{"id":2,"position":[337.7214074134827,42.43010655045509,2988.865375518799],"positionconfidence":1,"rotation":[0.9880818724632263,0.04355505853891373,-0.1476389318704605,-0.05351271107792854,0.996504008769989,-0.06415753066539764,0.1443284004926682,0.07129345089197159,0.9869582653045654],"rotationconfidence":1},"3":{"id":3,"position":[296.8873977661133,-305.2538633346558,2950.524091720581],"positionconfidence":1,"rotation":[0.9839316010475159,-0.09918685257434845,-0.1484611928462982,0.1159506961703301,0.987270176410675,0.1088724508881569,0.1357725709676743,-0.1243372038006783,0.9829069375991821],"rotationconfidence":1},"4":{"id":4,"position":[282.1491956710815,-356.9487035274506,2892.438650131226],"positionconfidence":1,"rotation":[0.9814226031303406,-0.08857756853103638,-0.1701872497797012,0.1862242817878723,0.6531892418861389,0.7339375615119934,0.04615407064557076,-0.7519959211349487,0.6575499773025513],"rotationconfidence":1},"6":{"id":6,"position":[131.1001479625702,-70.21941244602203,2995.428800582886],"positionconfidence":1,"rotation":[0.3494735360145569,0.9322431087493896,0.09376051276922226,0.1247117295861244,0.05289691314101219,-0.9907820224761963,-0.9286093711853027,0.3579451441764832,-0.09777557849884033],"rotationconfidence":1},"7":{"id":7,"position":[47.06335812807083,-294.3929433822632,2972.882509231567],"positionconfidence":1,"rotation":[0.004796730820089579,0.2750621140003204,0.9614144563674927,0.3710280060768127,0.8923094868659973,-0.2571422159671783,-0.9286093711853027,0.3579451441764832,-0.09777557849884033],"rotationconfidence":1},"8":{"id":8,"position":[45.87553441524506,-362.5071048736572,2734.805583953857],"positionconfidence":1,"rotation":[-0.1185112521052361,0.08564938604831696,0.9892518520355225,0,0.9962729215621948,-0.08625727146863937,-0.9929527044296265,-0.01022245734930039,-0.118069551885128],"rotationconfidence":1},"9":{"id":9,"position":[50.42202025651932,-365.7929003238678,2696.854591369629],"positionconfidence":1,"rotation":[-0.1185112521052361,0.08564938604831696,0.9892518520355225,0,0.9962729215621948,-0.08625727146863937,-0.9929527044296265,-0.01022245734930039,-0.118069551885128],"rotationconfidence":1},"12":{"id":12,"position":[499.4365870952606,-85.23546904325485,2942.649602890015],"positionconfidence":1,"rotation":[0.3102880716323853,-0.9388359189033508,-0.1493600308895111,-0.4823350012302399,-0.02008848264813423,-0.8757564425468445,0.8191912174224854,0.3437783420085907,-0.4590666592121124],"rotationconfidence":1},"13":{"id":13,"position":[572.555661201477,-306.4712285995483,2907.453060150147],"positionconfidence":1,"rotation":[-0.35088250041008,-0.3327332437038422,-0.8753114938735962,-0.453659862279892,0.8781259655952454,-0.1519463509321213,0.8191912174224854,0.3437783420085907,-0.4590666592121124],"rotationconfidence":1},"14":{"id":14,"position":[488.1988167762756,-386.4647448062897,2697.016477584839],"positionconfidence":1,"rotation":[-0.393898218870163,-0.3753852844238281,-0.8390053510665894,0,-0.9128017425537109,0.4084030389785767,-0.9191540479660034,0.160869225859642,0.3595509827136993],"rotationconfidence":1},"15":{"id":15,"position":[461.284339427948,-412.1142625808716,2639.688491821289],"positionconfidence":1,"rotation":[-0.393898218870163,-0.3753852844238281,-0.8390053510665894,0,-0.9128017425537109,0.4084030389785767,-0.9191540479660034,0.160869225859642,0.3595509827136993],"rotationconfidence":1},"17":{"id":17,"position":[189.8069381713867,-432.8756034374237,2878.304481506348],"positionconfidence":1,"rotation":[0.8736239075660706,-0.4251653552055359,-0.2366766035556793,0.4776569604873657,0.8421226739883423,0.2503465414047241,0.09287206083536148,-0.3317588865756989,0.9387815594673157],"rotationconfidence":1},"18":{"id":18,"position":[10.00327058136463,-749.8745322227478,2784.066915512085],"positionconfidence":1,"rotation":[0.9164186716079712,-0.4002207517623901,0,0.3973456919193268,0.9098354578018188,0.1196483224630356,-0.04788574203848839,-0.1096479594707489,0.9928162097930908],"rotationconfidence":1},"19":{"id":19,"position":[-126.5027672052383,-1062.443733215332,2742.96236038208],"positionconfidence":1,"rotation":[0.9296770095825195,0.3683757781982422,0,0.0628843903541565,-0.1587025374174118,-0.9853218197822571,-0.3629686832427979,0.916031002998352,-0.170707181096077],"rotationconfidence":1},"20":{"id":20,"position":[-94.41593289375305,-1143.42188835144,2758.053064346314],"positionconfidence":1,"rotation":[0.9296770095825195,0.3683757781982422,0,0.0628843903541565,-0.1587025374174118,-0.9853218197822571,-0.3629686832427979,0.916031002998352,-0.170707181096077],"rotationconfidence":1},"21":{"id":21,"position":[353.8104891777039,-438.8396441936493,2859.972238540649],"positionconfidence":1,"rotation":[0.9509459137916565,0.3093568086624146,-0.0004089295689482242,-0.2941856682300568,0.9047179818153381,0.3081234991550446,0.09569007903337479,-0.2928885221481323,0.9513462781906128],"rotationconfidence":1},"22":{"id":22,"position":[458.4596753120422,-760.6704235076904,2750.365018844605],"positionconfidence":1,"rotation":[0.9036140441894531,0.4282452464103699,0.009370764717459679,-0.4097045660018921,0.8576949834823608,0.3106470108032227,0.1249958500266075,-0.2845442593097687,0.95047926902771],"rotationconfidence":1},"23":{"id":23,"position":[619.4519996643066,-1097.699403762817,2628.297090530396],"positionconfidence":0.5,"rotation":[0.8787925839424133,0.4772038757801056,0,-0.4703932404518127,0.8662504553794861,-0.1683456152677536,-0.08033519238233566,0.1479408890008926,0.9857280254364014],"rotationconfidence":0.5},"24":{"id":24,"position":[627.6937127113342,-1112.876892089844,2527.169704437256],"positionconfidence":0.5,"rotation":[0.8787925839424133,0.4772038757801056,0,-0.4703932404518127,0.8662504553794861,-0.1683456152677536,-0.08033519238233566,0.1479408890008926,0.9857280254364014],"rotationconfidence":0.5}},"skeletonTracked":true,"frameCount":5},{"position":[256.9528818130493,-459.2555165290833,2765.186548233032],"positionTracked":true,"id":4288,"skeleton":{"1":{"id":1,"position":[336.233913898468,243.3828562498093,2976.589202880859],"positionconfidence":1,"rotation":[0.9999589323997498,0.009061138145625591,0,-0.009044056758284569,0.9980739951133728,-0.06137237325310707,-0.0005561035359278321,0.06136985123157501,0.9981149435043335],"rotationconfidence":1},"2":{"id":2,"position":[338.0576968193054,42.11584851145744,2988.965272903442],"positionconfidence":1,"rotation":[0.9917436838150024,0.001101656001992524,-0.1282311826944351,-0.009044056758284569,0.9980739951133728,-0.06137237325310707,0.1279165893793106,0.06202539056539536,0.989843487739563],"rotationconfidence":1},"3":{"id":3,"position":[297.460287809372,-305.0143420696259,2950.215339660645],"positionconfidence":1,"rotation":[0.9862738847732544,-0.100742369890213,-0.1308246850967407,0.1154523864388466,0.9871814250946045,0.1101984679698944,0.1180460304021835,-0.1237898841500282,0.9852620959281921],"rotationconfidence":1},"4":{"id":4,"position":[283.593624830246,-356.9609224796295,2892.126560211182],"positionconfidence":1,"rotation":[0.9838733077049255,-0.08938632160425186,-0.1549305319786072,0.1751903295516968,0.6562890410423279,0.733889102935791,0.03607955574989319,-0.7491961121559143,0.6613647937774658],"rotationconfidence":1},"6":{"id":6,"position":[133.7157189846039,-69.43102180957794,2994.491577148438],"positionconfidence":1,"rotation":[0.368117094039917,0.920432448387146,0.1315059661865234,0.1535245627164841,0.07932417094707489,-0.9849557280540466,-0.9170169234275818,0.3827684819698334,-0.1121084094047546],"rotationconfidence":1},"7":{"id":7,"position":[44.53486949205399,-292.4169898033142,2962.632656097412],"positionconfidence":1,"rotation":[-0.01405882090330124,0.2498852610588074,0.9681733846664429,0.3986004889011383,0.8894075155258179,-0.2237677425146103,-0.9170169234275818,0.3827684819698334,-0.1121084094047546],"rotationconfidence":1},"8":{"id":8,"position":[47.99102991819382,-353.8477122783661,2724.621057510376],"positionconfidence":1,"rotation":[-0.1731299310922623,0.4407094120979309,0.8807957768440247,0,0.894300639629364,-0.4474666118621826,-0.9848989844322205,-0.07746986299753189,-0.154830202460289],"rotationconfidence":1},"9":{"id":9,"position":[52.79432982206345,-366.0747110843658,2700.184345245361],"positionconfidence":1,"rotation":[-0.1731299310922623,0.4407094120979309,0.8807957768440247,0,0.894300639629364,-0.4474666118621826,-0.9848989844322205,-0.07746986299753189,-0.154830202460289],"rotationconfidence":1},"12":{"id":12,"position":[504.1385889053345,-87.95635402202606,2947.78299331665],"positionconfidence":1,"rotation":[0.2814233601093292,-0.9503493905067444,-0.1328035444021225,-0.4418058097362518,-0.005468738730996847,-0.8970940113067627,0.8518266081809998,0.3111366331577301,-0.4214089810848236],"rotationconfidence":1},"13":{"id":13,"position":[569.7247385978699,-309.4367384910584,2916.83292388916],"positionconfidence":1,"rotation":[-0.2977086305618286,-0.3743712306022644,-0.878188967704773,-0.431000143289566,0.8735218048095703,-0.226271316409111,0.8518266081809998,0.3111366331577301,-0.4214089810848236],"rotationconfidence":1},"14":{"id":14,"position":[499.7723400592804,-397.4024951457977,2710.485458374023],"positionconfidence":1,"rotation":[-0.2731752395629883,-0.2147636413574219,-0.9376842975616455,0,-0.9747599959373474,0.2232553213834763,-0.9619642496109009,0.06098782643675804,0.2662802934646606],"rotationconfidence":1},"15":{"id":15,"position":[481.1729788780212,-412.0248556137085,2646.642446517944],"positionconfidence":1,"rotation":[-0.2731752395629883,-0.2147636413574219,-0.9376842975616455,0,-0.9747599959373474,0.2232553213834763,-0.9619642496109009,0.06098782643675804,0.2662802934646606],"rotationconfidence":1},"17":{"id":17,"position":[191.5572434663773,-432.8033626079559,2877.856969833374],"positionconfidence":1,"rotation":[0.8742609620094299,-0.4296204149723053,-0.2260401993989945,0.4785200655460358,0.8410807847976685,0.2521937787532806,0.08177047967910767,-0.3286479115486145,0.9409060478210449],"rotationconfidence":1},"18":{"id":18,"position":[11.11403852701187,-749.963104724884,2782.758235931397],"positionconfidence":1,"rotation":[0.9161853194236755,-0.4007550179958344,0,0.3978482484817505,0.9095399975776672,0.1202239096164703,-0.04818033427000046,-0.1101473793387413,0.992746889591217],"rotationconfidence":1},"19":{"id":19,"position":[-125.3718286752701,-1061.990022659302,2741.514205932617],"positionconfidence":1,"rotation":[0.9262346625328064,0.3769474029541016,0,0.06481201946735382,-0.1592560112476349,-0.9851075410842896,-0.3713337481021881,0.9124407768249512,-0.1719391644001007],"rotationconfidence":1},"20":{"id":20,"position":[-92.66023337841034,-1142.368912696838,2756.66069984436],"positionconfidence":1,"rotation":[0.9262346625328064,0.3769474029541016,0,0.06481201946735382,-0.1592560112476349,-0.9851075410842896,-0.3713337481021881,0.9124407768249512,-0.1719391644001007],"rotationconfidence":1},"21":{"id":21,"position":[356.6072881221771,-439.6186172962189,2861.132621765137],"positionconfidence":1,"rotation":[0.954339861869812,0.2985235750675201,0.01090689282864332,-0.2867488861083984,0.9052420258522034,0.3135471940040588,0.08372785151004791,-0.3023581504821777,0.9495099782943726],"rotationconfidence":1},"22":{"id":22,"position":[458.2418203353882,-760.4702711105347,2749.999761581421],"positionconfidence":1,"rotation":[0.9036368131637573,0.4281197786331177,0.01240324601531029,-0.4100856184959412,0.8564907312393188,0.3134541213512421,0.1235726401209831,-0.2883350849151611,0.9495223164558411],"rotationconfidence":1},"23":{"id":23,"position":[619.5060014724731,-1097.281098365784,2626.73544883728],"positionconfidence":0.5,"rotation":[0.8698951601982117,0.4932366609573364,0,-0.4863210916519165,0.8576985597610474,-0.1668681800365448,-0.08230549842119217,0.1451578289270401,0.9859791994094849],"rotationconfidence":0.5},"24":{"id":24,"position":[627.9400587081909,-1112.155795097351,2525.699615478516],"positionconfidence":0.5,"rotation":[0.8698951601982117,0.4932366609573364,0,-0.4863210916519165,0.8576985597610474,-0.1668681800365448,-0.08230549842119217,0.1451578289270401,0.9859791994094849],"rotationconfidence":0.5}},"skeletonTracked":true,"frameCount":6},{"position":[258.6283385753632,-457.3655128479004,2766.101598739624],"positionTracked":true,"id":4288,"skeleton":{"1":{"id":1,"position":[342.4588739871979,241.3734495639801,2976.81450843811],"positionconfidence":1,"rotation":[0.9997963309288025,-0.02018252015113831,0,0.02014540322124958,0.9979575872421265,-0.06062036380171776,0.001223471714183688,0.06060801818966866,0.9981608986854553],"rotationconfidence":1},"2":{"id":2,"position":[338.4227454662323,41.43279790878296,2988.959789276123],"positionconfidence":1,"rotation":[0.9944787621498108,-0.02624695189297199,-0.1016023010015488,0.02014540322124958,0.9979575872421265,-0.06062036380171776,0.1029858887195587,0.05823884531855583,0.9929763674736023],"rotationconfidence":1},"3":{"id":3,"position":[297.8879809379578,-304.8612773418427,2950.098276138306],"positionconfidence":1,"rotation":[0.9890631437301636,-0.10404072701931,-0.1045443713665009,0.1155437529087067,0.987106204032898,0.1107741743326187,0.09167137742042542,-0.121642105281353,0.98833167552948],"rotationconfidence":1},"4":{"id":4,"position":[285.0060760974884,-357.0716679096222,2892.136573791504],"positionconfidence":1,"rotation":[0.9863578081130981,-0.09129825234413147,-0.1369775235652924,0.1629260331392288,0.6603395938873291,0.733080267906189,0.02352274768054485,-0.7453966736793518,0.6662060618400574],"rotationconfidence":1},"6":{"id":6,"position":[135.8322650194168,-68.85699182748795,2993.111848831177],"positionconfidence":1,"rotation":[0.3797049224376679,0.9119514226913452,0.1554629057645798,0.1753179877996445,0.09406828135251999,-0.9800074696540833,-0.9083433747291565,0.3993691504001617,-0.1241632997989655],"rotationconfidence":1},"7":{"id":7,"position":[43.13844814896584,-291.4831638336182,2955.160140991211],"positionconfidence":1,"rotation":[-0.02839065529406071,0.2373150587081909,0.9710177779197693,0.4172603785991669,0.885542631149292,-0.2042252123355866,-0.9083433747291565,0.3993691504001617,-0.1241632997989655],"rotationconfidence":1},"8":{"id":8,"position":[50.057552754879,-349.3193686008453,2718.512773513794],"positionconfiden