{"motiondata":[{"position":[170.6186085939407,-498.2030987739563,2630.496740341187],"positionTracked":true,"id":4295,"skeleton":{"1":{"id":1,"position":[217.370331287384,127.9097646474838,2852.559566497803],"positionconfidence":1,"rotation":[0.9999942183494568,0.003409604774788022,0,-0.00335982209071517,0.9853936433792114,-0.1702587306499481,-0.0005805149558000267,0.1702577471733093,0.9853994250297546],"rotationconfidence":1},"2":{"id":2,"position":[218.0008441209793,-57.01172724366188,2884.51075553894],"positionconfidence":1,"rotation":[0.9953233003616333,0.01973244361579418,0.09456264227628708,-0.00335982209071517,0.9853936433792114,-0.1702587306499481,-0.09654105454683304,0.1691447794437408,0.9808515906333923],"rotationconfidence":1},"3":{"id":3,"position":[201.69398188591,-381.1091482639313,2814.050197601318],"positionconfidence":1,"rotation":[0.994339108467102,-0.06781331449747086,0.08179851621389389,0.04910686612129211,0.9759945273399353,0.2121865749359131,-0.0942239835858345,-0.2069685459136963,0.9737997055053711],"rotationconfidence":1},"4":{"id":4,"position":[203.5015523433685,-423.8522946834564,2748.595237731934],"positionconfidence":1,"rotation":[0.9935070276260376,-0.0807369127869606,0.08015868812799454,-0.02311592921614647,0.5466163754463196,0.8370640873908997,-0.1113980114459992,-0.8334819078445435,0.5412008166313171],"rotationconfidence":1},"6":{"id":6,"position":[44.04028877615929,-167.8487956523895,2848.169088363648],"positionconfidence":1,"rotation":[0.402972549200058,0.9026694893836975,-0.1509991586208344,0.2923891842365265,-0.2833179533481598,-0.9133670330047607,-0.8672494888305664,0.3239113986492157,-0.3781002163887024],"rotationconfidence":1},"7":{"id":7,"position":[-54.5426569879055,-388.6772692203522,2885.109424591065],"positionconfidence":1,"rotation":[-0.3658567070960999,0.100464791059494,0.9252328276634216,0.3376792073249817,0.9407382011413574,0.03137711808085442,-0.8672494888305664,0.3239113986492157,-0.3781002163887024],"rotationconfidence":1},"8":{"id":8,"position":[41.40923544764519,-415.0258004665375,2642.452001571655],"positionconfidence":1,"rotation":[-0.7310281991958618,-0.3855634331703186,0.562972903251648,0,0.8250535130500793,0.5650546550750732,-0.6823471784591675,0.4130708873271942,-0.6031373739242554],"rotationconfidence":1},"9":{"id":9,"position":[91.06837958097458,-388.8342678546906,2604.208946228027],"positionconfidence":0.5,"rotation":[-0.7310281991958618,-0.3855634331703186,0.562972903251648,0,0.8250535130500793,0.5650546550750732,-0.6823471784591675,0.4130708873271942,-0.6031373739242554],"rotationconfidence":0.5},"12":{"id":12,"position":[404.7269821166992,-166.2873327732086,2883.400678634644],"positionconfidence":1,"rotation":[0.2514431476593018,-0.9637454748153687,0.08928012102842331,-0.3079433143138886,-0.1671096980571747,-0.9366136193275452,0.917576789855957,0.2080118805170059,-0.3387975990772247],"rotationconfidence":1},"13":{"id":13,"position":[456.1627507209778,-363.4332418441773,2901.664018630981],"positionconfidence":1,"rotation":[-0.2407180815935135,-0.3875270783901215,-0.8898751139640808,-0.3163978457450867,0.8980834484100342,-0.3055136203765869,0.917576789855957,0.2080118805170059,-0.3387975990772247],"rotationconfidence":1},"14":{"id":14,"position":[403.2523334026337,-448.6126303672791,2706.067323684692],"positionconfidence":1,"rotation":[-0.2652828991413117,-0.3646837174892426,-0.8925416469573975,0,-0.9257093071937561,0.3782356977462769,-0.964170515537262,0.1003394648432732,0.2455748468637466],"rotationconfidence":1},"15":{"id":15,"position":[382.248193025589,-477.4869680404663,2635.399103164673],"positionconfidence":0.5,"rotation":[-0.2652828991413117,-0.3646837174892426,-0.8925416469573975,0,-0.9257093071937561,0.3782356977462769,-0.964170515537262,0.1003394648432732,0.2455748468637466],"rotationconfidence":0.5},"17":{"id":17,"position":[118.9562827348709,-494.4718480110169,2709.761381149292],"positionconfidence":1,"rotation":[0.9024116396903992,-0.4303830564022064,0.02057957649230957,0.4159977436065674,0.882701575756073,0.2185949832201004,-0.1122452095150948,-0.1887016147375107,0.9755985736846924],"rotationconfidence":1},"18":{"id":18,"position":[-22.58762158453465,-794.8125004768372,2635.38408279419],"positionconfidence":1,"rotation":[0.8793375492095947,-0.4761990010738373,0,0.4351718425750732,0.8035777807235718,0.4060643911361694,-0.1933674514293671,-0.3570676743984222,0.9138445258140564],"rotationconfidence":1},"19":{"id":19,"position":[-128.6856383085251,-990.7305240631104,2536.382675170898],"positionconfidence":1,"rotation":[0.9023472666740417,0.4310097694396973,0,0.06678944081068039,-0.1398280709981918,-0.9879206418991089,-0.4258034527301788,0.8914474844932556,-0.1549603790044785],"rotationconfidence":1},"20":{"id":20,"position":[-93.83918344974518,-1063.683867454529,2549.064159393311],"positionconfidence":1,"rotation":[0.9023472666740417,0.4310097694396973,0,0.06678944081068039,-0.1398280709981918,-0.9879206418991089,-0.4258034527301788,0.8914474844932556,-0.1549603790044785],"rotationconfidence":1},"21":{"id":21,"position":[280.6133031845093,-505.3697824478149,2726.252555847168],"positionconfidence":1,"rotation":[0.9627952575683594,0.1674631685018539,0.2120883613824844,-0.2419337928295136,0.8838115930557251,0.4004312753677368,-0.1203886568546295,-0.4368446171283722,0.8914445042610168],"rotationconfidence":1},"22":{"id":22,"position":[357.3751449584961,-785.7894897460938,2599.201917648315],"positionconfidence":1,"rotation":[0.9573436379432678,0.225393608212471,0.1808063685894013,-0.2875698506832123,0.8043197393417358,0.5199741721153259,-0.02822727710008621,-0.5497884154319763,0.8348267674446106],"rotationconfidence":1},"23":{"id":23,"position":[449.7959017753601,-1044.286131858826,2432.089805603027],"positionconfidence":0.5,"rotation":[-0.02057749405503273,0.9997882843017578,0,-0.9825764894485474,-0.02022324316203594,-0.1847552508115768,-0.1847161203622818,-0.003801800077781081,0.9827845692634583],"rotationconfidence":0.5},"24":{"id":24,"position":[467.5250947475433,-1043.921232223511,2337.761402130127],"positionconfidence":0.5,"rotation":[-0.02057749405503273,0.9997882843017578,0,-0.9825764894485474,-0.02022324316203594,-0.1847552508115768,-0.1847161203622818,-0.003801800077781081,0.9827845692634583],"rotationconfidence":0.5}},"skeletonTracked":true,"frameCount":1},{"position":[171.6255396604538,-497.141420841217,2628.375291824341],"positionTracked":true,"id":4295,"skeleton":{"1":{"id":1,"position":[217.215359210968,128.0840784311295,2852.929353713989],"positionconfidence":1,"rotation":[0.9999997615814209,0.0006444521131925285,0,-0.0006349816103465855,0.9853043556213379,-0.1708064675331116,-0.000110076587588992,0.170806422829628,0.9853045344352722],"rotationconfidence":1},"2":{"id":2,"position":[217.33458340168,-56.9167397916317,2884.999990463257],"positionconfidence":1,"rotation":[0.9955078363418579,0.01679425686597824,0.09317752718925476,-0.0006349816103465855,0.9853043556213379,-0.1708064675331116,-0.09467680007219315,0.1699800193309784,0.9808889627456665],"rotationconfidence":1},"3":{"id":3,"position":[201.2124806642532,-381.2372982501984,2814.363718032837],"positionconfidence":1,"rotation":[0.9944977760314941,-0.06697982549667358,0.08054698258638382,0.04851452633738518,0.9759432673454285,0.2125582098960877,-0.09284640848636627,-0.2074809819459915,0.9738230109214783],"rotationconfidence":1},"4":{"id":4,"position":[202.9799073934555,-424.0261912345886,2748.900175094605],"positionconfidence":1,"rotation":[0.9932693839073181,-0.08283466100692749,0.08096009492874146,-0.02259352058172226,0.5469826459884644,0.8368391394615173,-0.11360302567482,-0.8330357074737549,0.5414294600486755],"rotationconfidence":1},"6":{"id":6,"position":[43.68971288204193,-167.501837015152,2848.920822143555],"positionconfidence":1,"rotation":[0.3980039954185486,0.9040075540542603,-0.1560872793197632,0.2872291803359985,-0.2843858599662781,-0.9146715998649597,-0.8712589740753174,0.3192101120948792,-0.3728440403938294],"rotationconfidence":1},"7":{"id":7,"position":[-53.94650623202324,-389.268159866333,2887.211322784424],"positionconfidence":1,"rotation":[-0.3599646091461182,0.1008438989520073,0.9274998903274536,0.3336663842201233,0.9423032402992249,0.02704319171607494,-0.8712589740753174,0.3192101120948792,-0.3728440403938294],"rotationconfidence":1},"8":{"id":8,"position":[40.51017388701439,-415.7301485538483,2643.830299377441],"positionconfidence":1,"rotation":[-0.7315232753753662,-0.3893896639347076,0.5596868395805359,0,0.8208761215209961,0.5711062550544739,-0.6818164587020874,0.4177775084972382,-0.6004899740219116],"rotationconfidence":1},"9":{"id":9,"position":[89.92662280797958,-389.4257843494415,2606.021881103516],"positionconfidence":0.5,"rotation":[-0.7315232753753662,-0.3893896639347076,0.5596868395805359,0,0.8208761215209961,0.5711062550544739,-0.6818164587020874,0.4177775084972382,-0.6004899740219116],"rotationconfidence":0.5},"12":{"id":12,"position":[404.0453135967255,-166.4019227027893,2883.512258529663],"positionconfidence":1,"rotation":[0.2430753856897354,-0.9671221375465393,0.07476117461919785,-0.3120747208595276,-0.1509456634521484,-0.9379897713661194,0.9184354543685913,0.2046711295843124,-0.3385055065155029],"rotationconfidence":1},"13":{"id":13,"position":[454.5353949069977,-367.2864139080048,2899.041175842285],"positionconfidence":1,"rotation":[-0.2419829666614533,-0.386248379945755,-0.8900878429412842,-0.312922477722168,0.8994007706642151,-0.3052172660827637,0.9184354543685913,0.2046711295843124,-0.3385055065155029],"rotationconfidence":1},"14":{"id":14,"position":[401.6543924808502,-451.6940116882324,2704.528570175171],"positionconfidence":1,"rotation":[-0.2555891871452332,-0.3547435402870178,-0.8993504643440247,0,-0.9302482008934021,0.3669309616088867,-0.9667855501174927,0.09378358721733093,0.237761378288269],"rotationconfidence":1},"15":{"id":15,"position":[382.3566138744354,-478.4782528877258,2636.624813079834],"positionconfidence":0.5,"rotation":[-0.2555891871452332,-0.3547435402870178,-0.8993504643440247,0,-0.9302482008934021,0.3669309616088867,-0.9667855501174927,0.09378358721733093,0.237761378288269],"rotationconfidence":0.5},"17":{"id":17,"position":[118.4744387865067,-494.4770038127899,2709.953546524048],"positionconfidence":1,"rotation":[0.9026634097099304,-0.4297632873058319,0.02241218648850918,0.4148555099964142,0.882835865020752,0.2202175706624985,-0.1144277080893517,-0.1894845217466354,0.9751932621002197],"rotationconfidence":1},"18":{"id":18,"position":[-22.56735600531101,-794.6218848228455,2635.084390640259],"positionconfidence":1,"rotation":[0.8794680833816528,-0.4759578704833984,0,0.4350292682647705,0.8038408160209656,0.4056961238384247,-0.1930942684412003,-0.3567968010902405,0.9140079617500305],"rotationconfidence":1},"19":{"id":19,"position":[-128.6432892084122,-990.6274676322937,2536.160945892334],"positionconfidence":1,"rotation":[0.9014854431152344,0.4328094124794006,0,0.06611653417348862,-0.1377120912075043,-0.9882630705833435,-0.4277295768260956,0.8909047842025757,-0.152761310338974],"rotationconfidence":1},"20":{"id":20,"position":[-93.65934878587723,-1063.494443893433,2548.655271530151],"positionconfidence":1,"rotation":[0.9014854431152344,0.4328094124794006,0,0.06611653417348862,-0.1377120912075043,-0.9882630705833435,-0.4277295768260956,0.8909047842025757,-0.152761310338974],"rotationconfidence":1},"21":{"id":21,"position":[280.2590727806091,-505.6072473526001,2726.774454116821],"positionconfidence":1,"rotation":[0.9625629782676697,0.1656635105609894,0.2145414799451828,-0.2416723370552063,0.8829413652420044,0.4025034308433533,-0.1227474138140678,-0.4392836689949036,0.8899229764938354],"rotationconfidence":1},"22":{"id":22,"position":[356.8983674049377,-785.6062054634094,2599.132299423218],"positionconfidence":1,"rotation":[0.9579350352287292,0.2243772000074387,0.1789279580116272,-0.2856924533843994,0.8046873211860657,0.5204402804374695,-0.02720612660050392,-0.5496663451194763,0.834941029548645],"rotationconfidence":1},"23":{"id":23,"position":[448.7759172916412,-1044.390439987183,2431.760787963867],"positionconfidence":0.5,"rotation":[-0.02115730568766594,0.9997761249542236,0,-0.9829348921775818,-0.02080091089010239,-0.1827738136053085,-0.1827329099178314,-0.003867001505568624,0.9831550121307373],"rotationconfidence":0.5},"24":{"id":24,"position":[466.3119614124298,-1044.019341468811,2337.411880493164],"positionconfidence":0.5,"rotation":[-0.02115730568766594,0.9997761249542236,0,-0.9829348921775818,-0.02080091089010239,-0.1827738136053085,-0.1827329099178314,-0.003867001505568624,0.9831550121307373],"rotationconfidence":0.5}},"skeletonTracked":true,"frameCount":2},{"position":[172.5798547267914,-498.0951845645905,2627.623796463013],"positionTracked":true,"id":4295,"skeleton":{"1":{"id":1,"position":[216.9948071241379,128.0511021614075,2852.257013320923],"positionconfidence":1,"rotation":[0.9999994039535522,-0.001064610783942044,0,0.001048176665790379,0.9845626950263977,-0.1750293970108032,0.0001863381767179817,0.1750292927026749,0.9845632314682007],"rotationconfidence":1},"2":{"id":2,"position":[216.7979180812836,-56.88871815800667,2885.13445854187],"positionconfidence":1,"rotation":[0.9955876469612122,0.01539568137377501,0.09256482869386673,0.001048176665790379,0.9845626950263977,-0.1750293970108032,-0.09383056312799454,0.1743541210889816,0.9802022576332092],"rotationconfidence":1},"3":{"id":3,"position":[200.7943391799927,-381.3481330871582,2814.540147781372],"positionconfidence":1,"rotation":[0.9945497512817383,-0.06652287393808365,0.08028431236743927,0.04814035817980766,0.9760062098503113,0.2123547196388245,-0.09248442202806473,-0.2073323875665665,0.9738890528678894],"rotationconfidence":1},"4":{"id":4,"position":[202.5812566280365,-424.1844713687897,2749.069929122925],"positionconfidence":1,"rotation":[0.993025541305542,-0.0843985304236412,0.08232413232326508,-0.02283333614468575,0.5473652482032776,0.8365823030471802,-0.1156676858663559,-0.8326272964477539,0.5416206121444702],"rotationconfidence":1},"6":{"id":6,"position":[43.45590248703957,-167.3332303762436,2849.260568618774],"positionconfidence":1,"rotation":[0.3920484185218811,0.9066232442855835,-0.1559881269931793,0.2837243676185608,-0.2804592549800873,-0.9169748425483704,-0.8750990629196167,0.3152409195899963,-0.3671847283840179],"rotationconfidence":1},"7":{"id":7,"position":[-52.73851007223129,-389.7855877876282,2887.534379959106],"positionconfidence":1,"rotation":[-0.3536772429943085,0.101288877427578,0.929867148399353,0.3303239047527313,0.9435907602310181,0.02285573817789555,-0.8750990629196167,0.3152409195899963,-0.3671847283840179],"rotationconfidence":1},"8":{"id":8,"position":[39.59546610713005,-416.2289202213287,2644.775390625],"positionconfidence":1,"rotation":[-0.7327271699905396,-0.3920368850231171,0.5562534928321838,0,0.8173917531967163,0.576082170009613,-0.6805225014686584,0.4221110641956329,-0.5989251732826233],"rotationconfidence":1},"9":{"id":9,"position":[88.87208253145218,-389.864057302475,2607.366800308228],"positionconfidence":0.5,"rotation":[-0.7327271699905396,-0.3920368850231171,0.5562534928321838,0,0.8173917531967163,0.576082170009613,-0.6805225014686584,0.4221110641956329,-0.5989251732826233],"rotationconfidence":0.5},"12":{"id":12,"position":[403.5797119140625,-166.6312664747238,2883.608818054199],"positionconfidence":1,"rotation":[0.2320026308298111,-0.9709451794624329,0.05865321308374405,-0.3118505477905273,-0.1313598603010178,-0.9410067796707153,0.9213706851005554,0.2000250220298767,-0.333265632390976],"rotationconfidence":1},"13":{"id":13,"position":[452.5869786739349,-371.7296719551086,2895.998477935791],"positionconfidence":1,"rotation":[-0.2395037561655045,-0.3831307291984558,-0.8921036124229431,-0.3061273396015167,0.9017764925956726,-0.305098682641983,0.9213706851005554,0.2000250220298767,-0.333265632390976],"rotationconfidence":1},"14":{"id":14,"position":[400.5177915096283,-455.024003982544,2702.051162719727],"positionconfidence":1,"rotation":[-0.2512511014938355,-0.3440640270709992,-0.9047060012817383,0,-0.934688925743103,0.3554666936397553,-0.9679219722747803,0.0893113985657692,0.2348416149616242],"rotationconfidence":1},"15":{"id":15,"position":[382.5021386146545,-479.6946942806244,2637.180328369141],"positionconfidence":0.5,"rotation":[-0.2512511014938355,-0.3440640270709992,-0.9047060012817383,0,-0.934688925743103,0.3554666936397553,-0.9679219722747803,0.0893113985657692,0.2348416149616242],"rotationconfidence":0.5},"17":{"id":17,"position":[118.0606186389923,-494.5194125175476,2709.905862808228],"positionconfidence":1,"rotation":[0.902773916721344,-0.429405689239502,0.02469823136925697,0.4139453768730164,0.8829977512359619,0.2212785929441452,-0.1168267652392387,-0.1895408034324646,0.9748978018760681],"rotationconfidence":1},"18":{"id":18,"position":[-22.54375629127026,-794.4462895393372,2634.74440574646],"positionconfidence":1,"rotation":[0.8796109557151794,-0.4756938517093658,0,0.4348831474781036,0.8041474223136902,0.4052448570728302,-0.1927724927663803,-0.3564578294754028,0.9142081141471863],"rotationconfidence":1},"19":{"id":19,"position":[-128.6021023988724,-990.559995174408,2535.914182662964],"positionconfidence":1,"rotation":[0.8998004198074341,0.4363016188144684,0,0.06304220110177994,-0.130014181137085,-0.9895058870315552,-0.4317230880260468,0.8903579115867615,-0.1444922387599945],"rotationconfidence":1},"20":{"id":20,"position":[-93.32094341516495,-1063.321590423584,2547.722339630127],"positionconfidence":1,"rotation":[0.8998004198074341,0.4363016188144684,0,0.06304220110177994,-0.130014181137085,-0.9895058870315552,-0.4317230880260468,0.8903579115867615,-0.1444922387599945],"rotationconfidence":1},"21":{"id":21,"position":[280.0292074680328,-505.8237910270691,2727.117538452148],"positionconfidence":1,"rotation":[0.9622853398323059,0.1640256345272064,0.2170308977365494,-0.2415077686309815,0.8823069930076599,0.4039905369281769,-0.1252230703830719,-0.4411688446998596,0.8886445760726929],"rotationconfidence":1},"22":{"id":22,"position":[356.5735518932343,-785.4653596878052,2599.075317382813],"positionconfidence":1,"rotation":[0.9585216045379639,0.2224035412073135,0.1782497018575668,-0.2836772501468658,0.8050498366355896,0.5209817290306091,-0.02763171121478081,-0.5499376058578491,0.8347485065460205],"rotationconfidence":1},"23":{"id":23,"position":[447.8728175163269,-1044.564247131348,2431.401491165161],"positionconfidence":0.5,"rotation":[-0.02097571641206741,0.9997799396514893,0,-0.9830801486968994,-0.02062534913420677,-0.1820111274719238,-0.181971088051796,-0.003817814169451594,0.9832965135574341],"rotationconfidence":0.5},"24":{"id":24,"position":[465.3334617614746,-1044.197916984558,2337.051391601563],"positionconfidence":0.5,"rotation":[-0.02097571641206741,0.9997799396514893,0,-0.9830801486968994,-0.02062534913420677,-0.1820111274719238,-0.181971088051796,-0.003817814169451594,0.9832965135574341],"rotationconfidence":0.5}},"skeletonTracked":true,"frameCount":3},{"position":[171.3731288909912,-496.8903362751007,2628.46851348877],"positionTracked":true,"id":4295,"skeleton":{"1":{"id":1,"position":[216.8292254209518,127.9569119215012,2851.238489151001],"positionconfidence":1,"rotation":[0.9999966025352478,-0.00261460174806416,0,0.002571574645116925,0.9835401773452759,-0.1806712001562119,0.0004723832244053483,0.1806705892086029,0.9835435748100281],"rotationconfidence":1},"2":{"id":2,"position":[216.345950961113,-56.8791888654232,2885.191917419434],"positionconfidence":1,"rotation":[0.9956299662590027,0.01434771064668894,0.09227750450372696,0.002571574645116925,0.9835401773452759,-0.1806712001562119,-0.093350850045681,0.1801189631223679,0.9792051911354065],"rotationconfidence":1},"3":{"id":3,"position":[200.4487663507462,-381.4367949962616,2814.665079116821],"positionconfidence":1,"rotation":[0.994567334651947,-0.06617558747529984,0.08035197108983994,0.04780931770801544,0.9760770797729492,0.2121029645204544,-0.09246576577425003,-0.2071091383695602,0.9739383459091187],"rotationconfidence":1},"4":{"id":4,"position":[202.2839486598969,-424.3023991584778,2749.187469482422],"positionconfidence":1,"rotation":[0.9928016662597656,-0.08554418385028839,0.08382827043533325,-0.0234430804848671,0.5475760102272034,0.8364275097846985,-0.1174538508057594,-0.8323717713356018,0.5416289567947388],"rotationconfidence":1},"6":{"id":6,"position":[43.24139654636383,-167.2538369894028,2849.465608596802],"positionconfidence":1,"rotation":[0.385894387960434,0.9101653099060059,-0.1506141275167465,0.283588320016861,-0.2723866701126099,-0.9194472432136536,-0.8778742551803589,0.3120971322059631,-0.3632247447967529],"rotationconfidence":1},"7":{"id":7,"position":[-51.30960419774056,-390.2605473995209,2886.368751525879],"positionconfidence":1,"rotation":[-0.3494294583797455,0.1011936292052269,0.9314821362495422,0.3274689316749573,0.9446455836296082,0.02022065035998821,-0.8778742551803589,0.3120971322059631,-0.3632247447967529],"rotationconfidence":1},"8":{"id":8,"position":[39.1216054558754,-416.4491295814514,2645.304203033447],"positionconfidence":1,"rotation":[-0.7338151335716248,-0.3940391838550568,0.5533971190452576,0,0.8145989775657654,0.5800245404243469,-0.6793491244316101,0.4256307780742645,-0.5977650284767151],"rotationconfidence":1},"9":{"id":9,"position":[88.27939629554749,-390.0527060031891,2608.232498168945],"positionconfidence":0.5,"rotation":[-0.7338151335716248,-0.3940391838550568,0.5533971190452576,0,0.8145989775657654,0.5800245404243469,-0.6793491244316101,0.4256307780742645,-0.5977650284767151],"rotationconfidence":0.5},"12":{"id":12,"position":[403.2813608646393,-166.8968498706818,2883.723735809326],"positionconfidence":1,"rotation":[0.2336617857217789,-0.9703254699707031,0.06221354752779007,-0.3116872608661652,-0.1353575438261032,-0.940494179725647,0.9210066199302673,0.2003664076328278,-0.3340660035610199],"rotationconfidence":1},"13":{"id":13,"position":[452.6261985301971,-371.8107640743256,2896.862030029297],"positionconfidence":1,"rotation":[-0.2394546419382095,-0.3852220773696899,-0.8912156820297241,-0.3072592914104462,0.9008091688156128,-0.3068134188652039,0.9210066199302673,0.2003664076328278,-0.3340660035610199],"rotationconfidence":1},"14":{"id":14,"position":[400.2934098243713,-456.0010135173798,2702.086925506592],"positionconfidence":1,"rotation":[-0.2502304017543793,-0.3463203608989716,-0.9041277170181274,0,-0.9338365197181702,0.3577001094818115,-0.9681863188743591,0.08950744569301605,0.2336742877960205],"rotationconfidence":1},"15":{"id":15,"position":[382.6138377189636,-480.4696440696716,2638.20743560791],"positionconfidence":0.5,"rotation":[-0.2502304017543793,-0.3463203608989716,-0.9041277170181274,0,-0.9338365197181702,0.3577001094818115,-0.9681863188743591,0.08950744569301605,0.2336742877960205],"rotationconfidence":0.5},"17":{"id":17,"position":[117.7332997322083,-494.5580959320068,2709.788799285889],"positionconfidence":1,"rotation":[0.9027926921844482,-0.4292323291301727,0.0269225649535656,0.4132630527019501,0.8831307291984558,0.2220218479633331,-0.1190750971436501,-0.1893135905265808,0.974669873714447],"rotationconfidence":1},"18":{"id":18,"position":[-22.5270614027977,-794.29030418396,2634.435176849365],"positionconfidence":1,"rotation":[0.8797428607940674,-0.475449800491333,0,0.434749573469162,0.8044337034225464,0.4048200249671936,-0.1924715936183929,-0.3561375141143799,0.9143964052200317],"rotationconfidence":1},"19":{"id":19,"position":[-128.5721808671951,-990.5096292495728,2535.690546035767],"positionconfidence":1,"rotation":[0.8980984091758728,0.4397945106029511,0,0.05946259945631027,-0.1214277669787407,-0.9908175468444824,-0.4357561469078064,0.8898516893386841,-0.1352054178714752],"rotationconfidence":1},"20":{"id":20,"position":[-92.99047291278839,-1063.170552253723,2546.730756759644],"positionconfidence":1,"rotation":[0.8980984091758728,0.4397945106029511,0,0.05946259945631027,-0.1214277669787407,-0.9908175468444824,-0.4357561469078064,0.8898516893386841,-0.1352054178714752],"rotationconfidence":1},"21":{"id":21,"position":[279.8786163330078,-505.9933066368103,2727.376937866211],"positionconfidence":1,"rotation":[0.9620269536972046,0.162550687789917,0.2192750126123428,-0.2413482218980789,0.8818063735961914,0.4051773250102997,-0.1274962425231934,-0.4427130818367004,0.8875527381896973],"rotationconfidence":1},"22":{"id":22,"position":[356.3366532325745,-785.3456139564514,2599.018573760986],"positionconfidence":1,"rotation":[0.9589719176292419,0.2204494923353195,0.1782550066709518,-0.2820544838905335,0.8053247928619385,0.5214377045631409,-0.02860249951481819,-0.5503217577934265,0.8344626426696777],"rotationconfidence":1},"23":{"id":23,"position":[447.1741914749146,-1044.705867767334,2431.08606338501],"positionconfidence":0.5,"rotation":[-0.0213920921087265,0.999771237373352,0,-0.9830871820449829,-0.02103510312736034,-0.1819263994693756,-0.1818847507238388,-0.003891785629093647,0.9833121299743652],"rotationconfidence":0.5},"24":{"id":24,"position":[464.6235406398773,-1044.332504272461,2336.750745773315],"positionconfidence":0.5,"rotation":[-0.0213920921087265,0.999771237373352,0,-0.9830871820449829,-0.02103510312736034,-0.1819263994693756,-0.1818847507238388,-0.003891785629093647,0.9833121299743652],"rotationconfidence":0.5}},"skeletonTracked":true,"frameCount":4},{"position":[170.5097109079361,-501.261293888092,2627.426385879517],"positionTracked":true,"id":4295,"skeleton":{"1":{"id":1,"position":[216.7163789272308,127.7750581502914,2850.114107131958],"positionconfidence":1,"rotation":[0.9999917149543762,-0.004069093614816666,0,0.00399773009121418,0.9824538826942444,-0.1864624321460724,0.0007587330765090883,0.1864608824253082,0.9824619889259338],"rotationconfidence":1},"2":{"id":2,"position":[215.9649133682251,-56.89981579780579,2885.164022445679],"positionconfidence":1,"rotation":[0.9956347942352295,0.01347729191184044,0.09235692024230957,0.00399773009121418,0.9824538826942444,-0.1864624321460724,-0.09324944019317627,0.1860177367925644,0.9781115055084229],"rotationconfidence":1},"3":{"id":3,"position":[200.1517862081528,-381.5019726753235,2814.751148223877],"positionconfidence":1,"rotation":[0.9945485591888428,-0.06596726924180984,0.08075505495071411,0.04755433276295662,0.9761661291122437,0.2117504775524139,-0.09279894828796387,-0.2067558914422989,0.9739816784858704],"rotationconfidence":1},"4":{"id":4,"position":[202.0489871501923,-424.3853688240051,2749.271392822266],"positionconfidence":1,"rotation":[0.9926105737686157,-0.08631378412246704,0.08528758585453033,-0.02423129230737686,0.5477122068405151,0.8363157510757446,-0.1188986450433731,-0.8322026133537292,0.5415735244750977],"rotationconfidence":1},"6":{"id":6,"position":[43.04671660065651,-167.2328412532806,2849.579095840454],"positionconfidence":1,"rotation":[0.3817049562931061,0.9127990007400513,-0.1452558040618897,0.2845838069915772,-0.2655855417251587,-0.9211277961730957,-0.8793824315071106,0.3102616369724274,-0.3611431419849396],"rotationconfidence":1},"7":{"id":7,"position":[-50.25076493620873,-390.3419375419617,2885.082960128784],"positionconfidence":1,"rotation":[-0.3467112183570862,0.1025567427277565,0.9323483109474182,0.3263095915317535,0.945103108882904,0.01738459244370461,-0.8793824315071106,0.3102616369724274,-0.3611431419849396],"rotationconfidence":1},"8":{"id":8,"position":[38.76687213778496,-416.6732430458069,2645.703792572022],"positionconfidence":1,"rotation":[-0.7345170378684998,-0.3958264589309692,0.551186203956604,0,0.8122517466545105,0.5833069682121277,-0.6785902976989746,0.4284489154815674,-0.5966127514839172],"rotationconfidence":1},"9":{"id":9,"position":[87.81670033931732,-390.2406096458435,2608.896493911743],"positionconfidence":0.5,"rotation":[-0.7345170378684998,-0.3958264589309692,0.551186203956604,0,0.8122517466545105,0.5833069682121277,-0.6785902976989746,0.4284489154815674,-0.5966127514839172],"rotationconfidence":0.5},"12":{"id":12,"position":[403.113603591919,-167.1807020902634,2883.896589279175],"positionconfidence":1,"rotation":[0.2376996278762817,-0.9688389301300049,0.06964129954576492,-0.3120533227920532,-0.1440627574920654,-0.9390785694122314,0.9198486804962158,0.2014868408441544,-0.3365730941295624],"rotationconfidence":1},"13":{"id":13,"position":[453.1498849391937,-371.1233735084534,2898.556232452393],"positionconfidence":1,"rotation":[-0.2408398389816284,-0.3871795535087585,-0.8899933099746704,-0.3096361458301544,0.8997193574905396,-0.3076205551624298,0.9198486804962158,0.2014868408441544,-0.3365730941295624],"rotationconfidence":1},"14":{"id":14,"position":[399.9379873275757,-456.6680192947388,2701.918363571167],"positionconfidence":1,"rotation":[-0.249795600771904,-0.3485020101070404,-0.9034093618392944,0,-0.932986319065094,0.3599117398262024,-0.9682985544204712,0.08990436792373657,0.2330558747053146],"rotationconfidence":1},"15":{"id":15,"position":[382.4420869350433,-481.0774028301239,2638.64278793335],"positionconfidence":0.5,"rotation":[-0.249795600771904,-0.3485020101070404,-0.9034093618392944,0,-0.932986319065094,0.3599117398262024,-0.9682985544204712,0.08990436792373657,0.2330558747053146],"rotationconfidence":0.5},"17":{"id":17,"position":[117.4522116780281,-494.587779045105,2709.656715393066],"positionconfidence":1,"rotation":[0.9028106927871704,-0.429070383310318,0.02883419021964073,0.4126732349395752,0.883266806602478,0.2225772142410278,-0.1209695637226105,-0.1890459656715393,0.9744884967803955],"rotationconfidence":1},"18":{"id":18,"position":[-22.5118063390255,-794.1603064537048,2634.166479110718],"positionconfidence":1,"rotation":[0.8798682689666748,-0.4752176105976105,0,0.434615284204483,0.804692804813385,0.4044491052627564,-0.1922013312578201,-0.3558619320392609,0.9145604968070984],"rotationconfidence":1},"19":{"id":19,"position":[-128.5437643527985,-990.4791116714478,2535.494089126587],"positionconfidence":1,"rotation":[0.8967940807342529,0.4424481689929962,0,0.05598749965429306,-0.1134805381298065,-0.9919614791870117,-0.4388915598392487,0.8895851969718933,-0.1265402436256409],"rotationconfidence":1},"20":{"id":20,"position":[-92.72364526987076,-1063.082575798035,2545.821666717529],"positionconfidence":1,"rotation":[0.8967940807342529,0.4424481689929962,0,0.05598749965429306,-0.1134805381298065,-0.9919614791870117,-0.4388915598392487,0.8895851969718933,-0.1265402436256409],"rotationconfidence":1},"21":{"id":21,"position":[279.7691822052002,-506.121814250946,2727.568626403809],"positionconfidence":1,"rotation":[0.9617993831634521,0.1613436639308929,0.2211565673351288,-0.2412464469671249,0.8813810348510742,0.4061621427536011,-0.1293915063142777,-0.443999707698822,0.8866352438926697],"rotationconfidence":1},"22":{"id":22,"position":[356.1677038669586,-785.2397561073303,2598.944187164307],"positionconfidence":1,"rotation":[0.9593784213066101,0.2183888554573059,0.1786037683486939,-0.2805294692516327,0.8056321144104004,0.5217854976654053,-0.02993679419159889,-0.5506933927536011,0.8341705799102783],"rotationconfidence":1},"23":{"id":23,"position":[446.5639889240265,-1044.84224319458,2430.806875228882],"positionconfidence":0.5,"rotation":[-0.02163713611662388,0.999765932559967,0,-0.9830321669578552,-0.02127498015761375,-0.1821954101324081,-0.1821527481079102,-0.0039421864785254,0.983262300491333],"rotationconfidence":0.5},"24":{"id":24,"position":[464.0359580516815,-1044.464111328125,2336.493015289307],"positionconfidence":0.5,"rotation":[-0.02163713611662388,0.999765932559967,0,-0.9830321669578552,-0.02127498015761375,-0.1821954101324081,-0.1821527481079102,-0.0039421864785254,0.983262300491333],"rotationconfidence":0.5}},"skeletonTracked":true,"frameCount":5},{"position":[171.2489724159241,-493.0089414119721,2628.183364868164],"positionTracked":true,"id":4295,"skeleton":{"1":{"id":1,"position":[216.4879739284515,127.7297288179398,2849.003553390503],"positionconfidence":1,"rotation":[0.9999879598617554,-0.004893266595900059,0,0.00480278255417943,0.9814965724945068,-0.191419318318367,0.0009366657468490303,0.191417008638382,0.9815082550048828],"rotationconfidence":1},"2":{"id":2,"position":[215.5844569206238,-56.91299587488174,2885.014057159424],"positionconfidence":1,"rotation":[0.9956334829330444,0.01315202098339796,0.0924173966050148,0.00480278255417943,0.9814965724945068,-0.191419318318367,-0.0932249128818512,0.191027358174324,0.9771477580070496],"rotationconfidence":1},"3":{"id":3,"position":[199.9237090349197,-381.5395534038544,2814.790725708008],"positionconfidence":1,"rotation":[0.9945532083511353,-0.06551587581634521,0.0810663104057312,0.04709941521286964,0.9763084650039673,0.2111953943967819,-0.09298236668109894,-0.2062268555164337,0.9740763902664185],"rotationconfidence":1},"4":{"id":4,"position":[201.8615007400513,-424.4404137134552,2749.316215515137],"positionconfidence":1,"rotation":[0.9924678206443787,-0.08692160248756409,0.08632683753967285,-0.02474777214229107,0.5478920936584473,0.8361828923225403,-0.1199801489710808,-0.8320209980010986,0.5416141748428345],"rotationconfidence":1},"6":{"id":6,"position":[42.85003617405891,-167.2310531139374,2849.574327468872],"positionconfidence":1,"rotation":[0.3784326910972595,0.9150031208992004,-0.1398498862981796,0.2873237431049347,-0.2597436904907227,-0.9219427108764648,-0.8799055814743042,0.3087110817432404,-0.3611976206302643],"rotationconfidence":1},"7":{"id":7,"position":[-49.42638054490089,-390.3439342975617,2883.67509841919],"positionconfidence":1,"rotation":[-0.3469388782978058,0.1019756346940994,0.9323275089263916,0.3246531784534454,0.9456737041473389,0.01737494580447674,-0.8799055814743042,0.3087110817432404,-0.3611976206302643],"rotationconfidence":1},"8":{"id":8,"position":[39.44107890129089,-416.4647161960602,2644.861936569214],"positionconfidence":1,"rotation":[-0.7368220686912537,-0.399448961019516,0.5454665422439575,0,0.8067996501922607,0.590825080871582,-0.6760866641998291,0.4353329539299011,-0.5944677591323853],"rotationconfidence":1},"9":{"id":9,"position":[87.75531500577927,-390.2724087238312,2609.095096588135],"positionconfidence":0.5,"rotation":[-0.7368220686912537,-0.399448961019516,0.5454665422439575,0,0.8067996501922607,0.590825080871582,-0.6760866641998291,0.4353329539299011,-0.5944677591323853],"rotationconfidence":0.5},"12":{"id":12,"position":[402.9287397861481,-167.2768741846085,2883.936643600464],"positionconfidence":1,"rotation":[0.194743886590004,-0.979261577129364,-0.05587239563465118,-0.350761204957962,-0.0163327269256115,-0.9363226294517517,0.9159920811653137,0.2019409239292145,-0.346667617559433],"rotationconfidence":1},"13":{"id":13,"position":[445.1291263103485,-379.4797658920288,2871.829271316528],"positionconfidence":1,"rotation":[-0.2486944049596787,-0.3922391831874847,-0.8856069445610046,-0.3148169219493866,0.897423267364502,-0.3090664148330689,0.9159920811653137,0.2019409239292145,-0.346667617559433],"rotationconfidence":1},"14":{"id":14,"position":[390.9852504730225,-464.8751318454742,2679.021596908569],"positionconfidence":1,"rotation":[-0.2577243745326996,-0.3854583501815796,-0.8860021829605103,0,-0.916979193687439,0.3989349901676178,-0.9662184119224548,0.1028152704238892,0.2363278865814209],"rotationconfidence":1},"15":{"id":15,"position":[373.6932277679443,-490.7374680042267,2619.575262069702],"positionconfidence":1,"rotation":[-0.2577243745326996,-0.3854583501815796,-0.8860021829605103,0,-0.916979193687439,0.3989349901676178,-0.9662184119224548,0.1028152704238892,0.2363278865814209],"rotationconfidence":1},"17":{"id":17,"position":[117.212675511837,-494.6087300777435,2709.497451782227],"positionconfidence":1,"rotation":[0.9028269648551941,-0.4289210736751556,0.03049678355455399,0.4121651947498322,0.883409857749939,0.2229502201080322,-0.1225692182779312,-0.1887157708406448,0.9743526577949524],"rotationconfidence":1},"18":{"id":18,"position":[-22.49325439333916,-794.0459251403809,2633.9271068573],"positionconfidence":1,"rotation":[0.8800058960914612,-0.4749627113342285,0,0.4344510138034821,0.8049461841583252,0.4041212797164917,-0.1919425427913666,-0.3556291162967682,0.9147053956985474],"rotationconfidence":1},"19":{"id":19,"position":[-128.5067796707153,-990.4666543006897,2535.314559936523],"positionconfidence":1,"rotation":[0.8957462310791016,0.4445655643939972,0,0.0529581718146801,-0.1067043542861939,-0.9928793907165527,-0.4414000809192658,0.8893681168556213,-0.1191234216094017],"rotationconfidence":1},"20":{"id":20,"position":[-92.48730540275574,-1063.041567802429,2545.035362243652],"positionconfidence":1,"rotation":[0.8957462310791016,0.4445655643939972,0,0.0529581718146801,-0.1067043542861939,-0.9928793907165527,-0.4414000809192658,0.8893681168556213,-0.1191234216094017],"rotationconfidence":1},"21":{"id":21,"position":[279.6891927719116,-506.1941742897034,2727.692365646362],"positionconfidence":1,"rotation":[0.9615970849990845,0.160409539937973,0.2227098643779755,-0.2412173002958298,0.8810341954231262,0.406931072473526,-0.1309393793344498,-0.4450252652168274,0.8858935236930847],"rotationconfidence":1},"22":{"id":22,"position":[356.0689687728882,-785.1675152778625,2598.840475082398],"positionconfidence":1,"rotation":[0.9597440361976624,0.2167619615793228,0.1786216944456101,-0.2791856229305267,0.8058793544769287,0.5221243500709534,-0.03077083826065064,-0.5509743690490723,0.8339547514915466],"rotationconfidence":1},"23":{"id":23,"position":[446.0579752922058,-1044.924020767212,2430.545806884766],"positionconfidence":0.5,"rotation":[-0.02158965729176998,0.9997669458389282,0,-0.9830407500267029,-0.02122846059501171,-0.1821544617414475,-0.182111993432045,-0.003932652063667774,0.9832699298858643],"rotationconfidence":0.5},"24":{"id":24,"position":[463.5242223739624,-1044.546842575073,2336.241006851196],"positionconfidence":0.5,"rotation":[-0.02158965729176998,0.9997669458389282,0,-0.9830407500267029,-0.02122846059501171,-0.1821544617414475,-0.182111993432045,-0.003932652063667774,0.9832699298858643],"rotationconfidence":0.5}},"skeletonTracked":true,"frameCount":6},{"position":[170.9871143102646,-494.9336349964142,2627.301454544067],"positionTracked":true,"id":4295,"skeleton":{"1":{"id":1,"position":[216.2839770317078,127.7241706848145,2848.049163818359],"positionconfidence":1,"rotation":[0.9999843239784241,-0.005597539711743593,0,0.00548983970656991,0.9807440638542175,-0.1952201873064041,0.001092752791009843,0.1952171325683594,0.9807594418525696],"rotationconfidence":1},"2":{"id":2,"position":[215.2504175901413,-56.91824853420258,2884.80281829834],"positionconfidence":1,"rotation":[0.9956005811691284,0.01290048938244581,0.09280682355165482,0.00548983970656991,0.9807440638542175,-0.1952201873064041,-0.09353817999362946,0.1948708295822144,0.9763585329055786],"rotationconfidence":1},"3":{"id":3,"position":[199.7233033180237,-381.5740644931793,2814.788103103638],"positionconfidence":1,"rotation":[0.9945281147956848,-0.06517268717288971,0.08164770156145096,0.04670055583119392,0.9764601588249207,0.2105817049741745,-0.0934498980641365,-0.2056164294481278,0.9741606712341309],"rotationconfidence":1},"4":{"id":4,"position":[201.7021775245667,-424.4931936264038,2749.32336807251],"positionconfidence":1,"rotation":[0.9923244118690491,-0.08751337230205536,0.08737044781446457,-0.02527151815593243,0.5481053590774536,0.8360274434089661,-0.1210517883300781,-0.8318184018135071,0.5416867136955261],"rotationconfidence":1},"6":{"id":6,"position":[42.66996681690216,-167.2414839267731,2849.371194839478],"positionconfidence":1,"rotation":[0.3762312829494476,0.9166491031646729,-0.1349233239889145,0.2908332943916321,-0.2551014721393585,-0.9221383333206177,-0.8796965479850769,0.3076971173286438,-0.362569272518158],"rotationconfidence":1},"7":{"id":7,"position":[-48.87989535927773,-390.2933597564697,2882.202625274658],"positionconfidence":1,"rotation":[-0.348599374294281,0.1013115718960762,0.9317803382873535,0.3234385848045349,0.9460753798484802,0.01813958212733269,-0.8796965479850769,0.3076971173286438,-0.362569272518158]