{"motiondata":[{"position":[179.1414022445679,-374.7688829898834,2520.614385604858],"positionTracked":true,"id":4304,"skeleton":{"1":{"id":1,"position":[219.64231133461,257.5187087059021,2724.214792251587],"positionconfidence":1,"rotation":[0.9998592734336853,0.0167750958353281,0,-0.01638213545084,0.9764373898506165,-0.2151779234409332,-0.003609630279242992,0.2151476442813873,0.9765747785568237],"rotationconfidence":1},"2":{"id":2,"position":[222.9050099849701,63.04948776960373,2767.070055007935],"positionconfidence":1,"rotation":[0.9993542432785034,0.009107434190809727,-0.03475596755743027,-0.01638213545084,0.9764373898506165,-0.2151779234409332,0.03197731077671051,0.2156083732843399,0.9759561419487],"rotationconfidence":1},"3":{"id":3,"position":[203.5664767026901,-257.0633590221405,2715.906381607056],"positionconfidence":1,"rotation":[0.9979998469352722,-0.05543301627039909,-0.03039326705038548,0.05954859405755997,0.9857144355773926,0.1575468480587006,0.02122578397393227,-0.1590416133403778,0.9870437979698181],"rotationconfidence":1},"4":{"id":4,"position":[197.3513513803482,-305.5559694766998,2659.255981445313],"positionconfidence":1,"rotation":[0.9964461326599121,-0.06469172239303589,-0.05394432321190834,0.08305734395980835,0.6480427980422974,0.7570614218711853,-0.01401737611740828,-0.7588514089584351,0.6511128544807434],"rotationconfidence":1},"6":{"id":6,"position":[40.76284542679787,-39.77424651384354,2760.483741760254],"positionconfidence":1,"rotation":[0.27211794257164,0.9467564225196838,0.1720584630966187,0.2907592952251434,0.08954939246177673,-0.9525964856147766,-0.9172845482826233,0.3092461824417114,-0.250910222530365],"rotationconfidence":1},"7":{"id":7,"position":[-17.79225654900074,-243.4999346733093,2723.459720611572],"positionconfidence":1,"rotation":[-0.1859631240367889,0.2245140969753265,0.9565621018409729,0.3521460592746735,0.9240996837615967,-0.1484349220991135,-0.9172845482826233,0.3092461824417114,-0.250910222530365],"rotationconfidence":1},"8":{"id":8,"position":[27.47597917914391,-298.1524765491486,2490.607738494873],"positionconfidence":1,"rotation":[-0.1560812145471573,-0.1262932568788528,0.9796370267868042,0,0.9917922616004944,0.1278602927923203,-0.9877443313598633,0.01995659060776234,-0.154800146818161],"rotationconfidence":1},"9":{"id":9,"position":[46.54458165168762,-282.7230989933014,2370.924472808838],"positionconfidence":1,"rotation":[-0.1560812145471573,-0.1262932568788528,0.9796370267868042,0,0.9917922616004944,0.1278602927923203,-0.9877443313598633,0.01995659060776234,-0.154800146818161],"rotationconfidence":1},"12":{"id":12,"position":[400.975227355957,-50.39132386445999,2751.02686882019],"positionconfidence":1,"rotation":[0.156398743391037,-0.9802094101905823,-0.1213628649711609,-0.3453794717788696,0.06084214895963669,-0.9364888072013855,0.9253391027450562,0.1883819103240967,-0.3290285766124725],"rotationconfidence":1},"13":{"id":13,"position":[434.9902272224426,-263.5760307312012,2724.631786346436],"positionconfidence":1,"rotation":[-0.3193967938423157,-0.0802793800830841,-0.9442144632339478,-0.2042871415615082,0.9788092374801636,-0.01411707140505314,0.9253391027450562,0.1883819103240967,-0.3290285766124725],"rotationconfidence":1},"14":{"id":14,"position":[345.8234369754791,-285.9878242015839,2461.03310585022],"positionconfidence":1,"rotation":[-0.4931766092777252,0.01962779276072979,-0.8697077035903931,0,-0.9997454881668091,-0.02256251871585846,-0.8699291944503784,-0.01112730614840984,0.4930510818958283],"rotationconfidence":1},"15":{"id":15,"position":[320.393294095993,-284.9757373332977,2416.187524795532],"positionconfidence":1,"rotation":[-0.4931766092777252,0.01962779276072979,-0.8697077035903931,0,-0.9997454881668091,-0.02256251871585846,-0.8699291944503784,-0.01112730614840984,0.4930510818958283],"rotationconfidence":1},"17":{"id":17,"position":[112.4774366617203,-381.7981779575348,2634.051322937012],"positionconfidence":1,"rotation":[0.9058507680892944,-0.3956075012683868,-0.1514240801334381,0.4235931634902954,0.8444380760192871,0.3278616070747376,-0.001836250768974423,-0.361135870218277,0.9325114488601685],"rotationconfidence":1},"18":{"id":18,"position":[-49.25267398357391,-704.2090892791748,2508.872032165527],"positionconfidence":1,"rotation":[0.841602623462677,-0.5400972962379456,0,0.4950165748596191,0.771355926990509,0.3999606370925903,-0.2160176634788513,-0.3366079330444336,0.9165322780609131],"rotationconfidence":1},"19":{"id":19,"position":[-170.2545583248138,-892.759382724762,2411.105632781982],"positionconfidence":0.5,"rotation":[-0.922286331653595,0.386507123708725,0,0.01374211627990007,0.03279154375195503,-0.9993676543235779,-0.3862627744674683,-0.9217032790184021,-0.03555462509393692],"rotationconfidence":0.5},"20":{"id":20,"position":[-157.5524061918259,-862.4494075775146,2412.274837493897],"positionconfidence":1,"rotation":[-0.922286331653595,0.386507123708725,0,0.01374211627990007,0.03279154375195503,-0.9993676543235779,-0.3862627744674683,-0.9217032790184021,-0.03555462509393692],"rotationconfidence":1},"21":{"id":21,"position":[270.336925983429,-385.7658207416534,2632.825613021851],"positionconfidence":1,"rotation":[0.974830150604248,0.2001290023326874,0.09825751185417175,-0.2229182720184326,0.8822219967842102,0.4147188663482666,-0.003687662538141012,-0.4261838793754578,0.9046290516853333],"rotationconfidence":1},"22":{"id":22,"position":[356.0912609100342,-725.1474261283875,2473.287582397461],"positionconfidence":1,"rotation":[0.9136224985122681,0.3957217633724213,0.09326445311307907,-0.3801916539669037,0.7503028512001038,0.5408327579498291,0.1440427005290985,-0.5295753479003906,0.8359436988830566],"rotationconfidence":1},"23":{"id":23,"position":[455.6477963924408,-921.6208457946777,2331.665754318237],"positionconfidence":1,"rotation":[0.7247885465621948,0.6889714598655701,0,-0.6647853851318359,0.6993451714515686,-0.2626345157623291,-0.1809476613998413,0.1903544664382935,0.9648954272270203],"rotationconfidence":1},"24":{"id":24,"position":[473.0334281921387,-939.9102926254272,2238.957643508911],"positionconfidence":1,"rotation":[0.7247885465621948,0.6889714598655701,0,-0.6647853851318359,0.6993451714515686,-0.2626345157623291,-0.1809476613998413,0.1903544664382935,0.9648954272270203],"rotationconfidence":1}},"skeletonTracked":true,"frameCount":1},{"position":[164.9045795202255,-371.5550899505615,2494.3687915802],"positionTracked":true,"id":4304,"skeleton":{"1":{"id":1,"position":[202.8135061264038,286.5889966487885,2717.604160308838],"positionconfidence":1,"rotation":[0.9976187944412231,0.06896896660327911,0,-0.06863215565681458,0.9927469491958618,-0.09870748221874237,-0.006807752884924412,0.09847243875265121,0.9951165318489075],"rotationconfidence":1},"2":{"id":2,"position":[216.5850549936295,87.38700300455093,2737.410545349121],"positionconfidence":1,"rotation":[0.8947873115539551,0.01749982498586178,-0.4461494386196137,-0.06863215565681458,0.9927469491958618,-0.09870748221874237,0.4411861002445221,0.1189423874020577,0.8894984126091003],"rotationconfidence":1},"3":{"id":3,"position":[206.3584476709366,-258.9184641838074,2712.409496307373],"positionconfidence":1,"rotation":[0.891951322555542,0.006297974847257137,-0.4520873725414276,0.02944117225706577,0.9969717860221863,0.07197501510381699,0.4511716961860657,-0.07750819623470306,0.8890649676322937],"rotationconfidence":1},"4":{"id":4,"position":[190.161943435669,-320.0626969337463,2660.395860671997],"positionconfidence":1,"rotation":[0.9447031617164612,0.02771703712642193,-0.3267532587051392,0.1977779120206833,0.7466412782669067,0.6351462006568909,0.2615718543529511,-0.6646491885185242,0.6998725533485413],"rotationconfidence":1},"6":{"id":6,"position":[41.30466654896736,-41.34751856327057,2768.250703811646],"positionconfidence":1,"rotation":[0.2716762721538544,0.9375428557395935,0.2172678411006928,0.254707396030426,0.1476626545190811,-0.9556776881217957,-0.9280712008476257,0.3149746954441071,-0.1986826658248901],"rotationconfidence":1},"7":{"id":7,"position":[-17.71873794496059,-245.0346946716309,2721.047878265381],"positionconfidence":0.5,"rotation":[-0.1802545636892319,0.08691107481718063,0.9797727465629578,0.3258713483810425,0.9451123476028442,-0.02388403937220573,-0.9280712008476257,0.3149746954441071,-0.1986826658248901],"rotationconfidence":0.5},"8":{"id":8,"position":[26.79090388119221,-266.4953470230103,2479.115962982178],"positionconfidence":1,"rotation":[-0.2151793241500855,-0.00889085978269577,0.9765341281890869,0,0.9999584555625916,0.009104127064347267,-0.9765744805335999,0.001959019806236029,-0.2151703834533691],"rotationconfidence":1},"9":{"id":9,"position":[42.0626699924469,-265.8643424510956,2409.809112548828],"positionconfidence":1,"rotation":[-0.2151793241500855,-0.00889085978269577,0.9765341281890869,0,0.9999584555625916,0.009104127064347267,-0.9765744805335999,0.001959019806236029,-0.2151703834533691],"rotationconfidence":1},"12":{"id":12,"position":[317.4934089183807,-27.00239419937134,2629.344463348389],"positionconfidence":1,"rotation":[0.5083165764808655,-0.5586431622505188,-0.6553869247436523,-0.6146079301834106,0.2977451980113983,-0.7304825186729431,0.6032174229621887,0.774122416973114,-0.1919977217912674],"rotationconfidence":1},"13":{"id":13,"position":[419.7426438331604,-139.3749564886093,2497.511625289917],"positionconfidence":0.5,"rotation":[-0.4372340738773346,0.1196309179067612,-0.891355574131012,-0.6670494675636292,0.6216291785240173,0.4106361567974091,0.6032174229621887,0.774122416973114,-0.1919977217912674],"rotationconfidence":0.5},"14":{"id":14,"position":[277.2856056690216,-100.3975123167038,2207.095384597778],"positionconfidence":1,"rotation":[-0.4307379722595215,0.4225983619689941,-0.7974180579185486,0,-0.8835880756378174,-0.4682648777961731,-0.9024770855903625,-0.2016994655132294,0.380594938993454],"rotationconfidence":1},"15":{"id":15,"position":[182.6292425394058,-7.529865019023418,2031.859636306763],"positionconfidence":1,"rotation":[-0.4307379722595215,0.4225983619689941,-0.7974180579185486,0,-0.8835880756378174,-0.4682648777961731,-0.9024770855903625,-0.2016994655132294,0.380594938993454],"rotationconfidence":1},"17":{"id":17,"position":[115.2049899101257,-400.6515145301819,2666.489839553833],"positionconfidence":1,"rotation":[0.8517352938652039,-0.2408532798290253,-0.4653351008892059,0.440766453742981,0.8095532059669495,0.3877480924129486,0.2833231091499329,-0.5353628396987915,0.7956850528717041],"rotationconfidence":1},"18":{"id":18,"position":[-56.52589350938797,-716.0686254501343,2515.415906906128],"positionconfidence":1,"rotation":[0.8324148654937744,-0.5541529059410095,0,0.5086298584938049,0.7640329599380493,0.3969248533248901,-0.2199570536613464,-0.3304061591625214,0.9178510904312134],"rotationconfidence":1},"19":{"id":19,"position":[-182.2786331176758,-904.9667716026306,2417.280912399292],"positionconfidence":1,"rotation":[-0.9017497897148132,0.4322586059570313,0,0.2045217603445053,0.4266600012779236,-0.8809837102890015,-0.3808127343654633,-0.7944267392158508,-0.4731467664241791],"rotationconfidence":1},"20":{"id":20,"position":[-165.6078696250916,-870.1893091201782,2437.993764877319],"positionconfidence":1,"rotation":[-0.9017497897148132,0.4322586059570313,0,0.2045217603445053,0.4266600012779236,-0.8809837102890015,-0.3808127343654633,-0.7944267392158508,-0.4731467664241791],"rotationconfidence":1},"21":{"id":21,"position":[251.1144578456879,-391.977846622467,2623.931884765625],"positionconfidence":1,"rotation":[0.9185060262680054,0.343766987323761,-0.1953738778829575,-0.2544242441654205,0.8920603394508362,0.3734925389289856,0.3026796877384186,-0.2933472990989685,0.9068254232406616],"rotationconfidence":1},"22":{"id":22,"position":[347.7523624897003,-730.8089137077332,2482.068300247192],"positionconfidence":1,"rotation":[0.8987331390380859,0.4296689629554749,0.0875401422381401,-0.4008877873420715,0.7242215871810913,0.5610634684562683,0.1776731014251709,-0.539340078830719,0.8231309652328491],"rotationconfidence":1},"23":{"id":23,"position":[453.4227848052979,-921.7072129249573,2334.177017211914],"positionconfidence":1,"rotation":[-0.8948690295219421,-0.4463288486003876,0,-0.08331393450498581,0.1670406460762024,-0.982423722743988,0.4384840130805969,-0.8791405558586121,-0.1866649091243744],"rotationconfidence":1},"24":{"id":24,"position":[422.38450050354,-859.4768643379211,2347.390174865723],"positionconfidence":1,"rotation":[-0.8948690295219421,-0.4463288486003876,0,-0.08331393450498581,0.1670406460762024,-0.982423722743988,0.4384840130805969,-0.8791405558586121,-0.1866649091243744],"rotationconfidence":1}},"skeletonTracked":true,"frameCount":2},{"position":[165.5870676040649,-388.5951042175293,2455.749034881592],"positionTracked":true,"id":4304,"skeleton":{"1":{"id":1,"position":[170.2901273965836,277.3257493972778,2702.812433242798],"positionconfidence":1,"rotation":[0.9974914193153381,0.07078686356544495,0,-0.07078655809164047,0.9974870681762695,-0.002956053009256721,-0.0002092497161356732,0.002948637586086988,0.9999955296516418],"rotationconfidence":1},"2":{"id":2,"position":[184.711679816246,74.10479336977005,2703.414678573608],"positionconfidence":1,"rotation":[0.754500687122345,0.05160413309931755,-0.6542672514915466,-0.07078655809164047,0.9974870681762695,-0.002956053009256721,0.6524706482887268,0.04854367673397064,0.7562575936317444],"rotationconfidence":1},"3":{"id":3,"position":[205.436646938324,-278.747022151947,2697.535991668701],"positionconfidence":1,"rotation":[0.7547095417976379,0.05521981418132782,-0.653731107711792,-0.0586264543235302,0.9981415271759033,0.01662953570485115,0.6534343957901001,0.02577546797692776,0.7565441727638245],"rotationconfidence":1},"4":{"id":4,"position":[183.8803887367249,-352.8045117855072,2655.350208282471],"positionconfidence":1,"rotation":[0.7790568470954895,0.1233867853879929,-0.6146920323371887,0.2451978474855423,0.8423882126808167,0.4798543155193329,0.5770170092582703,-0.5245549082756042,0.6260141134262085],"rotationconfidence":1},"6":{"id":6,"position":[54.13530394434929,-64.5851194858551,2778.418302536011],"positionconfidence":1,"rotation":[0.2690651416778565,0.9321945905685425,0.2421099245548248,0.0733380913734436,0.2308201193809509,-0.9702286720275879,-0.9603257179260254,0.2788105905056,-0.006259727291762829],"rotationconfidence":1},"7":{"id":7,"position":[-2.361125312745571,-260.3208720684052,2727.581739425659],"positionconfidence":0.5,"rotation":[0.00752733089029789,0.04835152626037598,0.9988019466400146,0.2787792384624481,0.9591280817985535,-0.0485319122672081,-0.9603257179260254,0.2788105905056,-0.006259727291762829],"rotationconfidence":0.5},"8":{"id":8,"position":[-4.238536581397057,-272.3803520202637,2478.46794128418],"positionconfidence":1,"rotation":[0.04111800715327263,-0.002794235479086638,0.9991503357887268,0,0.9999961256980896,0.002796600572764874,-0.999154269695282,-0.000114990645670332,0.0411178469657898],"rotationconfidence":1},"9":{"id":9,"position":[-7.255760952830315,-272.1753120422363,2405.150651931763],"positionconfidence":1,"rotation":[0.04111800715327263,-0.002794235479086638,0.9991503357887268,0,0.9999961256980896,0.002796600572764874,-0.999154269695282,-0.000114990645670332,0.0411178469657898],"rotationconfidence":1},"12":{"id":12,"position":[284.9024832248688,-57.32889473438263,2578.855276107788],"positionconfidence":1,"rotation":[-0.08755262196063995,0.2018303573131561,-0.9754993319511414,-0.995999813079834,-0.03528683632612228,0.08209174871444702,-0.01785368099808693,0.9787846207618713,0.2041124701499939],"rotationconfidence":1},"13":{"id":13,"position":[261.1674964427948,-2.613901626318693,2314.403295516968],"positionconfidence":1,"rotation":[-0.3179143965244293,0.1879931092262268,-0.929295003414154,-0.9479513764381409,-0.08148162811994553,0.3078133463859558,-0.01785368099808693,0.9787846207618713,0.2041124701499939],"rotationconfidence":1},"14":{"id":14,"position":[188.9578849077225,40.08598625659943,2103.327512741089],"positionconfidence":1,"rotation":[-0.4379078149795532,0.3702514469623566,-0.8192377686500549,0,-0.9112565517425537,-0.4118389785289764,-0.8990197777748108,-0.1803475022315979,0.3990463614463806],"rotationconfidence":1},"15":{"id":15,"position":[103.8888990879059,112.0118871331215,1944.180488586426],"positionconfidence":1,"rotation":[-0.4379078149795532,0.3702514469623566,-0.8192377686500549,0,-0.9112565517425537,-0.4118389785289764,-0.8990197777748108,-0.1803475022315979,0.3990463614463806],"rotationconfidence":1},"17":{"id":17,"position":[128.5818517208099,-430.1466941833496,2690.060138702393],"positionconfidence":1,"rotation":[0.7204931378364563,-0.005164816044270992,-0.6934426426887512,0.4249693155288696,0.7934868335723877,0.435636967420578,0.547987699508667,-0.6085653901100159,0.5738967657089233],"rotationconfidence":1},"18":{"id":18,"position":[-28.35171297192574,-723.1671810150146,2529.187202453613],"positionconfidence":1,"rotation":[0.7556016445159912,-0.6550314426422119,0,0.59397953748703,0.6851761937141418,0.4215705096721649,-0.2761419415473938,-0.3185393810272217,0.9067955613136292],"rotationconfidence":1},"19":{"id":19,"position":[-181.0820251703262,-899.3469476699829,2420.788526535034],"positionconfidence":1,"rotation":[-0.6861618161201477,-0.7274488806724548,0,0.3680906891822815,-0.3471993505954742,-0.8625321388244629,0.6274480819702148,-0.59183669090271,0.5060021281242371],"rotationconfidence":1},"20":{"id":20,"position":[-210.0954055786133,-871.9802498817444,2397.390842437744],"positionconfidence":1,"rotation":[-0.6861618161201477,-0.7274488806724548,0,0.3680906891822815,-0.3471993505954742,-0.8625321388244629,0.6274480819702148,-0.59183669090271,0.5060021281242371],"rotationconfidence":1},"21":{"id":21,"position":[237.0614409446716,-413.9964282512665,2603.603839874268],"positionconfidence":1,"rotation":[0.7060185074806213,0.47097048163414,-0.528890073299408,-0.3270536959171295,0.8792411684989929,0.3463681638240814,0.6281510591506958,-0.07156688719987869,0.7747931480407715],"rotationconfidence":1},"22":{"id":22,"position":[351.9425094127655,-722.8391766548157,2481.938362121582],"positionconfidence":1,"rotation":[0.7048815488815308,0.6080189347267151,-0.3653148114681244,-0.353916734457016,0.7478002905845642,0.5617273449897766,0.6147233843803406,-0.266660213470459,0.7422987222671509],"rotationconfidence":1},"23":{"id":23,"position":[454.1147947311401,-938.721776008606,2319.773197174072],"positionconfidence":0.5,"rotation":[-0.3133962452411652,-0.9496224522590637,0,0.7549802660942078,-0.2491600513458252,-0.6065675616264343,0.5760101675987244,-0.1900960057973862,0.7950320243835449],"rotationconfidence":0.5},"24":{"id":24,"position":[417.7128672599793,-926.7083406448364,2269.529819488525],"positionconfidence":0.5,"rotation":[-0.3133962452411652,-0.9496224522590637,0,0.7549802660942078,-0.2491600513458252,-0.6065675616264343,0.5760101675987244,-0.1900960057973862,0.7950320243835449],"rotationconfidence":0.5}},"skeletonTracked":true,"frameCount":3},{"position":[165.2121841907501,-391.2067413330078,2454.866409301758],"positionTracked":true,"id":4304,"skeleton":{"1":{"id":1,"position":[150.7754623889923,256.0420632362366,2698.278427124023],"positionconfidence":1,"rotation":[0.9989630579948425,0.04552927613258362,0,-0.04544587433338165,0.9971330761909485,0.06050052866339684,0.00275454530492425,-0.06043779477477074,0.9981682300567627],"rotationconfidence":1},"2":{"id":2,"position":[160.4705899953842,43.32016780972481,2685.37163734436],"positionconfidence":1,"rotation":[0.6527388095855713,0.07548677921295166,-0.753812849521637,-0.04544587433338165,0.9971330761909485,0.06050052866339684,0.7562187314033508,-0.005233355332165957,0.6542980074882507],"rotationconfidence":1},"3":{"id":3,"position":[204.8561424016953,-290.3879582881928,2689.893960952759],"positionconfidence":1,"rotation":[0.6454416513442993,0.07554813474416733,-0.7600641846656799,-0.131834089756012,0.9911807775497437,-0.0134322177618742,0.7523462176322937,0.1088720858097076,0.649709165096283],"rotationconfidence":1},"4":{"id":4,"position":[181.0840368270874,-364.204078912735,2653.504610061646],"positionconfidence":1,"rotation":[0.6951348185539246,0.1251148879528046,-0.7079080939292908,0.2775079011917114,0.8617056012153625,0.424797534942627,0.6631568074226379,-0.4917415678501129,0.564281165599823],"rotationconfidence":1},"6":{"id":6,"position":[59.36593562364578,-74.40333813428879,2782.44948387146],"positionconfidence":1,"rotation":[0.246371790766716,0.9436547160148621,0.2209452986717224,-0.02980126813054085,0.2352408617734909,-0.971480131149292,-0.9687170386314392,0.2327608317136765,0.08607881516218185],"rotationconfidence":1},"7":{"id":7,"position":[8.013740181922913,-271.0928320884705,2736.39702796936],"positionconfidence":0.5,"rotation":[0.09290444850921631,0.01850134693086147,0.9955031871795654,0.2301215827465057,0.972357988357544,-0.03954708576202393,-0.9687170386314392,0.2327608317136765,0.08607881516218185],"rotationconfidence":0.5},"8":{"id":8,"position":[-16.27362333238125,-275.9295105934143,2476.149559020996],"positionconfidence":1,"rotation":[0.2182131856679916,0.04204259067773819,0.9749950766563416,0,0.9990715980529785,-0.04308079183101654,-0.9759011268615723,0.009400797076523304,0.2180105894804001],"rotationconfidence":1},"9":{"id":9,"position":[-34.72664579749107,-279.4848084449768,2393.699884414673],"positionconfidence":1,"rotation":[0.2182131856679916,0.04204259067773819,0.9749950766563416,0,0.9990715980529785,-0.04308079183101654,-0.9759011268615723,0.009400797076523304,0.2180105894804001],"rotationconfidence":1},"12":{"id":12,"position":[263.347864151001,-76.96254551410675,2546.672582626343],"positionconfidence":1,"rotation":[-0.1177544146776199,0.3488790392875671,-0.9297405481338501,-0.95791095495224,-0.2867373824119568,0.01372596342116594,-0.261802613735199,0.8922247886657715,0.367959588766098],"rotationconfidence":1},"13":{"id":13,"position":[227.4858951568604,29.28815968334675,2263.521194458008],"positionconfidence":1,"rotation":[-0.3241986632347107,0.2778024077415466,-0.904279351234436,-0.9090405106544495,-0.3560346961021423,0.2165286839008331,-0.261802613735199,0.8922247886657715,0.367959588766098],"rotationconfidence":1},"14":{"id":14,"position":[156.8183898925781,89.84239399433136,2066.410064697266],"positionconfidence":1,"rotation":[-0.4704423546791077,0.3351260125637054,-0.8163176774978638,0,-0.9250784516334534,-0.3797760009765625,-0.8824307322502136,-0.1786627173423767,0.4351960718631744],"rotationconfidence":1},"15":{"id":15,"position":[64.43875283002853,155.6502878665924,1906.111717224121],"positionconfidence":1,"rotation":[-0.4704423546791077,0.3351260125637054,-0.8163176774978638,0,-0.9250784516334534,-0.3797760009765625,-0.8824307322502136,-0.1786627173423767,0.4351960718631744],"rotationconfidence":1},"17":{"id":17,"position":[131.8165808916092,-439.4054412841797,2698.302745819092],"positionconfidence":1,"rotation":[0.6670188307762146,0.06755181401968002,-0.7419719099998474,0.4198267757892609,0.7886378169059753,0.4492168128490448,0.6154926419258118,-0.6111357808113098,0.497676283121109],"rotationconfidence":1},"18":{"id":18,"position":[-17.82155223190785,-720.498263835907,2538.189172744751],"positionconfidence":1,"rotation":[0.7298998832702637,-0.6835540533065796,0,0.6140331625938416,0.655665397644043,0.4393928945064545,-0.3003487884998322,-0.3207128345966339,0.8982949256896973],"rotationconfidence":1},"19":{"id":19,"position":[-177.0905703306198,-890.5659317970276,2424.218654632568],"positionconfidence":1,"rotation":[-0.3945490121841431,-0.9188749194145203,0,0.5770068168640137,-0.2477567493915558,-0.7782543301582336,0.7151183485984802,-0.3070594370365143,0.6279492378234863],"rotationconfidence":1},"20":{"id":20,"position":[-224.8299270868301,-870.0674772262573,2382.298469543457],"positionconfidence":1,"rotation":[-0.3945490121841431,-0.9188749194145203,0,0.5770068168640137,-0.2477567493915558,-0.7782543301582336,0.7151183485984802,-0.3070594370365143,0.6279492378234863],"rotationconfidence":1},"21":{"id":21,"position":[231.7475825548172,-422.1653342247009,2595.885276794434],"positionconfidence":1,"rotation":[0.6028009057044983,0.4893860220909119,-0.6301842927932739,-0.3568100929260254,0.8717769980430603,0.3356954753398895,0.7136648297309875,0.02249856106936932,0.7001258134841919],"rotationconfidence":1},"22":{"id":22,"position":[354.3931841850281,-721.8194603919983,2480.497360229492],"positionconfidence":1,"rotation":[0.6419148445129395,0.6295924186706543,-0.4376742839813232,-0.3321787714958191,0.7427896857261658,0.5813094973564148,0.6910880208015442,-0.2277650833129883,0.6859449744224548],"rotationconfidence":1},"23":{"id":23,"position":[455.1479518413544,-947.1186399459839,2304.177522659302],"positionconfidence":0.5,"rotation":[0.09271863847970963,-0.9956924319267273,0,0.8434087038040161,0.07853801548480988,-0.5315013527870178,0.5292117595672607,0.0492800734937191,0.8470574617385864],"rotationconfidence":0.5},"24":{"id":24,"position":[409.2115461826325,-951.3962268829346,2230.651617050171],"positionconfidence":0.5,"rotation":[0.09271863847970963,-0.9956924319267273,0,0.8434087038040161,0.07853801548480988,-0.5315013527870178,0.5292117595672607,0.0492800734937191,0.8470574617385864],"rotationconfidence":0.5}},"skeletonTracked":true,"frameCount":4},{"position":[181.3163012266159,-232.6333522796631,2458.780288696289],"positionTracked":true,"id":4304,"skeleton":{"1":{"id":1,"position":[144.0158784389496,253.5673677921295,2695.856094360352],"positionconfidence":1,"rotation":[0.9986703395843506,0.05155035853385925,0,-0.05139194428920746,0.9956014752388,0.07833605259656906,0.004038251470774412,-0.07823189347982407,0.9969269633293152],"rotationconfidence":1},"2":{"id":2,"position":[155.0347208976746,40.10247811675072,2679.060220718384],"positionconfidence":1,"rotation":[0.6522156596183777,0.09286118298768997,-0.752324104309082,-0.05139194428920746,0.9956014752388,0.07833605259656906,0.7562893629074097,-0.01242860034108162,0.6541191935539246],"rotationconfidence":1},"3":{"id":3,"position":[202.23668217659,-287.8466248512268,2687.135696411133],"positionconfidence":1,"rotation":[0.6431336998939514,0.07379843294620514,-0.7621895670890808,-0.1424203962087631,0.9895063638687134,-0.02436577528715134,0.7523931860923767,0.1242217794060707,0.6468952298164368],"rotationconfidence":1},"4":{"id":4,"position":[170.7924008369446,-346.3719487190247,2655.329465866089],"positionconfidence":1,"rotation":[0.6799933910369873,0.03273376077413559,-0.7324872016906738,0.4268920719623566,0.7945481538772583,0.4318059384822846,0.5961310267448425,-0.6063181757926941,0.5263137221336365],"rotationconfidence":1},"6":{"id":6,"position":[62.24338337779045,-79.90464568138123,2784.385681152344],"positionconfidence":1,"rotation":[0.2128258496522903,0.958741307258606,0.1884684264659882,-0.1032076999545097,0.2138665318489075,-0.9713956713676453,-0.9716241359710693,0.1872867047786713,0.1444658041000366],"rotationconfidence":1},"7":{"id":7,"position":[17.56064780056477,-281.1921536922455,2744.816780090332],"positionconfidence":1,"rotation":[0.1443964242935181,-0.01408667862415314,0.98941969871521,0.1873401999473572,0.9822043776512146,-0.01335657387971878,-0.9716241359710693,0.1872867047786713,0.1444658041000366],"rotationconfidence":1},"8":{"id":8,"position":[-22.01719582080841,-277.3311138153076,2473.625183105469],"positionconfidence":1,"rotation":[0.3025110065937042,0.2605726718902588,0.9168364405632019,0,0.9619055986404419,-0.2733817100524902,-0.9531459212303162,0.08270097523927689,0.2909870445728302],"rotationconfidence":1},"9":{"id":9,"position":[-33.81999209523201,-287.4976396560669,2437.853813171387],"positionconfidence":1,"rotation":[0.3025110065937042,0.2605726718902588,0.9168364405632019,0,0.9619055986404419,-0.2733817100524902,-0.9531459212303162,0.08270097523927689,0.2909870445728302],"rotationconfidence":1},"12":{"id":12,"position":[264.9935781955719,-86.52292937040329,2549.841165542603],"positionconfidence":1,"rotation":[-0.1442291885614395,0.3700062930583954,-0.9177653789520264,-0.9041127562522888,-0.4262557327747345,-0.02976561896502972,-0.4022162258625031,0.8254703283309937,0.3960059285163879],"rotationconfidence":1},"13":{"id":13,"position":[220.9046483039856,26.58303081989288,2269.292593002319],"positionconfidence":1,"rotation":[-0.3019016087055206,0.2887608408927918,-0.9085551500320435,-0.8643363118171692,-0.4849904477596283,0.1330665200948715,-0.4022162258625031,0.8254703283309937,0.3960059285163879],"rotationconfidence":1},"14":{"id":14,"position":[155.5731147527695,89.07090127468109,2072.681188583374],"positionconfidence":1,"rotation":[-0.5025297403335571,0.3002505302429199,-0.8107486367225647,0,-0.9377588629722595,-0.3472871482372284,-0.8645598888397217,-0.1745221167802811,0.4712517261505127],"rotationconfidence":1},"15":{"id":15,"position":[57.6070249080658,147.6034969091415,1914.629101753235],"positionconfidence":1,"rotation":[-0.5025297403335571,0.3002505302429199,-0.8107486367225647,0,-0.9377588629722595,-0.3472871482372284,-0.8645598888397217,-0.1745221167802811,0.4712517261505127],"rotationconfidence":1},"17":{"id":17,"position":[116.6750267148018,-414.015531539917,2717.462778091431],"positionconfidence":1,"rotation":[0.7202551364898682,0.073952816426754,-0.6897562146186829,0.4580895006656647,0.6959770917892456,0.5529646277427673,0.5209478139877319,-0.7142456769943237,0.4674040675163269],"rotationconfidence":1},"18":{"id":18,"position":[-30.02963215112686,-636.9044780731201,2540.374040603638],"positionconfidence":0.5,"rotation":[0.7566160559654236,-0.6538594365119934,0,0.6149653196334839,0.7116096019744873,0.3397491872310638,-0.222148209810257,-0.2570596933364868,0.9405161142349243],"rotationconfidence":0.5},"19":{"id":19,"position":[-193.5784667730331,-826.1556625366211,2450.018405914307],"positionconfidence":0.5,"rotation":[-0.6633046865463257,0.7483493685722351,0,-0.04863795638084412,-0.04311059415340424,-0.9978855848312378,-0.7467671632766724,-0.6619022488594055,0.06499364972114563],"rotationconfidence":0.5},"20":{"id":20,"position":[-135.6457769870758,-774.8066186904907,2444.976329803467],"positionconfidence":1,"rotation":[-0.6633046865463257,0.7483493685722351,0,-0.04863795638084412,-0.04311059415340424,-0.9978855848312378,-0.7467671632766724,-0.6619022488594055,0.06499364972114563],"rotationconfidence":1},"21":{"id":21,"position":[226.1681109666824,-419.2842841148377,2587.375402450562],"positionconfidence":1,"rotation":[0.495615154504776,0.5037532448768616,-0.7075296640396118,-0.4202816188335419,0.8519918918609619,0.312207043170929,0.7600848078727722,0.1426271945238113,0.6339783072471619],"rotationconfidence":1},"22":{"id":22,"position":[359.9048852920532,-690.3945207595825,2488.028764724731],"positionconfidence":0.5,"rotation":[0.8979132175445557,0.4398143291473389,-0.01775405928492546,-0.3537799119949341,0.7450913190841675,0.5654013156890869,0.261900007724762,-0.5014002919197083,0.8246248364448547],"rotationconfidence":0.5},"23":{"id":23,"position":[453.2409012317658,-886.9683146476746,2338.861703872681],"positionconfidence":1,"rotation":[-0.8996912240982056,-0.436526894569397,0,-0.08983946591615677,0.1851610541343689,-0.9785930514335632,0.4271821677684784,-0.8804315328598022,-0.2058051079511643],"rotationconfidence":1},"24":{"id":24,"position":[414.0298366546631,-806.1534762382507,2357.752561569214],"positionconfidence":1,"rotation":[-0.8996912240982056,-0.436526894569397,0,-0.08983946591615677,0.1851610541343689,-0.9785930514335632,0.4271821677684784,-0.8804315328598022,-0.2058051079511643],"rotationconfidence":1}},"skeletonTracked":true,"frameCount":5},{"position":[159.5455855131149,-392.7659392356873,2454.63228225708],"positionTracked":true,"id":4304,"skeleton":{"1":{"id":1,"position":[144.9948251247406,262.7480924129486,2696.551084518433],"positionconfidence":1,"rotation":[0.9935460090637207,0.1134301275014877,0,-0.1131740063428879,0.9913026094436646,0.06716233491897583,0.007618232164531946,-0.0667288675904274,0.9977421164512634],"rotationconfidence":1},"2":{"id":2,"position":[168.1784838438034,59.68008190393448,2682.792901992798],"positionconfidence":1,"rotation":[0.6508299708366394,0.1250394731760025,-0.7488560676574707,-0.1131740063428879,0.9913026094436646,0.06716233491897583,0.7507409453392029,0.04103978350758553,0.6593206524848938],"rotationconfidence":1},"3":{"id":3,"position":[201.8228471279144,-289.6004319190979,2685.04524230957],"positionconfidence":1,"rotation":[0.6545444130897522,0.05818807333707809,-0.7537809014320374,-0.09587900340557098,0.9953722953796387,-0.006418672390282154,0.7499191164970398,0.07647306472063065,0.657094419002533],"rotationconfidence":1},"4":{"id":4,"position":[169.3850308656693,-351.5589833259583,2653.488159179688],"positionconfidence":1,"rotation":[0.6630722880363464,0.03372614085674286,-0.7477952837944031,0.422773152589798,0.8075270056724548,0.4112942814826965,0.617736279964447,-0.5888655781745911,0.5211902856826782],"rotationconfidence":1},"6":{"id":6,"position":[64.07871842384338,-83.31496268510818,2785.763025283814],"positionconfidence":1,"rotation":[0.2038706541061401,0.9641809463500977,0.1696819514036179,-0.1326149255037308,0.1989228874444962,-0.9710010886192322,-0.9699742794036865,0.1754562556743622,0.1684193015098572],"rotationconfidence":1},"7":{"id":7,"position":[21.29209600389004,-285.6689691543579,2750.151634216309],"positionconfidence":0.5,"rotation":[0.1659828722476959,-0.02857813611626625,0.9857143759727478,0.1777628660202026,0.9840723276138306,-0.001402676338329911,-0.9699742794036865,0.1754562556743622,0.1684193015098572],"rotationconfidence":0.5},"8":{"id":8,"position":[-25.37308074533939,-277.6343822479248,2473.023414611816],"positionconfidence":1,"rotation":[0.01584948413074017,0.7978131771087646,0.6026963591575623,0,0.602772057056427,-0.7979133725166321,-0.9998743534088135,0.01264651492238045,0.00955362617969513],"rotationconfidence":1},"9":{"id":9,"position":[-25.6386399269104,-291.0017967224121,2462.92519569397],"positionconfidence":1,"rotation":[0.01584948413074017,0.7978131771087646,0.6026963591575623,0,0.602772057056427,-0.7979133725166321,-0.9998743534088135,0.01264651492238045,0.00955362617969513],"rotationconfidence":1},"12":{"id":12,"position":[267.4658298492432,-93.10996532440186,2554.784297943115],"positionconfidence":1,"rotation":[-0.1589751094579697,0.3812958002090454,-0.9106813073158264,-0.8604822754859924,-0.5057498812675476,-0.06154186651110649,-0.4840425848960877,0.7738415002822876,0.4084999263286591],"rotationconfidence":1},"13":{"id":13,"position":[218.6199724674225,24.04497750103474,2274.973154067993],"positionconfidence":1,"rotation":[-0.2946582734584808,0.2954268157482147,-0.908790111541748,-0.8239413499832153,-0.5602610111236572,0.08501964062452316,-0.4840425848960877,0.7738415002822876,0.4084999263286591],"rotationconfidence":1},"14":{"id":14,"position":[154.9939811229706,87.83692121505737,2078.736782073975],"positionconfidence":1,"rotation":[-0.509386420249939,0.2915856242179871,-0.8096314668655396,0,-0.9408436417579651,-0.3388411700725555,-0.8605378270149231,-0.1726010888814926,0.479252964258194],"rotationconfidence":1},"15":{"id":15,"position":[54.53468486666679,145.3423500061035,1919.064283370972],"positionconfidence":1,"rotation":[-0.509386420249939,0.2915856242179871,-0.8096314668655396,0,-0.9408436417579651,-0.3388411700725555,-0.8605378270149231,-0.1726010888814926,0.479252964258194],"rotationconfidence":1},"17":{"id":17,"position":[115.2050048112869,-417.9212152957916,2716.075897216797],"positionconfidence":1,"rotation":[0.6959503293037415,0.07306738942861557,-0.7143628597259521,0.4499964416027069,0.7308734655380249,0.5131540298461914,0.559603750705719,-0.6785905361175537,0.4757716059684753],"rotationconfidence":1},"18":{"id":18,"position":[-51.22993886470795,-688.2408857345581,2526.281595230103],"positionconfidence":1,"rotation":[0.8058719038963318,-0.5920897722244263,0,0.5682054162025452,0.7733637690544128,0.2811601758003235,-0.1664720624685288,-0.2265790849924088,0.9596607685089111],"rotationconfidence":1},"19":{"id":19,"position":[-197.8519856929779,-887.8028392791748,2453.729867935181],"positionconfidence":1,"rotation":[-0.8912018537521362,0.453607052564621,0,-0.03982187062501907,-0.07823804020881653,-0.9961391091346741,-0.4518557190895081,-0.8877609372138977,0.08778935670852661],"rotationconfidence":1},"20":{"id":20,"position":[-161.90505027771,-817.1778917312622,2446.745872497559],"positionconfidence":1,"rotation":[-0.8912018537521362,0.453607052564621,0,-0.03982187062501907,-0.07823804020881653,-0.9961391091346741,-0.4518557190895081,-0.8877609372138977,0.08778935670852661],"rotationconfidence":1},"21":{"id":21,"position":[223.5545665025711,-421.2248921394348,2583.922863006592],"positionconfidence":1,"rotation":[0.4760699570178986,0.5109090805053711,-0.7157716751098633,-0.4332608580589294,0.8445539474487305,0.3146643340587616,0.7652726769447327,0.1603136360645294,0.62342369556427],"rotationconfidence":1},"22":{"id":22,"position":[364.315003156662,-695.6087350845337,2481.692790985107],"positionconfidence":1,"rotation":[0.5786747336387634,0.6173343658447266,-0.5329480767250061,-0.3112030923366547,0.7711740732192993,0.5553765892982483,0.7538487911224365,-0.1555273085832596,0.6383753418922424],"rotationconfidence":1},"23":{"id":23,"position":[452.9020488262177,-915.1310920715332,2323.599338531494],"positionconfidence":0.5,"rotation":[0.04755731672048569,-0.998868465423584,0,0.7508105635643005,0.0357469841837883,-0.6595494151115417,0.6588031649589539,0.03136640042066574,0.7516611218452454],"rotationconfidence":0.5},"24":{"id":24,"position":[406.30242228508,-917.3497557640076,2270.431518554688],"positionconfidence":0.5,"rotation":[0.04755731672048569,-0.998868465423584,0,0.7508105635643005,0.0357469841837883,-0.6595494151115417,0.6588031649589539,0.03136640042066574,0.7516611218452454],"rotationconfidence":0.5}},"skeletonTracked":true,"frameCount":6},{"position":[176.0904341936112,-152.2578597068787,2473.000049591065],"positionTracked":true,"id":4304,"skeleton":{"1":{"id":1,"position":[148.6382186412811,264.7910416126251,2698.920011520386],"positionconfidence":1,"rotation":[0.9918022751808167,0.1277815252542496,0,-0.127576157450676,0.9902082681655884,0.05667378753423691,0.007241862826049328,-0.05620919167995453,0.9983927011489868],"rotationconfidence":1},"2":{"id":2,"position":[174.5943874120712,63.32695484161377,2687.389373779297],"positionconfidence":1,"rotation":[0.6729656457901001,0.1283953040838242,-0.7284448742866516,-0.127576157450676,0.9902082681655884,0.05667378753423691,0.7285887598991394,0.05479268357157707,0.6827563047409058],"rotationconfidence":1},"3":{"id":3,"position":[200.7362246513367,-289.4785106182098,2685.817718505859],"positionconfidence":1,"rotation":[0.6808902621269226,0.05370574444532394,-0.7304136157035828,-0.0738937184214592,0.9972561597824097,0.004442513454705477,0.7286481857299805,0.0509481243789196,0.6829906105995178],"rotationconfidence":1},"4":{"id":4,"position":[165.955975651741,-349.8312830924988,2657.439708709717],"positionconfidence":1,"rotation":[0.631945788860321,0.000233383834711276,-0.7750126719474792,0.4624054729938507,0.8023936748504639,0.3772873282432556,0.6219531893730164,-0.5967951416969299,0.5069612860679626],"rotationconfidence":1},"6":{"id":6,"position":[65.31563401222229,-85.62430739402771,2787.311792373657],"positionconfidence":1,"rotation":[0.1975069791078568,0.9664174914360046,0.1644021421670914,-0.1400819718837738,0.1938080340623856,-0.9709867238998413,-0.9702411890029907,0.1687469184398651,0.1736561357975006],"rotationconfidence":1},"7":{"id":7,"position":[23.86266738176346,-288.4570062160492,2752.806901931763],"positionconfidence":0.5,"rotation":[0.1695422232151032,-0.03860164433717728,0.9847666621208191,0.1728797554969788,0.9849032163619995,0.008843177929520607,-0.9702411890029907,0.1687469184398651,0.1736561357975006],"rotationconfidence":0.5},"8":{"id":8,"position":[-24.58303980529308,-277.4268090724945,247