{"motiondata":[{"position":[218.2613611221314,-419.7396039962769,2348.061561584473],"positionTracked":true,"id":4821,"skeleton":{"1":{"id":1,"position":[262.3166739940643,187.8590434789658,2588.63115310669],"positionconfidence":1,"rotation":[0.9990960359573364,0.04251042008399963,0,-0.04217255488038063,0.9911553859710693,-0.1258271783590317,-0.005348965991288424,0.125713437795639,0.9920521974563599],"rotationconfidence":1},"2":{"id":2,"position":[270.7626521587372,-10.64154226332903,2613.830804824829],"positionconfidence":1,"rotation":[0.9959983825683594,0.03177418559789658,-0.08353235572576523,-0.04217255488038063,0.9911553859710693,-0.1258271783590317,0.07879548519849777,0.1288464367389679,0.9885291457176208],"rotationconfidence":1},"3":{"id":3,"position":[256.9639384746552,-321.2289214134216,2552.596569061279],"positionconfidence":1,"rotation":[0.9965155720710754,-0.02884354442358017,-0.07826001197099686,0.0435473620891571,0.9801827669143677,0.1932491362094879,0.07113513350486755,-0.195983812212944,0.9780235886573792],"rotationconfidence":1},"4":{"id":4,"position":[250.2691745758057,-365.6193614006043,2494.383335113525],"positionconfidence":1,"rotation":[0.9958019256591797,-0.0625733807682991,-0.06680609285831451,0.0910695269703865,0.6038475036621094,0.7918803095817566,-0.009209939278662205,-0.794640064239502,0.607011079788208],"rotationconfidence":1},"6":{"id":6,"position":[90.48956632614136,-119.6072772145271,2607.83314704895],"positionconfidence":1,"rotation":[0.1731384247541428,0.9815928339958191,-0.08061446249485016,-0.02192158252000809,-0.0779896005988121,-0.9967132210731506,-0.9846535325050354,0.1743365228176117,0.008015072904527187],"rotationconfidence":1},"7":{"id":7,"position":[54.18606847524643,-325.4266977310181,2624.736309051514],"positionconfidence":1,"rotation":[0.02291548252105713,0.0836251825094223,0.9962337613105774,0.1730096638202667,0.9811287522315979,-0.08633683621883392,-0.9846535325050354,0.1743365228176117,0.008015072904527187],"rotationconfidence":1},"8":{"id":8,"position":[47.40596562623978,-350.1692414283752,2329.976320266724],"positionconfidence":1,"rotation":[0.03672373667359352,0.8171205520629883,0.5752959251403809,0,0.5756842494010925,-0.817672073841095,-0.9993254542350769,0.03002797439694405,0.02114127762615681],"rotationconfidence":1},"9":{"id":9,"position":[47.08575084805489,-357.2941720485687,2324.959993362427],"positionconfidence":1,"rotation":[0.03672373667359352,0.8171205520629883,0.5752959251403809,0,0.5756842494010925,-0.817672073841095,-0.9993254542350769,0.03002797439694405,0.02114127762615681],"rotationconfidence":1},"12":{"id":12,"position":[442.3810541629791,-127.0299255847931,2580.751419067383],"positionconfidence":1,"rotation":[0.3119651675224304,-0.9473297595977783,-0.07241631299257278,-0.355166882276535,-0.04558629542589188,-0.9336907863616943,0.8812118172645569,0.3169988393783569,-0.350681483745575],"rotationconfidence":1},"13":{"id":13,"position":[509.3639492988586,-330.4336965084076,2565.202713012695],"positionconfidence":1,"rotation":[-0.3609618544578552,-0.02779078483581543,-0.9321663975715637,-0.3052413761615753,0.9480186700820923,0.08993492275476456,0.8812118172645569,0.3169988393783569,-0.350681483745575],"rotationconfidence":1},"14":{"id":14,"position":[411.0364317893982,-338.0040228366852,2311.27667427063],"positionconfidence":1,"rotation":[-0.3883605599403381,-0.3609175682067871,-0.8478882908821106,0,-0.9201099872589111,0.3916599154472351,-0.9215074181556702,0.1521052569150925,0.3573344349861145],"rotationconfidence":1},"15":{"id":15,"position":[397.8082835674286,-350.2974212169647,2282.39631652832],"positionconfidence":1,"rotation":[-0.3883605599403381,-0.3609175682067871,-0.8478882908821106,0,-0.9201099872589111,0.3916599154472351,-0.9215074181556702,0.1521052569150925,0.3573344349861145],"rotationconfidence":1},"17":{"id":17,"position":[167.7297502756119,-435.9638392925263,2471.193313598633],"positionconfidence":1,"rotation":[0.8945346474647522,-0.3835901319980621,-0.2294916212558746,0.4463836252689362,0.7935075163841248,0.4136272072792053,0.02344000525772572,-0.4724451899528503,0.881048321723938],"rotationconfidence":1},"18":{"id":18,"position":[20.06803080439568,-698.4525918960571,2334.367275238037],"positionconfidence":1,"rotation":[0.5924060940742493,-0.8056395649909973,0,0.6866174340248108,0.504886269569397,0.5231121778488159,-0.4214398562908173,-0.3098948299884796,0.852263867855072],"rotationconfidence":1},"19":{"id":19,"position":[-158.9445024728775,-830.0848007202148,2197.983264923096],"positionconfidence":1,"rotation":[-0.4319620132446289,0.901891827583313,0,0.1618015617132187,0.0774950236082077,-0.9837758541107178,-0.8872593641281128,-0.4249537587165833,-0.1794023960828781],"rotationconfidence":1},"20":{"id":20,"position":[-133.0637335777283,-817.6891803741455,2203.216314315796],"positionconfidence":1,"rotation":[-0.4319620132446289,0.901891827583313,0,0.1618015617132187,0.0774950236082077,-0.9837758541107178,-0.8872593641281128,-0.4249537587165833,-0.1794023960828781],"rotationconfidence":1},"21":{"id":21,"position":[322.6771354675293,-444.3394541740418,2462.579727172852],"positionconfidence":1,"rotation":[0.97464519739151,0.1933854520320892,0.1125549823045731,-0.2232043296098709,0.8049944043159485,0.549694299697876,0.01569675281643868,-0.5608797073364258,0.8277484178543091],"rotationconfidence":1},"22":{"id":22,"position":[400.996744632721,-726.8019318580627,2269.698858261108],"positionconfidence":1,"rotation":[0.8666207194328308,0.4885108768939972,0.1016154959797859,-0.3898802101612091,0.5358726382255554,0.7488884329795837,0.3113871812820435,-0.6886200904846191,0.6548590660095215],"rotationconfidence":1},"23":{"id":23,"position":[519.5295214653015,-889.7198438644409,2042.019128799439],"positionconfidence":0.5,"rotation":[-0.9136487245559692,0.4065047800540924,0,-0.4032535254955292,-0.9063413143157959,-0.1262223571538925,-0.051309984177351,-0.1153228804469109,0.9920019507408142],"rotationconfidence":0.5},"24":{"id":24,"position":[524.0954756736755,-879.4575333595276,1953.74321937561],"positionconfidence":0.5,"rotation":[-0.9136487245559692,0.4065047800540924,0,-0.4032535254955292,-0.9063413143157959,-0.1262223571538925,-0.051309984177351,-0.1153228804469109,0.9920019507408142],"rotationconfidence":0.5}},"skeletonTracked":true,"frameCount":1},{"position":[224.4441360235214,-407.3494076728821,2348.565101623535],"positionTracked":true,"id":4821,"skeleton":{"1":{"id":1,"position":[263.5940313339233,188.0076378583908,2585.195302963257],"positionconfidence":1,"rotation":[0.9991795420646667,0.04049768671393395,0,-0.04012776538729668,0.9900526404380798,-0.1348539143800736,-0.00546127138659358,0.1347432732582092,0.9908654093742371],"rotationconfidence":1},"2":{"id":2,"position":[271.6431617736816,-10.58460492640734,2612.245321273804],"positionconfidence":1,"rotation":[0.9963563680648804,0.02948242798447609,-0.08003029972314835,-0.04012776538729668,0.9900526404380798,-0.1348539143800736,0.07525838166475296,0.1375739872455597,0.9876282811164856],"rotationconfidence":1},"3":{"id":3,"position":[257.6813399791718,-319.6027874946594,2550.346612930298],"positionconfidence":1,"rotation":[0.9967935681343079,-0.03019299171864986,-0.07410284876823425,0.04425781220197678,0.9795619249343872,0.1962137520313263,0.06666404008865356,-0.1988641917705536,0.9777571558952332],"rotationconfidence":1},"4":{"id":4,"position":[251.3077259063721,-362.8892600536346,2492.014169692993],"positionconfidence":1,"rotation":[0.9960112571716309,-0.06652723252773285,-0.05946025997400284,0.08740811794996262,0.593633234500885,0.7999745607376099,-0.01792251318693161,-0.8019810914993286,0.5970804691314697],"rotationconfidence":1},"6":{"id":6,"position":[91.50917083024979,-118.3800548315048,2604.29310798645],"positionconfidence":1,"rotation":[0.177998423576355,0.982177734375,-0.06036027148365974,-0.02249742299318314,-0.05726195499300957,-0.9981055855751038,-0.9837735295295715,0.1790191978216171,0.01190393138676882],"rotationconfidence":1},"7":{"id":7,"position":[54.39144000411034,-323.1920301914215,2616.879940032959],"positionconfidence":1,"rotation":[0.02771737426519394,0.08609400689601898,0.9959012866020203,0.1772605925798416,0.9800712466239929,-0.0896589457988739,-0.9837735295295715,0.1790191978216171,0.01190393138676882],"rotationconfidence":1},"8":{"id":8,"position":[46.28473520278931,-348.3725786209106,2325.60133934021],"positionconfidence":1,"rotation":[-0.1383133381605148,0.9419535994529724,0.3059293329715729,0,0.3088982999324799,-0.9510951042175293,-0.9903885126113892,-0.131549134850502,-0.04272475466132164],"rotationconfidence":1},"9":{"id":9,"position":[47.50622436404228,-356.6912710666657,2322.899580001831],"positionconfidence":1,"rotation":[-0.1383133381605148,0.9419535994529724,0.3059293329715729,0,0.3088982999324799,-0.9510951042175293,-0.9903885126113892,-0.131549134850502,-0.04272475466132164],"rotationconfidence":1},"12":{"id":12,"position":[443.3963000774384,-126.615971326828,2578.626155853272],"positionconfidence":1,"rotation":[0.310412734746933,-0.9483515620231628,-0.06536881625652313,-0.3487614691257477,-0.04964574798941612,-0.9358955025672913,0.8843128085136414,0.3133120536804199,-0.3461592197418213],"rotationconfidence":1},"13":{"id":13,"position":[509.9131464958191,-329.8336565494537,2564.618587493897],"positionconfidence":1,"rotation":[-0.355143666267395,-0.02990609407424927,-0.9343332052230835,-0.3030901253223419,0.9491790533065796,0.08482445031404495,0.8843128085136414,0.3133120536804199,-0.3461592197418213],"rotationconfidence":1},"14":{"id":14,"position":[410.0248515605927,-338.2450938224793,2301.826477050781],"positionconfidence":1,"rotation":[-0.3408942520618439,-0.1001751273870468,-0.9347492456436157,0,-0.9943065643310547,0.1065577566623688,-0.9401017427444458,0.03632492572069168,0.3389534056186676],"rotationconfidence":1},"15":{"id":15,"position":[383.8743269443512,-345.9296822547913,2230.120420455933],"positionconfidence":1,"rotation":[-0.3408942520618439,-0.1001751273870468,-0.9347492456436157,0,-0.9943065643310547,0.1065577566623688,-0.9401017427444458,0.03632492572069168,0.3389534056186676],"rotationconfidence":1},"17":{"id":17,"position":[168.4168577194214,-432.4869811534882,2468.034267425537],"positionconfidence":1,"rotation":[0.8984106183052063,-0.3840664923191071,-0.2129582166671753,0.4388531148433685,0.803184986114502,0.4028671085834503,0.01631707698106766,-0.4553974270820618,0.8901386260986328],"rotationconfidence":1},"18":{"id":18,"position":[23.89491908252239,-696.9897150993347,2335.363149642944],"positionconfidence":1,"rotation":[0.6888641119003296,-0.724890410900116,0,0.6152399182319641,0.5846630930900574,0.5288183689117432,-0.3833353519439697,-0.3642840087413788,0.8487349152565002],"rotationconfidence":1},"19":{"id":19,"position":[-132.6219588518143,-845.7278609275818,2200.831890106201],"positionconfidence":1,"rotation":[-0.8872783184051514,0.4612343609333038,0,0.2010462284088135,0.3867534101009369,-0.9000011682510376,-0.4151114821434021,-0.7985515594482422,-0.4358873665332794],"rotationconfidence":1},"20":{"id":20,"position":[-105.4989099502564,-793.5511469841003,2229.312419891357],"positionconfidence":1,"rotation":[-0.8872783184051514,0.4612343609333038,0,0.2010462284088135,0.3867534101009369,-0.9000011682510376,-0.4151114821434021,-0.7985515594482422,-0.4358873665332794],"rotationconfidence":1},"21":{"id":21,"position":[324.2305815219879,-441.5460824966431,2460.543394088745],"positionconfidence":1,"rotation":[0.9755896329879761,0.1867136359214783,0.1155977845191956,-0.2194662690162659,0.8105013966560364,0.5430670976638794,0.007705867290496826,-0.555180549621582,0.8316942453384399],"rotationconfidence":1},"22":{"id":22,"position":[395.9161937236786,-706.2851190567017,2283.15806388855],"positionconfidence":1,"rotation":[0.8808814287185669,0.4585446417331696,0.1174076050519943,-0.3862894177436829,0.5530732274055481,0.7381669878959656,0.273547500371933,-0.6955909132957458,0.6643228530883789],"rotationconfidence":1},"23":{"id":23,"position":[522.1835970878601,-887.069582939148,2041.871547698975],"positionconfidence":0.5,"rotation":[-0.8905583024024963,0.4548691809177399,0,-0.4501538872718811,-0.8813265562057495,-0.1436141580343247,-0.06532564759254456,-0.1278967708349228,0.9896337389945984],"rotationconfidence":0.5},"24":{"id":24,"position":[528.0004143714905,-875.6812214851379,1953.75120639801],"positionconfidence":0.5,"rotation":[-0.8905583024024963,0.4548691809177399,0,-0.4501538872718811,-0.8813265562057495,-0.1436141580343247,-0.06532564759254456,-0.1278967708349228,0.9896337389945984],"rotationconfidence":0.5}},"skeletonTracked":true,"frameCount":2},{"position":[218.1118875741959,-414.6307408809662,2344.405889511108],"positionTracked":true,"id":4821,"skeleton":{"1":{"id":1,"position":[264.6107077598572,188.065379858017,2582.243919372559],"positionconfidence":1,"rotation":[0.9992128610610962,0.03966892510652542,0,-0.03927459195256233,0.9892800450325012,-0.1406502723693848,-0.005579445045441389,0.1405395567417145,0.9900593161582947],"rotationconfidence":1},"2":{"id":2,"position":[272.4968492984772,-10.57710498571396,2610.485792160034],"positionconfidence":1,"rotation":[0.9966204166412354,0.02861868031322956,-0.07699929177761078,-0.03927459195256233,0.9892800450325012,-0.1406502723693848,0.0721486359834671,0.1431990563869476,0.9870606660842896],"rotationconfidence":1},"3":{"id":3,"position":[258.2535743713379,-318.379670381546,2548.472404479981],"positionconfidence":1,"rotation":[0.9969923496246338,-0.03190524503588677,-0.07062862068414688,0.04531596973538399,0.9792952537536621,0.197299912571907,0.06287137418985367,-0.199907124042511,0.9777957201004028],"rotationconfidence":1},"4":{"id":4,"position":[252.0602941513062,-361.1120581626892,2490.183591842651],"positionconfidence":1,"rotation":[0.9961172938346863,-0.06784971803426743,-0.05609743669629097,0.08537787944078445,0.5890902280807495,0.8035443425178528,-0.02147380262613297,-0.8052137494087219,0.5925957560539246],"rotationconfidence":1},"6":{"id":6,"position":[92.32190251350403,-117.4474954605103,2601.236343383789],"positionconfidence":1,"rotation":[0.1817794144153595,0.9819530248641968,-0.05219563841819763,-0.03312277793884277,-0.04693544656038284,-0.9983486533164978,-0.9827814102172852,0.1832081079483032,0.02399311773478985],"rotationconfidence":1},"7":{"id":7,"position":[54.50121685862541,-321.750819683075,2612.096071243286],"positionconfidence":1,"rotation":[0.03846042975783348,0.07582607865333557,0.9963790774345398,0.1807254254817963,0.9801456332206726,-0.081566721200943,-0.9827814102172852,0.1832081079483032,0.02399311773478985],"rotationconfidence":1},"8":{"id":8,"position":[43.28522086143494,-343.8635468482971,2321.527719497681],"positionconfidence":1,"rotation":[-0.3491828441619873,0.9367287755012512,0.02470674365758896,0,0.02636638842523098,-0.9996523857116699,-0.9370545744895935,-0.3490614593029022,-0.009206690825521946],"rotationconfidence":1},"9":{"id":9,"position":[47.88808524608612,-356.2113344669342,2321.202039718628],"positionconfidence":1,"rotation":[-0.3491828441619873,0.9367287755012512,0.02470674365758896,0,0.02636638842523098,-0.9996523857116699,-0.9370545744895935,-0.3490614593029022,-0.009206690825521946],"rotationconfidence":1},"12":{"id":12,"position":[444.2312121391296,-126.3028830289841,2576.798439025879],"positionconfidence":1,"rotation":[0.3085650205612183,-0.9493747353553772,-0.05895219743251801,-0.3481311202049255,-0.05503824353218079,-0.9358288049697876,0.88520747423172,0.3092871010303497,-0.3474897146224976],"rotationconfidence":1},"13":{"id":13,"position":[510.2349519729614,-329.3793201446533,2564.188241958618],"positionconfidence":1,"rotation":[-0.3538374900817871,-0.03728444874286652,-0.9345634579658508,-0.3020043969154358,0.9502374529838562,0.07643289864063263,0.88520747423172,0.3092871010303497,-0.3474897146224976],"rotationconfidence":1},"14":{"id":14,"position":[408.6275398731232,-340.0858640670776,2295.820474624634],"positionconfidence":1,"rotation":[-0.3384327292442322,-0.1749567538499832,-0.924582839012146,0,-0.982563316822052,0.1859282702207565,-0.9409905672073364,0.06292421370744705,0.3325315713882446],"rotationconfidence":1},"15":{"id":15,"position":[390.7531797885895,-349.3262231349945,2246.988534927368],"positionconfidence":1,"rotation":[-0.3384327292442322,-0.1749567538499832,-0.924582839012146,0,-0.982563316822052,0.1859282702207565,-0.9409905672073364,0.06292421370744705,0.3325315713882446],"rotationconfidence":1},"17":{"id":17,"position":[168.9022034406662,-430.4786324501038,2465.90256690979],"positionconfidence":1,"rotation":[0.8999593257904053,-0.3846671581268311,-0.2051933854818344,0.4357689917087555,0.8081008195877075,0.3963311910629273,0.01336134597659111,-0.4460989236831665,0.894883930683136],"rotationconfidence":1},"18":{"id":18,"position":[25.95225535333157,-695.5685615539551,2335.88981628418],"positionconfidence":1,"rotation":[0.6658818125724792,-0.7460572123527527,0,0.6288768649101257,0.5612942576408386,0.5380173325538635,-0.4013917148113251,-0.3582559525966644,0.8429337739944458],"rotationconfidence":1},"19":{"id":19,"position":[-132.8746676445007,-837.3270630836487,2200.010061264038],"positionconfidence":1,"rotation":[-0.9159588813781738,-0.4012722373008728,0,0.2910436689853668,-0.6643470525741577,-0.6884306073188782,0.2762480676174164,-0.6305740475654602,0.7253022789955139],"rotationconfidence":1},"20":{"id":20,"position":[-152.3216664791107,-792.9366230964661,2148.951053619385],"positionconfidence":1,"rotation":[-0.9159588813781738,-0.4012722373008728,0,0.2910436689853668,-0.6643470525741577,-0.6884306073188782,0.2762480676174164,-0.6305740475654602,0.7253022789955139],"rotationconfidence":1},"21":{"id":21,"position":[325.3018856048584,-439.7808313369751,2458.930253982544],"positionconfidence":1,"rotation":[0.9761658310890198,0.1837332248687744,0.1155092790722847,-0.2169780284166336,0.8150432705879211,0.5372382998466492,0.004563468042761087,-0.5494966506958008,0.8354834914207458],"rotationconfidence":1},"22":{"id":22,"position":[393.9108848571777,-697.4995732307434,2289.054155349731],"positionconfidence":1,"rotation":[0.8847379088401794,0.4473680853843689,0.1307694613933563,-0.3891915380954742,0.5547211766242981,0.7354008555412292,0.2564542889595032,-0.7015314102172852,0.664894700050354],"rotationconfidence":1},"23":{"id":23,"position":[524.9743461608887,-884.3064904212952,2041.401863098145],"positionconfidence":0.5,"rotation":[-0.8748800754547119,0.4843394756317139,0,-0.4782942235469818,-0.863960325717926,-0.1575023382902145,-0.07628460228443146,-0.1377956718206406,0.9875185489654541],"rotationconfidence":0.5},"24":{"id":24,"position":[531.7752361297607,-872.0217943191528,1953.363060951233],"positionconfidence":0.5,"rotation":[-0.8748800754547119,0.4843394756317139,0,-0.4782942235469818,-0.863960325717926,-0.1575023382902145,-0.07628460228443146,-0.1377956718206406,0.9875185489654541],"rotationconfidence":0.5}},"skeletonTracked":true,"frameCount":3},{"position":[222.1172004938126,-409.8901152610779,2346.529245376587],"positionTracked":true,"id":4821,"skeleton":{"1":{"id":1,"position":[265.544056892395,188.0757212638855,2579.708814620972],"positionconfidence":1,"rotation":[0.9992409944534302,0.03895591944456101,0,-0.03854296356439591,0.9886484146118164,-0.145220011472702,-0.005657179281115532,0.1451097875833511,0.9893994927406311],"rotationconfidence":1},"2":{"id":2,"position":[273.2861638069153,-10.51362231373787,2608.879089355469],"positionconfidence":1,"rotation":[0.9968633651733398,0.02798942103981972,-0.07402817904949188,-0.03854296356439591,0.9886484146118164,-0.145220011472702,0.06912320852279663,0.1476177573204041,0.9866260886192322],"rotationconfidence":1},"3":{"id":3,"position":[258.5249543190002,-317.8334832191467,2546.988725662231],"positionconfidence":1,"rotation":[0.9971410036087036,-0.0343393124639988,-0.06731023639440536,0.047034602612257,0.9792332649230957,0.1972052901983261,0.05914052948355675,-0.1998073905706406,0.9780488014221191],"rotationconfidence":1},"4":{"id":4,"position":[252.3476183414459,-360.4945242404938,2488.829135894775],"positionconfidence":1,"rotation":[0.9960538744926453,-0.07020135968923569,-0.05430053174495697,0.0853312611579895,0.5893025994300842,0.8033934235572815,-0.02439987100660801,-0.8048567175865173,0.5929675102233887],"rotationconfidence":1},"6":{"id":6,"position":[92.96856820583344,-116.5356263518333,2598.453998565674],"positionconfidence":1,"rotation":[0.189756765961647,0.9804882407188416,-0.05133424326777458,-0.02970889024436474,-0.04652631655335426,-0.9984752535820007,-0.9813815951347351,0.1909925043582916,0.02030053362250328],"rotationconfidence":1},"7":{"id":7,"position":[53.54655534029007,-320.2323019504547,2609.118700027466],"positionconfidence":1,"rotation":[0.03581976890563965,0.07815747708082199,0.9962973594665527,0.1886986941099167,0.978475034236908,-0.08354361355304718,-0.9813815951347351,0.1909925043582916,0.02030053362250328],"rotationconfidence":1},"8":{"id":8,"position":[43.1143045425415,-342.9951071739197,2318.954229354858],"positionconfidence":1,"rotation":[-0.3748856782913208,0.925926685333252,-0.04604870826005936,0,-0.04967117682099342,-0.9987656474113464,-0.9270710349082947,-0.3744229376316071,0.01862101256847382],"rotationconfidence":1},"9":{"id":9,"position":[48.31419512629509,-355.838268995285,2319.592952728272],"positionconfidence":1,"rotation":[-0.3748856782913208,0.925926685333252,-0.04604870826005936,0,-0.04967117682099342,-0.9987656474113464,-0.9270710349082947,-0.3744229376316071,0.01862101256847382],"rotationconfidence":1},"12":{"id":12,"position":[444.9672102928162,-126.0761171579361,2575.220346450806],"positionconfidence":1,"rotation":[0.3060382008552551,-0.9505266547203064,-0.05328956991434097,-0.3426384925842285,-0.05774833261966705,-0.937690794467926,0.8882226347923279,0.3052282333374023,-0.343360185623169],"rotationconfidence":1},"13":{"id":13,"position":[510.3187561035156,-329.0520310401917,2563.840866088867],"positionconfidence":1,"rotation":[-0.348534107208252,-0.03922420740127564,-0.9364749789237976,-0.2993066310882568,0.9514710307121277,0.07154262065887451,0.8882226347923279,0.3052282333374023,-0.343360185623169],"rotationconfidence":1},"14":{"id":14,"position":[408.7262451648712,-340.4853045940399,2290.87233543396],"positionconfidence":1,"rotation":[-0.2987614870071411,-0.07211904227733612,-0.9515988826751709,0,-0.9971404671669006,0.07557050883769989,-0.9543278217315674,0.02257755771279335,0.2979071736335754],"rotationconfidence":1},"15":{"id":15,"position":[383.3506107330322,-346.610814332962,2210.047245025635],"positionconfidence":1,"rotation":[-0.2987614870071411,-0.07211904227733612,-0.9515988826751709,0,-0.9971404671669006,0.07557050883769989,-0.9543278217315674,0.02257755771279335,0.2979071736335754],"rotationconfidence":1},"17":{"id":17,"position":[169.1223978996277,-429.7607243061066,2464.369058609009],"positionconfidence":1,"rotation":[0.8999698162078857,-0.3870179355144501,-0.2006773352622986,0.4358203113079071,0.810029149055481,0.3923179507255554,0.01072041597217321,-0.4405335783958435,0.8976721167564392],"rotationconfidence":1},"18":{"id":18,"position":[26.80826745927334,-694.2701935768127,2336.260318756104],"positionconfidence":1,"rotation":[0.6720062494277954,-0.7405455708503723,0,0.6240378618240356,0.5662816166877747,0.5384252667427063,-0.3987284600734711,-0.3618251383304596,0.8426732420921326],"rotationconfidence":1},"19":{"id":19,"position":[-131.0252994298935,-837.4958634376526,2200.080156326294],"positionconfidence":1,"rotation":[-0.7720799446105957,-0.6355255246162415,0,0.5411648750305176,-0.657444179058075,-0.524316668510437,0.3332165479660034,-0.4048143327236176,0.8515234589576721],"rotationconfidence":1},"20":{"id":20,"position":[-158.7283164262772,-803.8403391838074,2129.286050796509],"positionconfidence":1,"rotation":[-0.7720799446105957,-0.6355255246162415,0,0.5411648750305176,-0.657444179058075,-0.524316668510437,0.3332165479660034,-0.4048143327236176,0.8515234589576721],"rotationconfidence":1},"21":{"id":21,"position":[325.4886269569397,-439.3404722213745,2457.800388336182],"positionconfidence":1,"rotation":[0.976307213306427,0.1821749061346054,0.1167750135064125,-0.2163818925619125,0.8176095485687256,0.5335667133331299,0.00172610126901418,-0.5461930632591248,0.8376575112342834],"rotationconfidence":1},"22":{"id":22,"position":[392.6422595977783,-693.0837631225586,2292.209148406982],"positionconfidence":1,"rotation":[0.887139081954956,0.4414452910423279,0.1345750391483307,-0.3885399401187897,0.5570676326751709,0.7339702844619751,0.2490403205156326,-0.7034214735031128,0.6657155752182007],"rotationconfidence":1},"23":{"id":23,"position":[525.6398916244507,-883.768618106842,2040.970325469971],"positionconfidence":0.5,"rotation":[-0.8692365288734436,0.4943963587284088,0,-0.4879059195518494,-0.8578252196311951,-0.1615046858787537,-0.07984733581542969,-0.1403857916593552,0.9868720173835754],"rotationconfidence":0.5},"24":{"id":24,"position":[532.7592492103577,-871.2515234947205,1952.978730201721],"positionconfidence":0.5,"rotation":[-0.8692365288734436,0.4943963587284088,0,-0.4879059195518494,-0.8578252196311951,-0.1615046858787537,-0.07984733581542969,-0.1403857916593552,0.9868720173835754],"rotationconfidence":0.5}},"skeletonTracked":true,"frameCount":4},{"position":[212.5959247350693,-416.03684425354,2343.792200088501],"positionTracked":true,"id":4821,"skeleton":{"1":{"id":1,"position":[266.5250301361084,189.1002506017685,2576.041460037231],"positionconfidence":1,"rotation":[0.9993074536323547,0.03720811381936073,0,-0.03676445037126541,0.9873918294906616,-0.1539666652679443,-0.005728809162974358,0.1538600325584412,0.9880759716033936],"rotationconfidence":1},"2":{"id":2,"position":[273.9539444446564,-10.41991449892521,2607.153177261353],"positionconfidence":1,"rotation":[0.997182309627533,0.02616616524755955,-0.07030484080314636,-0.03676445037126541,0.9873918294906616,-0.1539666652679443,0.0653897076845169,0.1561175584793091,0.9855716824531555],"rotationconfidence":1},"3":{"id":3,"position":[258.5006952285767,-317.863941192627,2545.466423034668],"positionconfidence":1,"rotation":[0.9973081946372986,-0.03748394921422005,-0.06301897019147873,0.04922168701887131,0.9792706370353699,0.1964846402406693,0.05434760823845863,-0.1990576386451721,0.9784796833992004],"rotationconfidence":1},"4":{"id":4,"position":[252.362072467804,-360.6720268726349,2487.328767776489],"positionconfidence":1,"rotation":[0.9960619211196899,-0.07134442031383514,-0.05263938754796982,0.08471941947937012,0.5907963514328003,0.802360475063324,-0.02614478580653667,-0.8036602735519409,0.5945139527320862],"rotationconfidence":1},"6":{"id":6,"position":[93.42273324728012,-115.4411435127258,2595.583438873291],"positionconfidence":1,"rotation":[0.195013552904129,0.9794513583183289,-0.05142731219530106,-0.02353673987090588,-0.04774552211165428,-0.9985821843147278,-0.980518102645874,0.1959474831819534,0.01374206878244877],"rotationconfidence":1},"7":{"id":7,"position":[52.9385432600975,-318.7721073627472,2606.25958442688],"positionconfidence":1,"rotation":[0.03045176528394222,0.08252058178186417,0.9961240291595459,0.1940539926290512,0.9771361351013184,-0.08687987178564072,-0.980518102645874,0.1959474831819534,0.01374206878244877],"rotationconfidence":1},"8":{"id":8,"position":[44.09271851181984,-342.7432179450989,2316.899061203003],"positionconfidence":1,"rotation":[-0.3559888303279877,0.9330180287361145,-0.05243436247110367,0,-0.05611012503504753,-0.9984245300292969,-0.9344902038574219,-0.3554279804229736,0.01997457817196846],"rotationconfidence":1},"9":{"id":9,"position":[48.99731278419495,-355.5977642536163,2317.621469497681],"positionconfidence":1,"rotation":[-0.3559888303279877,0.9330180287361145,-0.05243436247110367,0,-0.05611012503504753,-0.9984245300292969,-0.9344902038574219,-0.3554279804229736,0.01997457817196846],"rotationconfidence":1},"12":{"id":12,"position":[445.587545633316,-125.9563565254211,2573.884010314941],"positionconfidence":1,"rotation":[0.3031550049781799,-0.9517057538032532,-0.04851032793521881,-0.3371575474739075,-0.05950616300106049,-0.9395658373832703,0.8913034796714783,0.3011896908283234,-0.3389143645763397],"rotationconfidence":1},"13":{"id":13,"position":[510.2020502090454,-328.8030624389648,2563.544511795044],"positionconfidence":1,"rotation":[-0.3432514369487763,-0.04014410823583603,-0.9383851885795593,-0.2962373495101929,0.9527188539505005,0.0676032081246376,0.8913034796714783,0.3011896908283234,-0.3389143645763397],"rotationconfidence":1},"14":{"id":14,"position":[409.1446399688721,-340.6219780445099,2287.272453308106],"positionconfidence":1,"rotation":[-0.2878273129463196,-0.04561719670891762,-0.9565951824188232,0,-0.9988649487495422,0.04763291776180267,-0.9576822519302368,0.01371005456894636,0.2875006198883057],"rotationconfidence":1},"15":{"id":15,"position":[381.1804354190826,-345.0539708137512,2194.33331489563],"positionconfidence":1,"rotation":[-0.2878273129463196,-0.04561719670891762,-0.9565951824188232,0,-0.9988649487495422,0.04763291776180267,-0.9576822519302368,0.01371005456894636,0.2875006198883057],"rotationconfidence":1},"17":{"id":17,"position":[169.2414730787277,-430.0912618637085,2462.660789489746],"positionconfidence":1,"rotation":[0.8923418521881104,-0.4010506272315979,-0.2070849984884262,0.4512889385223389,0.8008948564529419,0.3935805559158325,0.008007573895156384,-0.4446636140346527,0.8956617712974548],"rotationconfidence":1},"18":{"id":18,"position":[19.16133798658848,-696.4359283447266,2331.772089004517],"positionconfidence":1,"rotation":[0.663223147392273,-0.7484216690063477,0,0.6373859643936157,0.5648275017738342,0.5241269469261169,-0.3922679722309113,-0.347613126039505,0.8516401648521423],"rotationconfidence":1},"19":{"id":19,"position":[-146.2538689374924,-843.0206775665283,2195.749998092651],"positionconfidence":1,"rotation":[-0.9478791952133179,0.3186300098896027,0,0.09684764593839645,0.2881080210208893,-0.9526879191398621,-0.3035549223423004,-0.9030330181121826,-0.303950160741806],"rotationconfidence":1},"20":{"id":20,"position":[-136.3428384065628,-813.5367631912231,2205.673933029175],"positionconfidence":1,"rotation":[-0.9478791952133179,0.3186300098896027,0,0.09684764593839645,0.2881080210208893,-0.9526879191398621,-0.3035549223423004,-0.9030330181121826,-0.303950160741806],"rotationconfidence":1},"21":{"id":21,"position":[325.2116143703461,-439.7407472133637,2456.475734710693],"positionconfidence":1,"rotation":[0.976058304309845,0.1824276745319367,0.1184500977396965,-0.2175090312957764,0.8194445371627808,0.5302834510803223,-0.0003249093424528837,-0.5433514714241028,0.8395052552223206],"rotationconfidence":1},"22":{"id":22,"position":[391.8250203132629,-690.7004117965698,2294.073343276978],"positionconfidence":1,"rotation":[0.8887802958488464,0.4372109472751617,0.1375355273485184,-0.3877083957195282,0.5571399331092834,0.7343549728393555,0.244441494345665,-0.7060039043426514,0.6646853685379028],"rotationconfidence":1},"23":{"id":23,"position":[525.9223580360413,-883.3993077278137,2040.080785751343],"positionconfidence":0.5,"rotation":[-0.865190327167511,0.50144362449646,0,-0.494600385427475,-0.8533830046653748,-0.1646454036235809,-0.08256039023399353,-0.1424496024847031,0.9863529205322266],"rotationconfidence":0.5},"24":{"id":24,"position":[533.2817435264587,-870.7014322280884,1952.157855033875],"positionconfidence":0.5,"rotation":[-0.865190327167511,0.50144362449646,0,-0.494600385427475,-0.8533830046653748,-0.1646454036235809,-0.08256039023399353,-0.1424496024847031,0.9863529205322266],"rotationconfidence":0.5}},"skeletonTracked":true,"frameCount":5},{"position":[211.7053419351578,-386.2996995449066,2340.537548065186],"positionTracked":true,"id":4821,"skeleton":{"1":{"id":1,"position":[260.2197229862213,208.0729305744171,2579.899311065674],"positionconfidence":1,"rotation":[0.9993846416473389,0.03507575765252113,0,-0.03484625369310379,0.9928456544876099,-0.1142072901129723,-0.004005907103419304,0.1141370087862015,0.9934569597244263],"rotationconfidence":1},"2":{"id":2,"position":[267.2483325004578,7.812542840838432,2602.935314178467],"positionconfidence":1,"rotation":[0.9847654700279236,0.01463121268898249,-0.1732713431119919,-0.03484625369310379,0.9928456544876099,-0.1142072901129723,0.1703606992959976,0.1185052469372749,0.9782298803329468],"rotationconfidence":1},"3":{"id":3,"position":[258.3186626434326,-314.8250579833984,2542.001724243164],"positionconfidence":1,"rotation":[0.9840857982635498,0.006301835179328919,-0.1775829941034317,0.02718626521527767,0.9822660088539124,0.1855115443468094,0.1756027787923813,-0.1873870640993118,0.9664625525474548],"rotationconfidence":1},"4":{"id":4,"position":[250.6580054759979,-358.919620513916,2484.391212463379],"positionconfidence":1,"rotation":[0.994284451007843,-0.04841998964548111,-0.09515301883220673,0.1050096303224564,0.6044329404830933,0.7897049188613892,0.01927611418068409,-0.7951832413673401,0.6060628294944763],"rotationconfidence":1},"6":{"id":6,"position":[82.89702981710434,-100.6373092532158,2603.957653045654],"positionconfidence":1,"rotation":[0.2099177241325378,0.977619469165802,-0.01395554654300213,0.03766942024230957,-0.02234983444213867,-0.9990403652191162,-0.976993203163147,0.2091905772686005,-0.04151798412203789],"rotationconfidence":1},"7":{"id":7,"position":[39.16970267891884,-304.2822778224945,2606.86469078064],"positionconfidence":1,"rotation":[-0.02314432337880135,0.08952721953392029,0.9957154393196106,0.2120112776756287,0.9737681150436401,-0.08262591063976288,-0.976993203163147,0.2091905772686005,-0.04151798412203789],"rotationconfidence":1},"8":{"id":8,"position":[45.93591764569283,-330.4554522037506,2315.768480300903],"positionconfidence":1,"rotation":[-0.1126164868474007,0.8092250227928162,0.5766041874885559,0,0.5802956819534302,-0.8144058585166931,-0.9936385154724121,-0.09171552956104279,-0.06535086035728455],"rotationconfidence":1},"9":{"id":9,"position":[47.46107757091522,-341.414749622345,2307.95955657959],"positionconfidence":1,"rotation":[-0.1126164868474007,0.8092250227928162,0.5766041874885559,0,0.5802956819534302,-0.8144058585166931,-0.9936385154724121,-0.09171552956104279,-0.06535086035728455],"rotationconfidence":1},"12":{"id":12,"position":[417.89311170578,-92.61481463909149,2544.645547866821],"positionconfidence":1,"rotation":[0.1492395997047424,-0.924981415271759,-0.3494809865951538,-0.1843136847019196,0.3212216794490814,-0.9288945198059082,0.9714710116386414,0.2030419707298279,-0.1225477308034897],"rotationconfidence":1},"13":{"id":13,"position":[456.3747346401215,-331.1224579811096,2454.53143119812],"positionconfidence":1,"rotation":[-0.1754656136035919,0.2677289843559265,-0.9473822116851807,-0.1595487743616104,0.9418572783470154,0.2957178354263306,0.9714710116386414,0.2030419707298279,-0.1225477308034897],"rotationconfidence":1},"14":{"id":14,"position":[416.7356491088867,-270.6403434276581,2240.510225296021],"positionconfidence":1,"rotation":[-0.2904651165008545,0.5214332938194275,-0.8023324608802795,0,-0.8384831547737122,-0.5449275374412537,-0.9568856358528137,-0.1582824438810349,0.243550106883049],"rotationconfidence":1},"15":{"id":15,"position":[387.3462677001953,-217.8815007209778,2159.329891204834],"positionconfidence":1,"rotation":[-0.2904651165008545,0.5214332938194275,-0.8023324608802795,0,-0.8384831547737122,-0.5449275374412537,-0.9568856358528137,-0.1582824438810349,0.243550106883049],"rotationconfidence":1},"17":{"id":17,"position":[168.7238365411758,-428.9687275886536,2460.359334945679],"positionconfidence":1,"rotation":[0.887846827507019,-0.3888511657714844,-0.2460133731365204,0.4577118456363678,0.801179826259613,0.3855004906654358,0.04719864204525948,-0.4548686742782593,0.8893068432807922],"rotationconfidence":1},"18":{"id":18,"position":[15.97906462848187,-696.3335275650024,2331.712484359741],"positionconfidence":1,"rotation":[0.6453311443328857,-0.7639028429985046,0,0.661979079246521,0.5592278242111206,0.4990470409393311,-0.3812234401702881,-0.3220506012439728,0.8665748238563538],"rotationconfidence":1},"19":{"id":19,"position":[-157.6230823993683,-842.989444732666,2200.838804244995],"positionconfidence":1,"rotation":[-0.5342797636985779,-0.8453077673912048,0,0.6757271885871887,-0.4270957410335541,-0.6008177995681763,0.507875919342041,-0.3210047781467438,0.7993859648704529],"rotationconfidence":1},"20":{"id":20,"position":[-185.6823265552521,-825.254499912262,2156.674146652222],"positionconfidence":1,"rotation":[-0.5342797636985779,-0.8453077673912048,0,0.6757271885871887,-0.4270957410335541,-0.6008177995681763,0.507875919342041,-0.3210047781467438,0.7993859648704529],"rotationconfidence":1},"21":{"id":21,"position":[319.4819390773773,-432.9738318920136,2450.30951499939],"positionconfidence":1,"rotation":[0.9715423583984375,0.222140297293663,0.08221384137868881,-0.2327893674373627,0.8313454985618591,0.5046521425247192,0.04375546053051949,-0.509429395198822,0.8593992590904236],"rotationconfidence":1},"22":{"id":22,"position":[391.0659551620483,-688.6171698570251,2295.12619972229],"positionconfidence":1,"rotation":[0.8720160126686096,0.4817211031913757,0.08679168671369553,-0.3832193315029144,0.561583936214447,0.7333256006240845,0.3045175969600678,-0.6727319359779358,0.6743150353431702],"rotationconfidence":1},"23":{"id":23,"position":[524.1064429283142,-883.579671382904,2040.540933609009],"positionconfidence":0.5,"rotation":[-0.9810243844985962,0.193884089589119,0,-0.1921344101428986,-0.9721712470054626,-0.1340425610542297,-0.02598872035741806,-0.1314990371465683,0.9909756183624268],"rotationconfidence":0.5},"24":{"id":24,"position":[526.3980031013489,-871.9847202301025,1953.161478042603],"positionconfidence":0.5,"rotation":[-0.9810243844985962,0.193884089589119,0,-0.1921344101428986,-0.9721712470054626,-0.1340425610542297,-0.02598872035741806,-0.1314990371465683,0.9909756183624268],"rotationconfidence":0.5}},"skeletonTracked":true,"frameCount":6},{"position":[195.4496055841446,-391.957014799118,2304.200649261475],"positionTracked":true,"id":4821,"skeleton":{"1":{"id":1,"position":[239.3846660852432,252.0590424537659,2598.725557327271],"positionconfidence":1,"rotation":[0.999431312084198,0.03371924161911011,0,-0.03369252011179924,0.9986393451690674,0.0398024283349514,0.001342107658274472,-0.03977979347109795,0.9992074966430664],"rotationconfidence":1},"2":{"id":2,"position":[246.1579442024231,51.30047723650932,2590.723991394043],"positionconfidence":1,"rotation":[0.8515394926071167,0.04953259974718094,-0.5219453573226929,-0.03369252011179924,0.9986393451690674,0.0398024283349514,0.5232067108154297,-0.01630768552422524,0.8520497679710388],"rotationconfidence":1},"3":{"id":3,"position":[258.3695352077484,-308.1569969654083,2535.532236099243],"positionconfidence":1,"rotation":[0.8511830568313599,0.1077882945537567,-0.513681948184967,-0.03355986624956131,0.9878601431846619,0.1516778469085693,0.523794949054718,-0.1118665114045143,0.8444671034812927],"rotationconfidence":1},"4":{"id":4,"position":[242.5019145011902,-358.3801090717316,2481.380462646484],"positionconfidence":1,"rotation":[0.955829918384552,0.01453696750104427,-0.293560802936554,0.2100509852170944,0.6648390889167786,0.7168455719947815,0.2055914551019669,-0.7468451857566833,0.6324195861816406],"rotationconfidence":1},"6":{"id":6,"position":[93.51910650730133,-89.50921148061752,2634.817600250244],"positionconfidence":1,"rotation":[0.174367219209671,0.9603837132453918,0.2173919230699539,-0.06131445616483688,0.2309352606534958,-0.9710353016853333,-0.9827699065208435,0.1559874415397644,0.09915293753147125],"rotationconfidence":1},"7":{"id":7,"position":[56.34620040655136,-294.2509949207306,2588.472366333008],"positionconfidence":0.5,"rotation":[0.09728433191776276,-0.01958746835589409,0.9950639009475708,0.1571596264839172,0.9875648617744446,0.004074840340763331,-0.9827699065208435,0.1559874415397644,0.09915293753147125],"rotationconfidence"