{"motiondata":[{"position":[195.5008208751679,-426.640510559082,2335.484981536865],"positionTracked":true,"id":4821,"skeleton":{"1":{"id":1,"position":[238.289549946785,164.1848981380463,2538.367033004761],"positionconfidence":1,"rotation":[0.9893213510513306,0.1457508951425552,0,-0.1348471343517304,0.9153092503547668,-0.3795067667961121,-0.05531344935297966,0.3754541575908661,0.9251890778541565],"rotationconfidence":1},"2":{"id":2,"position":[264.2301619052887,-11.89360860735178,2611.372947692871],"positionconfidence":1,"rotation":[0.9881353974342346,0.09580429643392563,-0.1200417876243591,-0.1348471343517304,0.9153092503547668,-0.3795067667961121,0.07351697236299515,0.3911912739276886,0.9173682928085327],"rotationconfidence":1},"3":{"id":3,"position":[241.2921637296677,-315.1542842388153,2541.08476638794],"positionconfidence":1,"rotation":[0.9948834180831909,-0.05571762844920158,-0.08427686244249344,0.07348540425300598,0.971542239189148,0.2251790016889572,0.06933209300041199,-0.2302199751138687,0.970665693283081],"rotationconfidence":1},"4":{"id":4,"position":[233.9714020490646,-353.763222694397,2484.930276870728],"positionconfidence":1,"rotation":[0.9928627014160156,-0.104401521384716,-0.05765663832426071,0.1068118959665299,0.5633148550987244,0.8193092346191406,-0.05305828899145126,-0.8196199536323547,0.5704455971717834],"rotationconfidence":1},"6":{"id":6,"position":[73.05935770273209,-126.4921128749847,2596.056938171387],"positionconfidence":1,"rotation":[0.141142413020134,0.9801017045974731,0.1395688951015472,-0.03639041259884834,0.1460212767124176,-0.9886118769645691,-0.9893202185630798,0.1344560980796814,0.0562761016190052],"rotationconfidence":1},"7":{"id":7,"position":[41.90188273787499,-342.8515493869782,2565.246820449829],"positionconfidence":1,"rotation":[0.06001663580536842,0.0239272303879261,0.9979104995727539,0.1328286230564117,0.9906305074691772,-0.03174129500985146,-0.9893202185630798,0.1344560980796814,0.0562761016190052],"rotationconfidence":1},"8":{"id":8,"position":[26.96546167135239,-348.8063514232636,2316.895484924316],"positionconfidence":1,"rotation":[0.5322977304458618,-0.1801836788654327,0.827159583568573,0,0.9770865440368652,0.2128429114818573,-0.8465573191642761,-0.1132958009839058,0.5201009511947632],"rotationconfidence":1},"9":{"id":9,"position":[-4.569108597934246,-338.131844997406,2267.892599105835],"positionconfidence":1,"rotation":[0.5322977304458618,-0.1801836788654327,0.827159583568573,0,0.9770865440368652,0.2128429114818573,-0.8465573191642761,-0.1132958009839058,0.5201009511947632],"rotationconfidence":1},"12":{"id":12,"position":[424.4934916496277,-131.1056464910507,2569.860696792603],"positionconfidence":1,"rotation":[0.3588254153728485,-0.8935902714729309,-0.2697048485279083,-0.6191652417182922,-0.01164617482572794,-0.7851743102073669,0.6984831094741821,0.4487323760986328,-0.5574589967727661],"rotationconfidence":1},"13":{"id":13,"position":[504.241943359375,-329.7048509120941,2509.919166564941],"positionconfidence":1,"rotation":[-0.4209689795970917,-0.372299462556839,-0.8271506428718567,-0.5787109732627869,0.8124237060546875,-0.07114247232675552,0.6984831094741821,0.4487323760986328,-0.5574589967727661],"rotationconfidence":1},"14":{"id":14,"position":[405.2684307098389,-417.2357320785523,2315.448760986328],"positionconfidence":1,"rotation":[-0.1177216023206711,0.7165312170982361,-0.6875496506690979,0,-0.6923639178276062,-0.7215484380722046,-0.9930465221405029,-0.08494184166193008,0.08150619268417358],"rotationconfidence":1},"15":{"id":15,"position":[389.6380066871643,-322.0986723899841,2224.159717559815],"positionconfidence":1,"rotation":[-0.1177216023206711,0.7165312170982361,-0.6875496506690979,0,-0.6923639178276062,-0.7215484380722046,-0.9930465221405029,-0.08494184166193008,0.08150619268417358],"rotationconfidence":1},"17":{"id":17,"position":[151.674211025238,-417.6420569419861,2460.657119750977],"positionconfidence":1,"rotation":[0.850847601890564,-0.4652445018291473,-0.2441434860229492,0.5253719687461853,0.7591360807418823,0.3843133449554443,0.006538449320942164,-0.4552582204341888,0.8903355002403259],"rotationconfidence":1},"18":{"id":18,"position":[-11.27345021814108,-653.0932188034058,2341.45975112915],"positionconfidence":1,"rotation":[0.6881140470504761,-0.7256026268005371,0,0.622229278087616,0.5900815725326538,0.5144263505935669,-0.373269110918045,-0.353983998298645,0.857534646987915],"rotationconfidence":1},"19":{"id":19,"position":[-174.8056411743164,-808.1764578819275,2206.259965896606],"positionconfidence":1,"rotation":[0.007161738816648722,0.9999743700027466,0,-0.977620542049408,0.007001642137765884,-0.2102596163749695,-0.2102542221546173,0.001505824388004839,0.9776455760002136],"rotationconfidence":1},"20":{"id":20,"position":[-157.2869122028351,-808.3019256591797,2124.80092048645],"positionconfidence":1,"rotation":[0.007161738816648722,0.9999743700027466,0,-0.977620542049408,0.007001642137765884,-0.2102596163749695,-0.2102542221546173,0.001505824388004839,0.9776455760002136],"rotationconfidence":1},"21":{"id":21,"position":[306.1549067497253,-434.3935251235962,2450.95705986023],"positionconfidence":1,"rotation":[0.9455302953720093,0.2707922160625458,0.1806765198707581,-0.3254818022251129,0.7963472604751587,0.5097965598106384,-0.005832306575030088,-0.5408350825309753,0.8411084413528442],"rotationconfidence":1},"22":{"id":22,"position":[404.0488600730896,-673.9079356193542,2297.627449035645],"positionconfidence":1,"rotation":[0.9251827001571655,0.3588482439517975,0.1235514208674431,-0.3342479765415192,0.6162320375442505,0.7131173610687256,0.1797645688056946,-0.7010606527328491,0.6900715231895447],"rotationconfidence":1},"23":{"id":23,"position":[523.2645273208618,-893.6983942985535,2043.281078338623],"positionconfidence":0.5,"rotation":[-0.8314964175224304,0.5555301308631897,0,-0.549214243888855,-0.8220430612564087,-0.1503626108169556,-0.0835309624671936,-0.1250259727239609,0.9886308908462524],"rotationconfidence":0.5},"24":{"id":24,"position":[530.9222936630249,-882.2365403175354,1952.647566795349],"positionconfidence":0.5,"rotation":[-0.8314964175224304,0.5555301308631897,0,-0.549214243888855,-0.8220430612564087,-0.1503626108169556,-0.0835309624671936,-0.1250259727239609,0.9886308908462524],"rotationconfidence":0.5}},"skeletonTracked":true,"frameCount":1},{"position":[194.9664056301117,-430.1259219646454,2335.183382034302],"positionTracked":true,"id":4821,"skeleton":{"1":{"id":1,"position":[233.7536811828613,141.1163508892059,2505.309104919434],"positionconfidence":1,"rotation":[0.9849072098731995,0.1730829626321793,0,-0.1466837078332901,0.8346855640411377,-0.5308331847190857,-0.09187818318605423,0.5228214263916016,0.8474763035774231],"rotationconfidence":1},"2":{"id":2,"position":[261.9116604328156,-19.11315880715847,2607.209920883179],"positionconfidence":1,"rotation":[0.9868016242980957,0.08625778555870056,-0.1370479315519333,-0.1466837078332901,0.8346855640411377,-0.5308331847190857,0.06860344111919403,0.5439297556877136,0.8363217115402222],"rotationconfidence":1},"3":{"id":3,"position":[242.2295361757278,-316.6216909885407,2540.128469467163],"positionconfidence":1,"rotation":[0.9955618977546692,-0.04755162075161934,-0.0812111347913742,0.06440234929323196,0.9734847545623779,0.2194988131523132,0.06862027943134308,-0.2237548530101776,0.9722267985343933],"rotationconfidence":1},"4":{"id":4,"position":[235.1284921169281,-355.9682369232178,2483.699560165405],"positionconfidence":1,"rotation":[0.9939072132110596,-0.09172400832176208,-0.06111682206392288,0.1026789024472237,0.5689389109611511,0.8159446120262146,-0.04006997123360634,-0.8172485828399658,0.5748905539512634],"rotationconfidence":1},"6":{"id":6,"position":[73.41881841421127,-125.5896687507629,2596.004486083984],"positionconfidence":1,"rotation":[0.1385692209005356,0.9805886745452881,0.1387243419885635,-0.1104768812656403,0.1545068174600601,-0.9817955493927002,-0.984171450138092,0.120720811188221,0.1297422647476196],"rotationconfidence":1},"7":{"id":7,"position":[42.81509667634964,-342.1576917171478,2565.366506576538],"positionconfidence":1,"rotation":[0.1303567588329315,-0.002826946321874857,0.9914630651473999,0.1200570017099381,0.9926823973655701,-0.01295457407832146,-0.984171450138092,0.120720811188221,0.1297422647476196],"rotationconfidence":1},"8":{"id":8,"position":[4.922870546579361,-341.3359522819519,2277.167081832886],"positionconfidence":1,"rotation":[0.5807057023048401,-0.3080522418022156,0.7535812854766846,0,0.9256463646888733,0.3783897459506989,-0.8141135573387146,-0.2197330892086029,0.5375280976295471],"rotationconfidence":1},"9":{"id":9,"position":[-3.692503087222576,-336.7656767368317,2265.986919403076],"positionconfidence":1,"rotation":[0.5807057023048401,-0.3080522418022156,0.7535812854766846,0,0.9256463646888733,0.3783897459506989,-0.8141135573387146,-0.2197330892086029,0.5375280976295471],"rotationconfidence":1},"12":{"id":12,"position":[425.3087639808655,-130.1652491092682,2570.114850997925],"positionconfidence":1,"rotation":[0.363323986530304,-0.8926085829734802,-0.2669186592102051,-0.7422721982002258,-0.1041875258088112,-0.6619493365287781,0.5630520582199097,0.4386284053325653,-0.700412392616272],"rotationconfidence":1},"13":{"id":13,"position":[506.1255693435669,-328.7146985530853,2510.7421875],"positionconfidence":1,"rotation":[-0.4324774444103241,-0.5658210515975952,-0.7020042538642883,-0.704227089881897,0.6981775164604187,-0.1288898140192032,0.5630520582199097,0.4386284053325653,-0.700412392616272],"rotationconfidence":1},"14":{"id":14,"position":[409.6772968769074,-454.9003839492798,2354.185819625855],"positionconfidence":0.5,"rotation":[-0.07524549216032028,0.7219430208206177,-0.6878490447998047,0,-0.6898046135902405,-0.7239955067634583,-0.9971649646759033,-0.05447739735245705,0.05190468579530716],"rotationconfidence":0.5},"15":{"id":15,"position":[396.1299955844879,-324.9207735061646,2230.344533920288],"positionconfidence":1,"rotation":[-0.07524549216032028,0.7219430208206177,-0.6878490447998047,0,-0.6898046135902405,-0.7239955067634583,-0.9971649646759033,-0.05447739735245705,0.05190468579530716],"rotationconfidence":1},"17":{"id":17,"position":[152.9860496520996,-422.7078855037689,2458.703517913818],"positionconfidence":1,"rotation":[0.8608424663543701,-0.4490335881710053,-0.2394139915704727,0.5087665915489197,0.7690131664276123,0.3870081007480621,0.01033287309110165,-0.4549588859081268,0.89045250415802],"rotationconfidence":1},"18":{"id":18,"position":[-7.240829057991505,-664.8947596549988,2336.822271347046],"positionconfidence":1,"rotation":[0.6512552499771118,-0.7588587999343872,0,0.6497560739517212,0.5576229095458984,0.5165982842445374,-0.3920251429080963,-0.3364373445510864,0.8562279343605042],"rotationconfidence":1},"19":{"id":19,"position":[-172.7737635374069,-806.9556951522827,2205.212831497192],"positionconfidence":1,"rotation":[-0.1721491813659668,-0.9850708842277527,0,0.9846863746643066,-0.1720819771289825,-0.02793584205210209,0.02751878462731838,-0.004809132311493158,0.999609649181366],"rotationconfidence":1},"20":{"id":20,"position":[-175.3986328840256,-806.4969778060913,2109.865427017212],"positionconfidence":1,"rotation":[-0.1721491813659668,-0.9850708842277527,0,0.9846863746643066,-0.1720819771289825,-0.02793584205210209,0.02751878462731838,-0.004809132311493158,0.999609649181366],"rotationconfidence":1},"21":{"id":21,"position":[307.1844279766083,-436.4750683307648,2449.880123138428],"positionconfidence":1,"rotation":[0.9555173516273499,0.2512094378471375,0.1545335054397583,-0.2949315905570984,0.81125807762146,0.5048521757125854,0.001457074424251914,-0.5279718041419983,0.8492607474327087],"rotationconfidence":1},"22":{"id":22,"position":[394.8120474815369,-677.5093078613281,2299.882650375366],"positionconfidence":1,"rotation":[0.912408709526062,0.3892501592636108,0.1264693886041641,-0.3558050692081451,0.6016656756401062,0.715123176574707,0.2022695243358612,-0.6974830627441406,0.6874622106552124],"rotationconfidence":1},"23":{"id":23,"position":[522.7088928222656,-893.7826156616211,2042.826175689697],"positionconfidence":0.5,"rotation":[-0.8283212184906006,0.560253381729126,0,-0.5539148449897766,-0.8189498782157898,-0.1499974876642227,-0.08403661102056503,-0.1242461130023003,0.9886863231658936],"rotationconfidence":0.5},"24":{"id":24,"position":[530.4405689239502,-882.3515176773071,1951.863408088684],"positionconfidence":0.5,"rotation":[-0.8283212184906006,0.560253381729126,0,-0.5539148449897766,-0.8189498782157898,-0.1499974876642227,-0.08403661102056503,-0.1242461130023003,0.9886863231658936],"rotationconfidence":0.5}},"skeletonTracked":true,"frameCount":2},{"position":[213.5957032442093,-253.2211840152741,2417.335748672485],"positionTracked":true,"id":4821,"skeleton":{"1":{"id":1,"position":[222.9403257369995,105.3424030542374,2476.394891738892],"positionconfidence":1,"rotation":[0.9707269072532654,0.2401858866214752,0,-0.1791901141405106,0.7242084741592407,-0.6658925414085388,-0.1599379926919937,0.6463997960090637,0.7460476160049438],"rotationconfidence":1},"2":{"id":2,"position":[256.5509676933289,-30.49718961119652,2601.296186447144],"positionconfidence":1,"rotation":[0.981999933719635,0.09057430177927017,-0.1657474786043167,-0.1791901141405106,0.7242084741592407,-0.6658925414085388,0.05972297117114067,0.6836068630218506,0.7274027466773987],"rotationconfidence":1},"3":{"id":3,"position":[240.8158034086227,-320.2262222766876,2541.420698165894],"positionconfidence":1,"rotation":[0.9963551163673401,-0.03836686164140701,-0.07618840038776398,0.0531109943985939,0.977924108505249,0.202098086476326,0.0667526051402092,-0.205407902598381,0.9763973951339722],"rotationconfidence":1},"4":{"id":4,"position":[233.4761023521423,-361.0117137432098,2486.150979995728],"positionconfidence":1,"rotation":[0.9938712120056152,-0.08775019645690918,-0.0672299936413765,0.1062490344047546,0.5904081463813782,0.8000808358192444,-0.03051411733031273,-0.8023204803466797,0.5961130261421204],"rotationconfidence":1},"6":{"id":6,"position":[72.8456899523735,-126.4345496892929,2594.653844833374],"positionconfidence":1,"rotation":[0.1363165974617004,0.9810923337936401,0.137388601899147,-0.1434685438871384,0.1567718237638474,-0.9771588444709778,-0.980221688747406,0.113492026925087,0.1621264815330505],"rotationconfidence":1},"7":{"id":7,"position":[42.69846901297569,-343.4089124202728,2564.269542694092],"positionconfidence":1,"rotation":[0.1630419045686722,-0.001231497619301081,0.9866183996200562,0.1121729835867882,0.9935381412506104,-0.0172968152910471,-0.980221688747406,0.113492026925087,0.1621264815330505],"rotationconfidence":1},"8":{"id":8,"position":[-8.207978680729866,-343.0244028568268,2256.218433380127],"positionconfidence":1,"rotation":[-0.3762924075126648,-0.5237747430801392,-0.7642408609390259,0,-0.824867844581604,0.5653256177902222,-0.9265009760856628,0.2127277404069901,0.3103915154933929],"rotationconfidence":1},"9":{"id":9,"position":[-4.534457810223103,-337.9110991954804,2263.679265975952],"positionconfidence":1,"rotation":[-0.3762924075126648,-0.5237747430801392,-0.7642408609390259,0,-0.824867844581604,0.5653256177902222,-0.9265009760856628,0.2127277404069901,0.3103915154933929],"rotationconfidence":1},"12":{"id":12,"position":[424.9686300754547,-130.6404918432236,2569.695711135864],"positionconfidence":1,"rotation":[0.363525927066803,-0.8987734317779541,-0.2450615614652634,-0.4910796284675598,0.03865960240364075,-0.8702564239501953,0.7916373610496521,0.4367055296897888,-0.4273155629634857],"rotationconfidence":1},"13":{"id":13,"position":[506.1348676681519,-331.3140869140625,2514.979600906372],"positionconfidence":1,"rotation":[-0.379856139421463,-0.1960168927907944,-0.9040390253067017,-0.4785599112510681,0.8779895305633545,0.01071098074316979,0.7916373610496521,0.4367055296897888,-0.4273155629634857],"rotationconfidence":1},"14":{"id":14,"position":[401.6937613487244,-385.2087557315826,2266.414880752564],"positionconfidence":1,"rotation":[-0.03727852180600166,0.8282313942909241,-0.559144914150238,0,-0.5595338344573975,-0.8288074731826782,-0.9993048906326294,-0.03089671768248081,0.02085859514772892],"rotationconfidence":1},"15":{"id":15,"position":[399.3319272994995,-332.7349722385407,2230.989456176758],"positionconfidence":1,"rotation":[-0.03727852180600166,0.8282313942909241,-0.559144914150238,0,-0.5595338344573975,-0.8288074731826782,-0.9993048906326294,-0.03089671768248081,0.02085859514772892],"rotationconfidence":1},"17":{"id":17,"position":[149.1029411554337,-430.5720925331116,2464.812994003296],"positionconfidence":1,"rotation":[0.8024628758430481,-0.5259667634963989,-0.2818019092082977,0.5964876413345337,0.7197405695915222,0.355212539434433,0.01599428430199623,-0.4531362652778626,0.8912978172302246],"rotationconfidence":1},"18":{"id":18,"position":[-40.17718136310577,-658.9633822441101,2352.095365524292],"positionconfidence":0.5,"rotation":[0.6480808854103088,-0.7615715265274048,0,0.6448335647583008,0.5487393736839294,0.5320476293563843,-0.4051923155784607,-0.344809889793396,0.8467143774032593],"rotationconfidence":0.5},"19":{"id":19,"position":[-202.5615274906158,-797.1489429473877,2218.11318397522],"positionconfidence":0.5,"rotation":[-0.8448176383972168,-0.5350543856620789,0,0.1787959635257721,-0.2823077142238617,-0.9425150156021118,0.5042967796325684,-0.7962532639503479,0.3341640830039978],"rotationconfidence":0.5},"20":{"id":20,"position":[-229.5716851949692,-754.5015811920166,2200.215339660645],"positionconfidence":0.5,"rotation":[-0.8448176383972168,-0.5350543856620789,0,0.1787959635257721,-0.2823077142238617,-0.9425150156021118,0.5042967796325684,-0.7962532639503479,0.3341640830039978],"rotationconfidence":0.5},"21":{"id":21,"position":[305.3078651428223,-443.4660971164703,2455.454587936401],"positionconfidence":1,"rotation":[0.9478473663330078,0.2738223671913147,0.1631156802177429,-0.3186459541320801,0.8027379512786865,0.5040601491928101,0.007083812728524208,-0.5297482013702393,0.8481253385543823],"rotationconfidence":1},"22":{"id":22,"position":[398.6174464225769,-678.5330772399902,2307.849884033203],"positionconfidence":0.5,"rotation":[0.9095867276191711,0.3990058600902557,0.11595768481493,-0.3519079387187958,0.5913570523262024,0.7255738973617554,0.2209358364343643,-0.7007788419723511,0.6783038377761841],"rotationconfidence":0.5},"23":{"id":23,"position":[526.0021686553955,-892.5943374633789,2045.204401016235],"positionconfidence":0.5,"rotation":[-0.8617199659347534,0.507384181022644,0,-0.5022050738334656,-0.8529239892959595,-0.1425160467624664,-0.07231038808822632,-0.1228089183568955,0.98979252576828],"rotationconfidence":0.5},"24":{"id":24,"position":[532.7429175376892,-881.1461329460144,1952.936291694641],"positionconfidence":0.5,"rotation":[-0.8617199659347534,0.507384181022644,0,-0.5022050738334656,-0.8529239892959595,-0.1425160467624664,-0.07231038808822632,-0.1228089183568955,0.98979252576828],"rotationconfidence":0.5}},"skeletonTracked":true,"frameCount":3},{"position":[188.9146119356155,-429.7837018966675,2336.318492889404],"positionTracked":true,"id":4821,"skeleton":{"1":{"id":1,"position":[218.2422280311585,99.87357258796692,2464.006662368774],"positionconfidence":1,"rotation":[0.9760347008705139,0.2176153361797333,0,-0.1598281115293503,0.7168510556221008,-0.678659975528717,-0.1476868242025375,0.662395715713501,0.7344525456428528],"rotationconfidence":1},"2":{"id":2,"position":[249.3703216314316,-39.74019736051559,2596.182346343994],"positionconfidence":1,"rotation":[0.9857180714607239,0.07894686609506607,-0.1487524211406708,-0.1598281115293503,0.7168510556221008,-0.678659975528717,0.05305525660514832,0.6927423477172852,0.7192310690879822],"rotationconfidence":1},"3":{"id":3,"position":[236.4872097969055,-327.1170854568481,2541.511058807373],"positionconfidence":1,"rotation":[0.9970749020576477,-0.03144607320427895,-0.06966275721788406,0.04399750381708145,0.9814294576644897,0.1867095679044724,0.06249779462814331,-0.1892284005880356,0.9799422025680542],"rotationconfidence":1},"4":{"id":4,"position":[229.5680791139603,-368.9410388469696,2486.760139465332],"positionconfidence":1,"rotation":[0.9948316216468811,-0.07505324482917786,-0.06838874518871307,0.09992338716983795,0.6040052175521851,0.7906914353370667,-0.01803679764270783,-0.7934384942054749,0.6083831191062927],"rotationconfidence":1},"6":{"id":6,"position":[70.59178501367569,-128.2797604799271,2592.692852020264],"positionconfidence":1,"rotation":[0.1430903971195221,0.9802178740501404,0.1367406398057938,-0.1637993156909943,0.1597117185592651,-0.9734792709350586,-0.9760609269142151,0.1168975159525871,0.1834122389554977],"rotationconfidence":1},"7":{"id":7,"position":[38.82323578000069,-345.9051251411438,2562.334060668945],"positionconfidence":1,"rotation":[0.1863417625427246,0.01455041952431202,0.982377290725708,0.1121687367558479,0.9930374622344971,-0.03598498553037643,-0.9760609269142151,0.1168975159525871,0.1834122389554977],"rotationconfidence":1},"8":{"id":8,"position":[-13.02472315728664,-349.9536514282227,2288.99621963501],"positionconfidence":1,"rotation":[-0.1714104115962982,-0.2338847368955612,0.9570351839065552,0,0.9714123606681824,0.2373983114957809,-0.9851996302604675,0.04069254174828529,-0.1665101945400238],"rotationconfidence":1},"9":{"id":9,"position":[-8.175855502486229,-343.3375060558319,2261.923551559448],"positionconfidence":1,"rotation":[-0.1714104115962982,-0.2338847368955612,0.9570351839065552,0,0.9714123606681824,0.2373983114957809,-0.9851996302604675,0.04069254174828529,-0.1665101945400238],"rotationconfidence":1},"12":{"id":12,"position":[424.3508279323578,-131.3360631465912,2569.540977478027],"positionconfidence":1,"rotation":[0.3099974691867828,-0.9336005449295044,-0.1796988993883133,-0.401896059513092,0.04261204227805138,-0.914693295955658,0.8616154193878174,0.3557728826999664,-0.3620007038116455],"rotationconfidence":1},"13":{"id":13,"position":[493.851363658905,-340.6465947628021,2529.253005981445],"positionconfidence":1,"rotation":[-0.3223293423652649,-0.1673973351716995,-0.9317091703414917,-0.3920748233795166,0.9194584488868713,-0.02955608628690243,0.8616154193878174,0.3557728826999664,-0.3620007038116455],"rotationconfidence":1},"14":{"id":14,"position":[404.2470455169678,-387.1813714504242,2270.247220993042],"positionconfidence":1,"rotation":[-0.0999726876616478,0.7061545252799988,-0.7009644508361816,0,-0.7044938206672668,-0.7097100615501404,-0.9949901103973389,-0.07095162570476532,0.07043013721704483],"rotationconfidence":1},"15":{"id":15,"position":[398.3273506164551,-345.3677594661713,2228.740930557251],"positionconfidence":1,"rotation":[-0.0999726876616478,0.7061545252799988,-0.7009644508361816,0,-0.7044938206672668,-0.7097100615501404,-0.9949901103973389,-0.07095162570476532,0.07043013721704483],"rotationconfidence":1},"17":{"id":17,"position":[144.5283591747284,-441.9739544391632,2464.97917175293],"positionconfidence":1,"rotation":[0.8366259336471558,-0.4734462797641754,-0.2755101919174194,0.547629177570343,0.7345072031021118,0.4007513523101807,0.01262998953461647,-0.4861562848091126,0.8737806081771851],"rotationconfidence":1},"18":{"id":18,"position":[-36.29250824451447,-684.4998002052307,2332.655668258667],"positionconfidence":1,"rotation":[0.6396072506904602,-0.7687018513679504,0,0.6372360587120056,0.5302196741104126,0.5592827796936035,-0.4299217164516449,-0.3577213287353516,0.8289768695831299],"rotationconfidence":1},"19":{"id":19,"position":[-197.4904388189316,-818.6264038085938,2191.177129745483],"positionconfidence":1,"rotation":[-0.9814624786376953,0.1916545331478119,0,0.09546765685081482,0.4888896644115448,-0.8671061992645264,-0.1661848276853561,-0.8510321378707886,-0.4981236457824707],"rotationconfidence":1},"20":{"id":20,"position":[-187.1038973331451,-765.4369473457336,2222.309827804565],"positionconfidence":1,"rotation":[-0.9814624786376953,0.1916545331478119,0,0.09546765685081482,0.4888896644115448,-0.8671061992645264,-0.1661848276853561,-0.8510321378707886,-0.4981236457824707],"rotationconfidence":1},"21":{"id":21,"position":[301.9326627254486,-451.2569606304169,2457.539081573486],"positionconfidence":1,"rotation":[0.9569591879844666,0.2504236102104187,0.1466877460479736,-0.2900892794132233,0.8100193738937378,0.509624183177948,0.008802002295851707,-0.5302420854568481,0.8478006720542908],"rotationconfidence":1},"22":{"id":22,"position":[387.3466849327087,-689.7594332695007,2307.485103607178],"positionconfidence":1,"rotation":[0.8841655850410461,0.4511260986328125,0.1213939636945725,-0.387801319360733,0.5638409852981567,0.7291731238365173,0.2605021297931671,-0.691786527633667,0.6734760999679565],"rotationconfidence":1},"23":{"id":23,"position":[526.6392230987549,-892.2828435897827,2045.576810836792],"positionconfidence":0.5,"rotation":[-0.854932427406311,0.5187395811080933,0,-0.5134598016738892,-0.8462308645248413,-0.1423114985227585,-0.07382258772850037,-0.1216666847467423,0.9898219108581543],"rotationconfidence":0.5},"24":{"id":24,"position":[533.5408449172974,-880.9083104133606,1953.039050102234],"positionconfidence":0.5,"rotation":[-0.854932427406311,0.5187395811080933,0,-0.5134598016738892,-0.8462308645248413,-0.1423114985227585,-0.07382258772850037,-0.1216666847467423,0.9898219108581543],"rotationconfidence":0.5}},"skeletonTracked":true,"frameCount":4},{"position":[195.9162205457687,-415.7232046127319,2342.800855636597],"positionTracked":true,"id":4821,"skeleton":{"1":{"id":1,"position":[214.4722044467926,99.66687858104706,2456.269025802612],"positionconfidence":1,"rotation":[0.9800676703453064,0.1986635625362396,0,-0.1461997926235199,0.7212479710578918,-0.6770723462104797,-0.1345096081495285,0.6635767221450806,0.7359163761138916],"rotationconfidence":1},"2":{"id":2,"position":[243.8864558935165,-45.44255137443543,2592.490673065186],"positionconfidence":1,"rotation":[0.988171398639679,0.07444853335618973,-0.1340692788362503,-0.1461997926235199,0.7212479710578918,-0.6770723462104797,0.04629015177488327,0.688664436340332,0.7236009836196899],"rotationconfidence":1},"3":{"id":3,"position":[232.7165901660919,-332.0053815841675,2541.438341140747],"positionconfidence":1,"rotation":[0.997643232345581,-0.02770372107625008,-0.06277253478765488,0.038346316665411,0.9837744832038879,0.1752634197473526,0.0568985752761364,-0.1772574782371521,0.9825183749198914],"rotationconfidence":1},"4":{"id":4,"position":[226.4966517686844,-374.157190322876,2487.035274505615],"positionconfidence":1,"rotation":[0.9958345293998718,-0.06667332351207733,-0.06219553947448731,0.09001031517982483,0.609989583492279,0.7872806787490845,-0.01455198600888252,-0.7895994782447815,0.6134499907493591],"rotationconfidence":1},"6":{"id":6,"position":[67.33686476945877,-130.0116181373596,2590.713977813721],"positionconfidence":1,"rotation":[0.1494611501693726,0.9790616631507874,0.1382009834051132,-0.1678145676851273,0.1628608554601669,-0.9722728133201599,-0.9744226932525635,0.1221248880028725,0.1886422038078308],"rotationconfidence":1},"7":{"id":7,"position":[34.05820950865746,-348.0071127414703,2559.942483901978],"positionconfidence":1,"rotation":[0.192669227719307,0.02194316871464253,0.9810183644294739,0.115667350590229,0.9922720789909363,-0.04491163045167923,-0.9744226932525635,0.1221248880028725,0.1886422038078308],"rotationconfidence":1},"8":{"id":8,"position":[-15.71404561400414,-353.6756932735443,2306.51593208313],"positionconfidence":1,"rotation":[-0.09212570637464523,-0.1258352398872376,0.9877643585205078,0,0.9919828772544861,0.1263726502656937,-0.995747447013855,0.01164216920733452,-0.09138712286949158],"rotationconfidence":1},"9":{"id":9,"position":[-11.46804168820381,-347.8760421276093,2260.990619659424],"positionconfidence":1,"rotation":[-0.09212570637464523,-0.1258352398872376,0.9877643585205078,0,0.9919828772544861,0.1263726502656937,-0.995747447013855,0.01164216920733452,-0.09138712286949158],"rotationconfidence":1},"12":{"id":12,"position":[423.28742146492,-131.9172382354736,2569.756746292114],"positionconfidence":1,"rotation":[0.2804301977157593,-0.9487102031707764,-0.1459720879793167,-0.3085573613643646,0.05490526184439659,-0.9496198296546936,0.908928632736206,0.3113428354263306,-0.2773344218730927],"rotationconfidence":1},"13":{"id":13,"position":[486.2291514873505,-344.8524475097656,2536.993741989136],"positionconfidence":1,"rotation":[-0.2767094373703003,-0.04713646322488785,-0.9597969651222229,-0.3118984699249268,0.9491279721260071,0.04330781847238541,0.908928632736206,0.3113428354263306,-0.2773344218730927],"rotationconfidence":1},"14":{"id":14,"position":[402.0669162273407,-359.1891825199127,2245.067834854126],"positionconfidence":1,"rotation":[-0.2784025967121124,0.2879282832145691,-0.9162909984588623,0,-0.9540082812309265,-0.2997802793979645,-0.9604644179344177,-0.08345960825681686,0.2655983865261078],"rotationconfidence":1},"15":{"id":15,"position":[396.7223465442658,-353.6617457866669,2227.477550506592],"positionconfidence":1,"rotation":[-0.2784025967121124,0.2879282832145691,-0.9162909984588623,0,-0.9540082812309265,-0.2997802793979645,-0.9604644179344177,-0.08345960825681686,0.2655983865261078],"rotationconfidence":1},"17":{"id":17,"position":[141.3176506757736,-448.4866559505463,2464.804410934448],"positionconfidence":1,"rotation":[0.8554413318634033,-0.4450820088386536,-0.264805942773819,0.5178234577178955,0.7438335418701172,0.4225761294364929,0.008890502154827118,-0.4986117780208588,0.8667798042297363],"rotationconfidence":1},"18":{"id":18,"position":[-31.23107179999352,-696.3462829589844,2323.993921279907],"positionconfidence":1,"rotation":[0.6386224031448364,-0.7695202231407166,0,0.6330943703651428,0.5254030227661133,0.568456768989563,-0.43743896484375,-0.3630292415618897,0.8227130770683289],"rotationconfidence":1},"19":{"id":19,"position":[-192.3965066671372,-830.096960067749,2179.283142089844],"positionconfidence":1,"rotation":[-0.8905254006385803,0.4549335241317749,0,0.3177933394908905,0.622075617313385,-0.7155622243881226,-0.3255332410335541,-0.6372263431549072,-0.6985489726066589],"rotationconfidence":1},"20":{"id":20,"position":[-163.5617613792419,-773.6533880233765,2241.158485412598],"positionconfidence":1,"rotation":[-0.8905254006385803,0.4549335241317749,0,0.3177933394908905,0.622075617313385,-0.7155622243881226,-0.3255332410335541,-0.6372263431549072,-0.6985489726066589],"rotationconfidence":1},"21":{"id":21,"position":[299.6499538421631,-456.0437500476837,2458.83321762085],"positionconfidence":1,"rotation":[0.9604823589324951,0.2385479062795639,0.1434168070554733,-0.278267115354538,0.8111123442649841,0.5144550800323486,0.006395040079951286,-0.5340332984924316,0.8454392552375793],"rotationconfidence":1},"22":{"id":22,"position":[381.8067908287048,-695.5202221870422,2306.94317817688],"positionconfidence":1,"rotation":[0.8696521520614624,0.4777897596359253,0.1241854503750801,-0.4062141478061676,0.5496359467506409,0.7299935221672058,0.2805266380310059,-0.6852863430976868,0.6720770597457886],"rotationconfidence":1},"23":{"id":23,"position":[527.0918011665344,-892.1009302139282,2045.856475830078],"positionconfidence":0.5,"rotation":[-0.8458284139633179,0.5334550738334656,0,-0.5280783772468567,-0.8373032808303833,-0.1416208744049072,-0.07554837316274643,-0.1197869628667831,0.989920973777771],"rotationconfidence":0.5},"24":{"id":24,"position":[534.1715812683105,-880.8754682540894,1953.089118003845],"positionconfidence":0.5,"rotation":[-0.8458284139633179,0.5334550738334656,0,-0.5280783772468567,-0.8373032808303833,-0.1416208744049072,-0.07554837316274643,-0.1197869628667831,0.989920973777771],"rotationconfidence":0.5}},"skeletonTracked":true,"frameCount":5},{"position":[194.4027245044708,-421.0423231124878,2342.490434646606],"positionTracked":true,"id":4821,"skeleton":{"1":{"id":1,"position":[212.449386715889,113.3616641163826,2455.167293548584],"positionconfidence":1,"rotation":[0.9854501485824585,0.1699651479721069,0,-0.1311556398868561,0.7604343295097351,-0.6360328793525696,-0.1081034243106842,0.6267787218093872,0.7716619968414307],"rotationconfidence":1},"2":{"id":2,"position":[240.3364032506943,-48.32597076892853,2590.404033660889],"positionconfidence":1,"rotation":[0.9903762340545654,0.07190340757369995,-0.1182574257254601,-0.1311556398868561,0.7604343295097351,-0.6360328793525696,0.04419407621026039,0.6454219818115234,0.7625466585159302],"rotationconfidence":1},"3":{"id":3,"position":[229.542538523674,-334.7906470298767,2541.802883148193],"positionconfidence":1,"rotation":[0.997952401638031,-0.0278322771191597,-0.05758709460496903,0.03712310642004013,0.9852318167686462,0.1671528816223145,0.05208439379930496,-0.1689484417438507,0.9842477440834045],"rotationconfidence":1},"4":{"id":4,"position":[223.9573150873184,-377.108246088028,2487.621307373047],"positionconfidence":1,"rotation":[0.9966346025466919,-0.05991929769515991,-0.05593758076429367,0.0809740424156189,0.6135165691375732,0.7855193614959717,-0.01274913549423218,-0.787405252456665,0.6163037419319153],"rotationconfidence":1},"6":{"id":6,"position":[64.33025002479553,-130.3928941488266,2589.437961578369],"positionconfidence":1,"rotation":[0.1479969769716263,0.9790080189704895,0.1401439905166626,-0.1704507619142532,0.1648336946964264,-0.9714816212654114,-0.9741886258125305,0.1198886781930924,0.1912675201892853],"rotationconfidence":1},"7":{"id":7,"position":[31.29037842154503,-348.9534258842468,2558.151245117188],"positionconfidence":1,"rotation":[0.1951431781053543,0.0213563833385706,0.9805422425270081,0.1134711280465126,0.9925576448440552,-0.0442006029188633,-0.9741886258125305,0.1198886781930924,0.1912675201892853],"rotationconfidence":1},"8":{"id":8,"position":[-16.92345924675465,-354.2299270629883,2315.889596939087],"positionconfidence":1,"rotation":[-0.05712597817182541,-0.08412711322307587,0.9948161840438843,0,0.9964433908462524,0.08426471799612045,-0.9983669519424438,0.004813704639673233,-0.0569228045642376],"rotationconfidence":1},"9":{"id":9,"position":[-13.73403519392014,-349.5329916477203,2260.347604751587],"positionconfidence":1,"rotation":[-0.05712597817182541,-0.08412711322307587,0.9948161840438843,0,0.9964433908462524,0.08426471799612045,-0.9983669519424438,0.004813704639673233,-0.0569228045642376],"rotationconfidence":1},"12":{"id":12,"position":[422.2503006458283,-132.1640908718109,2570.193529129028],"positionconfidence":1,"rotation":[0.2665939331054688,-0.9564319252967834,-0.1190198659896851,-0.2578537464141846,0.0482100136578083,-0.96498042345047,0.9286759495735168,0.2879476249217987,-0.233767032623291],"rotationconfidence":1},"13":{"id":13,"position":[481.9865524768829,-346.473753452301,2543.524503707886],"positionconfidence":1,"rotation":[-0.2457648366689682,0.005704307928681374,-0.9693127274513245,-0.2777778208255768,0.9576291441917419,0.07606485486030579,0.9286759495735168,0.2879476249217987,-0.233767032623291],"rotationconfidence":1},"14":{"id":14,"position":[404.3132066726685,-344.6709215641022,2237.175703048706],"positionconfidence":1,"rotation":[-0.2314747422933579,-0.1142076849937439,-0.9661138653755188,0,-0.9930851459503174,0.1173960566520691,-0.9728408455848694,0.02717422135174274,0.2298741340637207],"rotationconfidence":1},"15":{"id":15,"position":[391.2191689014435,-351.131409406662,2182.524681091309],"positionconfidence":1,"rotation":[-0.2314747422933579,-0.1142076849937439,-0.9661138653755188,0,-0.9930851459503174,0.1173960566520691,-0.9728408455848694,0.02717422135174274,0.2298741340637207],"rotationconfidence":1},"17":{"id":17,"position":[138.5731101036072,-452.0184695720673,2465.274572372437],"positionconfidence":1,"rotation":[0.8633221387863159,-0.4328071475028992,-0.2595245242118835,0.5045972466468811,0.7479973435401917,0.4311398267745972,0.007523271720856428,-0.5031679272651672,0.8641560077667236],"rotationconfidence":1},"18":{"id":18,"position":[-29.91223335266113,-701.7752528190613,2321.316719055176],"positionconfidence":1,"rotation":[0.6517491340637207,-0.7584346532821655,0,0.6282116174697876,0.5398439168930054,0.560284435749054,-0.4249391257762909,-0.3651649057865143,0.8283002376556396],"rotationconfidence":1},"19":{"id":19,"position":[-190.235897898674,-839.5469188690186,2178.328514099121],"positionconfidence":1,"rotation":[-0.892344057559967,-0.451355904340744,0,0.4328533113002777,-0.8557639122009277,-0.2833836972713471,0.1279069036245346,-0.2528757452964783,0.959006667137146],"rotationconfidence":1},"20":{"id":20,"position":[-195.6487745046616,-828.8455009460449,2137.744426727295],"positionconfidence":1,"rotation":[-0.892344057559967,-0.451355904340744,0,0.4328533113002777,-0.8557639122009277,-0.2833836972713471,0.1279069036245346,-0.2528757452964783,0.959006667137146],"rotationconfidence":1},"21":{"id":21,"position":[297.9417741298676,-458.7548673152924,2459.964752197266],"positionconfidence":1,"rotation":[0.9610779881477356,0.235886886715889,0.1438277959823608,-0.276223748922348,0.8101810216903687,0.5170174837112427,0.00543109979480505,-0.5366228222846985,0.8438047766685486],"rotationconfidence":1},"22":{"id":22,"position":[379.4662654399872,-697.8711485862732,2307.372570037842],"positionconfidence":1,"rotation":[0.8637814521789551,0.4870785474777222,0.1289806365966797,-0.4147997498512268,0.5420795679092407,0.7308151721954346,0.2860466241836548,-0.6847657561302185,0.6702783107757568],"rotationconfidence":1},"23":{"id":23,"position":[527.7489423751831,-891.653835773468,2046.120643615723],"positionconfidence":0.5,"rotation":[-0.8302522897720337,0.55738765001297,0,-0.5515719056129456,-0.821589469909668,-0.1440802663564682,-0.08030857890844345,-0.119622990489006,0.9895660281181335],"rotationconfidence":0.5},"24":{"id":24,"position":[535.2920889854431,-880.4180026054382,1953.173637390137],"positionconfidence":0.5,"rotation":[-0.8302522897720337,0.55738765001297,0,-0.5515719056129456,-0.821589469909668,-0.1440802663564682,-0.08030857890844345,-0.119622990489006,0.9895660281181335],"rotationconfidence":0.5}},"skeletonTracked":true,"frameCount":6},{"position":[198.0820745229721,-424.4951903820038,2343.903303146362],"positionTracked":true,"id":4821,"skeleton":{"1":{"id":1,"position":[214.5095616579056,119.4973364472389,2464.165210723877],"positionconfidence":1,"rotation":[0.9903259873390198,0.138760581612587,0,-0.1120424792170525,0.7996404767036438,-0.5899335145950317,-0.0818595141172409,0.5842264890670776,0.8074518442153931],"rotationconfidence":1},"2":{"id":2,"position":[238.2684797048569,-50.06864666938782,2589.262247085571],"positionconfidence":1,"rotation":[0.9927405714988708,0.0639454796910286,-0.101868636906147,-0.1120424792170525,0.7996404767036438,-0.5899335145950317,0.04373470693826675,0.5970645546913147,0.80100017786026],"rotationconfidence":1},"3":{"id":3,"position":[227.6266515254974,-336.5833759307861,2542.169332504273],"positionconfidence":1,"rotation":[0.9981252551078796,-0.02813868597149849,-0.05435486882925034,0.03662598133087158,0.9860978126525879,0.1620796918869019,0.04903849959373474,-0.1637665927410126,0.9852795600891113],"rotationconfidence":1},"4":{"id":4,"position":[222.4607467651367,-379.010409116745,2488.111257553101],"positionconfidence":1,"rotation":[0.9971106052398682,-0.05596795305609703,-0.05136002972722054,0.07496259361505508,0.6156598925590515,0.7844382524490356,-0.01228309702128172,-0.786021888256073,0.6180765628814697],"rotationconfidence":1},"6":{"id":6,"position":[62.41214275360107,-130.4695755243301,2588.916063308716],"positionconfidence":1,"rotation":[0.1457028537988663,0.9790535569190979,0.1422142535448074,-0.1699632108211517,0.166382372379303,-0.9713029861450195,-0.9746195077896118,0.1173504143953323,0.1906454563140869],"rotationconfidence":1},"7":{"id":7,"position":[29.8034530133009,-349.5843708515167,2557.088136672974],"positionconfidence":1,"rotation":[0.1940904855728149,0.01855767890810967,0.9808080792427063,0.1115602999925613,0.9929171800613403,-0.0408632755279541,-0.9746195077896118,0.1173504143953323,0.1906454563140869],"rotationconfidence":1},"8":{"id":8,"position":[-16.71057008206844,-35