{"motiondata":[{"position":[214.1772508621216,-407.3342084884644,2349.188566207886],"positionTracked":true,"id":4821,"skeleton":{"1":{"id":1,"position":[255.6204795837402,208.4005773067474,2605.730295181274],"positionconfidence":1,"rotation":[0.9983640313148499,0.05717682838439941,0,-0.05699306726455689,0.995155394077301,-0.08010957390069962,-0.00458041112869978,0.07997851818799973,0.9967860579490662],"rotationconfidence":1},"2":{"id":2,"position":[267.0038640499115,9.63540654629469,2621.730804443359],"positionconfidence":1,"rotation":[0.9961724877357483,0.05135753005743027,-0.07073062658309937,-0.05699306726455689,0.995155394077301,-0.08010957390069962,0.06627373397350311,0.08383411169052124,0.9942734241485596],"rotationconfidence":1},"3":{"id":3,"position":[256.2352418899536,-303.1686544418335,2556.858539581299],"positionconfidence":1,"rotation":[0.9977419376373291,-0.02112589590251446,-0.06375666707754135,0.03368967399001122,0.9786087274551392,0.2029531300067902,0.05810526013374329,-0.2046427875757217,0.9771106839179993],"rotationconfidence":1},"4":{"id":4,"position":[251.9724667072296,-345.4571664333344,2497.395992279053],"positionconfidence":1,"rotation":[0.9980146288871765,-0.05320369824767113,-0.03370872884988785,0.05832153931260109,0.5785740613937378,0.8135421276092529,-0.02378045208752155,-0.8138927817344666,0.580528199672699],"rotationconfidence":1},"6":{"id":6,"position":[85.76343953609467,-100.7408350706101,2610.575199127197],"positionconfidence":1,"rotation":[0.2439237982034683,0.9689590334892273,-0.04024322703480721,0.04372098296880722,-0.05244174972176552,-0.9976664781570435,-0.9688084125518799,0.241595134139061,-0.05515563488006592],"rotationconfidence":1},"7":{"id":7,"position":[35.29290854930878,-301.2291789054871,2618.901968002319],"positionconfidence":1,"rotation":[-0.03344070166349411,0.0930795669555664,0.9950969219207764,0.24554443359375,0.9659026861190796,-0.08209715783596039,-0.9688084125518799,0.241595134139061,-0.05515563488006592],"rotationconfidence":1},"8":{"id":8,"position":[45.03798112273216,-328.3538222312927,2328.917264938355],"positionconfidence":1,"rotation":[-0.09242471307516098,-0.01834947243332863,0.9955506324768066,0,0.9998301863670349,0.01842834986746311,-0.9957197308540344,0.001703234971500933,-0.09240901470184326],"rotationconfidence":1},"9":{"id":9,"position":[52.99210175871849,-326.7746567726135,2243.239641189575],"positionconfidence":1,"rotation":[-0.09242471307516098,-0.01834947243332863,0.9955506324768066,0,0.9998301863670349,0.01842834986746311,-0.9957197308540344,0.001703234971500933,-0.09240901470184326],"rotationconfidence":1},"12":{"id":12,"position":[430.6755363941193,-109.1818735003471,2588.29665184021],"positionconfidence":1,"rotation":[0.2232867926359177,-0.9692712426185608,-0.1032289415597916,-0.3563903868198395,0.01739106327295303,-0.9341752529144287,0.9072645306587219,0.2453788071870804,-0.3415557742118835],"rotationconfidence":1},"13":{"id":13,"position":[478.8960516452789,-318.5035288333893,2566.003561019898],"positionconfidence":1,"rotation":[-0.3320774435997009,-0.08036426454782486,-0.9398223757743835,-0.2580613791942596,0.9660905003547668,0.008573120459914207,0.9072645306587219,0.2453788071870804,-0.3415557742118835],"rotationconfidence":1},"14":{"id":14,"position":[383.1607401371002,-341.6719138622284,2295.060157775879],"positionconfidence":1,"rotation":[-0.2965718805789948,-0.2043967247009277,-0.9328810572624207,0,-0.9768280386924744,0.2140256315469742,-0.9550105333328247,0.06347398459911346,0.2896997332572937],"rotationconfidence":1},"15":{"id":15,"position":[378.5466849803925,-344.8519110679627,2280.546426773071],"positionconfidence":1,"rotation":[-0.2965718805789948,-0.2043967247009277,-0.9328810572624207,0,-0.9768280386924744,0.2140256315469742,-0.9550105333328247,0.06347398459911346,0.2896997332572937],"rotationconfidence":1},"17":{"id":17,"position":[171.5114861726761,-415.2545034885407,2469.177961349487],"positionconfidence":1,"rotation":[0.8694672584533691,-0.4431429803371429,-0.2182914316654205,0.4936483800411224,0.7629818916320801,0.4173368215560913,-0.0183874573558569,-0.4706198573112488,0.8821445107460022],"rotationconfidence":1},"18":{"id":18,"position":[1.690944656729698,-677.7287721633911,2325.609445571899],"positionconfidence":1,"rotation":[0.6651240587234497,-0.7467328310012817,0,0.6590078473091125,0.5869863033294678,0.4702719748020172,-0.3511675298213959,-0.3127892017364502,0.8825215101242065],"rotationconfidence":1},"19":{"id":19,"position":[-179.2306751012802,-838.8778567314148,2196.502685546875],"positionconfidence":1,"rotation":[-0.5902746915817261,0.8072024583816528,0,0.3676775395870209,0.2688677906990051,-0.8902378678321838,-0.718602180480957,-0.5254848599433899,-0.4554960429668427],"rotationconfidence":1},"20":{"id":20,"position":[-139.9866044521332,-810.1802468299866,2221.378087997437],"positionconfidence":1,"rotation":[-0.5902746915817261,0.8072024583816528,0,0.3676775395870209,0.2688677906990051,-0.8902378678321838,-0.718602180480957,-0.5254848599433899,-0.4554960429668427],"rotationconfidence":1},"21":{"id":21,"position":[328.2164931297302,-418.8847243785858,2470.507621765137],"positionconfidence":1,"rotation":[0.9768692255020142,0.1671382039785385,0.1333839893341065,-0.2129160016775131,0.8180890083312988,0.5342257022857666,-0.01983046159148216,-0.5502682328224182,0.8347524404525757],"rotationconfidence":1},"22":{"id":22,"position":[400.6227850914002,-697.0920562744141,2288.833618164063],"positionconfidence":1,"rotation":[0.6828990578651428,0.7209860682487488,-0.1175919249653816,-0.4437869489192963,0.5373144149780273,0.7171793580055237,0.580260157585144,-0.4375753402709961,0.6868957281112671],"rotationconfidence":1},"23":{"id":23,"position":[538.196861743927,-863.659679889679,2066.507816314697],"positionconfidence":0.5,"rotation":[-0.1681719422340393,-0.9857576489448547,0,0.9641179442405701,-0.1644801795482636,-0.2083812952041626,0.2054134607315064,-0.03504388779401779,0.9780476689338684],"rotationconfidence":0.5},"24":{"id":24,"position":[524.5417356491089,-861.3300919532776,2001.490831375122],"positionconfidence":0.5,"rotation":[-0.1681719422340393,-0.9857576489448547,0,0.9641179442405701,-0.1644801795482636,-0.2083812952041626,0.2054134607315064,-0.03504388779401779,0.9780476689338684],"rotationconfidence":0.5}},"skeletonTracked":true,"frameCount":1},{"position":[224.811390042305,-381.7296624183655,2357.166767120361],"positionTracked":true,"id":4821,"skeleton":{"1":{"id":1,"position":[256.5848231315613,209.1255635023117,2604.925155639648],"positionconfidence":1,"rotation":[0.9986447095870972,0.05204613134264946,0,-0.05186370387673378,0.9951443672180176,-0.08365407586097717,-0.00435387110337615,0.08354070037603378,0.9964949488639832],"rotationconfidence":1},"2":{"id":2,"position":[266.9752836227417,9.756695479154587,2621.684551239014],"positionconfidence":1,"rotation":[0.9969041347503662,0.04663383588194847,-0.06330523639917374,-0.05186370387673378,0.9951443672180176,-0.08365407586097717,0.05909673124551773,0.08667832612991333,0.9944819808006287],"rotationconfidence":1},"3":{"id":3,"position":[256.1348378658295,-303.0866980552673,2556.740283966065],"positionconfidence":1,"rotation":[0.9981487393379211,-0.02288967929780483,-0.05634820461273193,0.03390848636627197,0.9785616993904114,0.2031431049108505,0.05049031972885132,-0.2046777307987213,0.9775263667106628],"rotationconfidence":1},"4":{"id":4,"position":[252.0098984241486,-345.4207479953766,2497.147560119629],"positionconfidence":1,"rotation":[0.9979736804962158,-0.05675916373729706,-0.02875746786594391,0.05633985996246338,0.5782132148742676,0.8139381408691406,-0.02957050129771233,-0.8139090538024902,0.5802393555641174],"rotationconfidence":1},"6":{"id":6,"position":[85.9280675649643,-99.99062865972519,2608.575582504273],"positionconfidence":1,"rotation":[0.2539824843406677,0.9666140079498291,-0.03391516581177712,0.05184822902083397,-0.04862119257450104,-0.9974706768989563,-0.9658181667327881,0.2515816390514374,-0.06246615573763847],"rotationconfidence":1},"7":{"id":7,"position":[33.84086489677429,-298.2256412506104,2615.530967712402],"positionconfidence":1,"rotation":[-0.04000763967633247,0.09341955184936523,0.9948226809501648,0.2561146914958954,0.9633169174194336,-0.08016110956668854,-0.9658181667327881,0.2515816390514374,-0.06246615573763847],"rotationconfidence":1},"8":{"id":8,"position":[45.44858634471893,-325.3301680088043,2326.895475387573],"positionconfidence":0.5,"rotation":[-0.1681813597679138,0.01722569577395916,0.9856055974960327,0,0.999847412109375,-0.01747460290789604,-0.9857562184333801,-0.002938902471214533,-0.168155699968338],"rotationconfidence":0.5},"9":{"id":9,"position":[56.18312582373619,-326.4296352863312,2263.987064361572],"positionconfidence":1,"rotation":[-0.1681813597679138,0.01722569577395916,0.9856055974960327,0,0.999847412109375,-0.01747460290789604,-0.9857562184333801,-0.002938902471214533,-0.168155699968338],"rotationconfidence":1},"12":{"id":12,"position":[431.0559034347534,-109.0377643704414,2588.855028152466],"positionconfidence":1,"rotation":[0.2321742624044418,-0.9679660201072693,-0.09558664262294769,-0.3568443655967712,0.006654403638094664,-0.9341400265693665,0.9048519730567932,0.2509928643703461,-0.3438682556152344],"rotationconfidence":1},"13":{"id":13,"position":[480.5542826652527,-315.4032230377197,2568.476438522339],"positionconfidence":1,"rotation":[-0.3319450616836548,-0.08978939056396484,-0.9390155673027039,-0.2665619254112244,0.963815450668335,0.002069734735414386,0.9048519730567932,0.2509928643703461,-0.3438682556152344],"rotationconfidence":1},"14":{"id":14,"position":[384.6497535705566,-341.3448929786682,2297.178983688355],"positionconfidence":1,"rotation":[-0.3317436277866364,-0.1839950382709503,-0.925252377986908,0,-0.9807952642440796,0.1950402557849884,-0.9433695673942566,0.06470336019992828,0.325372576713562],"rotationconfidence":1},"15":{"id":15,"position":[378.7239491939545,-344.6315228939056,2280.651569366455],"positionconfidence":1,"rotation":[-0.3317436277866364,-0.1839950382709503,-0.925252377986908,0,-0.9807952642440796,0.1950402557849884,-0.9433695673942566,0.06470336019992828,0.325372576713562],"rotationconfidence":1},"17":{"id":17,"position":[171.6281920671463,-415.1597023010254,2468.467712402344],"positionconfidence":1,"rotation":[0.8687464594841003,-0.4466571807861328,-0.2139551043510437,0.4947396218776703,0.7629365921020508,0.4161255955696106,-0.02263131551444531,-0.4673596918582916,0.8837774395942688],"rotationconfidence":1},"18":{"id":18,"position":[0.7602632977068424,-678.654670715332,2324.750661849976],"positionconfidence":0.5,"rotation":[0.719778299331665,-0.6942040920257568,0,0.6015772819519043,0.6237391829490662,0.499053418636322,-0.3464449346065521,-0.359207808971405,0.8665713667869568],"rotationconfidence":0.5},"19":{"id":19,"position":[-163.2738709449768,-848.7317562103271,2188.672065734863],"positionconfidence":1,"rotation":[-0.6234602928161621,0.7818549871444702,0,0.5489225387573242,0.4377172589302063,-0.7121008038520813,-0.5567595958709717,-0.4439665973186493,-0.7020772099494934],"rotationconfidence":1},"20":{"id":20,"position":[-111.6047874093056,-807.5302243232727,2253.827095031738],"positionconfidence":1,"rotation":[-0.6234602928161621,0.7818549871444702,0,0.5489225387573242,0.4377172589302063,-0.7121008038520813,-0.5567595958709717,-0.4439665973186493,-0.7020772099494934],"rotationconfidence":1},"21":{"id":21,"position":[327.5577425956726,-419.6838438510895,2470.068216323853],"positionconfidence":1,"rotation":[0.9765615463256836,0.1660096049308777,0.1369977742433548,-0.2138446420431137,0.8206444382667542,0.5299180746078491,-0.02445495873689652,-0.5467938780784607,0.8369100689888],"rotationconfidence":1},"22":{"id":22,"position":[396.8988656997681,-685.7854723930359,2298.237323760986],"positionconfidence":1,"rotation":[0.7631303071975708,0.6420995593070984,-0.073078453540802,-0.40578493475914,0.5641148686408997,0.7191056609153748,0.502962052822113,-0.5191171765327454,0.6910474896430969],"rotationconfidence":1},"23":{"id":23,"position":[531.1112999916077,-872.3651766777039,2060.394763946533],"positionconfidence":0.5,"rotation":[0.02486429922282696,-0.99969083070755,0,0.9953192472457886,0.02475556917488575,-0.09341718256473541,0.09338830411434174,0.002322752727195621,0.9956270456314087],"rotationconfidence":0.5},"24":{"id":24,"position":[523.5217213630676,-872.5539445877075,1979.481101036072],"positionconfidence":0.5,"rotation":[0.02486429922282696,-0.99969083070755,0,0.9953192472457886,0.02475556917488575,-0.09341718256473541,0.09338830411434174,0.002322752727195621,0.9956270456314087],"rotationconfidence":0.5}},"skeletonTracked":true,"frameCount":2},{"position":[216.5570557117462,-402.9204547405243,2348.180532455444],"positionTracked":true,"id":4821,"skeleton":{"1":{"id":1,"position":[257.763534784317,210.123747587204,2603.951215744019],"positionconfidence":1,"rotation":[0.9989450573921204,0.04591918736696243,0,-0.04574199393391609,0.9950903058052063,-0.08776604384183884,-0.004030145239084959,0.08767345547676086,0.9961409568786621],"rotationconfidence":1},"2":{"id":2,"position":[266.9666707515717,9.914912283420563,2621.609449386597],"positionconfidence":1,"rotation":[0.997572660446167,0.04088453948497772,-0.05636749789118767,-0.04574199393391609,0.9950903058052063,-0.08776604384183884,0.05250247940421104,0.09013137221336365,0.9945451021194458],"rotationconfidence":1},"3":{"id":3,"position":[255.9868395328522,-303.0088841915131,2556.572198867798],"positionconfidence":1,"rotation":[0.9984679222106934,-0.02474763616919518,-0.04949294403195381,0.0343334898352623,0.9785001277923584,0.2033688724040985,0.04339594393968582,-0.2047565281391144,0.9778504967689514],"rotationconfidence":1},"4":{"id":4,"position":[251.9775331020355,-345.4088270664215,2496.859788894653],"positionconfidence":1,"rotation":[0.9978887438774109,-0.06026953831315041,-0.02420630306005478,0.05466410890221596,0.5780937671661377,0.8141372799873352,-0.03507416322827339,-0.8137415647506714,0.5801677703857422],"rotationconfidence":1},"6":{"id":6,"position":[86.10256761312485,-99.18667376041412,2606.741905212402],"positionconfidence":1,"rotation":[0.2620989978313446,0.9645681381225586,-0.03020840883255005,0.05824898183345795,-0.04705794900655747,-0.9971924424171448,-0.963281512260437,0.2596035003662109,-0.06851894408464432],"rotationconfidence":1},"7":{"id":7,"position":[32.69325196743012,-295.7418859004974,2612.897634506226],"positionconfidence":1,"rotation":[-0.04634076729416847,0.09061489254236221,0.9948073029518127,0.2644642889499664,0.9614546895027161,-0.07525742799043655,-0.963281512260437,0.2596035003662109,-0.06851894408464432],"rotationconfidence":1},"8":{"id":8,"position":[46.12568765878677,-322.0077157020569,2324.540615081787],"positionconfidence":1,"rotation":[-0.2326850146055222,0.09059242159128189,0.9683237075805664,0,0.9956522583961487,-0.09314917027950287,-0.9725522994995117,-0.02167441695928574,-0.2316733598709106],"rotationconfidence":1},"9":{"id":9,"position":[57.91541561484337,-326.5978693962097,2275.477409362793],"positionconfidence":1,"rotation":[-0.2326850146055222,0.09059242159128189,0.9683237075805664,0,0.9956522583961487,-0.09314917027950287,-0.9725522994995117,-0.02167441695928574,-0.2316733598709106],"rotationconfidence":1},"12":{"id":12,"position":[431.4681589603424,-108.8695302605629,2589.3874168396],"positionconfidence":1,"rotation":[0.2377947121858597,-0.9671730995178223,-0.08960927277803421,-0.3566485047340393,-0.001129830838181078,-0.9342379570007324,0.9034686088562012,0.2541158795356751,-0.3452095091342926],"rotationconfidence":1},"13":{"id":13,"position":[481.6561043262482,-312.9969835281372,2570.474863052368],"positionconfidence":1,"rotation":[-0.3311286866664887,-0.0976739376783371,-0.9385167360305786,-0.2722099721431732,0.9622291922569275,-0.004100278951227665,0.9034686088562012,0.2541158795356751,-0.3452095091342926],"rotationconfidence":1},"14":{"id":14,"position":[385.8814835548401,-341.2478864192963,2299.021244049072],"positionconfidence":1,"rotation":[-0.350137323141098,-0.1615562289953232,-0.9226610064506531,0,-0.9850140810012817,0.172474130988121,-0.9366983771324158,0.06038963049650192,0.3448902070522308],"rotationconfidence":1},"15":{"id":15,"position":[378.9668083190918,-344.438374042511,2280.800104141235],"positionconfidence":1,"rotation":[-0.350137323141098,-0.1615562289953232,-0.9226610064506531,0,-0.9850140810012817,0.172474130988121,-0.9366983771324158,0.06038963049650192,0.3448902070522308],"rotationconfidence":1},"17":{"id":17,"position":[171.6402471065521,-415.0543212890625,2467.77081489563],"positionconfidence":1,"rotation":[0.8691089153289795,-0.4484488666057587,-0.20867058634758,0.4939060211181641,0.7641672492027283,0.4148557484149933,-0.02658235281705856,-0.4636184573173523,0.8856361508369446],"rotationconfidence":1},"18":{"id":18,"position":[0.7424541399814188,-679.4659495353699,2324.225425720215],"positionconfidence":1,"rotation":[0.730991005897522,-0.6823870539665222,0,0.5904098153114319,0.6324625611305237,0.5014054179191589,-0.3421525657176971,-0.3665228486061096,0.8652124404907227],"rotationconfidence":1},"19":{"id":19,"position":[-160.0043475627899,-851.6621589660645,2187.711238861084],"positionconfidence":1,"rotation":[-0.5651623010635376,0.8249797821044922,0,0.588591992855072,0.403221994638443,-0.7006936073303223,-0.5780580043792725,-0.3960055708885193,-0.7134622931480408],"rotationconfidence":1},"20":{"id":20,"position":[-96.66513651609421,-808.2708716392517,2265.887022018433],"positionconfidence":1,"rotation":[-0.5651623010635376,0.8249797821044922,0,0.588591992855072,0.403221994638443,-0.7006936073303223,-0.5780580043792725,-0.3960055708885193,-0.7134622931480408],"rotationconfidence":1},"21":{"id":21,"position":[326.8403708934784,-420.4283058643341,2469.615936279297],"positionconfidence":1,"rotation":[0.9765035510063171,0.1638036221265793,0.1400327682495117,-0.213564857840538,0.8224906325340271,0.5271615386009216,-0.02882466837763786,-0.5446811318397522,0.8381476402282715],"rotationconfidence":1},"22":{"id":22,"position":[394.5857286453247,-681.3322901725769,2302.393913269043],"positionconfidence":1,"rotation":[0.8285008072853088,0.5597814321517944,-0.01520568691194058,-0.3807134926319122,0.5829698443412781,0.7177767157554626,0.4106625318527222,-0.5888895988464355,0.6961073279380798],"rotationconfidence":1},"23":{"id":23,"position":[524.7808694839478,-880.6943893432617,2056.931018829346],"positionconfidence":0.5,"rotation":[-0.3003789782524109,-0.953819990158081,0,0.9535350799560547,-0.3002892732620239,-0.02443544939160347,0.02330701798200607,-0.007339894771575928,0.9997013211250305],"rotationconfidence":0.5},"24":{"id":24,"position":[522.7229595184326,-880.0463080406189,1968.661665916443],"positionconfidence":0.5,"rotation":[-0.3003789782524109,-0.953819990158081,0,0.9535350799560547,-0.3002892732620239,-0.02443544939160347,0.02330701798200607,-0.007339894771575928,0.9997013211250305],"rotationconfidence":0.5}},"skeletonTracked":true,"frameCount":3},{"position":[209.9964618682861,-409.3003869056702,2347.203731536865],"positionTracked":true,"id":4821,"skeleton":{"1":{"id":1,"position":[259.3463957309723,211.8928730487824,2602.770566940308],"positionconfidence":1,"rotation":[0.9992793798446655,0.03795640915632248,0,-0.03779474273324013,0.9950231909751892,-0.09219685941934586,-0.003499461803585291,0.09213042259216309,0.9957407116889954],"rotationconfidence":1},"2":{"id":2,"position":[267.0084238052368,10.17445884644985,2621.461391448975],"positionconfidence":1,"rotation":[0.998283326625824,0.03346475586295128,-0.04806728288531303,-0.03779474273324013,0.9950231909751892,-0.09219685941934586,0.04474272206425667,0.09385528415441513,0.9945799708366394],"rotationconfidence":1},"3":{"id":3,"position":[255.7087540626526,-302.928239107132,2556.296348571777],"positionconfidence":1,"rotation":[0.998769998550415,-0.02745088376104832,-0.0412924624979496,0.03531018272042275,0.9784103035926819,0.2036333531141281,0.03481105342507362,-0.204840898513794,0.9781760573387146],"rotationconfidence":1},"4":{"id":4,"position":[251.8148124217987,-345.4465568065643,2496.47068977356],"positionconfidence":1,"rotation":[0.9977047443389893,-0.06508402526378632,-0.0186833031475544,0.05297962948679924,0.5784896016120911,0.8139672875404358,-0.04216817766427994,-0.8130890130996704,0.5806100368499756],"rotationconfidence":1},"6":{"id":6,"position":[86.38220280408859,-97.91556745767593,2604.478120803833],"positionconfidence":1,"rotation":[0.2704467177391052,0.9623240828514099,-0.02812095917761326,0.09937435388565063,-0.05695727095007896,-0.9934186339378357,-0.9575924873352051,0.2658723592758179,-0.1110342592000961],"rotationconfidence":1},"7":{"id":7,"position":[31.31278976798058,-293.8677370548248,2610.204219818115],"positionconfidence":1,"rotation":[-0.08470051735639572,0.1085779070854187,0.9904730319976807,0.2753952741622925,0.9578741788864136,-0.08145385980606079,-0.9575924873352051,0.2658723592758179,-0.1110342592000961],"rotationconfidence":1},"8":{"id":8,"position":[55.9326596558094,-325.4280388355255,2322.303771972656],"positionconfidence":1,"rotation":[-0.08590324223041534,0.02982614375650883,0.9958569407463074,0,0.9995518326759338,-0.02993680723011494,-0.9963035583496094,-0.002571668708696961,-0.08586474508047104],"rotationconfidence":1},"9":{"id":9,"position":[59.47599932551384,-326.658308506012,2281.226634979248],"positionconfidence":1,"rotation":[-0.08590324223041534,0.02982614375650883,0.9958569407463074,0,0.9995518326759338,-0.02993680723011494,-0.9963035583496094,-0.002571668708696961,-0.08586474508047104],"rotationconfidence":1},"12":{"id":12,"position":[432.0724308490753,-108.6111664772034,2589.936017990112],"positionconfidence":1,"rotation":[0.2416945993900299,-0.9674601554870605,-0.07486367225646973,-0.3516015708446503,-0.01540744304656982,-0.936022937297821,0.9044114351272583,0.2525538802146912,-0.3438844084739685],"rotationconfidence":1},"13":{"id":13,"position":[482.483297586441,-310.396820306778,2574.321508407593],"positionconfidence":1,"rotation":[-0.3277305364608765,-0.1048556491732597,-0.9389345049858093,-0.2731897830963135,0.9618844985961914,-0.01206302922219038,0.9044114351272583,0.2525538802146912,-0.3438844084739685],"rotationconfidence":1},"14":{"id":14,"position":[387.1045112609863,-340.9127593040466,2301.06520652771],"positionconfidence":0.5,"rotation":[0.1639863401651382,-0.3826655149459839,-0.9092170000076294,0,-0.9216943383216858,0.3879168927669525,-0.9864625930786133,-0.06361307203769684,-0.1511452794075012],"rotationconfidence":0.5},"15":{"id":15,"position":[393.5776054859161,-356.0178577899933,2265.175342559815],"positionconfidence":1,"rotation":[0.1639863401651382,-0.3826655149459839,-0.9092170000076294,0,-0.9216943383216858,0.3879168927669525,-0.9864625930786133,-0.06361307203769684,-0.1511452794075012],"rotationconfidence":1},"17":{"id":17,"position":[171.4541912078857,-414.9570763111115,2466.834306716919],"positionconfidence":1,"rotation":[0.8717004656791687,-0.4480333924293518,-0.1985061764717102,0.4889833331108093,0.7686818242073059,0.4123392403125763,-0.03215364739298821,-0.4565024673938751,0.8891410827636719],"rotationconfidence":1},"18":{"id":18,"position":[1.057189889252186,-682.8211545944214,2323.145627975464],"positionconfidence":1,"rotation":[0.7322043180465698,-0.6810850501060486,0,0.5918875336647034,0.636311948299408,0.4947488307952881,-0.3369660377502441,-0.3622572422027588,0.869036078453064],"rotationconfidence":1},"19":{"id":19,"position":[-159.7349643707275,-855.6816577911377,2188.742160797119],"positionconfidence":1,"rotation":[-0.6551174521446228,-0.7555270791053772,0,0.7078828811645508,-0.6138051748275757,-0.3494926691055298,0.2640511691570282,-0.2289587408304215,0.9369391202926636],"rotationconfidence":1},"20":{"id":20,"position":[-172.311469912529,-844.7765707969666,2144.116640090942],"positionconfidence":1,"rotation":[-0.6551174521446228,-0.7555270791053772,0,0.7078828811645508,-0.6138051748275757,-0.3494926691055298,0.2640511691570282,-0.2289587408304215,0.9369391202926636],"rotationconfidence":1},"21":{"id":21,"position":[325.918972492218,-421.3072657585144,2469.159841537476],"positionconfidence":1,"rotation":[0.9758695363998413,0.1621050089597702,0.1462903022766113,-0.215528279542923,0.8225507736206055,0.5262678265571594,-0.03502054139971733,-0.5450984239578247,0.8376404047012329],"rotationconfidence":1},"22":{"id":22,"position":[393.4272229671478,-678.9484620094299,2304.321050643921],"positionconfidence":1,"rotation":[0.8770361542701721,0.4788230955600739,0.03919260203838348,-0.3596977293491364,0.6003767848014832,0.7142584323883057,0.3184731006622315,-0.6405279636383057,0.6987837553024292],"rotationconfidence":1},"23":{"id":23,"position":[519.1226005554199,-888.7484669685364,2054.725408554077],"positionconfidence":0.5,"rotation":[-0.6840919256210327,0.7293957471847534,0,-0.7287977337837219,-0.6835310459136963,-0.04048574715852737,-0.02953013405203819,-0.02769597619771957,0.9991801381111145],"rotationconfidence":0.5},"24":{"id":24,"position":[521.8642950057983,-886.1770629882812,1961.957573890686],"positionconfidence":0.5,"rotation":[-0.6840919256210327,0.7293957471847534,0,-0.7287977337837219,-0.6835310459136963,-0.04048574715852737,-0.02953013405203819,-0.02769597619771957,0.9991801381111145],"rotationconfidence":0.5}},"skeletonTracked":true,"frameCount":4},{"position":[210.8003944158554,-403.2105803489685,2349.230289459229],"positionTracked":true,"id":4821,"skeleton":{"1":{"id":1,"position":[260.8700394630432,213.4557217359543,2601.652383804321],"positionconfidence":1,"rotation":[0.9995338320732117,0.03053250536322594,0,-0.03039161302149296,0.9949215054512024,-0.09595693647861481,-0.002929805777966976,0.09591220319271088,0.9953856468200684],"rotationconfidence":1},"2":{"id":2,"position":[267.0693695545197,10.51003579050303,2621.225833892822],"positionconfidence":1,"rotation":[0.9988763332366943,0.02673815563321114,-0.03913314640522003,-0.03039161302149296,0.9949215054512024,-0.09595693647861481,0.03636869043111801,0.09703841060400009,0.9946159720420837],"rotationconfidence":1},"3":{"id":3,"position":[255.3353309631348,-302.8418123722076,2555.941581726074],"positionconfidence":1,"rotation":[0.9990007281303406,-0.03062818385660648,-0.03254866600036621,0.03663505986332893,0.9783215522766113,0.2038251757621765,0.02560027129948139,-0.2048139274120331,0.9784660935401917],"rotationconfidence":1},"4":{"id":4,"position":[251.5920400619507,-345.5071151256561,2496.033668518066],"positionconfidence":1,"rotation":[0.9974807500839233,-0.06980697810649872,-0.01261143852025271,0.05083020031452179,0.5793527364730835,0.8134903907775879,-0.04948083683848381,-0.8120821118354797,0.5814415812492371],"rotationconfidence":1},"6":{"id":6,"position":[86.69017255306244,-96.56412899494171,2602.100133895874],"positionconfidence":1,"rotation":[0.277836412191391,0.9602005481719971,-0.02866725064814091,0.2115512043237686,-0.09026790410280228,-0.9731894731521606,-0.9370447993278503,0.2643228769302368,-0.2282112985849381],"rotationconfidence":1},"7":{"id":7,"position":[29.9717802554369,-292.5824820995331,2607.952356338501],"positionconfidence":1,"rotation":[-0.190110445022583,0.1620521545410156,0.9682959914207458,0.2929249107837677,0.9507220983505249,-0.1015995889902115,-0.9370447993278503,0.2643228769302368,-0.2282112985849381],"rotationconfidence":1},"8":{"id":8,"position":[85.47959476709366,-339.8979306221008,2325.23250579834],"positionconfidence":1,"rotation":[0.4997461438179016,-0.2676473557949066,0.8237830996513367,0,0.9510619044303894,0.3090002834796906,-0.8661718368530273,-0.1544217020273209,0.475289523601532],"rotationconfidence":1},"9":{"id":9,"position":[60.7527531683445,-326.6550600528717,2284.472703933716],"positionconfidence":1,"rotation":[0.4997461438179016,-0.2676473557949066,0.8237830996513367,0,0.9510619044303894,0.3090002834796906,-0.8661718368530273,-0.1544217020273209,0.475289523601532],"rotationconfidence":1},"12":{"id":12,"position":[432.8127205371857,-108.2959622144699,2590.588569641113],"positionconfidence":1,"rotation":[0.2390253841876984,-0.9687095284461975,-0.06684763729572296,-0.4942465722560883,-0.06211761385202408,-0.8670994639396667,0.8358151912689209,0.2402980178594589,-0.4936290979385376],"rotationconfidence":1},"13":{"id":13,"position":[482.2905361652374,-308.817058801651,2576.751232147217],"positionconfidence":1,"rotation":[-0.4225007891654968,-0.2926191091537476,-0.8578270077705383,-0.3505794405937195,0.9255435466766357,-0.1430493891239166,0.8358151912689209,0.2402980178594589,-0.4936290979385376],"rotationconfidence":1},"14":{"id":14,"position":[378.9758086204529,-380.371630191803,2366.985559463501],"positionconfidence":0.5,"rotation":[0.1563226282596588,0.2352934777736664,-0.959270715713501,0,-0.9712107181549072,-0.2382221668958664,-0.9877061247825623,0.03723951429128647,-0.1518222093582153],"rotationconfidence":0.5},"15":{"id":15,"position":[395.2015340328217,-355.9490144252777,2267.416715621948],"positionconfidence":1,"rotation":[0.1563226282596588,0.2352934777736664,-0.959270715713501,0,-0.9712107181549072,-0.2382221668958664,-0.9877061247825623,0.03723951429128647,-0.1518222093582153],"rotationconfidence":1},"17":{"id":17,"position":[171.2063997983933,-414.9057269096375,2465.76714515686],"positionconfidence":1,"rotation":[0.873569667339325,-0.4488999247550964,-0.1880553215742111,0.4851687848567963,0.7725748419761658,0.4095600545406342,-0.03856466338038445,-0.4490177929401398,0.892690122127533],"rotationconfidence":1},"18":{"id":18,"position":[0.7784490589983761,-686.2924098968506,2321.898698806763],"positionconfidence":1,"rotation":[0.7306331396102905,-0.682770311832428,0,0.5949228405952454,0.6366274356842041,0.4906855523586273,-0.3350255191326141,-0.3585111200809479,0.8713367581367493],"rotationconfidence":1},"19":{"id":19,"position":[-160.5260372161865,-858.9044809341431,2188.856601715088],"positionconfidence":1,"rotation":[-0.7272922396659851,0.6863279342651367,0,0.2522203028202057,0.2672743797302246,-0.9300265312194824,-0.6383031606674194,-0.6764010190963745,-0.3674924075603485],"rotationconfidence":1},"20":{"id":20,"position":[-136.299192905426,-833.2316279411316,2202.804803848267],"positionconfidence":1,"rotation":[-0.7272922396659851,0.6863279342651367,0,0.2522203028202057,0.2672743797302246,-0.9300265312194824,-0.6383031606674194,-0.6764010190963745,-0.3674924075603485],"rotationconfidence":1},"21":{"id":21,"position":[325.0415623188019,-422.1182465553284,2468.785047531128],"positionconfidence":1,"rotation":[0.975170910358429,0.1598838865756989,0.1532279700040817,-0.2174328863620758,0.8225157856941223,0.5255385637283325,-0.04200727120041847,-0.5458067059516907,0.8368574380874634],"rotationconfidence":1},"22":{"id":22,"position":[392.4722671508789,-677.1984100341797,2305.804014205933],"positionconfidence":1,"rotation":[0.8990693688392639,0.4321093559265137,0.07039715349674225,-0.3484732508659363,0.6089666485786438,0.7125490307807922,0.2650295794010162,-0.6651625037193298,0.6980817914009094],"rotationconfidence":1},"23":{"id":23,"position":[516.0163640975952,-893.0951356887817,2053.184270858765],"positionconfidence":0.5,"rotation":[-0.5389926433563232,0.8423104286193848,0,-0.8401898145675659,-0.5376356244087219,-0.07091493159532547,-0.05973239243030548,-0.03822262957692146,0.9974823594093323],"rotationconfidence":0.5},"24":{"id":24,"position":[521.7336416244507,-889.436662197113,1957.710385322571],"positionconfidence":0.5,"rotation":[-0.5389926433563232,0.8423104286193848,0,-0.8401898145675659,-0.5376356244087219,-0.07091493159532547,-0.05973239243030548,-0.03822262957692146,0.9974823594093323],"rotationconfidence":0.5}},"skeletonTracked":true,"frameCount":5},{"position":[208.4038555622101,-407.7062904834747,2346.449613571167],"positionTracked":true,"id":4821,"skeleton":{"1":{"id":1,"position":[262.3065114021301,214.5912498235703,2600.6019115448],"positionconfidence":1,"rotation":[0.9997197389602661,0.02367431297898293,0,-0.02355790883302689,0.9948042035102844,-0.09904421865940094,-0.002344803884625435,0.0990164577960968,0.9950830936431885],"rotationconfidence":1},"2":{"id":2,"position":[267.1317756175995,10.82981657236815,2620.888710021973],"positionconfidence":1,"rotation":[0.9993740320205688,0.02081860229372978,-0.0286006610840559,-0.02355790883302689,0.9948042035102844,-0.09904421865940094,0.02639009244740009,0.09965597838163376,0.9946718215942383],"rotationconfidence":1},"3":{"id":3,"position":[254.8615336418152,-302.8873205184937,2555.414438247681],"positionconfidence":1,"rotation":[0.9991599917411804,-0.03444564715027809,-0.02220330387353897,0.03825943544507027,0.9781910181045532,0.2041531652212143,0.01468688435852528,-0.2048311680555344,0.9786872267723083],"rotationconfidence":1},"4":{"id":4,"position":[251.3176500797272,-345.7685112953186,2495.400905609131],"positionconfidence":1,"rotation":[0.9971663951873779,-0.07504363358020782,-0.005263502709567547,0.04799130186438561,0.5806974172592163,0.8127037882804871,-0.05793173983693123,-0.8106534481048584,0.582653284072876],"rotationconfidence":1},"6":{"id":6,"position":[87.07144111394882,-95.12685239315033,2599.222183227539],"positionconfidence":1,"rotation":[0.2856032848358154,0.9578791260719299,-0.02997155115008354,0.2062580585479736,-0.09197947382926941,-0.9741650223731995,-0.9358891248703003,0.2720428705215454,-0.2238399386405945],"rotationconfidence":1},"7":{"id":7,"position":[28.45348976552486,-291.7244136333466,2605.373620986939],"positionconfidence":1,"rotation":[-0.1903753727674484,0.1440816968679428,0.9710807204246521,0.2964268326759338,0.9514374732971191,-0.08305422961711884,-0.9358891248703003,0.2720428705215454,-0.2238399386405945],"rotationconfidence":1},"8":{"id":8,"position":[84.27959680557251,-333.9752554893494,2320.611715316773],"positionconfidence":1,"rotation":[0.1997052431106567,-0.1272288262844086,0.9715608954429626,0,0.991534411907196,0.1298444271087647,-0.979856014251709,-0.02593061327934265,0.1980146169662476],"rotationconfidence":1},"9":{"id":9,"position":[69.4984495639801,-324.558436870575,2248.701810836792],"positionconfidence":1,"rotation":[0.1997052431106567,-0.1272288262844086,0.9715608954429626,0,0.991534411907196,0.1298444271087647,-0.979856014251709,-0.02593061327934265,0.1980146169662476],"rotationconfidence":1},"12":{"id":12,"position":[433.6386620998383,-108.032613992691,2591.320276260376],"positionconfidence":1,"rotation":[0.2328065484762192,-0.9705772995948792,-0.06148912385106087,-0.4090546071529388,-0.04036367684602737,-0.911616861820221,0.8823125958442688,0.2373827546834946,-0.4064159989356995],"rotationconfidence":1},"13":{"id":13,"position":[481.5586805343628,-307.8125715255737,2578.66358757019],"positionconfidence":1,"rotation":[-0.3570836782455444,-0.2249211966991425,-0.9065879583358765,-0.3066199123859406,0.945018470287323,-0.1136852949857712,0.8823125958442688,0.2373827546834946,-0.4064159989356995],"rotationconfidence":1},"14":{"id":14,"position":[388.8159394264221,-366.2297129631043,2343.202114105225],"positionconfidence":1,"rotation":[0.09334757179021835,0.1521719098091126,-0.9839359521865845,0,-0.9882510900497437,-0.1528392732143402,-0.995633602142334,0.01426717545837164,-0.09225083887577057],"rotationconfidence":1},"15":{"id":15,"position":[395.6733644008637,-355.0509810447693,2270.920991897583],"positionconfidence":1,"rotation":[0.09334757179021835,0.1521719098091126,-0.9839359521865845,0,-0.9882510900497437,-0.1528392732143402,-0.995633602142334,0.01426717545837164,-0.09225083887577057],"rotationconfidence":1},"17":{"id":17,"position":[170.9765195846558,-415.0963127613068,2464.291334152222],"positionconfidence":1,"rotation":[0.8743098974227905,-0.4523596465587616,-0.1759340465068817,0.4830833971500397,0.7758880257606506,0.4057439267635346,-0.04703705757856369,-0.4397367835044861,0.896894097328186],"rotationconfidence":1},"18":{"id":18,"position":[0.7103935349732637,-688.5634660720825,2321.284055709839],"positionconfidence":1,"rotation":[0.7238962650299072,-0.6899088621139526,0,0.6023577451705933,0.6320320963859558,0.4875455498695374,-0.3363620042800903,-0.3529323935508728,0.8730975985527039],"rotationconfidence":1},"19":{"id":19,"position":[-162.6293659210205,-859.9499464035034,2189.077615737915],"positionconfidence":1,"rotation":[-0.7459430694580078,-0.6660097241401672,0,0.6228675842285156,-0.697623074054718,-0.354059249162674,0.2358068972826004,-0.2641080319881439,0.9352229833602905],"rotationconfidence":1},"20":{"id":20,"position":[-175.6686270236969,-845.3457355499268,2137.363195419312],"positionconfidence":1,"rotation":[-0.7459430694580078,-0.6660097241401672,0,0.6228675842285156,-0.697623074054718,-0.354059249162674,0.2358068972826004,-0.2641080319881439,0.9352229833602905],"rotationconfidence":1},"21":{"id":21,"position":[324.2082893848419,-423.0864346027374,2468.410015106201],"positionconfidence":1,"rotation":[0.9744122624397278,0.1561473608016968,0.1616752445697784,-0.2189102172851563,0.8224359750747681,0.5250499844551086,-0.05098236724734306,-0.5470074415206909,0.8355738520622253],"rotationconfidence":1},"22":{"id":22,"position":[391.6945159435272,-676.6291856765747,2306.546211242676],"positionconfidence":1,"rotation":[0.9143481254577637,0.3931946158409119,0.09677568823099136,-0.339855968952179,0.6152368187904358,0.7113237977027893,0.2201487272977829,-0.6832873821258545,0.6961701512336731],"rotationconfidence":1},"23":{"id":23,"position":[513.2952928543091,-896.7614769935608,2052.0339012146],"positionconfidence":0.5,"rotation":[-0.5049448013305664,0.8631517291069031,0,-0.8590386509895325,-0.5025386214256287,-0.0975077673792839,-0.08416398614645004,-0.04923602938652039,0.9952347874641418],"rotationconfidence":0.5},"24":{"id":24,"position":[521.5237736701965,-891.9478058815002,1954.732537269592],"positionconfidence":0.5,"rotation":[-0.5049448013305664,0.8631517291069031,0,-0.8590386509895325,-0.5025386214256287,-0.0975077673792839,-0.08416398614645004,-0.04923602938652039,0.9952347874641418],"rotationconfidence":0.5}},"skeletonTracked":true,"frameCount":6},{"position":[207.291305065155,-408.0699980258942,2345.658302307129],"positionTracked":true,"id":4821,"skeleton":{"1":{"id":1,"position":[263.4296715259552,215.4593467712402,2599.783897399902],"positionconfidence":1,"rotation":[0.9998306632041931,0.01839971728622913,0,-0.01830540224909782,0.9947056770324707,-0.1011218354105949,-0.00186061323620379,0.1011047139763832,0.9948740601539612],"rotationconfidence":1},"2":{"id":2,"position":[267.1900987625122,11.11976895481348,2620.557069778442],"positionconfidence":1,"rotation":[0.9996716380119324,0.01639518514275551,-0.01968920044600964,-0.01830540224909782,0.9947056770324707,-0.1011218354105949,0.01792704686522484,0.10144904255867,0.9946790933609009],"rotationconfidence":1},"3":{"id":3,"position":[254.3240487575531,-303.0069470405579,2554.845809936523],"positionconfidence":1,"rotation":[0.9991822838783264,-0.03808571025729179,-0.01357134338468313,0.0400581993162632,0.9780275225639343,0.2045907527208328,0.005481163505464792,-0.2049671411514282,0.9787535667419434],"rotationconfidence":1},"4":{"id":4,"position":[250.9652972221375,-346.1229503154755,2494.726419448853],"positionconfidence":1,"rotation":[0.996789813041687,-0.08004440367221832,0.001717010047286749,0.04535288363695145,0.5821910500526428,0.8117860555648804,-0.06597856432199478,-0.8091022372245789,0.5839524269104004],"rotationconfidence":1},"6":{"id":6,"position":[87.28764951229095,-93.97947043180466,2596.683740615845],"positionconfidence":1,"rotation":[0.2915795147418976,0.9560402631759644,-0.03111677430570126,0.1930535137653351,-0.09067735075950623,-0.9769890904426575,-0.9368626475334167,0.278862863779068,-0.2110066264867783],"rotationconfidence":1},"7":{"id":7,"position":[27.1188747137785,-291.2627756595612,2603.104829788208],"positionconfidence":1,"rotation":[-0.182178258895874,0.1258441358804703,0.975179135799408,0.2984952032566071,0.9520497322082