{"motiondata":[{"position":[288.732647895813,-486.5632653236389,2558.361053466797],"positionTracked":true,"id":4791,"skeleton":{"1":{"id":1,"position":[359.1256439685822,90.53921699523926,2730.126619338989],"positionconfidence":1,"rotation":[0.9998746514320374,-0.01584046892821789,0,0.01551783923059702,0.9795097708702087,-0.2007977813482285,0.00318073108792305,0.2007726132869721,0.9796327948570251],"rotationconfidence":1},"2":{"id":2,"position":[356.1497330665588,-97.30483591556549,2768.63431930542],"positionconfidence":1,"rotation":[0.9947593808174133,-0.03542114794254303,-0.09591163694858551,0.01551783923059702,0.9795097708702087,-0.2007977813482285,0.1010588780045509,0.1982571482658386,0.974926233291626],"rotationconfidence":1},"3":{"id":3,"position":[335.5703055858612,-411.8286073207855,2765.147686004639],"positionconfidence":1,"rotation":[0.9935449361801147,-0.06396955996751785,-0.09368263185024261,0.06528683006763458,0.9978052377700806,0.0110611068084836,0.09276944398880005,-0.01710594817996025,0.9955406785011292],"rotationconfidence":1},"4":{"id":4,"position":[327.0251452922821,-464.8509919643402,2713.915348052979],"positionconfidence":1,"rotation":[0.9917376041412354,-0.04307333752512932,-0.1208358928561211,0.1151272431015968,0.7143600583076477,0.690243124961853,0.05658925697207451,-0.6984514594078064,0.713416576385498],"rotationconfidence":1},"6":{"id":6,"position":[190.8746808767319,-175.0212460756302,2781.204700469971],"positionconfidence":1,"rotation":[0.2018655687570572,0.9547450542449951,-0.2184310555458069,-0.01073316112160683,-0.2208524942398071,-0.9752481579780579,-0.9793544411659241,0.1992134898900986,-0.03433508425951004],"rotationconfidence":1},"7":{"id":7,"position":[140.6470388174057,-412.5783145427704,2835.554122924805],"positionconfidence":1,"rotation":[0.07742853462696075,0.5265616774559021,0.8466036319732666,0.1867344081401825,0.8264665007591248,-0.5311153531074524,-0.9793544411659241,0.1992134898900986,-0.03433508425951004],"rotationconfidence":1},"8":{"id":8,"position":[121.5596199035645,-542.3845052719116,2626.85227394104],"positionconfidence":1,"rotation":[0.3485801219940186,0.4605261981487274,0.8163378834724426,0,0.8709657192230225,-0.491343766450882,-0.9372789859771729,0.1712726652622223,0.3036013245582581],"rotationconfidence":1},"9":{"id":9,"position":[104.03873026371,-565.5322074890137,2585.820198059082],"positionconfidence":0.5,"rotation":[0.3485801219940186,0.4605261981487274,0.8163378834724426,0,0.8709657192230225,-0.491343766450882,-0.9372789859771729,0.1712726652622223,0.3036013245582581],"rotationconfidence":0.5},"12":{"id":12,"position":[508.6022615432739,-190.1095658540726,2751.338005065918],"positionconfidence":1,"rotation":[0.1809650361537933,-0.953381359577179,0.2414863705635071,-0.3061880469322205,-0.2879523932933807,-0.9073767066001892,0.9346125721931458,0.09026321023702621,-0.3440232872962952],"rotationconfidence":1},"13":{"id":13,"position":[557.295024394989,-446.6385245323181,2816.315412521362],"positionconfidence":1,"rotation":[-0.2822836637496948,-0.4001762568950653,-0.871880054473877,-0.2163686454296112,0.9119822382926941,-0.3485299348831177,0.9346125721931458,0.09026321023702621,-0.3440232872962952],"rotationconfidence":1},"14":{"id":14,"position":[483.5048019886017,-551.2464046478271,2588.402032852173],"positionconfidence":1,"rotation":[-0.2158358246088028,-0.2737597227096558,-0.937267541885376,0,-0.9598925709724426,0.2803680896759033,-0.9764296412467957,0.06051347777247429,0.2071792036294937],"rotationconfidence":1},"15":{"id":15,"position":[468.496710062027,-570.2822208404541,2523.229360580444],"positionconfidence":0.5,"rotation":[-0.2158358246088028,-0.2737597227096558,-0.937267541885376,0,-0.9598925709724426,0.2803680896759033,-0.9764296412467957,0.06051347777247429,0.2071792036294937],"rotationconfidence":0.5},"17":{"id":17,"position":[245.2289313077927,-532.5761437416077,2709.879875183106],"positionconfidence":1,"rotation":[0.9017900824546814,-0.3055911064147949,-0.305595725774765,0.4262846410274506,0.7453091144561768,0.512636125087738,0.07110622525215149,-0.592560887336731,0.8023810982704163],"rotationconfidence":1},"18":{"id":18,"position":[111.6778254508972,-766.0747170448303,2549.275636672974],"positionconfidence":1,"rotation":[0.7147332429885864,-0.6993972063064575,0,0.5781233310699463,0.5908001661300659,0.5627865195274353,-0.3936113119125366,-0.4022422432899475,0.8266023397445679],"rotationconfidence":1},"19":{"id":19,"position":[-36.33805736899376,-917.3362255096436,2405.186414718628],"positionconfidence":1,"rotation":[0.9758729338645935,-0.2183392345905304,0,-0.06590915471315384,-0.2945826947689056,-0.9533504247665405,0.2081537991762161,0.9303488731384277,-0.3018658459186554],"rotationconfidence":1},"20":{"id":20,"position":[-53.4476712346077,-993.8080906867981,2429.998874664307],"positionconfidence":1,"rotation":[0.9758729338645935,-0.2183392345905304,0,-0.06590915471315384,-0.2945826947689056,-0.9533504247665405,0.2081537991762161,0.9303488731384277,-0.3018658459186554],"rotationconfidence":1},"21":{"id":21,"position":[398.9266455173492,-538.5174751281738,2691.871643066406],"positionconfidence":1,"rotation":[0.9783750772476196,0.2014832347631455,0.04676187783479691,-0.1926411539316177,0.805311918258667,0.5606800317764282,0.07530973851680756,-0.5575636625289917,0.8267110586166382],"rotationconfidence":1},"22":{"id":22,"position":[456.4324617385864,-778.9132595062256,2524.50156211853],"positionconfidence":1,"rotation":[0.8401735424995422,0.5343612432479858,0.092555470764637,-0.4071228504180908,0.508724570274353,0.7585843801498413,0.3582728505134583,-0.6750239729881287,0.6449676156044006],"rotationconfidence":1},"23":{"id":23,"position":[596.5874791145325,-954.0454149246216,2263.35334777832],"positionconfidence":0.5,"rotation":[-0.5730310082435608,0.8195337057113647,0,-0.8160091042518616,-0.5705665946006775,-0.09264323115348816,-0.07592424750328064,-0.05308744311332703,0.9956992864608765],"rotationconfidence":0.5},"24":{"id":24,"position":[603.5204529762268,-949.1977691650391,2172.431707382202],"positionconfidence":0.5,"rotation":[-0.5730310082435608,0.8195337057113647,0,-0.8160091042518616,-0.5705665946006775,-0.09264323115348816,-0.07592424750328064,-0.05308744311332703,0.9956992864608765],"rotationconfidence":0.5}},"skeletonTracked":true,"frameCount":1},{"position":[286.8106067180634,-489.7303879261017,2554.656267166138],"positionTracked":true,"id":4791,"skeleton":{"1":{"id":1,"position":[359.4592213630676,90.56601673364639,2729.616403579712],"positionconfidence":1,"rotation":[0.9997895956039429,-0.02051268890500069,0,0.02009600773453713,0.979480504989624,-0.2005345672369003,0.004113503266125917,0.2004923671483994,0.9796866178512573],"rotationconfidence":1},"2":{"id":2,"position":[355.6110560894013,-96.99376672506332,2768.016576766968],"positionconfidence":1,"rotation":[0.9951085448265076,-0.03899941965937614,-0.09076472371816635,0.02009600773453713,0.979480504989624,-0.2005345672369003,0.09672300517559052,0.1977296471595764,0.9754731059074402],"rotationconfidence":1},"3":{"id":3,"position":[335.5409801006317,-411.8324816226959,2765.047550201416],"positionconfidence":1,"rotation":[0.9940422177314758,-0.06252545118331909,-0.08927863091230392,0.06361521780490875,0.997930109500885,0.009410790167748928,0.08850542455911636,-0.01503420248627663,0.9959622621536255],"rotationconfidence":1},"4":{"id":4,"position":[327.0953297615051,-464.9021625518799,2713.882923126221],"positionconfidence":1,"rotation":[0.9920179843902588,-0.04391197115182877,-0.1182036027312279,0.1138238310813904,0.7152313590049744,0.6895565986633301,0.05426312983036041,-0.6975069046020508,0.7145205736160278],"rotationconfidence":1},"6":{"id":6,"position":[190.4426068067551,-175.2039045095444,2779.759883880615],"positionconfidence":1,"rotation":[0.2056591957807541,0.9537529945373535,-0.2192249894142151,-0.008551075123250484,-0.222253680229187,-0.9749513864517212,-0.9785863161087036,0.2023823261260986,-0.03755289688706398],"rotationconfidence":1},"7":{"id":7,"position":[139.3418461084366,-412.1857881546021,2834.231376647949],"positionconfidence":1,"rotation":[0.07575544714927673,0.5237456560134888,0.8484995365142822,0.1913894712924957,0.827485203742981,-0.5278618931770325,-0.9785863161087036,0.2023823261260986,-0.03755289688706398],"rotationconfidence":1},"8":{"id":8,"position":[120.7510232925415,-540.7159924507141,2626.004695892334],"positionconfidence":1,"rotation":[0.3960626125335693,0.3686144649982452,0.8409861326217651,0,0.9158839583396912,-0.4014431238174439,-0.9182234406471252,0.1589966118335724,0.3627474009990692],"rotationconfidence":1},"9":{"id":9,"position":[103.6344468593597,-556.6463470458984,2589.659929275513],"positionconfidence":1,"rotation":[0.3960626125335693,0.3686144649982452,0.8409861326217651,0,0.9158839583396912,-0.4014431238174439,-0.9182234406471252,0.1589966118335724,0.3627474009990692],"rotationconfidence":1},"12":{"id":12,"position":[508.7236166000366,-190.2424544095993,2751.249074935913],"positionconfidence":1,"rotation":[0.1660522371530533,-0.9552716016769409,0.2447097301483154,-0.292757660150528,-0.2847222983837128,-0.9128122925758362,0.9416579604148865,0.07993386685848236,-0.3269418478012085],"rotationconfidence":1},"13":{"id":13,"position":[551.416277885437,-435.8464181423187,2814.164876937866],"positionconfidence":1,"rotation":[-0.2607367038726807,-0.4410067796707153,-0.8587953448295593,-0.2128304094076157,0.8939372301101685,-0.394435852766037,0.9416579604148865,0.07993386685848236,-0.3269418478012085],"rotationconfidence":1},"14":{"id":14,"position":[483.0132722854614,-551.5424013137817,2588.864088058472],"positionconfidence":1,"rotation":[-0.2086993008852005,-0.2726913690567017,-0.9391933679580688,0,-0.9603400826454163,0.2788312435150147,-0.9779798984527588,0.05819188430905342,0.2004223018884659],"rotationconfidence":1},"15":{"id":15,"position":[468.5677289962769,-570.4172849655151,2523.855924606323],"positionconfidence":0.5,"rotation":[-0.2086993008852005,-0.2726913690567017,-0.9391933679580688,0,-0.9603400826454163,0.2788312435150147,-0.9779798984527588,0.05819188430905342,0.2004223018884659],"rotationconfidence":0.5},"17":{"id":17,"position":[245.2381402254105,-532.6560139656067,2709.4886302948],"positionconfidence":1,"rotation":[0.9015660285949707,-0.3081942796707153,-0.3036362826824188,0.4271839261054993,0.745256245136261,0.5119639039039612,0.06850248575210571,-0.5912777781486511,0.8035533428192139],"rotationconfidence":1},"18":{"id":18,"position":[111.97280138731,-765.1479840278625,2549.775123596191],"positionconfidence":1,"rotation":[0.7165446281433105,-0.6975411772727966,0,0.5740424394607544,0.5896813273429871,0.5681119561195374,-0.3962814807891846,-0.4070775806903839,0.8229511976242065],"rotationconfidence":1},"19":{"id":19,"position":[-34.80293601751328,-915.9224033355713,2404.515743255615],"positionconfidence":1,"rotation":[0.9582712054252625,-0.2858604490756989,0,-0.05658704414963722,-0.189693033695221,-0.9802114367485046,0.2802037000656128,0.9393084645271301,-0.197953388094902],"rotationconfidence":1},"20":{"id":20,"position":[-56.70148879289627,-989.3314838409424,2419.986248016357],"positionconfidence":1,"rotation":[0.9582712054252625,-0.2858604490756989,0,-0.05658704414963722,-0.189693033695221,-0.9802114367485046,0.2802037000656128,0.9393084645271301,-0.197953388094902],"rotationconfidence":1},"21":{"id":21,"position":[399.0654051303864,-538.6117696762085,2691.992521286011],"positionconfidence":1,"rotation":[0.9786359667778015,0.1996300518512726,0.04918970912694931,-0.1924420446157455,0.805181622505188,0.5609354972839355,0.0723729282617569,-0.558417797088623,0.8263968825340271],"rotationconfidence":1},"22":{"id":22,"position":[456.5160572528839,-778.9865136146545,2524.533748626709],"positionconfidence":1,"rotation":[0.8402950763702393,0.5341483950614929,0.09268031269311905,-0.4069267511367798,0.5084884166717529,0.7588480114936829,0.3582105934619904,-0.6753703355789185,0.6446396112442017],"rotationconfidence":1},"23":{"id":23,"position":[596.5827703475952,-954.0113806724548,2263.333559036255],"positionconfidence":0.5,"rotation":[-0.5666378140449524,0.8239669799804688,0,-0.8204159140586853,-0.5641957521438599,-0.0927405059337616,-0.07641511410474777,-0.05255027860403061,0.9956902861595154],"rotationconfidence":0.5},"24":{"id":24,"position":[603.5622954368591,-949.211597442627,2172.390222549439],"positionconfidence":0.5,"rotation":[-0.5666378140449524,0.8239669799804688,0,-0.8204159140586853,-0.5641957521438599,-0.0927405059337616,-0.07641511410474777,-0.05255027860403061,0.9956902861595154],"rotationconfidence":0.5}},"skeletonTracked":true,"frameCount":2},{"position":[288.1865799427033,-489.6000623703003,2555.390119552612],"positionTracked":true,"id":4791,"skeleton":{"1":{"id":1,"position":[359.8248064517975,90.60792624950409,2729.202270507813],"positionconfidence":1,"rotation":[0.9996945858001709,-0.02471354976296425,0,0.02421252056956291,0.9794273376464844,-0.2003396153450012,0.004951103124767542,0.2002784311771393,0.9797266125679016],"rotationconfidence":1},"2":{"id":2,"position":[355.1923334598541,-96.78151458501816,2767.532348632813],"positionconfidence":1,"rotation":[0.995497465133667,-0.04199226945638657,-0.0849800705909729,0.02421252056956291,0.9794273376464844,-0.2003396153450012,0.09164451062679291,0.1973799765110016,0.9760340452194214],"rotationconfidence":1},"3":{"id":3,"position":[335.4922533035278,-411.8427336215973,2764.917612075806],"positionconfidence":1,"rotation":[0.9945569634437561,-0.06148934736847878,-0.08411689847707748,0.06240377202630043,0.9980166554450989,0.008282678201794624,0.08344076573848724,-0.01348680630326271,0.9964215159416199],"rotationconfidence":1},"4":{"id":4,"position":[327.1658718585968,-464.9495780467987,2713.805675506592],"positionconfidence":1,"rotation":[0.9924153685569763,-0.04580339416861534,-0.1140781566500664,0.1122515201568604,0.7159561514854431,0.6890619397163391,0.05011358484625816,-0.6966411471366882,0.7156674265861511],"rotationconfidence":1},"6":{"id":6,"position":[189.9467259645462,-175.391286611557,2778.13196182251],"positionconfidence":1,"rotation":[0.2101888358592987,0.9526331424713135,-0.2197970002889633,-0.001614106702618301,-0.2244808375835419,-0.9744771718978882,-0.9776594638824463,0.2051790058612824,-0.04564571753144264],"rotationconfidence":1},"7":{"id":7,"position":[137.751966714859,-411.9521677494049,2832.712650299072],"positionconfidence":1,"rotation":[0.08161706477403641,0.5706781148910522,0.8171076774597168,0.1937023550271988,0.7951275706291199,-0.5746749639511108,-0.9776594638824463,0.2051790058612824,-0.04564571753144264],"rotationconfidence":1},"8":{"id":8,"position":[118.3812394738197,-547.3950505256653,2638.782978057861],"positionconfidence":1,"rotation":[0.3283506035804749,0.220424011349678,0.9184764623641968,0,0.972389817237854,-0.2333626002073288,-0.9445558786392212,0.07662475109100342,0.3192847967147827],"rotationconfidence":1},"9":{"id":9,"position":[101.3622581958771,-558.8200092315674,2591.176748275757],"positionconfidence":0.5,"rotation":[0.3283506035804749,0.220424011349678,0.9184764623641968,0,0.972389817237854,-0.2333626002073288,-0.9445558786392212,0.07662475109100342,0.3192847967147827],"rotationconfidence":0.5},"12":{"id":12,"position":[508.8574886322022,-190.4001235961914,2751.223087310791],"positionconfidence":1,"rotation":[0.1547535955905914,-0.9569128155708313,0.2457011938095093,-0.2851230502128601,-0.2813737392425537,-0.9162606000900269,0.9459154605865479,0.071739561855793,-0.3163815438747406],"rotationconfidence":1},"13":{"id":13,"position":[546.7077493667603,-424.4457483291626,2811.317682266235],"positionconfidence":1,"rotation":[-0.2448519468307495,-0.4818907678127289,-0.841325581073761,-0.2128176689147949,0.8732895255088806,-0.4382623434066773,0.9459154605865479,0.071739561855793,-0.3163815438747406],"rotationconfidence":1},"14":{"id":14,"position":[481.7862808704376,-552.2170662879944,2588.243722915649],"positionconfidence":1,"rotation":[-0.1958305239677429,-0.2701501250267029,-0.9426925778388977,0,-0.9613057374954224,0.2754841446876526,-0.9806378483772278,0.05394820496439934,0.1882530003786087],"rotationconfidence":1},"15":{"id":15,"position":[468.4424102306366,-570.6250667572021,2524.008750915527],"positionconfidence":0.5,"rotation":[-0.1958305239677429,-0.2701501250267029,-0.9426925778388977,0,-0.9613057374954224,0.2754841446876526,-0.9806378483772278,0.05394820496439934,0.1882530003786087],"rotationconfidence":0.5},"17":{"id":17,"position":[245.2843189239502,-532.7460169792175,2708.720684051514],"positionconfidence":1,"rotation":[0.8986107110977173,-0.3041478395462036,-0.3162162005901337,0.4347659945487976,0.7141481637954712,0.5486080646514893,0.05896728485822678,-0.6304652094841003,0.7739744186401367],"rotationconfidence":1},"18":{"id":18,"position":[92.62292087078094,-783.5081815719604,2516.085386276245],"positionconfidence":1,"rotation":[0.7175432443618774,-0.6965138912200928,0,0.5925957560539246,0.6104875802993774,0.5254856944084167,-0.366008073091507,-0.3770587146282196,0.8508024215698242],"rotationconfidence":1},"19":{"id":19,"position":[-56.95647373795509,-937.6037120819092,2383.445501327515],"positionconfidence":1,"rotation":[0.7324501872062683,-0.6808205842971802,0,0.5706242322921753,0.6138971447944641,-0.5454521775245667,0.3713551163673401,0.3995165824890137,0.8381418585777283],"rotationconfidence":1},"20":{"id":20,"position":[-83.59798043966293,-966.2655591964722,2323.316097259522],"positionconfidence":1,"rotation":[0.7324501872062683,-0.6808205842971802,0,0.5706242322921753,0.6138971447944641,-0.5454521775245667,0.3713551163673401,0.3995165824890137,0.8381418585777283],"rotationconfidence":1},"21":{"id":21,"position":[399.2207646369934,-538.7200713157654,2692.126274108887],"positionconfidence":1,"rotation":[0.9791010022163391,0.1962759345769882,0.05326278507709503,-0.1919156908988953,0.8050188422203064,0.5613492727279663,0.06730180233716965,-0.5598396062850952,0.825863242149353],"rotationconfidence":1},"22":{"id":22,"position":[456.5152525901794,-779.0502905845642,2524.541139602661],"positionconfidence":1,"rotation":[0.8403334617614746,0.5340497493743896,0.09289993345737457,-0.4069216549396515,0.5082650184631348,0.759000301361084,0.3581261336803436,-0.6756163239479065,0.6444284915924072],"rotationconfidence":1},"23":{"id":23,"position":[596.5623259544373,-953.9759159088135,2263.321876525879],"positionconfidence":0.5,"rotation":[-0.5599719285964966,0.8285115957260132,0,-0.8249257802963257,-0.5575483441352844,-0.09293662011623383,-0.07699906826019287,-0.05204189941287041,0.9956719875335693],"rotationconfidence":0.5},"24":{"id":24,"position":[603.5968661308289,-949.2214322090149,2172.358512878418],"positionconfidence":0.5,"rotation":[-0.5599719285964966,0.8285115957260132,0,-0.8249257802963257,-0.5575483441352844,-0.09293662011623383,-0.07699906826019287,-0.05204189941287041,0.9956719875335693],"rotationconfidence":0.5}},"skeletonTracked":true,"frameCount":3},{"position":[286.7021560668945,-485.6443703174591,2555.803775787354],"positionTracked":true,"id":4791,"skeleton":{"1":{"id":1,"position":[360.3295981884003,90.64075350761414,2728.871583938599],"positionconfidence":1,"rotation":[0.9995828866958618,-0.02887870743870735,0,0.02829399518668652,0.9793441295623779,-0.2002109736204147,0.00578183401376009,0.2001274675130844,0.9797527194023132],"rotationconfidence":1},"2":{"id":2,"position":[354.9181818962097,-96.66537493467331,2767.163276672363],"positionconfidence":1,"rotation":[0.9958527088165283,-0.04494265839457512,-0.07910493016242981,0.02829399518668652,0.9793441295623779,-0.2002109736204147,0.08646897226572037,0.1971424520015717,0.9765542149543762],"rotationconfidence":1},"3":{"id":3,"position":[335.4398906230927,-411.8583500385284,2764.733076095581],"positionconfidence":1,"rotation":[0.9950348734855652,-0.06088411062955856,-0.07873251289129257,0.06167849525809288,0.9980663657188416,0.007695290725678206,0.07811176031827927,-0.0125131867825985,0.9968661665916443],"rotationconfidence":1},"4":{"id":4,"position":[327.2607624530792,-464.9905562400818,2713.644742965698],"positionconfidence":1,"rotation":[0.9929186701774597,-0.0486336350440979,-0.1083847656846046,0.1102878749370575,0.7164379954338074,0.6888782382011414,0.04414831101894379,-0.6959535479545593,0.7167283296585083],"rotationconfidence":1},"6":{"id":6,"position":[189.4911229610443,-175.5435019731522,2776.576519012451],"positionconfidence":1,"rotation":[0.2150853276252747,0.9514077305793762,-0.2203670740127564,-0.002560222754254937,-0.2250982224941254,-0.9743327498435974,-0.976591944694519,0.2101288735866547,-0.04597951099276543],"rotationconfidence":1},"7":{"id":7,"position":[136.1208856105804,-411.6212427616119,2831.257343292236],"positionconfidence":1,"rotation":[0.0838068276643753,0.5685685873031616,0.8183557987213135,0.1981026828289032,0.7953462600708008,-0.5728697180747986,-0.976591944694519,0.2101288735866547,-0.04597951099276543],"rotationconfidence":1},"8":{"id":8,"position":[116.5212541818619,-544.5905327796936,2639.871120452881],"positionconfidence":1,"rotation":[0.2802019119262695,0.2390002012252808,0.92971271276474,0,0.9685102701187134,-0.2489738464355469,-0.9599410891532898,0.0697629451751709,0.2713784277439117],"rotationconfidence":1},"9":{"id":9,"position":[101.3142466545105,-557.561457157135,2589.414119720459],"positionconfidence":1,"rotation":[0.2802019119262695,0.2390002012252808,0.92971271276474,0,0.9685102701187134,-0.2489738464355469,-0.9599410891532898,0.0697629451751709,0.2713784277439117],"rotationconfidence":1},"12":{"id":12,"position":[509.1050267219544,-190.7286196947098,2751.341819763184],"positionconfidence":1,"rotation":[0.1538452208042145,-0.9540824890136719,0.2570181787014008,-0.2810661792755127,-0.2916248440742493,-0.9143067598342896,0.9472768902778625,0.0684226006269455,-0.3130253851413727],"rotationconfidence":1},"13":{"id":13,"position":[544.9628233909607,-413.1034016609192,2811.246871948242],"positionconfidence":1,"rotation":[-0.2352312952280045,-0.5148274302482605,-0.8243899941444397,-0.2175609618425369,0.8545589447021484,-0.4715889990329742,0.9472768902778625,0.0684226006269455,-0.3130253851413727],"rotationconfidence":1},"14":{"id":14,"position":[481.3407361507416,-552.3467659950256,2588.277339935303],"positionconfidence":1,"rotation":[-0.1902319192886353,-0.270141214132309,-0.9438408613204956,0,-0.9613966941833496,0.2751659452915192,-0.9817391633987427,0.05234534665942192,0.1828883439302445],"rotationconfidence":1},"15":{"id":15,"position":[468.4376120567322,-570.6700086593628,2524.258136749268],"positionconfidence":0.5,"rotation":[-0.1902319192886353,-0.270141214132309,-0.9438408613204956,0,-0.9613966941833496,0.2751659452915192,-0.9817391633987427,0.05234534665942192,0.1828883439302445],"rotationconfidence":0.5},"17":{"id":17,"position":[245.2921569347382,-532.8224301338196,2707.601070404053],"positionconfidence":1,"rotation":[0.8988484144210815,-0.3087929487228394,-0.310995876789093,0.4350774884223938,0.7140781283378601,0.5484523177146912,0.05271715670824051,-0.6282828450202942,0.7761968970298767],"rotationconfidence":1},"18":{"id":18,"position":[94.06860172748566,-781.0205817222595,2516.970872879028],"positionconfidence":1,"rotation":[0.7194997668266296,-0.694492757320404,0,0.5857017636299133,0.6067914366722107,0.537361741065979,-0.3731938302516937,-0.3866316378116608,0.8433519005775452],"rotationconfidence":1},"19":{"id":19,"position":[-53.03700640797615,-933.423101902008,2382.006406784058],"positionconfidence":1,"rotation":[0.8827698230743408,-0.4698056876659393,0,0.2087115794420242,0.3921712338924408,-0.8959024548530579,0.4209001064300537,0.7908756732940674,0.4442508518695831],"rotationconfidence":1},"20":{"id":20,"position":[-74.38353449106216,-973.5334515571594,2359.475612640381],"positionconfidence":1,"rotation":[0.8827698230743408,-0.4698056876659393,0,0.2087115794420242,0.3921712338924408,-0.8959024548530579,0.4209001064300537,0.7908756732940674,0.4442508518695831],"rotationconfidence":1},"21":{"id":21,"position":[399.4249999523163,-538.8514995574951,2692.252635955811],"positionconfidence":1,"rotation":[0.9797625541687012,0.191328689455986,0.05881062895059586,-0.1909009218215942,0.8048387765884399,0.5619533061981201,0.06018470972776413,-0.5618077516555786,0.8250755667686462],"rotationconfidence":1},"22":{"id":22,"position":[456.4149677753449,-779.1213393211365,2524.491786956787],"positionconfidence":1,"rotation":[0.8414693474769592,0.5313772559165955,0.09781358391046524,-0.4085431396961212,0.5072792768478394,0.7587887048721313,0.3535842597484589,-0.6784585118293762,0.6439505219459534],"rotationconfidence":1},"23":{"id":23,"position":[596.9598293304443,-953.6328911781311,2263.457298278809],"positionconfidence":0.5,"rotation":[-0.537020206451416,0.8435694575309753,0,-0.8395243287086487,-0.53444504737854,-0.09781423956155777,-0.08251309394836426,-0.05252821370959282,0.995204746723175],"rotationconfidence":0.5},"24":{"id":24,"position":[604.4934988021851,-948.8369226455688,2172.592401504517],"positionconfidence":0.5,"rotation":[-0.537020206451416,0.8435694575309753,0,-0.8395243287086487,-0.53444504737854,-0.09781423956155777,-0.08251309394836426,-0.05252821370959282,0.995204746723175],"rotationconfidence":0.5}},"skeletonTracked":true,"frameCount":4},{"position":[287.3417139053345,-488.244503736496,2554.833889007568],"positionTracked":true,"id":4791,"skeleton":{"1":{"id":1,"position":[361.0623478889465,90.79993516206741,2728.387832641602],"positionconfidence":1,"rotation":[0.999426007270813,-0.03387819230556488,0,0.03318659588694572,0.9790235161781311,-0.2010262906551361,0.006810407154262066,0.200910896062851,0.9795858860015869],"rotationconfidence":1},"2":{"id":2,"position":[354.710191488266,-96.59229964017868,2766.865730285645],"positionconfidence":1,"rotation":[0.9961796402931213,-0.04865808039903641,-0.07251586019992828,0.03318659588694572,0.9790235161781311,-0.2010262906551361,0.08077628910541534,0.19785176217556,0.9768981337547302],"rotationconfidence":1},"3":{"id":3,"position":[335.3903293609619,-411.8460416793823,2764.512300491333],"positionconfidence":1,"rotation":[0.9955251812934875,-0.0604671873152256,-0.07261810451745987,0.06116707250475884,0.998099684715271,0.007451006211340427,0.07202957570552826,-0.01185950264334679,0.9973320364952087],"rotationconfidence":1},"4":{"id":4,"position":[327.4102807044983,-464.9843275547028,2713.412761688232],"positionconfidence":1,"rotation":[0.9935083389282227,-0.05180959030985832,-0.1012763008475304,0.1076174229383469,0.7166128158569336,0.6891186833381653,0.03687294200062752,-0.6955442428588867,0.717536449432373],"rotationconfidence":1},"6":{"id":6,"position":[189.109280705452,-175.6565421819687,2775.121450424194],"positionconfidence":1,"rotation":[0.2207327336072922,0.9504069685935974,-0.2190972864627838,-0.00219542533159256,-0.2241534143686295,-0.9745514392852783,-0.9753319025039673,0.2155964076519013,-0.04739144816994667],"rotationconfidence":1},"7":{"id":7,"position":[134.3810707330704,-411.2993180751801,2829.444169998169],"positionconfidence":1,"rotation":[0.08466167002916336,0.5636183023452759,0.8216853737831116,0.2038630992174149,0.7974036931991577,-0.5679676532745361,-0.9753319025039673,0.2155964076519013,-0.04739144816994667],"rotationconfidence":1},"8":{"id":8,"position":[114.8490607738495,-541.3298010826111,2639.875888824463],"positionconfidence":1,"rotation":[0.2400685846805573,0.26418137550354,0.9341174364089966,0,0.9622576832771301,-0.2721398174762726,-0.970755934715271,0.06533221900463104,0.231007844209671],"rotationconfidence":1},"9":{"id":9,"position":[101.3390719890595,-556.1967492103577,2587.307929992676],"positionconfidence":1,"rotation":[0.2400685846805573,0.26418137550354,0.9341174364089966,0,0.9622576832771301,-0.2721398174762726,-0.970755934715271,0.06533221900463104,0.231007844209671],"rotationconfidence":1},"12":{"id":12,"position":[509.6923112869263,-191.3016736507416,2751.782178878784],"positionconfidence":1,"rotation":[0.1114513948559761,-0.9593638181686401,0.2592286765575409,-0.239732027053833,-0.2791050672531128,-0.9298540949821472,0.9644205570220947,0.04148812592029572,-0.2610969245433807],"rotationconfidence":1},"13":{"id":13,"position":[536.916971206665,-425.6491661071777,2815.104961395264],"positionconfidence":1,"rotation":[-0.2104516476392746,-0.4772639274597168,-0.8531876802444458,-0.1600092947483063,0.877780020236969,-0.4515518844127655,0.9644205570220947,0.04148812592029572,-0.2610969245433807],"rotationconfidence":1},"14":{"id":14,"position":[480.9993207454681,-552.4596571922302,2588.410377502441],"positionconfidence":1,"rotation":[-0.1859074085950851,-0.270052433013916,-0.9447275996208191,0,-0.9614889621734619,0.274843692779541,-0.9825673699378967,0.05109547823667526,0.1787479221820831],"rotationconfidence":1},"15":{"id":15,"position":[468.4332609176636,-570.7133412361145,2524.553298950195],"positionconfidence":0.5,"rotation":[-0.1859074085950851,-0.270052433013916,-0.9447275996208191,0,-0.9614889621734619,0.274843692779541,-0.9825673699378967,0.05109547823667526,0.1787479221820831],"rotationconfidence":0.5},"17":{"id":17,"position":[245.4306781291962,-532.8283309936523,2706.254959106445],"positionconfidence":1,"rotation":[0.8989853858947754,-0.3113794922828674,-0.3080065548419952,0.4357556700706482,0.7066502571105957,0.5574607849121094,0.04407104104757309,-0.6353646516799927,0.7709535360336304],"rotationconfidence":1},"18":{"id":18,"position":[85.54333448410034,-792.1122312545776,2501.71160697937],"positionconfidence":1,"rotation":[0.7136337757110596,-0.7005189061164856,0,0.5970478057861328,0.6082255244255066,0.5230636596679688,-0.3664159774780273,-0.3732759058475494,0.8522935509681702],"rotationconfidence":1},"19":{"id":19,"position":[-63.50226700305939,-943.9482092857361,2371.135234832764],"positionconfidence":1,"rotation":[0.5095124244689941,-0.8604632616043091,0,0.7981228828430176,0.4725983440876007,-0.3736986517906189,0.3215539753437042,0.1904041171073914,0.927550196647644],"rotationconfidence":1},"20":{"id":20,"position":[-89.93572741746902,-959.6004486083984,2294.885635375977],"positionconfidence":1,"rotation":[0.5095124244689941,-0.8604632616043091,0,0.7981228828430176,0.4725983440876007,-0.3736986517906189,0.3215539753437042,0.1904041171073914,0.927550196647644],"rotationconfidence":1},"21":{"id":21,"position":[399.6840715408325,-538.9636158943176,2692.380905151367],"positionconfidence":1,"rotation":[0.9805293679237366,0.1852083206176758,0.0652676671743393,-0.189447432756424,0.8046916127204895,0.5626552104949951,0.05168809369206429,-0.5640648603439331,0.8241111636161804],"rotationconfidence":1},"22":{"id":22,"position":[456.2363624572754,-779.1735529899597,2524.421691894531],"positionconfidence":1,"rotation":[0.843442976474762,0.5266069173812866,0.1062501594424248,-0.4114408493041992,0.5060395002365112,0.7580505013465881,0.3454278707504273,-0.6830880045890808,0.64348304271698],"rotationconfidence":1},"23":{"id":23,"position":[597.6916551589966,-953.1522989273071,2263.800382614136],"positionconfidence":0.5,"rotation":[-0.5050050020217896,0.863116443157196,0,-0.8582266569137573,-0.5021440386772156,-0.1062935739755631,-0.09174373000860214,-0.05367878451943398,0.9943347573280334],"rotationconfidence":0.5},"24":{"id":24,"position":[606.0550212860107,-948.2589364051819,2173.15673828125],"positionconfidence":0.5,"rotation":[-0.5050050020217896,0.863116443157196,0,-0.8582266569137573,-0.5021440386772156,-0.1062935739755631,-0.09174373000860214,-0.05367878451943398,0.9943347573280334],"rotationconfidence":0.5}},"skeletonTracked":true,"frameCount":5},{"position":[285.4478061199188,-491.9691979885101,2548.917531967163],"positionTracked":true,"id":4791,"skeleton":{"1":{"id":1,"position":[362.8570139408112,91.86325967311859,2727.34546661377],"positionconfidence":1,"rotation":[0.9990153908729553,-0.04436516389250755,0,0.04344217479228973,0.9782315492630005,-0.2029181569814682,0.009002497419714928,0.2027183622121811,0.9791957139968872],"rotationconfidence":1},"2":{"id":2,"position":[354.4927537441254,-96.4832752943039,2766.414880752564],"positionconfidence":1,"rotation":[0.99675452709198,-0.05621685832738876,-0.0576188899576664,0.04344217479228973,0.9782315492630005,-0.2029181569814682,0.0677720382809639,0.1997565031051636,0.9774989485740662],"rotationconfidence":1},"3":{"id":3,"position":[335.1752161979675,-411.736398935318,2764.062404632568],"positionconfidence":1,"rotation":[0.996432900428772,-0.06061958521604538,-0.05871046334505081,0.06115986034274101,0.998100221157074,0.007448004558682442,0.05814742669463158,-0.01101216021925211,0.9982473254203796],"rotationconfidence":1},"4":{"id":4,"position":[327.5664448738098,-464.900940656662,2713.005304336548],"positionconfidence":1,"rotation":[0.9944804906845093,-0.05901061370968819,-0.08675585687160492,0.1026789322495461,0.717445433139801,0.6890059113502502,0.0215839333832264,-0.6941108703613281,0.7195445895195007],"rotationconfidence":1},"6":{"id":6,"position":[188.6684000492096,-175.2726286649704,2771.493673324585],"positionconfidence":1,"rotation":[0.2310959100723267,0.9484198689460754,-0.217012420296669,0.01027951575815678,-0.2254178524017334,-0.9742079377174377,-0.9728766679763794,0.222904697060585,-0.06184244528412819],"rotationconfidence":1},"7":{"id":7,"position":[131.4095705747604,-410.2634191513062,2825.263023376465],"positionconfidence":1,"rotation":[0.08247887343168259,0.5840241312980652,0.8075351119041443,0.2161208540201187,0.7805313467979431,-0.5865683555603027,-0.9728766679763794,0.222904697060585,-0.06184244528412819],"rotationconfidence":1},"8":{"id":8,"position":[112.7026900649071,-542.7248477935791,2642.107486724854],"positionconfidence":1,"rotation":[0.1928629279136658,0.4194241166114807,0.887066662311554,0,0.9040393233299255,-0.4274491667747498,-0.9812256097793579,0.08243909478187561,0.1743556708097458],"rotationconfidence":1},"9":{"id":9,"position":[101.262092590332,-567.6050186157227,2589.486837387085],"positionconfidence":0.5,"rotation":[0.1928629279136658,0.4194241166114807,0.887066662311554,0,0.9040393233299255,-0.4274491667747498,-0.9812256097793579,0.08243909478187561,0.1743556708097458],"rotationconfidence":0.5},"12":{"id":12,"position":[510.378897190094,-191.8260455131531,2752.57158279419],"positionconfidence":1,"rotation":[0.08549658209085464,-0.960472583770752,0.2649204134941101,-0.2132769227027893,-0.2773733139038086,-0.9367908835411072,0.9732437133789062,0.02359100058674812,-0.2285610884428024],"rotationconfidence":1},"13":{"id":13,"position":[532.4519872665405,-439.7961497306824,2820.967435836792],"positionconfidence":1,"rotation":[-0.1968098729848862,-0.4277800619602203,-0.8821961879730225,-0.1185857653617859,0.9035749435424805,-0.4116913080215454,0.9732437133789062,0.02359100058674812,-0.2285610884428024],"rotationconfidence":1},"14":{"id":14,"position":[480.6254804134369,-552.4446964263916,2588.656187057495],"positionconfidence":1,"rotation":[-0.1814893931150436,-0.2705338895320892,-0.9454485774040222,0,-0.9614149332046509,0.2751025557518005,-0.9833929538726807,0.04992819577455521,0.1744866073131561],"rotationconfidence":1},"15":{"id":15,"position":[468.3838784694672,-570.6924200057983,2524.884939193726],"positionconfidence":0.5,"rotation":[-0.1814893931150436,-0.2705338895320892,-0.9454485774040222,0,-0.9614149332046509,0.2751025557518005,-0.9833929538726807,0.04992819577455521,0.1744866073131561],"rotationconfidence":0.5},"17":{"id":17,"position":[245.4481273889542,-532.4886441230774,2703.605175018311],"positionconfidence":1,"rotation":[0.9021828770637512,-0.320446252822876,-0.2887564599514008,0.4303711354732513,0.7138506770133972,0.5524471402168274,0.02909939363598824,-0.6226807832717896,0.7819347381591797],"rotationconfidence":1},"18":{"id":18,"position":[96.92185372114182,-778.8471579551697,2512.948989868164],"positionconfidence":1,"rotation":[0.7187963724136353,-0.6952207088470459,0,0.5793477296829224,0.5989940166473389,0.5527769923210144,-0.384302020072937,-0.397334098815918,0.8333292603492737],"rotationconfidence":1},"19":{"id":19,"position":[-47.98737913370132,-928.6704063415527,2374.685764312744],"positionconfidence":1,"rotation":[0.8160538673400879,-0.577975869178772,0,0.2779446542263031,0.3924347162246704,-0.8767792582511902,0.5067572593688965,0.7154990434646606,0.4808931648731232],"rotationconfidence":1},"20":{"id":20,"position":[-75.84604620933533,-968.0045247077942,2348.248958587647],"positionconfidence":1,"rotation":[0.8160538673400879,-0.577975869178772,0,0.2779446542263031,0.3924347162246704,-0.8767792582511902,0.5067572593688965,0.7154990434646606,0.4808931648731232],"rotationconfidence":1},"21":{"id":21,"position":[399.9485969543457,-539.1139984130859,2692.579507827759],"positionconfidence":1,"rotation":[0.9815733432769775,0.1738904267549515,0.07921873033046722,-0.1879801750183106,0.8043025732040405,0.5637027025222778,0.03430667892098427,-0.5682071447372437,0.8221700191497803],"rotationconfidence":1},"22":{"id":22,"position":[456.0557007789612,-779.1770100593567,2524.32918548584],"positionconfidence":1,"rotation":[0.8478360176086426,0.5165905952453613,0.1196165606379509,-0.4148595929145813,0.5057312846183777,0.7563909888267517,0.33025062084198,-0.6909195780754089,0.643089771270752],"rotationconfidence":1},"23":{"id":23,"position":[598.5591411590576,-952.8946876525879,2264.5103931427],"positionconfidence":0.5,"rotation":[-0.4428946673870087,0.8965736031532288,0,-0.89008629322052,-0.4396900236606598,-0.1200787946581841,-0.1076594889163971,-0.05318225920200348,0.9927643537521362],"rotationconfidence":0.5},"24":{"id":24,"position":[608.3409786224365,-948.0625987052917,2174.308776855469],"positionconfidence":0.5,"rotation":[-0.4428946673870087,0.8965736031532288,0,-0.89008629322052,-0.4396900236606598,-0.1200787946581841,-0.1076594889163971,-0.05318225920200348,0.9927643537521362],"rotationconfidence":0.5}},"skeletonTracked":true,"frameCount":6},{"position":[285.0428819656372,-486.7167174816132,2548.529624938965],"positionTracked":true,"id":4791,"skeleton":{"1":{"id":1,"position":[364.4735515117645,92.78884530067444,2726.012706756592],"positionconfidence":1,"rotation":[0.9985485076904297,-0.05386090278625488,0,0.05270488187670708,0.977116584777832,-0.2060709446668625,0.01109916716814041,0.2057718336582184,0.9785370230674744],"rotationconfidence":1},"2":{"id":2,"position":[354.2697131633759,-96.38413786888123,2765.908718109131],"positionconfidence":1,"rotation":[0.9970064163208008,-0.06317801773548126,-0.04457291960716248,0.05270488187670708,0.977116584777832,-0.2060709446668625,0.05657210201025009,0.2031048685312271,0.9775214195251465],"rotationconfidence":1},"3":{"id":3,"position":[334.8937332630158,-411.6040766239166,2763.506650924683],"positionconfidence":1,"rotation":[0.9970517754554749,-0.0609315037727356,-0.04663917422294617,0.06135056540369988,0.9980873465538025,0.007605714723467827,0.04608653858304024,-0.01044462993741036,0.9988828301429749],"rotationconfidence":1},"4":{"id":4,"position":[327.6982605457306,-464.798241853714,2712.511539459229],"positionconfidence":1,"rotation":[0.995238184928894,-0.06493578106164932,-0.07269332557916641,0.09718381613492966,0.7184534072875977,0.6887524724006653,0.007502085063606501,-0.6925374269485474,0.7213429808616638],"rotationconfidence":1},"6":{"id":6,"position":[188.2842034101486,-174.9058663845062,2768.35560798645],"positionconfidence":1,"rotation":[0.2399212270975113,0.9466383457183838,-0.2152061015367508,0.04829780012369156,-0.233045682311058,-0.9712657332420349,-0.9695902466773987,0.2226332873106003,-0.1016331538558006],"rotationconfidence":1},"7":{"id":7,"position":[128.856748342514,-409.3841016292572,2821.661233901978],"positionconfidence":1,"rotation":[0.04185938835144043,0.5600225925445557,0.827419102191925,0.2411278933286667,0.7980031967163086,-0.5523117184638977,-0.9695902466773987,0.2226332873106003,-0.1016331538558006],"rotationconfidence":1},"8":{"id":8,"position":[118.328720331192,-550.2350