{"motiondata":[{"position":[229.1286289691925,-387.2414231300354,2362.237453460693],"positionTracked":true,"id":4821,"skeleton":{"1":{"id":1,"position":[269.8563933372498,235.5488836765289,2599.631071090698],"positionconfidence":1,"rotation":[0.9993070960044861,0.0372220054268837,0,-0.03715264052152634,0.9974448680877686,-0.06102001667022705,-0.002271287376061082,0.06097773462533951,0.9981366395950317],"rotationconfidence":1},"2":{"id":2,"position":[277.3596048355103,34.10856053233147,2611.9544506073],"positionconfidence":1,"rotation":[0.9974789023399353,0.03332100063562393,-0.06265343725681305,-0.03715264052152634,0.9974448680877686,-0.06102001667022705,0.06046010181307793,0.0631939172744751,0.9961681365966797],"rotationconfidence":1},"3":{"id":3,"position":[261.8716359138489,-281.1026871204376,2553.166627883911],"positionconfidence":1,"rotation":[0.997299313545227,-0.03719101473689079,-0.06333138793706894,0.04824607446789742,0.9819044470787048,0.1831280589103699,0.05537465587258339,-0.1856889873743057,0.9810470342636108],"rotationconfidence":1},"4":{"id":4,"position":[256.2189400196075,-325.7832229137421,2495.316505432129],"positionconfidence":1,"rotation":[0.9966719150543213,-0.06812282651662827,-0.044772919267416,0.07710256427526474,0.6094408631324768,0.7890735268592834,-0.0264674723148346,-0.7898995280265808,0.6126649975776672],"rotationconfidence":1},"6":{"id":6,"position":[93.9842239022255,-76.94479078054428,2604.619741439819],"positionconfidence":1,"rotation":[0.2169359475374222,0.9752051830291748,0.04374649748206139,0.1175668239593506,0.01838710345327854,-0.9928947687149048,-0.96908038854599,0.2205376774072647,-0.1106629371643066],"rotationconfidence":1},"7":{"id":7,"position":[45.4164482653141,-295.2744364738464,2594.825744628906],"positionconfidence":1,"rotation":[-0.09279637783765793,0.08982153236865997,0.9916254281997681,0.2286306768655777,0.9712339043617249,-0.0665791854262352,-0.96908038854599,0.2205376774072647,-0.1106629371643066],"rotationconfidence":1},"8":{"id":8,"position":[72.0062330365181,-321.0118114948273,2310.686349868774],"positionconfidence":1,"rotation":[0.4865109324455261,0.8661429286003113,-0.1144706606864929,0,-0.1310220956802368,-0.99137943983078,-0.8736744523048401,0.4823169410228729,-0.06374368071556091],"rotationconfidence":1},"9":{"id":9,"position":[65.85650891065598,-331.9602608680725,2312.133312225342],"positionconfidence":1,"rotation":[0.4865109324455261,0.8661429286003113,-0.1144706606864929,0,-0.1310220956802368,-0.99137943983078,-0.8736744523048401,0.4823169410228729,-0.06374368071556091],"rotationconfidence":1},"12":{"id":12,"position":[448.291689157486,-82.90085196495056,2583.493709564209],"positionconfidence":1,"rotation":[0.1883370727300644,-0.9818457365036011,-0.02254156954586506,-0.3553820848464966,-0.04673635959625244,-0.9335519671440125,0.9155504703521729,0.1838333159685135,-0.3577325642108917],"rotationconfidence":1},"13":{"id":13,"position":[490.7593727111816,-304.2949438095093,2578.410863876343],"positionconfidence":1,"rotation":[-0.3384489119052887,-0.1284045279026032,-0.9321826696395874,-0.2173007130622864,0.9745344519615173,-0.05534264072775841,0.9155504703521729,0.1838333159685135,-0.3577325642108917],"rotationconfidence":1},"14":{"id":14,"position":[399.2793560028076,-339.0016555786133,2326.449394226074],"positionconfidence":1,"rotation":[-0.2667713761329651,0.3228026628494263,-0.9080922603607178,0,-0.9422391653060913,-0.3349409699440002,-0.9637599587440491,-0.08935265988111496,0.2513624429702759],"rotationconfidence":1},"15":{"id":15,"position":[387.4662518501282,-324.7073888778687,2286.237478256226],"positionconfidence":1,"rotation":[-0.2667713761329651,0.3228026628494263,-0.9080922603607178,0,-0.9422391653060913,-0.3349409699440002,-0.9637599587440491,-0.08935265988111496,0.2513624429702759],"rotationconfidence":1},"17":{"id":17,"position":[173.9318072795868,-397.3275423049927,2469.336748123169],"positionconfidence":1,"rotation":[0.8928616642951965,-0.4171745181083679,-0.1695980578660965,0.4501992762088776,0.8177704811096191,0.3585693538188934,-0.01089370809495449,-0.3965057730674744,0.9179676175117493],"rotationconfidence":1},"18":{"id":18,"position":[10.94905100762844,-693.3797597885132,2339.526176452637],"positionconfidence":1,"rotation":[0.6639631986618042,-0.7477651834487915,0,0.661905825138092,0.5877260565757751,0.4652514457702637,-0.3478988409042358,-0.3089098334312439,0.8851786255836487],"rotationconfidence":1},"19":{"id":19,"position":[-161.3257080316544,-846.3476896286011,2218.434810638428],"positionconfidence":1,"rotation":[-0.8357582688331604,0.5490975975990295,0,-0.04143980517983437,-0.0630737766623497,-0.9971482157707214,-0.5475316643714905,-0.8333747982978821,0.07546892762184143],"rotationconfidence":1},"20":{"id":20,"position":[-126.5042871236801,-793.3474779129028,2213.635206222534],"positionconfidence":1,"rotation":[-0.8357582688331604,0.5490975975990295,0,-0.04143980517983437,-0.0630737766623497,-0.9971482157707214,-0.5475316643714905,-0.8333747982978821,0.07546892762184143],"rotationconfidence":1},"21":{"id":21,"position":[331.3836455345154,-403.0819237232208,2468.719720840454],"positionconfidence":1,"rotation":[0.9800023436546326,0.1620588302612305,0.1154665499925613,-0.1983807682991028,0.8409441113471985,0.5034461617469788,-0.01551301963627338,-0.5162847638130188,0.8562765717506409],"rotationconfidence":1},"22":{"id":22,"position":[396.7076241970062,-679.9929141998291,2302.942037582398],"positionconfidence":1,"rotation":[0.9071407318115234,0.410049319267273,0.09463170915842056,-0.3547048270702362,0.624018669128418,0.6962652206420898,0.2264511287212372,-0.6651768684387207,0.7115192413330078],"rotationconfidence":1},"23":{"id":23,"position":[514.3187046051025,-886.9016170501709,2072.078227996826],"positionconfidence":0.5,"rotation":[-0.7916837930679321,0.6109310388565063,0,-0.6074197292327881,-0.7871336340904236,-0.1070603430271149,-0.06540648639202118,-0.08475793898105621,0.9942525625228882],"rotationconfidence":0.5},"24":{"id":24,"position":[520.2682018280029,-879.1918754577637,1981.63914680481],"positionconfidence":0.5,"rotation":[-0.7916837930679321,0.6109310388565063,0,-0.6074197292327881,-0.7871336340904236,-0.1070603430271149,-0.06540648639202118,-0.08475793898105621,0.9942525625228882],"rotationconfidence":0.5}},"skeletonTracked":true,"frameCount":1},{"position":[215.0530964136124,-402.427464723587,2356.462001800537],"positionTracked":true,"id":4821,"skeleton":{"1":{"id":1,"position":[270.5923020839691,234.9281758069992,2601.065874099731],"positionconfidence":1,"rotation":[0.9994263052940369,0.03387016803026199,0,-0.03380997478961945,0.997650146484375,-0.05959287658333778,-0.002018420724198222,0.0595586895942688,0.9982229471206665],"rotationconfidence":1},"2":{"id":2,"position":[277.4177193641663,33.52669626474381,2613.096237182617],"positionconfidence":1,"rotation":[0.9976254105567932,0.03010895662009716,-0.06194507330656052,-0.03380997478961945,0.997650146484375,-0.05959287658333778,0.06000521779060364,0.0615457147359848,0.9962989091873169],"rotationconfidence":1},"3":{"id":3,"position":[262.2360587120056,-281.9088399410248,2553.378343582153],"positionconfidence":1,"rotation":[0.997373640537262,-0.03611729666590691,-0.06278034299612045,0.04723641648888588,0.9814502000808716,0.1858070343732834,0.05490493401885033,-0.1882845610380173,0.980578601360321],"rotationconfidence":1},"4":{"id":4,"position":[256.7228078842163,-326.775848865509,2495.330095291138],"positionconfidence":1,"rotation":[0.9967418313026428,-0.06948383152484894,-0.04096172377467156,0.07493539899587631,0.6098266243934631,0.7889842987060547,-0.02984209917485714,-0.7894830703735352,0.6130464673042297],"rotationconfidence":1},"6":{"id":6,"position":[94.06469762325287,-77.51448452472687,2604.817152023315],"positionconfidence":1,"rotation":[0.2156467437744141,0.9754398465156555,0.04487406089901924,0.1115058287978172,0.02105545997619629,-0.9935406446456909,-0.9700838923454285,0.2192575037479401,-0.104226678609848],"rotationconfidence":1},"7":{"id":7,"position":[45.85408046841621,-295.5866754055023,2594.78497505188],"positionconfidence":1,"rotation":[-0.08724678307771683,0.08577553182840347,0.9924870133399963,0.2265503257513046,0.971889078617096,-0.06407994776964188,-0.9700838923454285,0.2192575037479401,-0.104226678609848],"rotationconfidence":1},"8":{"id":8,"position":[70.99343091249466,-320.3020989894867,2308.809041976929],"positionconfidence":1,"rotation":[0.3287922441959381,0.9228363037109375,-0.2006705403327942,0,-0.2124841809272766,-0.9771645069122314,-0.9444022178649902,0.3212841153144836,-0.06986314803361893],"rotationconfidence":1},"9":{"id":9,"position":[66.83935225009918,-331.9615423679352,2311.344385147095],"positionconfidence":1,"rotation":[0.3287922441959381,0.9228363037109375,-0.2006705403327942,0,-0.2124841809272766,-0.9771645069122314,-0.9444022178649902,0.3212841153144836,-0.06986314803361893],"rotationconfidence":1},"12":{"id":12,"position":[448.3389556407929,-83.42735469341278,2583.845138549805],"positionconfidence":1,"rotation":[0.1886902898550034,-0.9815977215766907,-0.02936109527945519,-0.363471120595932,-0.04203185066580772,-0.9306568503379822,0.9122963547706604,0.1862777918577194,-0.3647133708000183],"rotationconfidence":1},"13":{"id":13,"position":[490.6416535377502,-303.4929037094116,2577.26263999939],"positionconfidence":1,"rotation":[-0.3572140634059906,-0.07358201593160629,-0.9311196804046631,-0.2002832591533661,0.9797378182411194,-0.0005875579663552344,0.9122963547706604,0.1862777918577194,-0.3647133708000183],"rotationconfidence":1},"14":{"id":14,"position":[390.226274728775,-324.1773247718811,2315.518379211426],"positionconfidence":1,"rotation":[-0.1656520217657089,-0.009154831990599632,-0.9861418008804321,0,-0.9999569058418274,0.00928308442234993,-0.986184298992157,0.001537761650979519,0.1656448841094971],"rotationconfidence":1},"15":{"id":15,"position":[385.312557220459,-324.4488835334778,2286.266565322876],"positionconfidence":1,"rotation":[-0.1656520217657089,-0.009154831990599632,-0.9861418008804321,0,-0.9999569058418274,0.00928308442234993,-0.986184298992157,0.001537761650979519,0.1656448841094971],"rotationconfidence":1},"17":{"id":17,"position":[174.6515482664108,-398.4414637088776,2468.996047973633],"positionconfidence":1,"rotation":[0.8900140523910522,-0.4228575527667999,-0.1704887747764587,0.4557572305202484,0.8147469162940979,0.3584309816360474,-0.01266004517674446,-0.3967101275920868,0.9178566336631775],"rotationconfidence":1},"18":{"id":18,"position":[9.693917818367481,-693.3324933052063,2339.264869689941],"positionconfidence":1,"rotation":[0.6667191386222839,-0.745309054851532,0,0.6590272188186646,0.5895353555679321,0.4670452773571014,-0.3480930626392365,-0.3113880157470703,0.8842334747314453],"rotationconfidence":1},"19":{"id":19,"position":[-162.2130423784256,-847.1125364303589,2217.43631362915],"positionconfidence":1,"rotation":[-0.9625488519668579,-0.2711084485054016,0,0.2484642863273621,-0.8821526169776917,-0.4000903964042664,0.1084678769111633,-0.3851065337657929,0.9164756536483765],"rotationconfidence":1},"20":{"id":20,"position":[-169.0092831850052,-822.9830265045166,2160.01296043396],"positionconfidence":1,"rotation":[-0.9625488519668579,-0.2711084485054016,0,0.2484642863273621,-0.8821526169776917,-0.4000903964042664,0.1084678769111633,-0.3851065337657929,0.9164756536483765],"rotationconfidence":1},"21":{"id":21,"position":[331.5314948558807,-404.8379957675934,2468.395233154297],"positionconfidence":1,"rotation":[0.9802150726318359,0.1597280204296112,0.1168988570570946,-0.1971329152584076,0.8409222960472107,0.5039725303649902,-0.01780432276427746,-0.5170460939407349,0.8557723760604858],"rotationconfidence":1},"22":{"id":22,"position":[396.3533639907837,-681.3527345657349,2302.677392959595],"positionconfidence":1,"rotation":[0.9063395261764526,0.4113206565380096,0.09676835685968399,-0.3563602864742279,0.62099289894104,0.6981226205825806,0.2270597964525223,-0.6672205328941345,0.7094087600708008],"rotationconfidence":1},"23":{"id":23,"position":[514.410138130188,-887.0782852172852,2071.399927139282],"positionconfidence":0.5,"rotation":[-0.7962086200714111,0.6050221920013428,0,-0.601362943649292,-0.7913931012153625,-0.1098165288567543,-0.06644143909215927,-0.08743686228990555,0.9939519166946411],"rotationconfidence":0.5},"24":{"id":24,"position":[520.4447507858276,-879.1367411613464,1981.123208999634],"positionconfidence":0.5,"rotation":[-0.7962086200714111,0.6050221920013428,0,-0.601362943649292,-0.7913931012153625,-0.1098165288567543,-0.06644143909215927,-0.08743686228990555,0.9939519166946411],"rotationconfidence":0.5}},"skeletonTracked":true,"frameCount":2},{"position":[217.5604701042175,-400.1000225543976,2356.675386428833],"positionTracked":true,"id":4821,"skeleton":{"1":{"id":1,"position":[271.4216709136963,233.6030304431915,2602.390289306641],"positionconfidence":1,"rotation":[0.9995486736297607,0.0300434585660696,0,-0.02999243140220642,0.9978510141372681,-0.05825626105070114,-0.001750219613313675,0.0582299679517746,0.9983017444610596],"rotationconfidence":1},"2":{"id":2,"position":[277.4540483951569,32.90526941418648,2614.107370376587],"positionconfidence":1,"rotation":[0.9978959560394287,0.02654031477868557,-0.05915321782231331,-0.02999243140220642,0.9978510141372681,-0.05825626105070114,0.05747995898127556,0.05990783870220184,0.996547520160675],"rotationconfidence":1},"3":{"id":3,"position":[262.846052646637,-283.0249667167664,2553.5888671875],"positionconfidence":1,"rotation":[0.9975865483283997,-0.03459439054131508,-0.06020184233784676,0.04536561295390129,0.9811318516731262,0.1879422217607498,0.05256419628858566,-0.1902197301387787,0.9803333282470703],"rotationconfidence":1},"4":{"id":4,"position":[257.7858865261078,-328.220546245575,2495.305299758911],"positionconfidence":1,"rotation":[0.9970703721046448,-0.06895961612462997,-0.03309118002653122,0.0684480294585228,0.6113530993461609,0.788392186164856,-0.0341368280351162,-0.7883475422859192,0.6142822504043579],"rotationconfidence":1},"6":{"id":6,"position":[94.34404224157333,-78.42681556940079,2604.313373565674],"positionconfidence":1,"rotation":[0.2185683101415634,0.9748596549034119,0.0433189831674099,0.1062383577227593,0.02035622484982014,-0.9941323399543762,-0.9700213074684143,0.2218879610300064,-0.09911826252937317],"rotationconfidence":1},"7":{"id":7,"position":[45.5738790333271,-295.951783657074,2594.647407531738],"positionconfidence":1,"rotation":[-0.08279744535684586,0.08170823752880096,0.9932110905647278,0.2284803688526154,0.9716426730155945,-0.06088697537779808,-0.9700213074684143,0.2218879610300064,-0.09911826252937317],"rotationconfidence":1},"8":{"id":8,"position":[69.54780220985413,-319.6103274822235,2307.064056396484],"positionconfidence":1,"rotation":[0.05370291322469711,0.967451274394989,-0.2472933381795883,0,-0.2476507127285004,-0.9688493609428406,-0.998556911945343,0.05203003436326981,-0.01329956483095884],"rotationconfidence":1},"9":{"id":9,"position":[68.85359436273575,-332.1163952350617,2310.260772705078],"positionconfidence":1,"rotation":[0.05370291322469711,0.967451274394989,-0.2472933381795883,0,-0.2476507127285004,-0.9688493609428406,-0.998556911945343,0.05203003436326981,-0.01329956483095884],"rotationconfidence":1},"12":{"id":12,"position":[448.3694434165955,-84.08283442258835,2584.233522415161],"positionconfidence":1,"rotation":[0.1892411708831787,-0.9813823103904724,-0.03280934318900108,-0.3677421510219574,-0.0398516058921814,-0.9290735125541687,0.9104688763618469,0.1878843605518341,-0.3684372305870056],"rotationconfidence":1},"13":{"id":13,"position":[490.5735850334168,-302.948534488678,2576.916456222534],"positionconfidence":1,"rotation":[-0.3655435740947723,-0.05112479999661446,-0.9293891787528992,-0.1934539675712585,0.9808597564697266,0.02213238179683685,0.9104688763618469,0.1878843605518341,-0.3684372305870056],"rotationconfidence":1},"14":{"id":14,"position":[385.9319388866425,-317.5836801528931,2310.866594314575],"positionconfidence":1,"rotation":[-0.07926664501428604,-0.2631872892379761,-0.96148282289505,0,-0.9645177125930786,0.2640180289745331,-0.9968534111976624,0.02092782407999039,0.07645408064126968],"rotationconfidence":1},"15":{"id":15,"position":[383.9185833930969,-324.2685794830322,2286.445140838623],"positionconfidence":1,"rotation":[-0.07926664501428604,-0.2631872892379761,-0.96148282289505,0,-0.9645177125930786,0.2640180289745331,-0.9968534111976624,0.02092782407999039,0.07645408064126968],"rotationconfidence":1},"17":{"id":17,"position":[176.3588786125183,-400.028258562088,2468.274116516113],"positionconfidence":1,"rotation":[0.886335015296936,-0.4311849772930145,-0.1687890142202377,0.4627041518688202,0.8107702732086182,0.3585477471351624,-0.01775128021836281,-0.3958927690982819,0.9181250929832458],"rotationconfidence":1},"18":{"id":18,"position":[9.261393919587135,-692.8237080574036,2338.790893554688],"positionconfidence":1,"rotation":[0.6672977209091187,-0.7447912096977234,0,0.6578447222709656,0.5893977284431458,0.4688823819160461,-0.3492194712162018,-0.3128841519355774,0.8832607269287109],"rotationconfidence":1},"19":{"id":19,"position":[-162.7646237611771,-846.950888633728,2216.178417205811],"positionconfidence":1,"rotation":[-0.7268553376197815,-0.6867905259132385,0,0.647209882736206,-0.6849657297134399,-0.3345763385295868,0.2297838926315308,-0.2431886196136475,0.9423686861991882],"rotationconfidence":1},"20":{"id":20,"position":[-181.5281510353088,-827.0927667617798,2139.227151870728],"positionconfidence":1,"rotation":[-0.7268553376197815,-0.6867905259132385,0,0.647209882736206,-0.6849657297134399,-0.3345763385295868,0.2297838926315308,-0.2431886196136475,0.9423686861991882],"rotationconfidence":1},"21":{"id":21,"position":[332.3567509651184,-406.6619277000427,2468.429803848267],"positionconfidence":1,"rotation":[0.9807072877883911,0.1542207598686218,0.1201209798455238,-0.1941308677196503,0.8404744863510132,0.5058811902999878,-0.02294124104082584,-0.5194405913352966,0.8541985154151917],"rotationconfidence":1},"22":{"id":22,"position":[396.0154056549072,-682.2671294212341,2302.543163299561],"positionconfidence":1,"rotation":[0.9058171510696411,0.411538690328598,0.1006526574492455,-0.3586136698722839,0.6182746291160583,0.6993802785873413,0.2255910634994507,-0.66960608959198,0.7076271772384644],"rotationconfidence":1},"23":{"id":23,"position":[514.8373246192932,-887.1243000030518,2070.812702178955],"positionconfidence":0.5,"rotation":[-0.790808379650116,0.6120638251304626,0,-0.6080979108810425,-0.7856842875480652,-0.1136541813611984,-0.0695636123418808,-0.08987867832183838,0.9935204386711121],"rotationconfidence":0.5},"24":{"id":24,"position":[521.1546421051025,-878.9620995521545,1980.587601661682],"positionconfidence":0.5,"rotation":[-0.790808379650116,0.6120638251304626,0,-0.6080979108810425,-0.7856842875480652,-0.1136541813611984,-0.0695636123418808,-0.08987867832183838,0.9935204386711121],"rotationconfidence":0.5}},"skeletonTracked":true,"frameCount":3},{"position":[214.0690982341766,-400.2811312675476,2351.58371925354],"positionTracked":true,"id":4821,"skeleton":{"1":{"id":1,"position":[272.0972895622253,232.4582785367966,2603.314399719238],"positionconfidence":1,"rotation":[0.999668300151825,0.02575411833822727,0,-0.02571148797869682,0.9980134963989258,-0.05751412734389305,-0.001481225597672164,0.05749505013227463,0.9983446598052979],"rotationconfidence":1},"2":{"id":2,"position":[277.2568166255951,32.18678757548332,2614.855766296387],"positionconfidence":1,"rotation":[0.9986767768859863,0.02308012917637825,-0.04595715552568436,-0.02571148797869682,0.9980134963989258,-0.05751412734389305,0.04453843086957932,0.0586196593940258,0.9972864389419556],"rotationconfidence":1},"3":{"id":3,"position":[262.8182768821716,-283.540815114975,2553.580760955811],"positionconfidence":1,"rotation":[0.9982029795646667,-0.03641265630722046,-0.04759057611227036,0.04484818503260613,0.9806954264640808,0.1903290003538132,0.03974147513508797,-0.1921213269233704,0.980566143989563],"rotationconfidence":1},"4":{"id":4,"position":[257.9954564571381,-328.6565840244293,2495.197296142578],"positionconfidence":1,"rotation":[0.9968832731246948,-0.07503250986337662,-0.02436716482043266,0.06522495299577713,0.610156238079071,0.7895916700363159,-0.04437727108597755,-0.7887201309204102,0.61314857006073],"rotationconfidence":1},"6":{"id":6,"position":[93.73434633016586,-79.60668206214905,2600.987672805786],"positionconfidence":1,"rotation":[0.2459839433431625,0.9677931666374207,0.05355605855584145,0.1397592723369598,0.01926223561167717,-0.9899980425834656,-0.9591450095176697,0.2510085999965668,-0.1305198669433594],"rotationconfidence":1},"7":{"id":7,"position":[37.91143000125885,-299.2349863052368,2588.833808898926],"positionconfidence":1,"rotation":[-0.1135146766901016,0.08113689720630646,0.9902177453041077,0.2591431438922882,0.9645783305168152,-0.04932888969779015,-0.9591450095176697,0.2510085999965668,-0.1305198669433594],"rotationconfidence":1},"8":{"id":8,"position":[68.51950287818909,-321.112722158432,2321.831703186035],"positionconfidence":0.5,"rotation":[-0.2152703702449799,0.5823389887809753,0.7839260101318359,0,0.8027468323707581,-0.5963199734687805,-0.9765545129776001,-0.1283700168132782,-0.1728076040744782],"rotationconfidence":0.5},"9":{"id":9,"position":[72.64313101768494,-332.2677612304688,2306.815147399902],"positionconfidence":1,"rotation":[-0.2152703702449799,0.5823389887809753,0.7839260101318359,0,0.8027468323707581,-0.5963199734687805,-0.9765545129776001,-0.1283700168132782,-0.1728076040744782],"rotationconfidence":1},"12":{"id":12,"position":[448.0530619621277,-85.35253256559372,2585.501670837402],"positionconfidence":1,"rotation":[0.184462383389473,-0.9825472235679626,-0.0239711906760931,-0.3535925149917603,-0.04358694329857826,-0.9343835711479187,0.9170311093330383,0.180834636092186,-0.3554614782333374],"rotationconfidence":1},"13":{"id":13,"position":[488.4323477745056,-300.4346191883087,2580.254316329956],"positionconfidence":1,"rotation":[-0.3525936603546143,-0.04887941852211952,-0.9344990849494934,-0.18636454641819,0.9822981953620911,0.01893719844520092,0.9170311093330383,0.180834636092186,-0.3554614782333374],"rotationconfidence":1},"14":{"id":14,"position":[386.1101269721985,-314.6193623542786,2309.063911437988],"positionconfidence":1,"rotation":[-0.08494853228330612,-0.4329027533531189,-0.8974291086196899,0,-0.9006847143173218,0.4344731867313385,-0.9963853359222412,0.036907859146595,0.07651184499263763],"rotationconfidence":1},"15":{"id":15,"position":[384.1031193733215,-324.8471915721893,2287.861108779907],"positionconfidence":1,"rotation":[-0.08494853228330612,-0.4329027533531189,-0.8974291086196899,0,-0.9006847143173218,0.4344731867313385,-0.9963853359222412,0.036907859146595,0.07651184499263763],"rotationconfidence":1},"17":{"id":17,"position":[176.4172911643982,-400.1320004463196,2466.598272323608],"positionconfidence":1,"rotation":[0.8869965076446533,-0.434755802154541,-0.1556422412395477,0.4608636796474457,0.8122679591178894,0.3575267195701599,-0.0290136095136404,-0.3888548314571381,0.9208420515060425],"rotationconfidence":1},"18":{"id":18,"position":[10.36968734115362,-692.7893757820129,2337.782621383667],"positionconfidence":1,"rotation":[0.6601390242576599,-0.7511433959007263,0,0.6606250405311584,0.5805873870849609,0.4759128391742706,-0.3574787974357605,-0.3141686320304871,0.8794925212860107],"rotationconfidence":1},"19":{"id":19,"position":[-163.0618125200272,-845.2088832855225,2212.84294128418],"positionconfidence":1,"rotation":[-0.2363909482955933,0.9716580510139465,0,0.07763959467411041,0.01888863742351532,-0.9968025088310242,-0.9685511589050293,-0.2356351017951965,-0.0799042358994484],"rotationconfidence":1},"20":{"id":20,"position":[-123.1224685907364,-835.492193698883,2216.137886047363],"positionconfidence":1,"rotation":[-0.2363909482955933,0.9716580510139465,0,0.07763959467411041,0.01888863742351532,-0.9968025088310242,-0.9685511589050293,-0.2356351017951965,-0.0799042358994484],"rotationconfidence":1},"21":{"id":21,"position":[332.4534893035889,-407.5121879577637,2468.398094177246],"positionconfidence":1,"rotation":[0.9805249571800232,0.1472833901643753,0.1299172639846802,-0.1933374106884003,0.8401516675949097,0.5067206621170044,-0.03451867401599884,-0.5219700932502747,0.8522650599479675],"rotationconfidence":1},"22":{"id":22,"position":[395.8086967468262,-682.8235387802124,2302.34956741333],"positionconfidence":1,"rotation":[0.9066905379295349,0.4086053669452667,0.1046606823801994,-0.3589657545089722,0.6172051429748535,0.7001438140869141,0.2214854061603546,-0.6723833680152893,0.7062894105911255],"rotationconfidence":1},"23":{"id":23,"position":[514.7762298583984,-887.3761296272278,2070.309638977051],"positionconfidence":0.5,"rotation":[-0.7847694158554077,0.6197877526283264,0,-0.6154756546020508,-0.7793095111846924,-0.1177549883723259,-0.07298310846090317,-0.09241051971912384,0.9930426478385925],"rotationconfidence":0.5},"24":{"id":24,"position":[521.3954448699951,-878.9949417114258,1980.245471000671],"positionconfidence":0.5,"rotation":[-0.7847694158554077,0.6197877526283264,0,-0.6154756546020508,-0.7793095111846924,-0.1177549883723259,-0.07298310846090317,-0.09241051971912384,0.9930426478385925],"rotationconfidence":0.5}},"skeletonTracked":true,"frameCount":4},{"position":[213.3859992027283,-398.2414305210114,2349.737167358398],"positionTracked":true,"id":4821,"skeleton":{"1":{"id":1,"position":[272.5488841533661,231.5171808004379,2603.970527648926],"positionconfidence":1,"rotation":[0.9998043179512024,0.01978024654090405,0,-0.019749466329813,0.9982485771179199,-0.05576564744114876,-0.001103058224543929,0.05575473606586456,0.9984439015388489],"rotationconfidence":1},"2":{"id":2,"position":[276.5091955661774,31.34088218212128,2615.153074264526],"positionconfidence":1,"rotation":[0.999470591545105,0.01826960034668446,-0.02692353539168835,-0.019749466329813,0.9982485771179199,-0.05576564744114876,0.02585756219923496,0.05626784637570381,0.998080849647522],"rotationconfidence":1},"3":{"id":3,"position":[262.3228132724762,-284.1764092445374,2553.36594581604],"positionconfidence":1,"rotation":[0.9988037943840027,-0.03917966410517693,-0.02925447188317776,0.04408130794763565,0.9804061055183411,0.1919909864664078,0.02115912362933159,-0.1930509358644486,0.9809606075286865],"rotationconfidence":1},"4":{"id":4,"position":[258.0186128616333,-329.0936350822449,2494.95005607605],"positionconfidence":1,"rotation":[0.9967681765556335,-0.07936471700668335,-0.01241866033524275,0.05831147357821465,0.608519434928894,0.7913935780525208,-0.05525173619389534,-0.7895601391792297,0.6111807227134705],"rotationconfidence":1},"6":{"id":6,"position":[92.34166890382767,-80.57356625795364,2596.490859985352],"positionconfidence":1,"rotation":[0.2604247033596039,0.9642512798309326,0.04897557199001312,0.1507371962070465,0.009497581049799919,-0.9885283708572388,-0.9536547660827637,0.2648195922374725,-0.1428751051425934],"rotationconfidence":1},"7":{"id":7,"position":[32.88674354553223,-300.711989402771,2585.309743881226],"positionconfidence":1,"rotation":[-0.081594318151474,0.2294435799121857,0.9698958992958069,0.2896292209625244,0.9366036653518677,-0.1972021907567978,-0.9536547660827637,0.2648195922374725,-0.1428751051425934],"rotationconfidence":1},"8":{"id":8,"position":[52.00532823801041,-354.4735312461853,2358.05082321167],"positionconfidence":1,"rotation":[-0.378709077835083,-0.3338023126125336,0.8632239103317261,0,0.9326948523521423,0.3606662154197693,-0.9255157113075256,0.1365875750780106,-0.3532200157642365],"rotationconfidence":1},"9":{"id":9,"position":[77.70279794931412,-331.8232297897339,2299.476385116577],"positionconfidence":1,"rotation":[-0.378709077835083,-0.3338023126125336,0.8632239103317261,0,0.9326948523521423,0.3606662154197693,-0.9255157113075256,0.1365875750780106,-0.3532200157642365],"rotationconfidence":1},"12":{"id":12,"position":[447.4446177482605,-86.6573378443718,2587.634086608887],"positionconfidence":1,"rotation":[0.1768204867839813,-0.9840996861457825,-0.01680371165275574,-0.3283196687698364,-0.04287958145141602,-0.9435929656028748,0.9278689622879028,0.1723635494709015,-0.3306812644004822],"rotationconfidence":1},"13":{"id":13,"position":[485.4580760002136,-298.2223927974701,2584.02156829834],"positionconfidence":1,"rotation":[-0.326160192489624,-0.05476145446300507,-0.9437269568443298,-0.1807727217674255,0.9835100173950195,0.005406674463301897,0.9278689622879028,0.1723635494709015,-0.3306812644004822],"rotationconfidence":1},"14":{"id":14,"position":[390.1493549346924,-314.2244815826416,2308.250904083252],"positionconfidence":1,"rotation":[-0.2136794477701187,-0.5179445743560791,-0.8282961249351501,0,-0.8478789925575256,0.5301899909973145,-0.9769039154052734,0.1132907047867775,0.1811743080615997],"rotationconfidence":1},"15":{"id":15,"position":[385.3887319564819,-325.7639110088348,2289.797067642212],"positionconfidence":1,"rotation":[-0.2136794477701187,-0.5179445743560791,-0.8282961249351501,0,-0.8478789925575256,0.5301899909973145,-0.9769039154052734,0.1132907047867775,0.1811743080615997],"rotationconfidence":1},"17":{"id":17,"position":[176.2026697397232,-400.3261029720306,2464.707851409912],"positionconfidence":1,"rotation":[0.8861109614372253,-0.4408233463764191,-0.1431161910295487,0.4616048634052277,0.8117103576660156,0.3578368425369263,-0.04157393798232079,-0.3831462860107422,0.9227516651153564],"rotationconfidence":1},"18":{"id":18,"position":[10.01369580626488,-692.5615668296814,2335.877895355225],"positionconfidence":1,"rotation":[0.6604658365249634,-0.7508561611175537,0,0.6583899259567261,0.579131007194519,0.4807598888874054,-0.3609815239906311,-0.3175254762172699,0.8768523931503296],"rotationconfidence":1},"19":{"id":19,"position":[-163.7726277112961,-845.4269766807556,2208.978176116943],"positionconfidence":1,"rotation":[-0.2401378303766251,0.9707388281822205,0,0.461616724729538,0.1141930669546127,-0.8796988129615784,-0.8539577722549438,-0.2112489640712738,-0.4755313396453857],"rotationconfidence":1},"20":{"id":20,"position":[-109.4093918800354,-831.9787979125977,2239.250659942627],"positionconfidence":1,"rotation":[-0.2401378303766251,0.9707388281822205,0,0.461616724729538,0.1141930669546127,-0.8796988129615784,-0.8539577722549438,-0.2112489640712738,-0.4755313396453857],"rotationconfidence":1},"21":{"id":21,"position":[332.3270678520203,-408.4022045135498,2468.388557434082],"positionconfidence":1,"rotation":[0.9800121188163757,0.1402895301580429,0.1410500705242157,-0.1932607144117355,0.8395485877990723,0.507748544216156,-0.04718657210469246,-0.5248591303825378,0.8498801589012146],"rotationconfidence":1},"22":{"id":22,"position":[395.6039845943451,-683.2849979400635,2302.142858505249],"positionconfidence":1,"rotation":[0.9086233973503113,0.402778685092926,0.1103305369615555,-0.3585582375526428,0.6169663667678833,0.7005630135536194,0.2141016125679016,-0.6761078834533691,0.7050096988677979],"rotationconfidence":1},"23":{"id":23,"position":[514.5105719566345,-887.8859877586365,2069.819211959839],"positionconfidence":0.5,"rotation":[-0.7727071046829224,0.6347625851631165,0,-0.6299190521240234,-0.7668110132217407,-0.1232993975281715,-0.07826586067676544,-0.09527433663606644,0.992369532585144],"rotationconfidence":0.5},"24":{"id":24,"position":[521.5997695922852,-879.2561888694763,1979.931950569153],"positionconfidence":0.5,"rotation":[-0.7727071046829224,0.6347625851631165,0,-0.6299190521240234,-0.7668110132217407,-0.1232993975281715,-0.07826586067676544,-0.09527433663606644,0.992369532585144],"rotationconfidence":0.5}},"skeletonTracked":true,"frameCount":5},{"position":[215.6140804290772,-380.1753222942352,2353.042125701904],"positionTracked":true,"id":4821,"skeleton":{"1":{"id":1,"position":[272.647351026535,231.1243712902069,2604.149580001831],"positionconfidence":1,"rotation":[0.9999986290931702,0.00159823487047106,0,-0.001596148824319243,0.9986934661865234,-0.05107557401061058,-0.00008163076563505456,0.05107550323009491,0.998694658279419],"rotationconfidence":1},"2":{"id":2,"position":[272.9675769805908,30.76237067580223,2614.396572113037],"positionconfidence":1,"rotation":[0.999997615814209,0.001667780452407897,0.001359875197522342,-0.001596148824319243,0.9986934661865234,-0.05107557401061058,-0.001443281420506537,0.05107328668236733,0.9986938238143921],"rotationconfidence":1},"3":{"id":3,"position":[260.260283946991,-284.7623229026794,2552.599906921387],"positionconfidence":1,"rotation":[0.999203085899353,-0.03987228497862816,-0.001884813536889851,0.03949181362986565,0.9805898666381836,0.1920521110296249,-0.005809327121824026,-0.191973477602005,0.9813829660415649],"rotationconfidence":1},"4":{"id":4,"position":[257.3473751544952,-329.5363783836365,2494.315147399902],"positionconfidence":1,"rotation":[0.9970617890357971,-0.0761122927069664,0.008638722822070122,0.03960186615586281,0.6087166666984558,0.7923986911773682,-0.06556981801986694,-0.7897284030914307,0.6099423170089722],"rotationconfidence":1},"6":{"id":6,"position":[89.37587589025497,-80.94201982021332,2589.650392532349],"positionconfidence":1,"rotation":[0.280839741230011,0.9592141509056091,0.03220591321587563,0.1614774316549301,-0.01414625905454159,-0.9867749810218811,-0.9460729360580444,0.2823261618614197,-0.1588642746210098],"rotationconfidence":1},"7":{"id":7,"position":[26.01918764412403,-297.3381578922272,2582.384824752808],"positionconfidence":1,"rotation":[-0.1327830106019974,0.1093551144003868,0.9850939512252808,0.2954904139041901,0.9530652165412903,-0.0659697949886322,-0.9460729360580444,0.2823261618614197,-0.1588642746210098],"rotationconfidence":1},"8":{"id":8,"position":[60.74202805757523,-325.9345889091492,2324.782133102417],"positionconfidence":1,"rotation":[-0.5353649258613586,0.1183833405375481,0.836283266544342,0,0.9901286363601685,-0.1401615142822266,-0.8446208238601685,-0.07503756135702133,-0.5300801396369934],"rotationconfidence":1},"9":{"id":9,"position":[82.24605768918991,-330.6896984577179,2291.191101074219],"positionconfidence":1,"rotation":[-0.5353649258613586,0.1183833405375481,0.836283266544342,0,0.9901286363601685,-0.1401615142822266,-0.8446208238601685,-0.07503756135702133,-0.5300801396369934],"rotationconfidence":1},"12":{"id":12,"position":[445.8257853984833,-87.40545064210892,2590.496063232422],"positionconfidence":1,"rotation":[0.1527167558670044,-0.988150954246521,-0.01534310914576054,-0.2965134978294373,-0.03100456856191158,-0.9545252919197083,0.9427392482757568,0.1503214240074158,-0.2977349758148193],"rotationconfidence":1},"13":{"id":13,"position":[478.0143201351166,-295.6807613372803,2587.262153625488],"positionconfidence":1,"rotation":[-0.2916313707828522,-0.06165513396263123,-0.9545416235923767,-0.161844938993454,0.9867126941680908,-0.01428627129644156,0.9427392482757568,0.1503214240074158,-0.2977349758148193],"rotationconfidence":1},"14":{"id":14,"position":[392.384946346283,-313.7840628623962,2306.987762451172],"positionconfidence":1,"rotation":[-0.2504187226295471,-0.6231326460838318,-0.7409427165985107,0,-0.7653278708457947,0.6436405181884766,-0.9681375026702881,0.1611796319484711,0.1916524320840836],"rotationconfidence":1},"15":{"id":15,"position":[387.1734142303467,-326.752245426178,2291.567802429199],"positionconfidence":1,"rotation":[-0.2504187226295471,-0.6231326460838318,-0.7409427165985107,0,-0.7653278708457947,0.6436405181884766,-0.9681375026702881,0.1611796319484711,0.1916524320840836],"rotationconfidence":1},"17":{"id":17,"position":[175.4866540431976,-400.703102350235,2462.535381317139],"positionconfidence":1,"rotation":[0.8489359617233276,-0.4963341057300568,-0.1815488785505295,0.525420069694519,0.755628764629364,0.3910995423793793,-0.0569324791431427,-0.4274079203605652,0.902264416217804],"rotationconfidence":1},"18":{"id":18,"position":[-25.3393966704607,-689.5195245742798,2313.04931640625],"positionconfidence":1,"rotation":[0.8260269165039062,-0.5636307597160339,0,0.5060900449752808,0.7416982650756836,0.4401779472827911,-0.248097836971283,-0.3635988235473633,0.8979106545448303],"rotationconfidence":1},"19":{"id":19,"position":[-157.4955880641937,-883.2005262374878,2198.104858398438],"positionconfidence":1,"rotation":[-0.6850461363792419,0.728499710559845,0,0.3853405117988586,0.3623557090759277,-0.8486525416374207,-0.6182430982589722,-0.5813661217689514,-0.5289508104324341],"rotationconfidence":1},"20":{"id":20,"position":[-99.70135986804962,-828.8536071777344,2247.551918029785],"positionconfidence":1,"rotation":[-0.6850461363792419,0.728499710559845,0,0.3853405117988586,0.3623557090759277,-0.8486525416374207,-0.6182430982589722,-0.5813661217689514,-0.5289508104324341],"rotationconfidence":1},"21":{"id":21,"position":[331.685334444046,-409.150242805481,2468.389987945557],"positionconfidence":1,"rotation":[0.9792443513870239,0.1333523690700531,0.1526358276605606,-0.1935103088617325,0.8391110301017761,0.5083763003349304,-0.06028521806001663,-0.5273612141609192,0.8474997878074646],"rotationconfidence":1},"22":{"id":22,"position":[394.9799835681915,-683.6122870445251,2302.106857299805],"positionconfidence":1,"rotation":[0.9125520586967468,0.3843569159507752,0.1397091448307037,-0.3650586903095245,0.6115966439247131,0.7019128799438477,0.1843394190073013,-0.6915341019630432,0.6984266042709351],"rotationconfidence":1},"23":{"id":23,"position":[516.160249710083,-886.6301774978638,2069.108724594116],"positionconfidence":0.5,"rotation":[-0.7104580998420715,0.703739583492279,0,-0.695681631565094,-0.7023231983184814,-0.1508950144052506,-0.1061907857656479,-0.1072045788168907,0.9885497689247131],"rotationconfidence":0.5},"24":{"id":24,"position":[525.7999897003174,-876.8984079360962,1979.370594024658],"positionconfidence":0.5,"rotation":[-0.7104580998420715,0.703739583492279,0,-0.695681631565094,-0.7023231983184814,-0.1508950144052506,-0.1061907857656479,-0.1072045788168907,0.9885497689247131],"rotationconfidence":0.5}},"skeletonTracked":true,"frameCount":6},{"position":[211.3738059997559,-383.5698664188385,2351.633548736572],"positionTracked":true,"id":4821,"skeleton":{"1":{"id":1,"position":[272.5785374641419,231.7404448986054,2604.210138320923],"positionconfidence":1,"rotation":[0.9998847842216492,-0.01517809741199017,0,0.01516287121921778,0.9988817572593689,-0.04478144273161888,0.0006796970847062767,0.04477628320455551,0.9989967942237854],"rotationconfidence":1},"2":{"id":2,"position":[269.5279121398926,30.77495098114014,2613.219738006592],"positionconfidence":1,"rotation":[0.9996553063392639,-0.01418413687497377,0.02209329605102539,0.01516287121921778,0.9988817572593689,-0.04478144273161888,-0.0214334037154913,0.04510100185871124,0.9987524747848511],"rotationconfidence":1},"3":{"id":3,"position":[258.3112418651581,-285.1135432720184,2551.857233047485],"positionconfidence":1,"rotation":[0.9990670680999756,-0.03905544430017471,0.01843078061938286,0.03483560681343079,0.9810546636581421,0.1905734837055206,-0.02552453428506851,-0.1897536367177963,0.9814999103546143],"rotationconfidence":1},"4":{"id":4,"position":[256.6266655921936,-329.8690915107727,2493.685245513916],"positionconfidence":1,"rotation":[0.9969923496246338,-0.07263932377099991,0.02701477147638798,0.02294569835066795,0.6096175312995911,0.7923635244369507,-0.07402542978525162,-0.789360523223877,0.6094507575035095],"rotationconfidence":1},"6":{"id":6,"position":[87.20295876264572,-81.03550970554352,2584.729433059692],"positionconfidence":1,"rotation":[0.2931089401245117,0.9559022784233093,0.01838640309870243,0.1726685762405396,-0.03401107713580132,-0.9843926429748535,-0.9403577446937561,0.2917090058326721,-0.175023227930069],"rotationconfidence":1},"7":{"id":7,"position":[21.62054553627968,-294.9163019657135,2580.615520477295],"positionconfidence":1,"rotation":[-0.1613263934850693,0.07056346535682678,0.9843751788139343,0.299501359462738,0.9539006948471069,-0.01929453946650028,-0.9403577446937561,0.29170900583267