{"motiondata":[{"position":[254.7543346881867,-494.3370819091797,2688.52162361145],"positionTracked":true,"id":4301,"skeleton":{"1":{"id":1,"position":[339.0218615531921,118.3549463748932,2919.761180877686],"positionconfidence":1,"rotation":[0.995485782623291,-0.09491080045700073,0,0.09444811940193176,0.990632951259613,-0.0986194908618927,0.0093600545078516,0.09817430377006531,0.9951251745223999],"rotationconfidence":1},"2":{"id":2,"position":[320.0071156024933,-81.0839980840683,2939.615726470947],"positionconfidence":1,"rotation":[0.9946625828742981,-0.08976765722036362,0.05087439715862274,0.09444811940193176,0.990632951259613,-0.0986194908618927,-0.04154501855373383,0.1028981134295464,0.9938240051269531],"rotationconfidence":1},"3":{"id":3,"position":[294.544905424118,-400.0422060489655,2899.591207504273],"positionconfidence":1,"rotation":[0.9951488375663757,-0.08554022014141083,0.04859689623117447,0.07896079123020172,0.9891204833984375,0.1241199299693108,-0.05868543684482575,-0.1196805685758591,0.9910765290260315],"rotationconfidence":1},"4":{"id":4,"position":[293.9972579479218,-449.0472078323364,2844.360113143921],"positionconfidence":1,"rotation":[0.9890387058258057,-0.115180253982544,0.09238933026790619,0.007416733074933291,0.6636696457862854,0.7479889988899231,-0.1474695652723312,-0.7391048669815063,0.6572492718696594],"rotationconfidence":1},"6":{"id":6,"position":[153.6572873592377,-165.3179377317429,2917.488813400269],"positionconfidence":1,"rotation":[0.2442823648452759,0.9672261476516724,-0.06927993148565292,0.2553444504737854,-0.1330835372209549,-0.9576471447944641,-0.9354813694953918,0.2162460833787918,-0.2794857919216156],"rotationconfidence":1},"7":{"id":7,"position":[92.70630031824112,-406.6509008407593,2934.774875640869],"positionconfidence":1,"rotation":[-0.1310448795557022,0.5222191214561462,0.8426828384399414,0.3281796872615814,0.8249392509460449,-0.4601883292198181,-0.9354813694953918,0.2162460833787918,-0.2794857919216156],"rotationconfidence":1},"8":{"id":8,"position":[124.3062540888786,-532.5779914855957,2731.571674346924],"positionconfidence":0.5,"rotation":[0.3376112580299377,-0.7192680239677429,0.6071839332580566,0,0.6450580358505249,0.7641335725784302,-0.9412857294082642,-0.2579801082611084,0.2177788615226746],"rotationconfidence":0.5},"9":{"id":9,"position":[108.4567606449127,-498.8112449645996,2703.066825866699],"positionconfidence":0.5,"rotation":[0.3376112580299377,-0.7192680239677429,0.6071839332580566,0,0.6450580358505249,0.7641335725784302,-0.9412857294082642,-0.2579801082611084,0.2177788615226746],"rotationconfidence":0.5},"12":{"id":12,"position":[480.5633723735809,-190.6935572624207,2933.781862258911],"positionconfidence":1,"rotation":[0.09160789102315903,-0.9781402945518494,0.1866806000471115,-0.2588973343372345,-0.204416960477829,-0.9440264105796814,0.9615508913993835,0.0381491556763649,-0.2719641029834747],"rotationconfidence":1},"13":{"id":13,"position":[502.2873282432556,-422.6503968238831,2978.051424026489],"positionconfidence":1,"rotation":[-0.2282587140798569,-0.4396232664585114,-0.8686941266059875,-0.1527016907930374,0.897371768951416,-0.4140122532844544,0.9615508913993835,0.0381491556763649,-0.2719641029834747],"rotationconfidence":1},"14":{"id":14,"position":[436.7468059062958,-548.8805770874023,2728.621006011963],"positionconfidence":1,"rotation":[0.2180206626653671,-0.1909093856811523,-0.9570897221565247,0,-0.9806807637214661,0.1956150680780411,-0.9759442210197449,-0.04264812543988228,-0.2138086706399918],"rotationconfidence":1},"15":{"id":15,"position":[448.5009908676148,-559.1731071472168,2677.021265029907],"positionconfidence":0.5,"rotation":[0.2180206626653671,-0.1909093856811523,-0.9570897221565247,0,-0.9806807637214661,0.1956150680780411,-0.9759442210197449,-0.04264812543988228,-0.2138086706399918],"rotationconfidence":0.5},"17":{"id":17,"position":[208.615854382515,-512.2032761573792,2815.514802932739],"positionconfidence":1,"rotation":[0.8939175605773926,-0.435408890247345,-0.1064447984099388,0.4226702451705933,0.7397777438163757,0.5235253572463989,-0.1492021083831787,-0.5129795670509338,0.8453346490859985],"rotationconfidence":1},"18":{"id":18,"position":[56.08649551868439,-779.1674733161926,2626.589775085449],"positionconfidence":1,"rotation":[0.7924475073814392,-0.6099400520324707,0,0.5501888990402222,0.714817464351654,0.4316571950912476,-0.2632850110530853,-0.3420656621456146,0.9020375609397888],"rotationconfidence":1},"19":{"id":19,"position":[-83.59026908874512,-960.6385827064514,2517.004728317261],"positionconfidence":1,"rotation":[0.9793558120727539,0.2021438777446747,0,0.08212855458259583,-0.3979001343250275,-0.9137452244758606,-0.1847079992294312,0.8948817253112793,-0.4062876105308533],"rotationconfidence":1},"20":{"id":20,"position":[-69.06308978796005,-1031.020522117615,2548.959016799927],"positionconfidence":1,"rotation":[0.9793558120727539,0.2021438777446747,0,0.08212855458259583,-0.3979001343250275,-0.9137452244758606,-0.1847079992294312,0.8948817253112793,-0.4062876105308533],"rotationconfidence":1},"21":{"id":21,"position":[372.1127212047577,-527.3221135139465,2835.197448730469],"positionconfidence":1,"rotation":[0.9786370396614075,0.01862147450447083,0.204750269651413,-0.1405408531427383,0.7874671220779419,0.6001197695732117,-0.1500589996576309,-0.6160752773284912,0.7732616066932678],"rotationconfidence":1},"22":{"id":22,"position":[419.3897545337677,-792.220950126648,2633.321046829224],"positionconfidence":1,"rotation":[0.9195204377174377,0.3494512140750885,0.1799056679010391,-0.3807485997676849,0.6783838868141174,0.628351628780365,0.09753313660621643,-0.6462810039520264,0.7568408846855164],"rotationconfidence":1},"23":{"id":23,"position":[551.4004826545715,-1027.425885200501,2415.462970733643],"positionconfidence":0.5,"rotation":[0.1254982352256775,0.9920938014984131,0,-0.9714654088020325,0.1228887811303139,-0.2028626501560211,-0.2012587934732437,0.02545890770852566,0.9792072176933289],"rotationconfidence":0.5},"24":{"id":24,"position":[570.6042647361755,-1029.855132102966,2322.028636932373],"positionconfidence":0.5,"rotation":[0.1254982352256775,0.9920938014984131,0,-0.9714654088020325,0.1228887811303139,-0.2028626501560211,-0.2012587934732437,0.02545890770852566,0.9792072176933289],"rotationconfidence":0.5}},"skeletonTracked":true,"frameCount":1},{"position":[252.5300085544586,-498.8511204719544,2687.015056610107],"positionTracked":true,"id":4301,"skeleton":{"1":{"id":1,"position":[340.1933610439301,118.579812347889,2921.855688095093],"positionconfidence":1,"rotation":[0.995131254196167,-0.09855961799621582,0,0.09810405224561691,0.9905315041542053,-0.09603620320558548,0.009465291164815426,0.09556862711906433,0.9953779578208923],"rotationconfidence":1},"2":{"id":2,"position":[320.3945159912109,-81.32405579090118,2941.237211227417],"positionconfidence":1,"rotation":[0.9941226243972778,-0.09310369193553925,0.05524292215704918,0.09810405224561691,0.9905315041542053,-0.09603620320558548,-0.04577852785587311,0.1008913144469261,0.9938436150550842],"rotationconfidence":1},"3":{"id":3,"position":[295.656681060791,-400.126576423645,2901.29542350769],"positionconfidence":1,"rotation":[0.9950592517852783,-0.08386960625648499,0.05313308909535408,0.0767669752240181,0.9893147945404053,0.1239482015371323,-0.06296083331108093,-0.1192569211125374,0.990865170955658],"rotationconfidence":1},"4":{"id":4,"position":[295.4853475093842,-449.1184651851654,2846.073627471924],"positionconfidence":1,"rotation":[0.9886934757232666,-0.1136792600154877,0.09778684377670288,0.002320902422070503,0.6636492609977722,0.7480402588844299,-0.1499328315258026,-0.7393556237220764,0.6564095616340637],"rotationconfidence":1},"6":{"id":6,"position":[154.1296392679215,-165.531188249588,2918.239831924439],"positionconfidence":1,"rotation":[0.2466335445642471,0.9667950868606567,-0.06692538410425186,0.2525047659873962,-0.1307812035083771,-0.9587165713310242,-0.9356352090835571,0.2195527255535126,-0.2763754427433014],"rotationconfidence":1},"7":{"id":7,"position":[92.62005239725113,-406.6466689109802,2934.930801391602],"positionconfidence":1,"rotation":[-0.1259431540966034,0.5238053202629089,0.8424761891365051,0.3297348618507385,0.823058009147644,-0.4624395370483398,-0.9356352090835571,0.2195527255535126,-0.2763754427433014],"rotationconfidence":1},"8":{"id":8,"position":[124.3646219372749,-538.6742949485779,2722.580671310425],"positionconfidence":1,"rotation":[0.3893016278743744,-0.4414947032928467,0.8084099888801575,0,0.8776472806930542,0.47930708527565,-0.9211103916168213,-0.1865950226783752,0.3416695296764374],"rotationconfidence":1},"9":{"id":9,"position":[102.0364090800285,-513.3525729179382,2676.214694976807],"positionconfidence":0.5,"rotation":[0.3893016278743744,-0.4414947032928467,0.8084099888801575,0,0.8776472806930542,0.47930708527565,-0.9211103916168213,-0.1865950226783752,0.3416695296764374],"rotationconfidence":0.5},"12":{"id":12,"position":[481.3337028026581,-191.3083791732788,2935.928344726563],"positionconfidence":1,"rotation":[0.09257698059082031,-0.9777674078941345,0.1881499290466309,-0.2553281784057617,-0.2059548795223236,-0.9446640014648438,0.9624120593070984,0.0394141711294651,-0.2687182426452637],"rotationconfidence":1},"13":{"id":13,"position":[503.2495260238648,-422.7760434150696,2980.469226837158],"positionconfidence":1,"rotation":[-0.2257629334926605,-0.4339100420475006,-0.8722116947174072,-0.1509770452976227,0.900093674659729,-0.4087019860744476,0.9624120593070984,0.0394141711294651,-0.2687182426452637],"rotationconfidence":1},"14":{"id":14,"position":[436.4444315433502,-551.1735677719116,2722.374677658081],"positionconfidence":1,"rotation":[0.2728560566902161,-0.1601787060499191,-0.9486265182495117,0,-0.9860420227050781,0.1664964407682419,-0.9620547890663147,-0.04542956128716469,-0.2690475285053253],"rotationconfidence":1},"15":{"id":15,"position":[453.1683027744293,-560.9912276268005,2664.231538772583],"positionconfidence":0.5,"rotation":[0.2728560566902161,-0.1601787060499191,-0.9486265182495117,0,-0.9860420227050781,0.1664964407682419,-0.9620547890663147,-0.04542956128716469,-0.2690475285053253],"rotationconfidence":0.5},"17":{"id":17,"position":[210.0315243005753,-512.4027132987976,2816.633462905884],"positionconfidence":1,"rotation":[0.8926257491111755,-0.4382717311382294,-0.1055324971675873,0.4242087304592133,0.7374237179756165,0.5255979895591736,-0.1525325626134872,-0.513930082321167,0.8441620469093323],"rotationconfidence":1},"18":{"id":18,"position":[56.73224851489067,-778.8906693458557,2626.694440841675],"positionconfidence":1,"rotation":[0.7922429442405701,-0.6102058291435242,0,0.5504134893417358,0.7146132588386536,0.4317092001438141,-0.2634314596652985,-0.3420185744762421,0.902012825012207],"rotationconfidence":1},"19":{"id":19,"position":[-82.56459981203079,-959.7426652908325,2517.438888549805],"positionconfidence":1,"rotation":[0.981916069984436,0.1893168240785599,0,0.07807607203722,-0.4049516022205353,-0.9109985828399658,-0.172467365860939,0.894524097442627,-0.4124095737934113],"rotationconfidence":1},"20":{"id":20,"position":[-68.61153990030289,-1032.112002372742,2550.803899765015],"positionconfidence":1,"rotation":[0.981916069984436,0.1893168240785599,0,0.07807607203722,-0.4049516022205353,-0.9109985828399658,-0.172467365860939,0.894524097442627,-0.4124095737934113],"rotationconfidence":1},"21":{"id":21,"position":[373.7651705741882,-527.5000929832458,2837.027311325073],"positionconfidence":1,"rotation":[0.9788601994514465,0.01214099861681461,0.2041701972484589,-0.1357042789459229,0.7854177951812744,0.6039067506790161,-0.1530268639326096,-0.6188469529151917,0.7704617381095886],"rotationconfidence":1},"22":{"id":22,"position":[419.4996356964111,-792.1981811523438,2633.501291275024],"positionconfidence":1,"rotation":[0.9198141098022461,0.3471626341342926,0.1828113198280335,-0.3810038864612579,0.6790642142295837,0.627461314201355,0.09369049966335297,-0.6467995643615723,0.7568831443786621],"rotationconfidence":1},"23":{"id":23,"position":[551.3460636138916,-1027.188420295715,2416.368246078491],"positionconfidence":0.5,"rotation":[0.1037613973021507,0.9946022629737854,0,-0.9737575054168701,0.1015867739915848,-0.203657791018486,-0.2025584876537323,0.02113181725144386,0.979042112827301],"rotationconfidence":0.5},"24":{"id":24,"position":[570.5567598342896,-1029.192566871643,2323.51565361023],"positionconfidence":0.5,"rotation":[0.1037613973021507,0.9946022629737854,0,-0.9737575054168701,0.1015867739915848,-0.203657791018486,-0.2025584876537323,0.02113181725144386,0.979042112827301],"rotationconfidence":0.5}},"skeletonTracked":true,"frameCount":2},{"position":[253.7795901298523,-502.7686357498169,2684.164762496948],"positionTracked":true,"id":4301,"skeleton":{"1":{"id":1,"position":[340.9598767757416,118.5371354222298,2923.154830932617],"positionconfidence":1,"rotation":[0.9949796795845032,-0.1000776663422585,0,0.09961546957492828,0.9903843998908997,-0.09599702805280685,0.009607158601284027,0.09551509469747543,0.9953816533088684],"rotationconfidence":1},"2":{"id":2,"position":[320.8431005477905,-81.46536350250244,2942.540884017944],"positionconfidence":1,"rotation":[0.9938356876373291,-0.09431448578834534,0.05827071517705917,0.09961546957492828,0.9903843998908997,-0.09599702805280685,-0.04865650087594986,0.1012099459767342,0.993674635887146],"rotationconfidence":1},"3":{"id":3,"position":[296.3903248310089,-400.1420438289642,2902.415275573731],"positionconfidence":1,"rotation":[0.9949104189872742,-0.08345212042331696,0.05647074431180954,0.07591143995523453,0.9893030524253845,0.1245663389563561,-0.06626201421022415,-0.1196455880999565,0.9906030297279358],"rotationconfidence":1},"4":{"id":4,"position":[296.3877022266388,-449.1043388843536,2847.120046615601],"positionconfidence":1,"rotation":[0.9883546829223633,-0.1139480844140053,0.1008507907390595,0.0000355091760866344,0.6629329323768616,0.7486787438392639,-0.1521678268909454,-0.7399566173553467,0.6552169322967529],"rotationconfidence":1},"6":{"id":6,"position":[154.7486335039139,-165.544256567955,2919.072866439819],"positionconfidence":1,"rotation":[0.2492852956056595,0.9663046598434448,-0.0641258955001831,0.2295099198818207,-0.1232788413763046,-0.9654675126075745,-0.9408411383628845,0.2259593158960342,-0.2525081038475037],"rotationconfidence":1},"7":{"id":7,"position":[92.54953265190125,-406.6466391086578,2935.072898864746],"positionconfidence":1,"rotation":[-0.1236151605844498,0.4649580717086792,0.8766603469848633,0.3154952526092529,0.8560119271278381,-0.4095196723937988,-0.9408411383628845,0.2259593158960342,-0.2525081038475037],"rotationconfidence":1},"8":{"id":8,"position":[123.8423585891724,-524.3494510650635,2713.148832321167],"positionconfidence":1,"rotation":[0.4233142137527466,-0.2567292451858521,0.8688469529151917,0,0.9590103626251221,0.2833710014820099,-0.9059828519821167,-0.1199549734592438,0.4059627056121826],"rotationconfidence":1},"9":{"id":9,"position":[98.91575574874878,-509.2321038246155,2661.9873046875],"positionconfidence":0.5,"rotation":[0.4233142137527466,-0.2567292451858521,0.8688469529151917,0,0.9590103626251221,0.2833710014820099,-0.9059828519821167,-0.1199549734592438,0.4059627056121826],"rotationconfidence":0.5},"12":{"id":12,"position":[482.1280241012573,-191.9016093015671,2937.788009643555],"positionconfidence":1,"rotation":[0.09327942132949829,-0.9775079488754272,0.1891487687826157,-0.2487579435110092,-0.2068331837654114,-0.9462239146232605,0.9640635251998901,0.04121095687150955,-0.2624561190605164],"rotationconfidence":1},"13":{"id":13,"position":[504.1191577911377,-422.3544597625732,2982.380867004395],"positionconfidence":1,"rotation":[-0.2205063104629517,-0.4268977344036102,-0.8770036101341248,-0.1481840759515762,0.9033604264259338,-0.4024692475795746,0.9640635251998901,0.04121095687150955,-0.2624561190605164],"rotationconfidence":1},"14":{"id":14,"position":[438.1735324859619,-550.0244498252869,2720.100164413452],"positionconfidence":1,"rotation":[-0.1554055064916611,0.3965426087379456,-0.9047667980194092,0,-0.9158942699432373,-0.4014195799827576,-0.9878506660461426,-0.06238281354308128,0.1423350125551224],"rotationconfidence":1},"15":{"id":15,"position":[430.2452802658081,-529.7942161560059,2673.942089080811],"positionconfidence":1,"rotation":[-0.1554055064916611,0.3965426087379456,-0.9047667980194092,0,-0.9158942699432373,-0.4014195799827576,-0.9878506660461426,-0.06238281354308128,0.1423350125551224],"rotationconfidence":1},"17":{"id":17,"position":[210.8365893363953,-512.3906135559082,2817.270040512085],"positionconfidence":1,"rotation":[0.892055869102478,-0.4398094117641449,-0.1039416566491127,0.424416720867157,0.736280083656311,0.5270313024520874,-0.1552631855010986,-0.5142560005187988,0.8434655070304871],"rotationconfidence":1},"18":{"id":18,"position":[57.36453086137772,-778.6346673965454,2626.691818237305],"positionconfidence":1,"rotation":[0.7924693822860718,-0.6099116802215576,0,0.5501576662063599,0.7148299217224121,0.4316767752170563,-0.2632847130298615,-0.3420906364917755,0.9020284414291382],"rotationconfidence":1},"19":{"id":19,"position":[-81.40707015991211,-958.9431285858154,2517.805814743042],"positionconfidence":1,"rotation":[0.9855802059173584,0.1692089438438416,0,0.06902721524238586,-0.4020583033561707,-0.9130083918571472,-0.1544891893863678,0.8998429775238037,-0.4079407155513763],"rotationconfidence":1},"20":{"id":20,"position":[-68.71116906404495,-1032.892107963562,2551.330327987671],"positionconfidence":1,"rotation":[0.9855802059173584,0.1692089438438416,0,0.06902721524238586,-0.4020583033561707,-0.9130083918571472,-0.1544891893863678,0.8998429775238037,-0.4079407155513763],"rotationconfidence":1},"21":{"id":21,"position":[374.7811317443848,-527.5858640670776,2838.184118270874],"positionconfidence":1,"rotation":[0.9788538217544556,0.007802530657500029,0.2044114917516708,-0.1328351199626923,0.7841652631759644,0.6061679124832153,-0.1555627733469009,-0.6205028891563416,0.76861971616745],"rotationconfidence":1},"22":{"id":22,"position":[419.5981621742249,-792.1541333198547,2633.670091629028],"positionconfidence":1,"rotation":[0.9200431704521179,0.3453031480312347,0.1851653456687927,-0.3812164068222046,0.6797025203704834,0.6266406178474426,0.0905236229300499,-0.6471244692802429,0.756990909576416],"rotationconfidence":1},"23":{"id":23,"position":[551.24431848526,-1026.877045631409,2417.271137237549],"positionconfidence":0.5,"rotation":[0.08951035141944885,0.9959859251976013,0,-0.9748969674110413,0.08761506527662277,-0.2046940475702286,-0.2038723826408386,0.01832223497331142,0.9788260459899902],"rotationconfidence":0.5},"24":{"id":24,"position":[570.5175995826721,-1028.609156608582,2324.736833572388],"positionconfidence":0.5,"rotation":[0.08951035141944885,0.9959859251976013,0,-0.9748969674110413,0.08761506527662277,-0.2046940475702286,-0.2038723826408386,0.01832223497331142,0.9788260459899902],"rotationconfidence":0.5}},"skeletonTracked":true,"frameCount":3},{"position":[252.7464032173157,-496.7215359210968,2685.521841049194],"positionTracked":true,"id":4301,"skeleton":{"1":{"id":1,"position":[341.6960835456848,118.3901056647301,2924.012184143066],"positionconfidence":1,"rotation":[0.9947863817214966,-0.1019806861877441,0,0.1015021428465843,0.9901183247566223,-0.09676225483417511,0.009867881424725056,0.0962577760219574,0.9953075051307678],"rotationconfidence":1},"2":{"id":2,"position":[321.1983442306519,-81.55827224254608,2943.552732467651],"positionconfidence":1,"rotation":[0.9935320019721985,-0.09591151773929596,0.06078688055276871,0.1015021428465843,0.9901183247566223,-0.09676225483417511,-0.05090559273958206,0.1023064106702805,0.9934495687484741],"rotationconfidence":1},"3":{"id":3,"position":[296.8023121356964,-400.172621011734,2903.095006942749],"positionconfidence":1,"rotation":[0.9947462677955627,-0.0836586281657219,0.05899937078356743,0.07574102282524109,0.989184558391571,0.1256068795919418,-0.06886937469244003,-0.1204783245921135,0.9903241395950317],"rotationconfidence":1},"4":{"id":4,"position":[296.9423532485962,-449.114978313446,2847.789525985718],"positionconfidence":1,"rotation":[0.9881476759910583,-0.1137067824602127,0.1031264811754227,-0.00189624831546098,0.6627115607261658,0.7488723993301392,-0.1534949690103531,-0.7401920557022095,0.6546412110328674],"rotationconfidence":1},"6":{"id":6,"position":[155.2322059869766,-165.5513644218445,2919.522285461426],"positionconfidence":1,"rotation":[0.2519403100013733,0.9656839966773987,-0.06309129297733307,0.227327898144722,-0.1224262341856957,-0.966092050075531,-0.9406636357307434,0.2290551066398621,-0.2503710091114044],"rotationconfidence":1},"7":{"id":7,"position":[92.35948324203491,-406.5417051315308,2935.266971588135],"positionconfidence":1,"rotation":[-0.1238532513380051,0.4551728963851929,0.8817471861839294,0.3159307837486267,0.8604367971420288,-0.3997953832149506,-0.9406636357307434,0.2290551066398621,-0.2503710091114044],"rotationconfidence":1},"8":{"id":8,"position":[123.8697096705437,-522.3448872566223,2710.936546325684],"positionconfidence":1,"rotation":[0.4367092549800873,-0.1617167294025421,0.8849478960037231,0,0.9837096333503723,0.179764598608017,-0.8996027112007141,-0.07850486040115356,0.4295951128005981],"rotationconfidence":1},"9":{"id":9,"position":[96.95738554000854,-512.3790502548218,2656.40139579773],"positionconfidence":0.5,"rotation":[0.4367092549800873,-0.1617167294025421,0.8849478960037231,0,0.9837096333503723,0.179764598608017,-0.8996027112007141,-0.07850486040115356,0.4295951128005981],"rotationconfidence":0.5},"12":{"id":12,"position":[482.6791286468506,-192.228302359581,2939.048290252686],"positionconfidence":1,"rotation":[0.08731754124164581,-0.9778293967247009,0.1903296411037445,-0.2390473634004593,-0.2060440480709076,-0.948895275592804,0.967073917388916,0.03735740482807159,-0.2517387866973877],"rotationconfidence":1},"13":{"id":13,"position":[503.2995343208313,-423.1468439102173,2983.99543762207],"positionconfidence":1,"rotation":[-0.2140252590179443,-0.4158251583576202,-0.8839019536972046,-0.1376996040344238,0.9086769819259644,-0.3941382467746735,0.967073917388916,0.03735740482807159,-0.2517387866973877],"rotationconfidence":1},"14":{"id":14,"position":[439.7318959236145,-546.6510653495789,2721.467733383179],"positionconfidence":1,"rotation":[-0.2669077813625336,0.3589757382869721,-0.8943694233894348,0,-0.9280366897583008,-0.3724888861179352,-0.9637221097946167,-0.09942018240690231,0.2477002143859863],"rotationconfidence":1},"15":{"id":15,"position":[425.4472255706787,-527.4389982223511,2673.601865768433],"positionconfidence":0.5,"rotation":[-0.2669077813625336,0.3589757382869721,-0.8943694233894348,0,-0.9280366897583008,-0.3724888861179352,-0.9637221097946167,-0.09942018240690231,0.2477002143859863],"rotationconfidence":0.5},"17":{"id":17,"position":[211.3595008850098,-512.3878121376038,2817.6589012146],"positionconfidence":1,"rotation":[0.8919846415519714,-0.4400584697723389,-0.1034979224205017,0.4241709411144257,0.7355380058288574,0.5282639861106873,-0.1563403904438019,-0.5151041746139526,0.8427486419677734],"rotationconfidence":1},"18":{"id":18,"position":[57.96798318624497,-778.3779501914978,2626.624584197998],"positionconfidence":1,"rotation":[0.7927939295768738,-0.6094896793365479,0,0.5497708320617676,0.7151146531105042,0.4316978454589844,-0.2631153762340546,-0.3422474265098572,0.9020181894302368],"rotationconfidence":1},"19":{"id":19,"position":[-80.21558076143265,-958.1202864646912,2518.118381500244],"positionconfidence":1,"rotation":[0.9884791374206543,0.1513569205999374,0,0.06054168939590454,-0.3953846096992493,-0.9165182113647461,-0.138721376657486,0.9059591889381409,-0.3999928832054138],"rotationconfidence":1},"20":{"id":20,"position":[-68.71902197599411,-1033.201813697815,2551.267862319946],"positionconfidence":1,"rotation":[0.9884791374206543,0.1513569205999374,0,0.06054168939590454,-0.3953846096992493,-0.9165182113647461,-0.138721376657486,0.9059591889381409,-0.3999928832054138],"rotationconfidence":1},"21":{"id":21,"position":[375.0154376029968,-527.8123617172241,2838.59133720398],"positionconfidence":1,"rotation":[0.9787102937698364,0.006551265250891447,0.2051419019699097,-0.1324925273656845,0.7835126519203186,0.6070861220359802,-0.1567541062831879,-0.6213412284851074,0.7676999568939209],"rotationconfidence":1},"22":{"id":22,"position":[419.7088479995728,-792.1129465103149,2633.804321289063],"positionconfidence":1,"rotation":[0.920319676399231,0.3435034453868866,0.1871286630630493,-0.38121697306633,0.680407702922821,0.6258745789527893,0.08766628801822662,-0.6473413109779358,0.7571419477462769],"rotationconfidence":1},"23":{"id":23,"position":[551.0681867599487,-1026.567101478577,2418.14112663269],"positionconfidence":0.5,"rotation":[0.08344820141792297,0.9965121746063232,0,-0.9751173257827759,0.08165659010410309,-0.2061028927564621,-0.2053840160369873,0.01719891466200352,0.9785302877426147],"rotationconfidence":0.5},"24":{"id":24,"position":[570.4755783081055,-1028.192281723023,2325.676679611206],"positionconfidence":0.5,"rotation":[0.08344820141792297,0.9965121746063232,0,-0.9751173257827759,0.08165659010410309,-0.2061028927564621,-0.2053840160369873,0.01719891466200352,0.9785302877426147],"rotationconfidence":0.5}},"skeletonTracked":true,"frameCount":4},{"position":[253.4094452857971,-500.5833506584168,2682.724237442017],"positionTracked":true,"id":4301,"skeleton":{"1":{"id":1,"position":[342.2991037368774,118.1796863675118,2924.566268920898],"positionconfidence":1,"rotation":[0.9946044683456421,-0.1037398055195808,0,0.1032455563545227,0.9898658990859985,-0.09749800711870193,0.01011442393064499,0.09697195142507553,0.9952357411384583],"rotationconfidence":1},"2":{"id":2,"position":[321.4584290981293,-81.63009583950043,2944.246768951416],"positionconfidence":1,"rotation":[0.9932714700698853,-0.09743548929691315,0.06259407848119736,0.1032455563545227,0.9898658990859985,-0.09749800711870193,-0.05245997756719589,0.1033045575022697,0.9932653307914734],"rotationconfidence":1},"3":{"id":3,"position":[297.1033751964569,-400.1915156841278,2903.584718704224],"positionconfidence":1,"rotation":[0.9946280121803284,-0.08379940688610077,0.0607701875269413,0.07562078535556793,0.989111602306366,0.1262529045343399,-0.0706884115934372,-0.1209791749715805,0.9901350140571594],"rotationconfidence":1},"4":{"id":4,"position":[297.333687543869,-449.1179883480072,2848.253488540649],"positionconfidence":1,"rotation":[0.9880520701408386,-0.113392673432827,0.1043798178434372,-0.003118199994787574,0.6624157428741455,0.7491298317909241,-0.1540886908769608,-0.7405049204826355,0.654147744178772],"rotationconfidence":1},"6":{"id":6,"position":[155.6282639503479,-165.5572801828384,2919.847965240479],"positionconfidence":1,"rotation":[0.2544727921485901,0.9650492072105408,-0.06263873726129532,0.2239929884672165,-0.1218263581395149,-0.9669464826583862,-0.9407820105552673,0.2320309430360794,-0.2471657544374466],"rotationconfidence":1},"7":{"id":7,"position":[92.1267569065094,-406.3770473003388,2935.478925704956],"positionconfidence":1,"rotation":[-0.120428740978241,0.4527880251407623,0.8834477663040161,0.316900908946991,0.8608976006507874,-0.398031622171402,-0.9407820105552673,0.2320309430360794,-0.2471657544374466],"rotationconfidence":1},"8":{"id":8,"position":[122.9956820607185,-522.4380493164062,2709.028959274292],"positionconfidence":1,"rotation":[0.4417467415332794,-0.04934917017817497,0.8957815170288086,0,0.9984859228134155,0.0550072193145752,-0.8971397876739502,-0.0242992602288723,0.4410778880119324],"rotationconfidence":1},"9":{"id":9,"position":[94.81260180473328,-519.2896127700806,2651.878833770752],"positionconfidence":0.5,"rotation":[0.4417467415332794,-0.04934917017817497,0.8957815170288086,0,0.9984859228134155,0.0550072193145752,-0.8971397876739502,-0.0242992602288723,0.4410778880119324],"rotationconfidence":0.5},"12":{"id":12,"position":[483.0661714076996,-192.4498826265335,2939.93878364563],"positionconfidence":1,"rotation":[0.08221567422151566,-0.9784689545631409,0.1893121004104614,-0.2323193699121475,-0.2035382688045502,-0.951104462146759,0.9691584706306458,0.03421482816338539,-0.2440513372421265],"rotationconfidence":1},"13":{"id":13,"position":[502.4626851081848,-423.2925474643707,2984.601736068726],"positionconfidence":1,"rotation":[-0.2094029635190964,-0.4077962636947632,-0.8887365460395813,-0.1299311965703964,0.9124315977096558,-0.3880545198917389,0.9691584706306458,0.03421482816338539,-0.2440513372421265],"rotationconfidence":1},"14":{"id":14,"position":[441.0350322723389,-542.9182052612305,2723.893880844116],"positionconfidence":1,"rotation":[-0.3468680381774902,0.2914886176586151,-0.8914690017700195,0,-0.950480580329895,-0.3107839822769165,-0.9379139542579651,-0.1078010275959969,0.3296913206577301],"rotationconfidence":1},"15":{"id":15,"position":[421.5786159038544,-526.5681147575378,2673.889875411987],"positionconfidence":0.5,"rotation":[-0.3468680381774902,0.2914886176586151,-0.8914690017700195,0,-0.950480580329895,-0.3107839822769165,-0.9379139542579651,-0.1078010275959969,0.3296913206577301],"rotationconfidence":0.5},"17":{"id":17,"position":[211.7369771003723,-512.3367309570312,2817.883729934692],"positionconfidence":1,"rotation":[0.8921622633934021,-0.4396263062953949,-0.103803813457489,0.4238073229789734,0.7351213097572327,0.5291351675987244,-0.1563133448362351,-0.5160672664642334,0.8421643376350403],"rotationconfidence":1},"18":{"id":18,"position":[58.49232152104378,-778.1495451927185,2626.553535461426],"positionconfidence":1,"rotation":[0.7931041121482849,-0.6090860366821289,0,0.5493922233581543,0.715375542640686,0.4317476153373718,-0.262971431016922,-0.3424208164215088,0.9019944071769714],"rotationconfidence":1},"19":{"id":19,"position":[-79.18424904346466,-957.4211835861206,2518.358469009399],"positionconfidence":1,"rotation":[0.9909084439277649,0.1345379501581192,0,0.0522378608584404,-0.3847460150718689,-0.9215430617332458,-0.1239825189113617,0.9131647944450378,-0.3882760405540466],"rotationconfidence":1},"20":{"id":20,"position":[-68.89350712299347,-1033.215284347534,2550.585985183716],"positionconfidence":1,"rotation":[0.9909084439277649,0.1345379501581192,0,0.0522378608584404,-0.3847460150718689,-0.9215430617332458,-0.1239825189113617,0.9131647944450378,-0.3882760405540466],"rotationconfidence":1},"21":{"id":21,"position":[374.8422265052795,-528.0267000198364,2838.542938232422],"positionconfidence":1,"rotation":[0.9785457849502563,0.007086812052875757,0.2059077918529511,-0.1334126591682434,0.7833754420280457,0.6070618033409119,-0.1570009738206863,-0.6215084195137024,0.767514169216156],"rotationconfidence":1},"22":{"id":22,"position":[419.8110997676849,-792.0759320259094,2633.923053741455],"positionconfidence":1,"rotation":[0.9206264615058899,0.3417437970638275,0.1888333112001419,-0.3810760080814362,0.6811516284942627,0.6251509189605713,0.08501733094453812,-0.6474903225898743,0.7573165893554688],"rotationconfidence":1},"23":{"id":23,"position":[550.8512258529663,-1026.302695274353,2418.95318031311],"positionconfidence":0.5,"rotation":[0.08022893220186234,0.9967764019966125,0,-0.9750820398330688,0.07848279178142548,-0.2074982076883316,-0.2068293392658234,0.01664736121892929,0.9782354831695557],"rotationconfidence":0.5},"24":{"id":24,"position":[570.4073309898376,-1027.876734733582,2326.459169387817],"positionconfidence":0.5,"rotation":[0.08022893220186234,0.9967764019966125,0,-0.9750820398330688,0.07848279178142548,-0.2074982076883316,-0.2068293392658234,0.01664736121892929,0.9782354831695557],"rotationconfidence":0.5}},"skeletonTracked":true,"frameCount":5},{"position":[249.934658408165,-500.8346438407898,2680.115461349487],"positionTracked":true,"id":4301,"skeleton":{"1":{"id":1,"position":[342.6744341850281,118.2276010513306,2924.363136291504],"positionconfidence":1,"rotation":[0.9945025444030762,-0.1047128364443779,0,0.1041805371642113,0.9894470572471619,-0.1007019355893135,0.01054478529840708,0.1001483276486397,0.9949166774749756],"rotationconfidence":1},"2":{"id":2,"position":[321.6254413127899,-81.6836804151535,2944.709300994873],"positionconfidence":1,"rotation":[0.9931169748306274,-0.09804557263851166,0.06407574564218521,0.1041805371642113,0.9894470572471619,-0.1007019355893135,-0.05352618545293808,0.1066842451691628,0.9928511381149292],"rotationconfidence":1},"3":{"id":3,"position":[297.2606718540192,-400.1797735691071,2903.89347076416],"positionconfidence":1,"rotation":[0.9945192337036133,-0.0840495228767395,0.06218702346086502,0.07566138356924057,0.9890451431274414,0.1267478615045548,-0.07215887308120728,-0.1213480308651924,0.9899837374687195],"rotationconfidence":1},"4":{"id":4,"position":[297.4590063095093,-449.0372240543366,2848.421096801758],"positionconfidence":1,"rotation":[0.9876728653907776,-0.1156991422176361,0.1054336503148079,-0.002683069556951523,0.660943865776062,0.7504305839538574,-0.1565098911523819,-0.741462767124176,0.6524858474731445],"rotationconfidence":1},"6":{"id":6,"position":[155.8543741703033,-165.5755490064621,2920.016527175903],"positionconfidence":1,"rotation":[0.2563884258270264,0.9645383954048157,-0.06269509345293045,0.2106259912252426,-0.1190564036369324,-0.9702898263931274,-0.9433460235595703,0.2355658560991287,-0.2336815297603607],"rotationconfidence":1},"7":{"id":7,"position":[91.87774360179901,-406.256914138794,2935.660839080811],"positionconfidence":1,"rotation":[-0.09793352335691452,0.4752207696437836,0.8743994235992432,0.3170289695262909,0.8477464914321899,-0.4252278208732605,-0.9433460235595703,0.2355658560991287,-0.2336815297603607],"rotationconfidence":1},"8":{"id":8,"position":[115.473747253418,-520.7561254501343,2724.983930587769],"positionconfidence":1,"rotation":[0.3423162698745728,0.04610348865389824,0.938452959060669,0,0.9987954497337341,-0.04906794056296349,-0.9395847320556641,0.01679675467312336,0.3419039249420166],"rotationconfidence":1},"9":{"id":9,"position":[90.9443199634552,-524.0597724914551,2657.737016677856],"positionconfidence":0.5,"rotation":[0.3423162698745728,0.04610348865389824,0.938452959060669,0,0.9987954497337341,-0.04906794056296349,-0.9395847320556641,0.01679675467312336,0.3419039249420166],"rotationconfidence":0.5},"12":{"id":12,"position":[483.3244681358337,-192.5918757915497,2940.573930740356],"positionconfidence":1,"rotation":[0.0756588727235794,-0.9796338677406311,0.1859927475452423,-0.2262889295816422,-0.1985293179750443,-0.9536139369010925,0.9711174368858337,0.03006125241518021,-0.2367007881402969],"rotationconfidence":1},"13":{"id":13,"position":[501.1002421379089,-422.753244638443,2984.272241592407],"positionconfidence":1,"rotation":[-0.2045710682868958,-0.4056937396526337,-0.8908216953277588,-0.1228072419762611,0.9135146141052246,-0.3878265917301178,0.9711174368858337,0.03006125241518021,-0.2367007881402969],"rotationconfidence":1},"14":{"id":14,"position":[441.2315189838409,-541.4814949035645,2723.568916320801],"positionconfidence":1,"rotation":[-0.5183867812156677,0.5492019653320312,-0.6554787755012512,0,-0.7665107250213623,-0.6422315835952759,-0.8551463484764099,-0.3329243659973145,0.3973490297794342],"rotationconfidence":1},"15":{"id":15,"position":[411.7828011512756,-510.2822184562683,2686.332225799561],"positionconfidence":0.5,"rotation":[-0.5183867812156677,0.5492019653320312,-0.6554787755012512,0,-0.7665107250213623,-0.6422315835952759,-0.8551463484764099,-0.3329243659973145,0.3973490297794342],"rotationconfidence":0.5},"17":{"id":17,"position":[211.7005437612534,-511.9724869728088,2817.529201507568],"positionconfidence":1,"rotation":[0.8923439979553223,-0.4398354291915894,-0.101326696574688,0.4227713048458099,0.7358756065368652,0.5289154648780823,-0.1580719202756882,-0.5148125290870667,0.8426039218902588],"rotationconfidence":1},"18":{"id":18,"position":[58.93869325518608,-777.869701385498,2626.413822174072],"positionconfidence":1,"rotation":[0.7933825254440308,-0.6087233424186707,0,0.5489179491996765,0.7154348492622375,0.4322521984577179,-0.2631219923496246,-0.3429413437843323,0.9017526507377625],"rotationconfidence":1},"19":{"id":19,"position":[-78.23439687490463,-956.6549062728882,2518.395185470581],"positionconfidence":1,"rotation":[0.9933961033821106,0.1147351115942001,0,0.04237035289406776,-0.3668497204780579,-0.9293148517608643,-0.1066250503063202,0.9231777787208557,-0.3692884743213654],"rotationconfidence":1},"20":{"id":20,"position":[-69.44959610700607,-1032.715201377869,2548.820734024048],"positionconfidence":1,"rotation":[0.9933961033821106,0.1147351115942001,0,0.04237035289406776,-0.3668497204780579,-0.9293148517608643,-0.1066250503063202,0.9231777787208557,-0.3692884743213654],"rotationconfidence":1},"21":{"id":21,"position":[374.2739260196686,-528.145968914032,2838.146209716797],"positionconfidence":1,"rotation":[0.9779303073883057,0.007451548241078854,0.2087981700897217,-0.1354113668203354,0.7836629152297974,0.6062475442886353,-0.1591099202632904,-0.6211415529251099,0.7673768401145935],"rotationconfidence":1},"22":{"id":22,"position":[419.87144947052,-792.0314073562622,2634.002447128296],"positionconfidence":1,"rotation":[0.9209410548210144,0.3398754894733429,0.1906623393297195,-0.3809362351894379,0.6819413900375366,0.6243743896484375,0.08218900859355927,-0.647642195224762,0.7574987411499023],"rotationconfidence":1},"23":{"id":23,"position":[550.5774021148682,-1026.017546653748,2419.768571853638],"positionconfidence":0.5,"rotation":[0.0787712037563324,0.9968927502632141,0,-0.9748384356498718,0.0770285427570343,-0.2091807872056961,-0.2085307985544205,0.0164774227887392,0.9778769612312317],"rotationconfidence":0.5},"24":{"id":24,"position":[570.3197121620178,-1027.577519416809,2327.189683914185],"positionconfidence":0.5,"rotation":[0.0787712037563324,0.9968927502632141,0,-0.9748384356498718,0.0770285427570343,-0.2091807872056961,-0.2085307985544205,0.0164774227887392,0.9778769612312317],"rotationconfidence":0.5}},"skeletonTracked":true,"frameCount":6},{"position":[241.0173863172531,-496.6136813163757,2672.435283660889],"positionTracked":true,"id":4301,"skeleton":{"1":{"id":1,"position":[340.0136530399323,119.2286387085915,2921.372890472412],"positionconfidence":1,"rotation":[0.9958903789520264,-0.09056685864925385,0,0.08995658904314041,0.9891797304153442,-0.1158932447433472,0.01049608737230301,0.1154169663786888,0.9932616353034973],"rotationconfidence":1},"2":{"id":2,"position":[321.7368423938751,-81.7466452717781,2944.919347763062],"positionconfidence":1,"rotation":[0.9945563077926636,-0.08307641744613647,0.06289740651845932,0.08995658904314041,0.9891797304153442,-0.1158932447433472,-0.05258884280920029,0.1209203973412514,0.9912682175636292],"rotationconfidence":1},"3":{"id":3,"position":[296.7304885387421,-400.0634551048279,2903.318881988525],"positionconfidence":1,"rotation":[0.9943607449531555,-0.0861906036734581,0.06179217249155045,0.07766041904687881,0.9885734915733337,0.1291955560445786,-0.0722215324640274,-0.1236681640148163,0.9896920919418335],"rotationconfidence":1},"4":{"id":4,"position":[296.3697910308838,-448.6850202083588,2847.272634506226],"positionconfidence":1,"rotation":[0.9874827265739441,-0.1222322136163712,0.09968443959951401,0.004861271940171719,0.6552932858467102,0.755358874797821,-0.1576517373323441,-0.7454192638397217,0.6476850509643555],"rotationconfidence":1},"6":{"id":6,"position":[155.8324098587036,-165.6202077865601,2919.995307922363],"positionconfidence":1,"rotation":[0.2580379247665405,0.9640645384788513,-0.0632144883275032,0.1989388763904572,-0.1170474365353584,-0.9729970097541809,-0.9454309344291687,0.2384943068027496,-0.2219925820827484],"rotationconfidence":1},"7":{"id":7,"position":[91.46326035261154,-406.1120450496674,2935.76455116272],"positionconfidence":1,"rotation":[-0.08284159749746323,0.4829877316951752,0.8716995716094971,0.3151150643825531,0.8425219655036926,-0.4368743002414703,-0.9454309344291687,0.2384943068027496,-0.2219925820827484],"rotationconfidence":1},"8":{"id":8,"position":[11