{"motiondata":[{"position":[260.9345614910126,-642.2534584999084,2904.349088668823],"positionTracked":true,"id":4520,"skeleton":{"1":{"id":1,"position":[279.9898982048035,-100.329115986824,3095.03984451294],"positionconfidence":1,"rotation":[0.9946561455726624,0.1032430380582809,0,-0.1011371538043022,0.9743677973747253,-0.200944647192955,-0.02074613608419895,0.1998708248138428,0.9796026349067688],"rotationconfidence":1},"2":{"id":2,"position":[295.9304451942444,-253.9023160934448,3126.711368560791],"positionconfidence":1,"rotation":[0.990293562412262,0.07924032211303711,-0.1141919046640396,-0.1011371538043022,0.9743677973747253,-0.200944647192955,0.0953419879078865,0.2105432152748108,0.9729242324829102],"rotationconfidence":1},"3":{"id":3,"position":[288.7099087238312,-551.46723985672,3076.206684112549],"positionconfidence":1,"rotation":[0.9943248629570007,-0.006100732367485762,-0.1062118336558342,0.02391643822193146,0.9856183528900146,0.1672856509685516,0.1036637648940086,-0.1688764840364456,0.980170726776123],"rotationconfidence":1},"4":{"id":4,"position":[280.922532081604,-595.5430865287781,3022.883415222168],"positionconfidence":1,"rotation":[0.9906738996505737,-0.01070068683475256,-0.1358339190483093,0.1118583381175995,0.6331080794334412,0.7659385800361633,0.07780148088932037,-0.7739894986152649,0.6284005641937256],"rotationconfidence":1},"6":{"id":6,"position":[143.4614658355713,-334.1941833496094,3113.11936378479],"positionconfidence":1,"rotation":[0.2511218786239624,0.9593622088432312,-0.1286936402320862,0.1457419395446777,-0.168913334608078,-0.9747962951660156,-0.9569206833839417,0.2260365933179855,-0.1822371184825897],"rotationconfidence":1},"7":{"id":7,"position":[88.0623608827591,-545.8356738090515,3141.510009765625],"positionconfidence":1,"rotation":[-0.004102752543985844,0.6170579195022583,0.7869070768356323,0.2903206646442413,0.7537553310394287,-0.5895481109619141,-0.9569206833839417,0.2260365933179855,-0.1822371184825897],"rotationconfidence":1},"8":{"id":8,"position":[88.8625830411911,-666.1898493766785,2988.027572631836],"positionconfidence":1,"rotation":[0.3785090744495392,-0.1180946826934815,0.9180330038070679,0,0.9918273091316223,0.1275874972343445,-0.925597608089447,-0.04829302430152893,0.3754156231880188],"rotationconfidence":1},"9":{"id":9,"position":[72.91048765182495,-661.2128019332886,2949.337482452393],"positionconfidence":1,"rotation":[0.3785090744495392,-0.1180946826934815,0.9180330038070679,0,0.9918273091316223,0.1275874972343445,-0.925597608089447,-0.04829302430152893,0.3754156231880188],"rotationconfidence":1},"12":{"id":12,"position":[447.1739828586578,-328.1264007091522,3082.043886184692],"positionconfidence":1,"rotation":[0.2736662924289703,-0.9592179656028748,0.07076455652713776,-0.3581683933734894,-0.1699145883321762,-0.91806560754776,0.8926489949226379,0.2258979678153992,-0.3900614678859711],"rotationconfidence":1},"13":{"id":13,"position":[508.019745349884,-541.3947105407715,3097.777366638184],"positionconfidence":1,"rotation":[-0.2308373898267746,-0.5141698718070984,-0.8260408043861389,-0.3871587812900543,0.8274052739143372,-0.4068275094032288,0.8926489949226379,0.2258979678153992,-0.3900614678859711],"rotationconfidence":1},"14":{"id":14,"position":[468.4774577617645,-629.4716596603394,2956.277132034302],"positionconfidence":1,"rotation":[-0.1636022031307221,-0.6944487690925598,-0.7006961703300476,0,-0.71026611328125,0.7039333581924438,-0.986526370048523,0.1151650473475456,0.1162011027336121],"rotationconfidence":1},"15":{"id":15,"position":[459.8192572593689,-666.2234663963318,2919.19469833374],"positionconfidence":0.5,"rotation":[-0.1636022031307221,-0.6944487690925598,-0.7006961703300476,0,-0.71026611328125,0.7039333581924438,-0.986526370048523,0.1151650473475456,0.1162011027336121],"rotationconfidence":0.5},"17":{"id":17,"position":[212.6532644033432,-658.5769653320312,3010.982990264893],"positionconfidence":1,"rotation":[0.9050830006599426,-0.3038158118724823,-0.2975240349769592,0.410792350769043,0.8054870963096619,0.4271300733089447,0.1098829060792923,-0.5088087916374207,0.8538379669189453],"rotationconfidence":1},"18":{"id":18,"position":[84.03988182544708,-910.7638001441956,2877.254486083984],"positionconfidence":1,"rotation":[0.9082690477371216,-0.4183866083621979,0,0.4051607847213745,0.8795573115348816,0.2494467496871948,-0.1043651774525642,-0.2265647649765015,0.968388557434082],"rotationconfidence":1},"19":{"id":19,"position":[2.822275273501873,-1087.077856063843,2827.250957489014],"positionconfidence":1,"rotation":[0.959922730922699,0.28026482462883,0,0.05516868084669113,-0.1889558285474777,-0.9804346561431885,-0.2747813165187836,0.9411414861679077,-0.1968448311090469],"rotationconfidence":1},"20":{"id":20,"position":[21.63632400333881,-1151.517033576965,2840.728759765625],"positionconfidence":1,"rotation":[0.959922730922699,0.28026482462883,0,0.05516868084669113,-0.1889558285474777,-0.9804346561431885,-0.2747813165187836,0.9411414861679077,-0.1968448311090469],"rotationconfidence":1},"21":{"id":21,"position":[340.0284945964813,-659.5554947853088,2994.007587432861],"positionconfidence":1,"rotation":[0.9461307525634766,0.32281693816185,0.02501321025192738,-0.3018414974212647,0.8514199256896973,0.428924024105072,0.1171671822667122,-0.4133682250976563,0.9029941558837891],"rotationconfidence":1},"22":{"id":22,"position":[433.540016412735,-923.3282804489136,2861.125469207764],"positionconfidence":1,"rotation":[-0.866871178150177,-0.2038941532373428,-0.4549301564693451,-0.4214042127132416,0.7872667908668518,0.4501440227031708,0.2663696706295013,0.5819263458251953,-0.7683807611465454],"rotationconfidence":1},"23":{"id":23,"position":[514.4925117492676,-1074.56362247467,2774.652004241943],"positionconfidence":1,"rotation":[0.9947659373283386,0.1021800339221954,0,0.02488838136196137,-0.2422989457845688,-0.9698823690414429,-0.09910260885953903,0.9648059010505676,-0.2435738295316696],"rotationconfidence":1},"24":{"id":24,"position":[522.5013494491577,-1152.533054351807,2794.336080551148],"positionconfidence":1,"rotation":[0.9947659373283386,0.1021800339221954,0,0.02488838136196137,-0.2422989457845688,-0.9698823690414429,-0.09910260885953903,0.9648059010505676,-0.2435738295316696],"rotationconfidence":1}},"skeletonTracked":true,"frameCount":1},{"position":[262.4751031398773,-643.022358417511,2896.024465560913],"positionTracked":true,"id":4520,"skeleton":{"1":{"id":1,"position":[282.2986245155335,-98.89303147792816,3090.654373168945],"positionconfidence":1,"rotation":[0.9957908391952515,0.09165576845407486,0,-0.08975331485271454,0.9751217365264893,-0.20268714427948,-0.0185774452984333,0.2018340080976486,0.9792436957359314],"rotationconfidence":1},"2":{"id":2,"position":[296.6137528419495,-254.4192373752594,3122.981786727905],"positionconfidence":1,"rotation":[0.9808108806610107,0.05117326229810715,-0.1881267130374908,-0.08975331485271454,0.9751217365264893,-0.20268714427948,0.1730742603540421,0.215682715177536,0.9610028266906738],"rotationconfidence":1},"3":{"id":3,"position":[288.5435223579407,-551.4746308326721,3076.241731643677],"positionconfidence":1,"rotation":[0.9863312244415283,-0.0008699619211256504,-0.1647728830575943,0.02682758867740631,0.9874910116195679,0.1553763449192047,0.1625765711069107,-0.1576729863882065,0.974016547203064],"rotationconfidence":1},"4":{"id":4,"position":[280.6414067745209,-595.7063436508179,3023.061990737915],"positionconfidence":1,"rotation":[0.9906307458877563,-0.01359983347356319,-0.1358888745307922,0.1135032027959824,0.6353287100791931,0.7638550400733948,0.07594578713178635,-0.7721220850944519,0.6309196949005127],"rotationconfidence":1},"6":{"id":6,"position":[142.9816335439682,-334.2054784297943,3112.36047744751],"positionconfidence":1,"rotation":[0.2525509595870972,0.9588142037391663,-0.129973977804184,0.1765033304691315,-0.1777265220880508,-0.9681217074394226,-0.9513487815856934,0.2215592563152313,-0.2141189277172089],"rotationconfidence":1},"7":{"id":7,"position":[87.30139583349228,-545.5964803695679,3141.016006469727],"positionconfidence":1,"rotation":[-0.02646119892597199,0.6336119174957275,0.7731984257698059,0.3069775700569153,0.7412472367286682,-0.5969231724739075,-0.9513487815856934,0.2215592563152313,-0.2141189277172089],"rotationconfidence":1},"8":{"id":8,"position":[92.21433848142624,-663.2366180419922,2997.459411621094],"positionconfidence":1,"rotation":[0.4765803515911102,-0.3042432069778442,0.8248074054718018,0,0.938207745552063,0.3460727334022522,-0.8791309595108032,-0.1649314612150192,0.4471313655376434],"rotationconfidence":1},"9":{"id":9,"position":[68.59453022480011,-648.1580138206482,2956.581115722656],"positionconfidence":0.5,"rotation":[0.4765803515911102,-0.3042432069778442,0.8248074054718018,0,0.938207745552063,0.3460727334022522,-0.8791309595108032,-0.1649314612150192,0.4471313655376434],"rotationconfidence":0.5},"12":{"id":12,"position":[444.3360865116119,-344.4899916648865,3060.395479202271],"positionconfidence":1,"rotation":[0.2716895639896393,-0.8681713938713074,-0.4152869582176209,-0.6826664209365845,0.1303033381700516,-0.7190184593200684,0.6783444881439209,0.4788522720336914,-0.5572693943977356],"rotationconfidence":1},"13":{"id":13,"position":[505.713164806366,-540.6175851821899,2966.578483581543],"positionconfidence":1,"rotation":[-0.5587431788444519,-0.1563331037759781,-0.8144729137420654,-0.4771318733692169,0.8638637065887451,0.1615077406167984,0.6783444881439209,0.4788522720336914,-0.5572693943977356],"rotationconfidence":1},"14":{"id":14,"position":[410.1155996322632,-567.3652291297913,2827.227115631104],"positionconfidence":1,"rotation":[-0.5174674391746521,0.2074623554944992,-0.8301727175712585,0,-0.9701647162437439,-0.2424467355012894,-0.8557028770446777,-0.1254582852125168,0.5020286440849304],"rotationconfidence":1},"15":{"id":15,"position":[374.6252059936523,-553.1364679336548,2770.289897918701],"positionconfidence":1,"rotation":[-0.5174674391746521,0.2074623554944992,-0.8301727175712585,0,-0.9701647162437439,-0.2424467355012894,-0.8557028770446777,-0.1254582852125168,0.5020286440849304],"rotationconfidence":1},"17":{"id":17,"position":[212.0920866727829,-659.2997312545776,3011.580944061279],"positionconfidence":1,"rotation":[0.9098119139671326,-0.2983417809009552,-0.2885034084320068,0.4003834128379822,0.8139507174491882,0.4209243357181549,0.1092482656240463,-0.4984739720821381,0.8599932193756104],"rotationconfidence":1},"18":{"id":18,"position":[88.14813196659088,-911.2688899040222,2881.278276443481],"positionconfidence":1,"rotation":[0.9067976474761963,-0.4215660691261292,0,0.4064466953277588,0.8742755055427551,0.2654115855693817,-0.1118885204195976,-0.2406746000051498,0.9641351103782654],"rotationconfidence":1},"19":{"id":19,"position":[6.052400916814804,-1087.858557701111,2827.669382095337],"positionconfidence":1,"rotation":[0.9654263257980347,0.260676234960556,0,0.04957954958081245,-0.1836201250553131,-0.981746256351471,-0.2559178769588471,0.9478036165237427,-0.1901958882808685],"rotationconfidence":1},"20":{"id":20,"position":[23.14162254333496,-1151.149272918701,2840.369939804077],"positionconfidence":1,"rotation":[0.9654263257980347,0.260676234960556,0,0.04957954958081245,-0.1836201250553131,-0.981746256351471,-0.2559178769588471,0.9478036165237427,-0.1901958882808685],"rotationconfidence":1},"21":{"id":21,"position":[339.8745059967041,-660.6209874153137,2994.582414627075],"positionconfidence":1,"rotation":[0.9456659555435181,0.3240687549114227,0.02637062408030033,-0.3037548959255219,0.8516288995742798,0.4271548092365265,0.1159695312380791,-0.4119559228420258,0.9037938714027405],"rotationconfidence":1},"22":{"id":22,"position":[433.9209794998169,-924.2963790893555,2862.329721450806],"positionconfidence":1,"rotation":[-0.7559458017349243,-0.02857832238078117,-0.6540101766586304,-0.4203959703445435,0.7870121002197266,0.4515297710895538,0.5018099546432495,0.6162752509117126,-0.6069527268409729],"rotationconfidence":1},"23":{"id":23,"position":[514.5573616027832,-1075.25360584259,2775.721549987793],"positionconfidence":1,"rotation":[0.9980411529541016,-0.06255947053432465,0,-0.007203754503279924,-0.1149249449372292,-0.9933479428291321,0.06214332953095436,0.991402268409729,-0.1151505038142204],"rotationconfidence":1},"24":{"id":24,"position":[510.0319981575012,-1147.448897361755,2784.106969833374],"positionconfidence":1,"rotation":[0.9980411529541016,-0.06255947053432465,0,-0.007203754503279924,-0.1149249449372292,-0.9933479428291321,0.06214332953095436,0.991402268409729,-0.1151505038142204],"rotationconfidence":1}},"skeletonTracked":true,"frameCount":2},{"position":[256.9819986820221,-659.1413021087646,2876.333475112915],"positionTracked":true,"id":4520,"skeleton":{"1":{"id":1,"position":[276.6870856285095,-117.4780055880547,3050.088405609131],"positionconfidence":1,"rotation":[0.9870649576187134,0.1603212803602219,0,-0.1566140949726105,0.964240550994873,-0.2138042002916336,-0.03427736461162567,0.2110386341810226,0.9768766164779663],"rotationconfidence":1},"2":{"id":2,"position":[301.8540441989899,-272.4257707595825,3084.445476531982],"positionconfidence":1,"rotation":[0.8779911398887634,0.0367804765701294,-0.4772617220878601,-0.1566140949726105,0.964240550994873,-0.2138042002916336,0.4523312449455261,0.2624641060829163,0.8523549437522888],"rotationconfidence":1},"3":{"id":3,"position":[291.4478480815888,-552.1602034568787,3075.2854347229],"positionconfidence":1,"rotation":[0.8964479565620422,-0.01885011047124863,-0.4427478015422821,0.0371546670794487,0.9987741708755493,0.03270535171031952,0.4415885806083679,-0.04576879739761353,0.8960494995117188],"rotationconfidence":1},"4":{"id":4,"position":[279.6724736690521,-597.7568030357361,3025.024175643921],"positionconfidence":1,"rotation":[0.9347394704818726,0.125178262591362,-0.3325545489788055,0.1709648370742798,0.6620100140571594,0.7297354340553284,0.3115014433860779,-0.7389676570892334,0.5974057912826538],"rotationconfidence":1},"6":{"id":6,"position":[148.1538861989975,-331.6872119903565,3116.229295730591],"positionconfidence":1,"rotation":[0.2083882838487625,0.9732054471969604,-0.0971876010298729,0.2060272693634033,-0.1408195197582245,-0.9683607816696167,-0.9560999274253845,0.1817717552185059,-0.2298520058393478],"rotationconfidence":1},"7":{"id":7,"position":[102.4007648229599,-545.361340045929,3137.567520141602],"positionconfidence":1,"rotation":[0.0796404778957367,0.9160246253013611,0.393136203289032,0.2820111513137817,0.3575719594955444,-0.890287458896637,-0.9560999274253845,0.1817717552185059,-0.2298520058393478],"rotationconfidence":1},"8":{"id":8,"position":[89.79281038045883,-690.3780102729797,3075.329780578613],"positionconfidence":1,"rotation":[0.6085259318351746,0.4500196278095245,0.6535889506340027,0,0.8236432671546936,-0.567108154296875,-0.7935339212417603,0.3451000154018402,0.5012083053588867],"rotationconfidence":1},"9":{"id":9,"position":[69.19969618320465,-705.6071162223816,3053.211688995361],"positionconfidence":0.5,"rotation":[0.6085259318351746,0.4500196278095245,0.6535889506340027,0,0.8236432671546936,-0.567108154296875,-0.7935339212417603,0.3451000154018402,0.5012083053588867],"rotationconfidence":0.5},"12":{"id":12,"position":[417.8351759910584,-360.1323962211609,2981.872797012329],"positionconfidence":1,"rotation":[0.1679862439632416,-0.5551093220710754,-0.8146374821662903,-0.8081311583518982,0.3957025408744812,-0.4362837374210358,0.5645393133163452,0.7316235899925232,-0.3821285665035248],"rotationconfidence":1},"13":{"id":13,"position":[456.0431241989136,-486.3902926445007,2796.586036682129],"positionconfidence":1,"rotation":[-0.6253640651702881,0.0769643634557724,-0.7765283584594727,-0.538716197013855,0.6773502826690674,0.5009804964065552,0.5645393133163452,0.7316235899925232,-0.3821285665035248],"rotationconfidence":1},"14":{"id":14,"position":[346.0616767406464,-472.8547334671021,2660.019636154175],"positionconfidence":1,"rotation":[-0.6902649402618408,0.3894440233707428,-0.6098094582557678,0,-0.8427943587303162,-0.5382357239723206,-0.723556637763977,-0.3715252578258514,0.5817514061927795],"rotationconfidence":1},"15":{"id":15,"position":[274.3854522705078,-432.4153661727905,2596.697807312012],"positionconfidence":1,"rotation":[-0.6902649402618408,0.3894440233707428,-0.6098094582557678,0,-0.8427943587303162,-0.5382357239723206,-0.723556637763977,-0.3715252578258514,0.5817514061927795],"rotationconfidence":1},"17":{"id":17,"position":[217.7998125553131,-672.6776361465454,3047.427654266357],"positionconfidence":1,"rotation":[0.8323131799697876,-0.151144340634346,-0.5333011746406555,0.4263486266136169,0.7894026637077332,0.4416675567626953,0.3542338609695435,-0.5949779748916626,0.7214704751968384],"rotationconfidence":1},"18":{"id":18,"position":[83.92017334699631,-920.5614924430847,2908.737659454346],"positionconfidence":1,"rotation":[0.9460943341255188,-0.3238912522792816,0,0.3094537854194641,0.9039221405982971,0.295233815908432,-0.09562364965677261,-0.2793190479278565,0.955424964427948],"rotationconfidence":1},"19":{"id":19,"position":[20.56700550019741,-1105.617642402649,2848.29568862915],"positionconfidence":1,"rotation":[0.9576214551925659,0.2880299091339111,0,0.01104838121682406,-0.03673287481069565,-0.9992640614509583,-0.2878178954124451,0.9569166302680969,-0.03835844993591309],"rotationconfidence":1},"20":{"id":20,"position":[37.4152846634388,-1161.633610725403,2850.541114807129],"positionconfidence":1,"rotation":[0.9576214551925659,0.2880299091339111,0,0.01104838121682406,-0.03673287481069565,-0.9992640614509583,-0.2878178954124451,0.9569166302680969,-0.03835844993591309],"rotationconfidence":1},"21":{"id":21,"position":[337.4814689159393,-663.8427972793579,2995.951175689697],"positionconfidence":1,"rotation":[0.8663802146911621,0.4303773641586304,-0.2532993257045746,-0.303673654794693,0.8567060232162476,0.4169376790523529,0.396443635225296,-0.2843062281608582,0.8729274868965149],"rotationconfidence":1},"22":{"id":22,"position":[431.1937093734741,-928.2181859016418,2867.286205291748],"positionconfidence":1,"rotation":[-0.4352421760559082,0.2763966917991638,-0.85683673620224,-0.4233755469322205,0.7770783305168152,0.4657278656959534,0.7945548892021179,0.5654681324958801,-0.2211976647377014],"rotationconfidence":1},"23":{"id":23,"position":[512.3410224914551,-1077.158808708191,2778.021335601807],"positionconfidence":1,"rotation":[0.8799417018890381,-0.4750816822052002,0,0.02018483355641365,0.03738615289330483,-0.9990969896316528,0.4746526777744293,0.8791471123695374,0.04248708114027977],"rotationconfidence":1},"24":{"id":24,"position":[480.0908863544464,-1136.892199516296,2775.134563446045],"positionconfidence":1,"rotation":[0.8799417018890381,-0.4750816822052002,0,0.02018483355641365,0.03738615289330483,-0.9990969896316528,0.4746526777744293,0.8791471123695374,0.04248708114027977],"rotationconfidence":1}},"skeletonTracked":true,"frameCount":3},{"position":[245.3111261129379,-691.4254426956177,2860.896348953247],"positionTracked":true,"id":4520,"skeleton":{"1":{"id":1,"position":[253.2061636447907,-135.0002586841583,2975.006341934204],"positionconfidence":1,"rotation":[0.9612141251564026,0.2758031785488129,0,-0.2733419835567474,0.9526364803314209,-0.1332955658435822,-0.03676334023475647,0.1281255781650543,0.9910762310028076],"rotationconfidence":1},"2":{"id":2,"position":[294.7333753108978,-279.7286212444305,2995.257139205933],"positionconfidence":1,"rotation":[0.7256444692611694,0.1132470071315765,-0.678686261177063,-0.2733419835567474,0.9526364803314209,-0.1332955658435822,0.6314460635185242,0.2822386920452118,0.7222306728363037],"rotationconfidence":1},"3":{"id":3,"position":[292.3033237457275,-555.4117560386658,3069.813966751099],"positionconfidence":1,"rotation":[0.7751323580741882,-0.1712985783815384,-0.6081337332725525,0.008508664555847645,0.9652861952781677,-0.2610557675361633,0.6317415833473206,0.1971783638000488,0.7496821284294128],"rotationconfidence":1},"4":{"id":4,"position":[273.7259566783905,-617.1689033508301,3035.713911056519],"positionconfidence":1,"rotation":[0.8021105527877808,0.08508887887001038,-0.5910825729370117,0.254654735326767,0.8465542793273926,0.4674365520477295,0.5401570796966553,-0.5254577398300171,0.6573617458343506],"rotationconfidence":1},"6":{"id":6,"position":[159.3359410762787,-322.5391507148743,3091.392517089844],"positionconfidence":0.5,"rotation":[0.1925200670957565,0.9804046750068665,-0.04174522683024406,0.2871129810810089,-0.01559835858643055,0.9577696323394775,0.9383506774902344,-0.1963754743337631,-0.2844899296760559],"rotationconfidence":0.5},"7":{"id":7,"position":[117.1874478459358,-537.1795296669006,3100.531816482544],"positionconfidence":0.5,"rotation":[-0.1145479753613472,0.5998431444168091,-0.7918756604194641,0.3261542916297913,0.7756447792053223,0.5403687953948975,0.9383506774902344,-0.1963754743337631,-0.2844899296760559],"rotationconfidence":0.5},"8":{"id":8,"position":[133.9309513568878,-624.8587369918823,3216.280460357666],"positionconfidence":1,"rotation":[0.2357215285301209,0.760117769241333,-0.605521559715271,0,-0.6230795383453369,-0.7821584939956665,-0.9718206524848938,0.1843715906143189,-0.146873265504837],"rotationconfidence":1},"9":{"id":9,"position":[122.9034438729286,-660.4185104370117,3244.607925415039],"positionconfidence":0.5,"rotation":[0.2357215285301209,0.760117769241333,-0.605521559715271,0,-0.6230795383453369,-0.7821584939956665,-0.9718206524848938,0.1843715906143189,-0.146873265504837],"rotationconfidence":0.5},"12":{"id":12,"position":[384.7050666809082,-378.3126473426819,2916.147947311401],"positionconfidence":1,"rotation":[-0.1731522232294083,-0.3510033786296845,-0.9202255010604858,-0.6202566623687744,0.7646402716636658,-0.1749489605426788,0.7650490999221802,0.5404831767082214,-0.3501113057136536],"rotationconfidence":1},"13":{"id":13,"position":[349.2729067802429,-450.1385092735291,2727.842092514038],"positionconfidence":1,"rotation":[-0.5082714557647705,0.1729585528373718,-0.8436500430107117,-0.3954239189624786,0.8233852982521057,0.4070339500904083,0.7650490999221802,0.5404831767082214,-0.3501113057136536],"rotationconfidence":1},"14":{"id":14,"position":[245.4960495233536,-414.824515581131,2555.588960647583],"positionconfidence":0.5,"rotation":[-0.4931642115116119,0.409245640039444,-0.7676633596420288,0,-0.8824363350868225,-0.4704317450523377,-0.8699361681938171,-0.2320000976324081,0.4351860284805298],"rotationconfidence":0.5},"15":{"id":15,"position":[180.0919473171234,-360.549807548523,2453.78041267395],"positionconfidence":1,"rotation":[-0.4931642115116119,0.409245640039444,-0.7676633596420288,0,-0.8824363350868225,-0.4704317450523377,-0.8699361681938171,-0.2320000976324081,0.4351860284805298],"rotationconfidence":1},"17":{"id":17,"position":[222.9402810335159,-687.6980662345886,3090.901613235474],"positionconfidence":1,"rotation":[0.7174917459487915,-0.1101631000638008,-0.687800407409668,0.4838391542434692,0.7891557216644287,0.3783288896083832,0.5011038184165955,-0.6042327284812927,0.6195140480995178],"rotationconfidence":1},"18":{"id":18,"position":[67.51792877912521,-941.1964416503906,2969.372034072876],"positionconfidence":1,"rotation":[0.9738064408302307,-0.2273786813020706,0,0.217658668756485,0.9321780204772949,0.2892555296421051,-0.06577054411172867,-0.2816788852214813,0.9572519063949585],"rotationconfidence":1},"19":{"id":19,"position":[21.92270010709763,-1136.469483375549,2908.778667449951],"positionconfidence":1,"rotation":[0.9623067378997803,0.2719666659832001,0,-0.1004409939050674,0.3553929924964905,-0.9293048977851868,-0.2527399361133575,0.8942762613296509,0.3693136274814606],"rotationconfidence":1},"20":{"id":20,"position":[36.19169443845749,-1186.957836151123,2887.928247451782],"positionconfidence":1,"rotation":[0.9623067378997803,0.2719666659832001,0,-0.1004409939050674,0.3553929924964905,-0.9293048977851868,-0.2527399361133575,0.8942762613296509,0.3693136274814606],"rotationconfidence":1},"21":{"id":21,"position":[318.4175789356232,-694.6631073951721,3006.880044937134],"positionconfidence":1,"rotation":[0.6725559830665588,0.547370195388794,-0.4980505704879761,-0.35164475440979,0.8285414576530457,0.4357351064682007,0.6511639356613159,-0.1179193928837776,0.7497203350067139],"rotationconfidence":1},"22":{"id":22,"position":[423.2301414012909,-941.6213035583496,2877.003192901611],"positionconfidence":1,"rotation":[-0.4064570963382721,0.3602250516414642,-0.8396609425544739,-0.3194358944892883,0.804975688457489,0.4999749064445496,0.8560101389884949,0.4714362025260925,-0.2121192663908005],"rotationconfidence":1},"23":{"id":23,"position":[484.7409725189209,-1096.628069877625,2780.727624893189],"positionconfidence":1,"rotation":[0.9364885687828064,-0.3506981730461121,0,0.0792575553059578,0.2116457968950272,-0.9741274118423462,0.3416247069835663,0.9122591614723206,0.2259993404150009],"rotationconfidence":1},"24":{"id":24,"position":[467.8581357002258,-1141.711235046387,2769.558906555176],"positionconfidence":0.5,"rotation":[0.9364885687828064,-0.3506981730461121,0,0.0792575553059578,0.2116457968950272,-0.9741274118423462,0.3416247069835663,0.9122591614723206,0.2259993404150009],"rotationconfidence":0.5}},"skeletonTracked":true,"frameCount":4},{"position":[252.4116933345795,-705.3415179252625,2841.050624847412],"positionTracked":true,"id":4520,"skeleton":{"1":{"id":1,"position":[213.3467793464661,-183.1106841564179,2932.604551315308],"positionconfidence":1,"rotation":[0.9254468679428101,0.3788773119449616,0,-0.378185361623764,0.9237567186355591,-0.06040868908166885,-0.02288748137652874,0.05590503290295601,0.9981735944747925],"rotationconfidence":1},"2":{"id":2,"position":[269.3031132221222,-319.7897970676422,2941.542625427246],"positionconfidence":1,"rotation":[0.5557919144630432,0.1743864864110947,-0.8128249049186707,-0.378185361623764,0.9237567186355591,-0.06040868908166885,0.7403181195259094,0.3409731984138489,0.5793670415878296],"rotationconfidence":1},"3":{"id":3,"position":[292.1409010887146,-620.1668977737427,3050.84490776062],"positionconfidence":1,"rotation":[0.6610026955604553,-0.2117037326097488,-0.7199007272720337,-0.07126552611589432,0.9373294711112976,-0.3410787582397461,0.7469918131828308,0.276758074760437,0.6044901013374329],"rotationconfidence":1},"4":{"id":4,"position":[276.423454284668,-692.5245523452759,3043.23673248291],"positionconfidence":1,"rotation":[0.8587952852249146,-0.134569376707077,-0.4943294227123261,0.2111569792032242,0.9720932245254517,0.1022124886512756,0.4667796492576599,-0.1921607255935669,0.8632444143295288],"rotationconfidence":1},"6":{"id":6,"position":[154.7520309686661,-339.7149741649628,3073.304414749146],"positionconfidence":0.5,"rotation":[0.1916406154632568,0.9813132882118225,-0.01726775988936424,0.173709511756897,-0.01659712195396423,0.9846570491790771,0.9659703969955444,-0.1916998475790024,-0.1736441254615784],"rotationconfidence":0.5},"7":{"id":7,"position":[112.1433153748512,-557.8967928886414,3077.143669128418],"positionconfidence":0.5,"rotation":[-0.08753585815429688,0.3894349634647369,-0.9168848991394043,0.2433897852897644,0.9008837342262268,0.3594020307064056,0.9659703969955444,-0.1916998475790024,-0.1736441254615784],"rotationconfidence":0.5},"8":{"id":8,"position":[130.8191865682602,-640.9831643104553,3272.762060165405],"positionconfidence":0.5,"rotation":[-0.06992227584123611,0.3262107074260712,-0.9427074790000916,0,-0.9450204968452454,-0.3270110785961151,-0.9975523948669434,-0.02286535874009132,0.06607798486948013],"rotationconfidence":0.5},"9":{"id":9,"position":[136.9411498308182,-669.5441603660583,3355.299711227417],"positionconfidence":0.5,"rotation":[-0.06992227584123611,0.3262107074260712,-0.9427074790000916,0,-0.9450204968452454,-0.3270110785961151,-0.9975523948669434,-0.02286535874009132,0.06607798486948013],"rotationconfidence":0.5},"12":{"id":12,"position":[339.1529321670532,-399.0697860717773,2872.607946395874],"positionconfidence":1,"rotation":[-0.3182117640972138,-0.001277847797609866,-0.9480187892913818,-0.4992132782936096,0.8503473401069641,0.1664196252822876,0.8059326410293579,0.5262202620506287,-0.2712284326553345],"rotationconfidence":1},"13":{"id":13,"position":[263.7067437171936,-399.3727564811707,2647.838115692139],"positionconfidence":1,"rotation":[-0.4551009237766266,0.257691890001297,-0.8523367643356323,-0.3786235153675079,0.8103623390197754,0.4471656382083893,0.8059326410293579,0.5262202620506287,-0.2712284326553345],"rotationconfidence":1},"14":{"id":14,"position":[166.1090850830078,-344.1100120544434,2465.052127838135],"positionconfidence":0.5,"rotation":[-0.4777632653713226,-0.1182424947619438,-0.8704947233200073,0,-0.9909003973007202,0.1345976442098618,-0.8784887194633484,0.06430581212043762,0.4734158217906952],"rotationconfidence":0.5},"15":{"id":15,"position":[149.4846194982529,-348.2244312763214,2434.762001037598],"positionconfidence":1,"rotation":[-0.4777632653713226,-0.1182424947619438,-0.8704947233200073,0,-0.9909003973007202,0.1345976442098618,-0.8784887194633484,0.06430581212043762,0.4734158217906952],"rotationconfidence":1},"17":{"id":17,"position":[233.8318824768066,-750.8365511894226,3083.091974258423],"positionconfidence":1,"rotation":[0.6966710090637207,-0.333811491727829,-0.6349955797195435,0.5897824168205261,0.770431637763977,0.2420573979616165,0.4084191620349884,-0.543143630027771,0.7336135506629944],"rotationconfidence":1},"18":{"id":18,"position":[59.23865735530853,-978.9073467254639,3011.435747146606],"positionconfidence":1,"rotation":[0.9759624600410461,-0.2179385423660278,0,0.2073748558759689,0.9286566376686096,0.3075590133666992,-0.0670289620757103,-0.3001660406589508,0.9515289664268494],"rotationconfidence":1},"19":{"id":19,"position":[18.10323446989059,-1163.118124008179,2950.427532196045],"positionconfidence":1,"rotation":[0.8760497570037842,0.4822206497192383,0,-0.1905846148729324,0.3462348878383637,-0.9185851812362671,-0.4429607689380646,0.8047263622283936,0.3952228426933289],"rotationconfidence":1},"20":{"id":20,"position":[43.73170435428619,-1209.677338600159,2927.561044692993],"positionconfidence":1,"rotation":[0.8760497570037842,0.4822206497192383,0,-0.1905846148729324,0.3462348878383637,-0.9185851812362671,-0.4429607689380646,0.8047263622283936,0.3952228426933289],"rotationconfidence":1},"21":{"id":21,"position":[319.9782967567444,-748.1752038002014,3037.102699279785],"positionconfidence":1,"rotation":[0.8681791424751282,0.4451729655265808,-0.2192857414484024,-0.2472751885652542,0.7711944580078125,0.5866125226020813,0.4302559196949005,-0.455060750246048,0.779615044593811],"rotationconfidence":1},"22":{"id":22,"position":[393.185555934906,-976.4918088912964,2863.43264579773],"positionconfidence":1,"rotation":[0.3943657875061035,0.6153714060783386,-0.6824907064437866,-0.3161593675613403,0.788201093673706,0.5279983878135681,0.8628550171852112,0.007551330141723156,0.5053949952125549],"rotationconfidence":1},"23":{"id":23,"position":[459.4605267047882,-1141.718626022339,2752.750873565674],"positionconfidence":0.5,"rotation":[0.7585766315460205,-0.6515837907791138,0,0.4740593135356903,0.5519018769264221,-0.6860555410385132,0.4470227062702179,0.5204257369041443,0.7275492548942566],"rotationconfidence":0.5},"24":{"id":24,"position":[431.2788248062134,-1174.527883529663,2706.883907318115],"positionconfidence":0.5,"rotation":[0.7585766315460205,-0.6515837907791138,0,0.4740593135356903,0.5519018769264221,-0.6860555410385132,0.4470227062702179,0.5204257369041443,0.7275492548942566],"rotationconfidence":0.5}},"skeletonTracked":true,"frameCount":5},{"position":[251.9125938415527,-699.9644637107849,2833.110332489014],"positionTracked":true,"id":4520,"skeleton":{"1":{"id":1,"position":[188.4110420942307,-209.5105946063995,2923.008680343628],"positionconfidence":1,"rotation":[0.8876521587371826,0.4605145156383514,0,-0.4604891240596771,0.887603223323822,0.01049271039664745,0.004832045640796423,-0.009313876740634441,0.9999448657035828],"rotationconfidence":1},"2":{"id":2,"position":[255.7951807975769,-339.3950462341309,2921.473264694214],"positionconfidence":1,"rotation":[0.488329142332077,0.263181209564209,-0.832027792930603,-0.4604891240596771,0.887603223323822,0.01049271039664745,0.7412721514701843,0.3780159056186676,0.554634690284729],"rotationconfidence":1},"3":{"id":3,"position":[290.3263568878174,-663.7555956840515,3033.423900604248],"positionconfidence":1,"rotation":[0.6482383608818054,-0.1858455985784531,-0.7384095191955566,-0.1001281812787056,0.9405307173728943,-0.3246171772480011,0.7548255324363708,0.2843649089336395,0.5910797119140625],"rotationconfidence":1},"4":{"id":4,"position":[280.9033989906311,-739.846408367157,3041.778087615967],"positionconfidence":1,"rotation":[0.9533125758171082,-0.1470178365707398,-0.2637818157672882,0.122176393866539,0.986579954624176,-0.1083189025521278,0.2761666476726532,0.07103385776281357,0.9584811329841614],"rotationconfidence":1},"6":{"id":6,"position":[150.7502347230911,-351.27854347229,3063.186168670654],"positionconfidence":0.5,"rotation":[0.1918889284133911,0.9813759922981262,-0.008921345695853233,0.1588214635848999,-0.02208141982555389,0.9870603084564209,0.9684804677963257,-0.1908228844404221,-0.1601007878780365],"rotationconfidence":0.5},"7":{"id":7,"position":[107.8738793730736,-570.5607533454895,3065.179586410523],"positionconfidence":0.5,"rotation":[-0.1020085364580154,0.2825331389904022,-0.9538182616233826,0.2272441238164902,0.9400860071182251,0.2541622519493103,0.9684804677963257,-0.1908228844404221,-0.1601007878780365],"rotationconfidence":0.5},"8":{"id":8,"position":[133.1736594438553,-640.6335830688477,3301.742076873779],"positionconfidence":0.5,"rotation":[-0.09236624836921692,0.3150312900543213,-0.9445759654045105,0,-0.9486312866210938,-0.3163838386535645,-0.9957250952720642,-0.02922318875789642,0.08762151002883911],"rotationconfidence":0.5},"9":{"id":9,"position":[142.0706957578659,-670.9784865379333,3392.726898193359],"positionconfidence":0.5,"rotation":[-0.09236624836921692,0.3150312900543213,-0.9445759654045105,0,-0.9486312866210938,-0.3163838386535645,-0.9957250952720642,-0.02922318875789642,0.08762151002883911],"rotationconfidence":0.5},"12":{"id":12,"position":[325.5712985992432,-403.1472206115723,2864.888429641724],"positionconfidence":1,"rotation":[-0.3822785019874573,0.05524781718850136,-0.9223940968513489,-0.8169235587120056,0.4463096261024475,0.3652993142604828,0.4318553507328033,0.893171489238739,-0.1254813224077225],"rotationconfidence":1},"13":{"id":13,"position":[240.6191974878311,-390.8697366714478,2659.908771514893],"positionconfidence":1,"rotation":[-0.4419617354869843,0.08827972412109375,-0.8926794528961182,-0.7862383723258972,0.4409663379192352,0.4328716993331909,0.4318553507328033,0.893171489238739,-0.1254813224077225],"rotationconfidence":1},"14":{"id":14,"position":[159.6541404724121,-374.697357416153,2496.374607086182],"positionconfidence":1,"rotation":[-0.4333732128143311,0.1245265379548073,-0.8925696611404419,0,-0.9904075860977173,-0.1381763517856598,-0.9012143611907959,-0.05988192930817604,0.4292161166667938],"rotationconfidence":1},"15":{"id":15,"position":[82.60355144739151,-352.5574505329132,2337.682247161865],"positionconfidence":1,"rotation":[-0.4333732128143311,0.1245265379548073,-0.8925696611404419,0,-0.9904075860977173,-0.1381763517856598,-0.9012143611907959,-0.05988192930817604,0.4292161166667938],"rotationconfidence":1},"17":{"id":17,"position":[242.1444207429886,-788.6322140693665,3068.085193634033],"positionconfidence":1,"rotation":[0.6896569132804871,-0.4987644255161285,-0.5249831676483154,0.657725989818573,0.7347401976585388,0.1659919917583466,0.3029353618621826,-0.4597726166248322,0.8347690105438232],"rotationconfidence":1},"18":{"id":18,"position":[58.76510590314865,-993.4837222099304,3021.805286407471],"positionconfidence":1,"rotation":[0.9757265448570251,-0.2189926207065582,0,0.2085496038198471,0.9291974306106567,0.3051216900348663,-0.06681939959526062,-0.2977153360843658,0.9523134231567383],"rotationconfidence":1},"19":{"id":19,"position":[18.7164843082428,-1171.921253204346,2963.211536407471],"positionconfidence":1,"rotation":[0.8670123219490051,0.4982867240905762,0,-0.189230427145958,0.3292584717273712,-0.9250841736793518,-0.4609571695327759,0.8020593523979187,0.3797621428966522],"rotationconfidence":1},"20":{"id":20,"position":[46.19354382157326,-1219.730973243713,2940.574407577515],"positionconfidence":1,"rotation":[0.8670123219490051,0.4982867240905762,0,-0.189230427145958,0.3292584717273712,-0.9250841736793518,-0.4609571695327759,0.8020593523979187,0.3797621428966522],"rotationconfidence":1},"21":{"id":21,"position":[326.6089260578156,-778.5260677337646,3042.999505996704],"positionconfidence":1,"rotation":[0.9380248785018921,0.3296334147453308,-0.1070109531283379,-0.1839684844017029,0.7352785468101501,0.6523197889328003,0.2937092483043671,-0.5922055244445801,0.7503516674041748],"rotationconfidence":1},"22":{"id":22,"position":[380.1270127296448,-992.4252033233643,2853.233814239502],"positionconfidence":1,"rotation":[0.5698022246360779,0.6174985766410828,-0.5422370433807373,-0.312731146812439,0.7731211185455322,0.5517997741699219,0.7599504590034485,-0.1448423266410828,0.6336371898651123],"rotationconfidence":1},"23":{"id":23,"position":[450.3230750560761,-1165.961027145386,2729.376077651978],"positionconfidence":0.5,"rotation":[0.6487271785736084,-0.761021077632904,0,0.6380752325057983,0.5439228415489197,-0.5449843406677246,0.4147445559501648,0.353546142578125,0.8384461998939514],"rotationconfidence":0.5},"24":{"id":24,"position":[417.2760546207428,-1194.131731987,2662.568330764771],"positionconfidence":0.5,"rotation":[0.6487271785736084,-0.761021077632904,0,0.6380752325057983,0.5439228415489197,-0.5449843406677246,0.4147445559501648,0.353546142578125,0.8384461998939514],"rotationconfidence":0.5}},"skeletonTracked":true,"frameCount":6},{"position":[255.9293806552887,-684.5660209655762,2832.200050354004],"positionTracked":true,"id":4520,"skeleton":{"1":{"id":1,"position":[180.2800446748734,-208.7448239326477,2938.663005828857],"positionconfidence":1,"rotation":[0.8905834555625916,0.454820066690445,0,-0.4539446234703064,0.8888692259788513,0.06201415881514549,0.02820528298616409,-0.05522878468036652,0.9980753660202026],"rotationconfidence":1},"2":{"id":2,"position":[249.610960483551,-344.5017337799072,2929.191589355469],"positionconfidence":1,"rotation":[0.5249258279800415,0.3230189979076386,-0.7874715328216553,-0.4539446234703064,0.8888692259788513,0.06201415881514549,0.7199909687042236,0.3249156773090363,0.6132231950759888],"rotationconfidence":1},"3":{"id":3,"position":[289.6255552768707,-678.6000728607178,3026.567459106445],"positionconfidence":1,"rotation":[0.6771971583366394,-0.1299761831760407,-0.7242307066917419,-0.1142319068312645,0.9537692666053772,-0.2779843509197235,0.7268803119659424,0.2709804475307465,0.6310423612594604],"rotationconfidence":1},"4":{"id":4,"position":[282.3163866996765,-755.7812333106995,3041.377544403076],"positionconfidence":1,"rotation":[0.9888062477111816,-0.112457662820816,-0.09805893898010254,0.09260503947734833,0.9778628349304199,-0.1876394748687744,0.1169896945357323,0.1764583438634872,0.9773310422897339],"rotationconfidence":1},"6":{"id":6,"position":[148.285835981369,-357.551246881485,3058.350324630737],"positionconfidence":0.5,"rotation":[0.1925816386938095,0.9812682271003723,-0.004988910164684057,0.4464005827903748,-0.08307982981204987,0.8909681439399719,0.8738643527030945,-0.1738111674785614,-0.4540384113788605],"rotationconfidence":0.5},"7":{"id":7,"position":[105.1217913627625,-577.4865746498108,3059.468507766724],"positionconfidence":0.5,"rotation":[-0.362803041934967,0.3885341584682465,-0.847003698348999,0.3236281275749207,0.9048928618431091,0.2764669358730316,0.8738643527030945,-0.1738111674785614,-0.4540384113788605],"rotationconfidence":0.5},"8":{"id":8,"position":[182.7095150947571,-660.5770587921143,3240.605592727661],"positionconfidence":1,"rotation":[-0.287030696868