{"motiondata":[{"position":[365.5745685100555,-712.089478969574,3118.706703186035],"positionTracked":true,"id":5042,"skeleton":{"1":{"id":1,"position":[422.3913550376892,-140.3547674417496,3327.380895614624],"positionconfidence":1,"rotation":[0.9999256134033203,-0.01219585910439491,0,0.01218782085925341,0.9992666244506836,-0.0362989567220211,0.0004426969680935144,0.03629625588655472,0.9993409514427185],"rotationconfidence":1},"2":{"id":2,"position":[419.8852479457855,-345.8278477191925,3334.844827651978],"positionconfidence":1,"rotation":[0.9874697327613831,-0.01774009875953198,-0.1568084955215454,0.01218782085925341,0.9992666244506836,-0.0362989567220211,0.1573374569416046,0.03393296897411346,0.986961841583252],"rotationconfidence":1},"3":{"id":3,"position":[410.4333817958832,-611.4757657051086,3291.98431968689],"positionconfidence":1,"rotation":[0.9872432947158813,-0.009483146481215954,-0.1589368283748627,0.03510451689362526,0.9866244196891785,0.1591852307319641,0.1553013771772385,-0.1627339422702789,0.9743712544441223],"rotationconfidence":1},"4":{"id":4,"position":[402.5372862815857,-650.5237221717834,3243.375062942505],"positionconfidence":1,"rotation":[0.9876044392585754,-0.004387491382658482,-0.1569021493196487,0.1256367117166519,0.6213015913963318,0.7734337449073792,0.09409011900424957,-0.783559262752533,0.6141514182090759],"rotationconfidence":1},"6":{"id":6,"position":[267.2293484210968,-365.3492629528046,3357.44047164917],"positionconfidence":1,"rotation":[0.2694825530052185,0.9586479067802429,-0.0915055125951767,0.2433496862649918,-0.1597265154123306,-0.9566965103149414,-0.931751012802124,0.2355452030897141,-0.2763302028179169],"rotationconfidence":1},"7":{"id":7,"position":[206.9913893938065,-579.6377062797546,3377.894878387451],"positionconfidence":1,"rotation":[-0.08521603047847748,0.5979233384132385,0.797010600566864,0.3529562950134277,0.766163170337677,-0.5370434522628784,-0.931751012802124,0.2355452030897141,-0.2763302028179169],"rotationconfidence":1},"8":{"id":8,"position":[224.0367382764816,-699.2374062538147,3218.472719192505],"positionconfidence":0.5,"rotation":[-0.06086651235818863,0.6125133633613586,0.7881134152412415,0,0.7895773649215698,-0.6136510968208313,-0.9981459975242615,-0.03735080361366272,-0.04805881902575493],"rotationconfidence":0.5},"9":{"id":9,"position":[227.6908606290817,-736.0096573829651,3171.158313751221],"positionconfidence":0.5,"rotation":[-0.06086651235818863,0.6125133633613586,0.7881134152412415,0,0.7895773649215698,-0.6136510968208313,-0.9981459975242615,-0.03735080361366272,-0.04805881902575493],"rotationconfidence":0.5},"12":{"id":12,"position":[558.5108995437622,-365.3922080993652,3311.007022857666],"positionconfidence":1,"rotation":[0.2718525230884552,-0.9506799578666687,0.1493449211120606,-0.2810031175613403,-0.2268453538417816,-0.9325119256973267,0.9203985333442688,0.2115393280982971,-0.3288124799728394],"rotationconfidence":1},"13":{"id":13,"position":[619.6158528327942,-579.0788531303406,3344.575643539429],"positionconfidence":1,"rotation":[-0.12855164706707,-0.6305036544799805,-0.7654668688774109,-0.3692438304424286,0.7468039989471436,-0.5531209111213684,0.9203985333442688,0.2115393280982971,-0.3288124799728394],"rotationconfidence":1},"14":{"id":14,"position":[597.0972180366516,-689.5253658294678,3210.487365722656],"positionconfidence":1,"rotation":[-0.8210131525993347,0.1058696806430817,-0.5610071420669556,0,-0.9826554656028748,-0.1854404658079147,-0.5709092617034912,-0.1522490680217743,0.8067730665206909],"rotationconfidence":1},"15":{"id":15,"position":[559.7938299179077,-684.7150921821594,3184.99755859375],"positionconfidence":0.5,"rotation":[-0.8210131525993347,0.1058696806430817,-0.5610071420669556,0,-0.9826554656028748,-0.1854404658079147,-0.5709092617034912,-0.1522490680217743,0.8067730665206909],"rotationconfidence":0.5},"17":{"id":17,"position":[333.0999612808228,-713.3025527000427,3232.474327087402],"positionconfidence":1,"rotation":[0.8604815602302551,-0.376518577337265,-0.343227744102478,0.4890521466732025,0.7992741465568542,0.349268913269043,0.1428268253803253,-0.4683957397937775,0.8718979358673096],"rotationconfidence":1},"18":{"id":18,"position":[186.8326663970947,-952.3520469665527,3128.013849258423],"positionconfidence":1,"rotation":[0.8965997695922852,-0.4428418874740601,0,0.4320072531700134,0.8746634125709534,0.2198490053415299,-0.0973583459854126,-0.1971165686845779,0.9755339026451111],"rotationconfidence":1},"19":{"id":19,"position":[66.04435294866562,-1196.906089782715,3066.544532775879],"positionconfidence":1,"rotation":[0.3487024307250977,-0.9372334480285645,0,0.8763273358345032,0.3260419964790344,-0.3546080589294434,0.3323505520820618,0.1236526966094971,0.9350150227546692],"rotationconfidence":1},"20":{"id":20,"position":[40.20283371210098,-1206.520557403565,2993.84355545044],"positionconfidence":1,"rotation":[0.3487024307250977,-0.9372334480285645,0,0.8763273358345032,0.3260419964790344,-0.3546080589294434,0.3323505520820618,0.1236526966094971,0.9350150227546692],"rotationconfidence":1},"21":{"id":21,"position":[463.745504617691,-715.1788473129272,3210.065126419067],"positionconfidence":1,"rotation":[0.9185624122619629,0.395167887210846,-0.009253411553800106,-0.3638541102409363,0.854457437992096,0.3708272278308868,0.1544456332921982,-0.3372610211372376,0.9286558032035828],"rotationconfidence":1},"22":{"id":22,"position":[572.7266073226929,-971.1048007011414,3098.995447158814],"positionconfidence":1,"rotation":[-0.531152606010437,0.07903484255075455,-0.8435819149017334,-0.4271780550479889,0.8348540663719177,0.3471853733062744,0.7317075133323669,0.5447680950164795,-0.4096729755401611],"rotationconfidence":1},"23":{"id":23,"position":[681.6745400428772,-1184.026837348938,3010.448932647705],"positionconfidence":1,"rotation":[0.9433003067970276,-0.3319405615329742,0,-0.03975234180688858,-0.1129672080278397,-0.992803156375885,0.3295516669750214,0.9365115165710449,-0.1197574138641357],"rotationconfidence":1},"24":{"id":24,"position":[660.5747938156128,-1243.987560272217,3018.116474151611],"positionconfidence":1,"rotation":[0.9433003067970276,-0.3319405615329742,0,-0.03975234180688858,-0.1129672080278397,-0.992803156375885,0.3295516669750214,0.9365115165710449,-0.1197574138641357],"rotationconfidence":1}},"skeletonTracked":true,"frameCount":1},{"position":[367.0801818370819,-706.3485980033875,3120.050191879273],"positionTracked":true,"id":5042,"skeleton":{"1":{"id":1,"position":[421.5342104434967,-141.0881131887436,3325.11568069458],"positionconfidence":1,"rotation":[0.9999456405639648,-0.01042866054922342,0,0.01042235642671585,0.9993411898612976,-0.03476272895932198,0.0003625286917667836,0.03476084023714066,0.9993955492973328],"rotationconfidence":1},"2":{"id":2,"position":[419.3905591964722,-346.6307818889618,3332.265615463257],"positionconfidence":1,"rotation":[0.9879149198532104,-0.01566723547875881,-0.154202863574028,0.01042235642671585,0.9993411898612976,-0.03476272895932198,0.1546459197998047,0.03273546695709229,0.9874274730682373],"rotationconfidence":1},"3":{"id":3,"position":[409.9768400192261,-611.560583114624,3290.888071060181],"positionconfidence":1,"rotation":[0.9876455068588257,-0.01067606173455715,-0.156341090798378,0.03508565947413445,0.9874138236045837,0.1542173027992249,0.1527269184589386,-0.1577973514795303,0.9755893349647522],"rotationconfidence":1},"4":{"id":4,"position":[402.0703732967377,-650.5511999130249,3242.351531982422],"positionconfidence":1,"rotation":[0.9872592091560364,-0.002135205315425992,-0.159106507897377,0.1259832680225372,0.6212844848632812,0.7733911871910095,0.09719905257225037,-0.7835822105407715,0.6136378049850464],"rotationconfidence":1},"6":{"id":6,"position":[266.7903006076813,-364.765852689743,3356.008768081665],"positionconfidence":1,"rotation":[0.268239438533783,0.9592507481575012,-0.08880110085010529,0.2506200075149536,-0.1584917306900024,-0.9550235271453857,-0.9301812648773193,0.2339196354150772,-0.28292116522789],"rotationconfidence":1},"7":{"id":7,"position":[206.9969028234482,-578.5929560661316,3375.803470611572],"positionconfidence":1,"rotation":[-0.08551153540611267,0.6114241480827332,0.7866690754890442,0.3570021688938141,0.7559378743171692,-0.5487324595451355,-0.9301812648773193,0.2339196354150772,-0.28292116522789],"rotationconfidence":1},"8":{"id":8,"position":[224.1212427616119,-701.0353207588196,3218.26696395874],"positionconfidence":0.5,"rotation":[-0.0625261515378952,0.6762610077857971,0.7340036034584045,0,0.7354426383972168,-0.6775868535041809,-0.9980431199073792,-0.04236689954996109,-0.04598439857363701],"rotationconfidence":0.5},"9":{"id":9,"position":[228.2227873802185,-745.3961968421936,3170.11833190918],"positionconfidence":0.5,"rotation":[-0.0625261515378952,0.6762610077857971,0.7340036034584045,0,0.7354426383972168,-0.6775868535041809,-0.9980431199073792,-0.04236689954996109,-0.04598439857363701],"rotationconfidence":0.5},"12":{"id":12,"position":[557.969331741333,-364.8653626441956,3310.409069061279],"positionconfidence":1,"rotation":[0.2705501616001129,-0.9503415822982788,0.1537968516349793,-0.2670636475086212,-0.2275739014148712,-0.9364224672317505,0.9249213933944702,0.2122756987810135,-0.3153718411922455],"rotationconfidence":1},"13":{"id":13,"position":[618.8184022903442,-578.6054134368896,3344.999313354492],"positionconfidence":1,"rotation":[-0.118715912103653,-0.6268113255500793,-0.7700741291046143,-0.3611466586589813,0.7496976852416992,-0.5545507073402405,0.9249213933944702,0.2122756987810135,-0.3153718411922455],"rotationconfidence":1},"14":{"id":14,"position":[597.9329943656921,-688.8788342475891,3209.522008895874],"positionconfidence":1,"rotation":[-0.8451381325721741,0.1296456903219223,-0.5185880064964294,0,-0.9701431393623352,-0.2425333261489868,-0.5345479846000671,-0.2049741595983505,0.8199049830436707],"rotationconfidence":1},"15":{"id":15,"position":[559.5921874046326,-682.9972863197327,3185.995578765869],"positionconfidence":0.5,"rotation":[-0.8451381325721741,0.1296456903219223,-0.5185880064964294,0,-0.9701431393623352,-0.2425333261489868,-0.5345479846000671,-0.2049741595983505,0.8199049830436707],"rotationconfidence":0.5},"17":{"id":17,"position":[332.8819274902344,-713.3663296699524,3231.665849685669],"positionconfidence":1,"rotation":[0.8546578288078308,-0.3700848519802094,-0.3641388714313507,0.4994378089904785,0.7776515483856201,0.3818635642528534,0.1418512612581253,-0.5082274675369263,0.8494604825973511],"rotationconfidence":1},"18":{"id":18,"position":[172.1340268850327,-963.6594653129578,3108.760118484497],"positionconfidence":1,"rotation":[0.9099869132041931,-0.4146368801593781,0,0.4089215695858002,0.8974437713623047,0.1654621958732605,-0.06860672682523727,-0.150568425655365,0.9862160682678223],"rotationconfidence":1},"19":{"id":19,"position":[65.94562530517578,-1196.706891059876,3065.793037414551],"positionconfidence":1,"rotation":[0.3692853450775147,-0.9293161034584045,0,0.8674407005310059,0.3446977138519287,-0.3587898313999176,0.3334291279315949,0.1324958056211472,0.933418333530426],"rotationconfidence":1},"20":{"id":20,"position":[40.10270535945892,-1206.976175308228,2993.447065353394],"positionconfidence":1,"rotation":[0.3692853450775147,-0.9293161034584045,0,0.8674407005310059,0.3446977138519287,-0.3587898313999176,0.3334291279315949,0.1324958056211472,0.933418333530426],"rotationconfidence":1},"21":{"id":21,"position":[462.9668593406677,-715.0132060050964,3208.957672119141],"positionconfidence":1,"rotation":[0.9180396199226379,0.3963018655776978,-0.01216945238411427,-0.3637489378452301,0.8540494441986084,0.3718686401844025,0.1577655375003815,-0.3369635045528412,0.9282056093215942],"rotationconfidence":1},"22":{"id":22,"position":[572.0038414001465,-971.0221290588379,3097.486734390259],"positionconfidence":1,"rotation":[-0.525210976600647,0.07722043246030807,-0.8474611639976501,-0.430563360452652,0.8348802328109741,0.3429141342639923,0.7340085506439209,0.5449879765510559,-0.4052399694919586],"rotationconfidence":1},"23":{"id":23,"position":[681.7705631256104,-1183.86435508728,3010.065078735352],"positionconfidence":1,"rotation":[0.9425594210624695,-0.3340384960174561,0,-0.04016957432031632,-0.1133468523621559,-0.9927430748939514,0.3316144049167633,0.93571937084198,-0.1202543303370476],"rotationconfidence":1},"24":{"id":24,"position":[660.5140566825867,-1243.844032287598,3017.773389816284],"positionconfidence":1,"rotation":[0.9425594210624695,-0.3340384960174561,0,-0.04016957432031632,-0.1133468523621559,-0.9927430748939514,0.3316144049167633,0.93571937084198,-0.1202543303370476],"rotationconfidence":1}},"skeletonTracked":true,"frameCount":2},{"position":[363.2315099239349,-713.9610052108765,3112.584590911865],"positionTracked":true,"id":5042,"skeleton":{"1":{"id":1,"position":[426.1734187602997,-141.6396796703339,3311.746835708618],"positionconfidence":1,"rotation":[0.9994595050811768,-0.03287307173013687,0,0.03278269246220589,0.9967116117477417,-0.07410355657339096,0.00243601156398654,0.0740635022521019,0.9972505569458008],"rotationconfidence":1},"2":{"id":2,"position":[419.4293022155762,-346.6850519180298,3326.991558074951],"positionconfidence":1,"rotation":[0.997362494468689,-0.03742758929729462,-0.06218713149428368,0.03278269246220589,0.9967116117477417,-0.07410355657339096,0.06475614756345749,0.07186944037675858,0.9953096508979797],"rotationconfidence":1},"3":{"id":3,"position":[408.9652895927429,-611.6421818733215,3288.950204849243],"positionconfidence":1,"rotation":[0.996863067150116,-0.02878429181873798,-0.07372462004423141,0.03906252235174179,0.9890941977500916,0.1420096904039383,0.06883294880390167,-0.1444440931081772,0.9871159195899963],"rotationconfidence":1},"4":{"id":4,"position":[401.7375707626343,-650.7464647293091,3240.756273269653],"positionconfidence":1,"rotation":[0.9901931881904602,-0.01141504012048245,-0.139238715171814,0.1156762316823006,0.6258456110954285,0.7713211178779602,0.07833727449178696,-0.7798635363578796,0.621028482913971],"rotationconfidence":1},"6":{"id":6,"position":[265.8622860908508,-370.801717042923,3329.561710357666],"positionconfidence":1,"rotation":[0.3019240498542786,0.9491258263587952,-0.08945407718420029,0.2088230699300766,-0.1573976278305054,-0.965204119682312,-0.930180013179779,0.2727382779121399,-0.2457215040922165],"rotationconfidence":1},"7":{"id":7,"position":[200.5860805511475,-576.0034322738647,3348.901748657227],"positionconfidence":1,"rotation":[-0.05425148829817772,0.5598734617233276,0.8268001079559326,0.3630729913711548,0.7824037075042725,-0.5059866309165955,-0.930180013179779,0.2727382779121399,-0.2457215040922165],"rotationconfidence":1},"8":{"id":8,"position":[210.8901292085648,-682.3408603668213,3191.866636276245],"positionconfidence":1,"rotation":[0.2181460857391357,-0.06203535944223404,0.9739423990249634,0,0.997977614402771,0.06356628239154816,-0.9759160876274109,-0.0138667356222868,0.2177049070596695],"rotationconfidence":1},"9":{"id":9,"position":[202.8107345104218,-680.0432801246643,3155.795097351074],"positionconfidence":0.5,"rotation":[0.2181460857391357,-0.06203535944223404,0.9739423990249634,0,0.997977614402771,0.06356628239154816,-0.9759160876274109,-0.0138667356222868,0.2177049070596695],"rotationconfidence":0.5},"12":{"id":12,"position":[557.870090007782,-364.5616173744202,3310.112714767456],"positionconfidence":1,"rotation":[0.2625686526298523,-0.9521176815032959,0.1566196531057358,-0.2681761682033539,-0.2279272526502609,-0.9360186457633972,0.9268977046012878,0.2037674635648727,-0.3151817917823792],"rotationconfidence":1},"13":{"id":13,"position":[617.0684099197388,-579.2245864868164,3345.423936843872],"positionconfidence":1,"rotation":[-0.1298814564943314,-0.6137427687644958,-0.7787493467330933,-0.3521243333816528,0.7627572417259216,-0.5424111485481262,0.9268977046012878,0.2037674635648727,-0.3151817917823792],"rotationconfidence":1},"14":{"id":14,"position":[594.1326022148132,-687.605619430542,3207.90433883667],"positionconfidence":0.5,"rotation":[-0.8385934233665466,0.09329891204833984,-0.5367087721824646,0,-0.9852246642112732,-0.1712667793035507,-0.5447577238082886,-0.1436231881380081,0.826202929019928],"rotationconfidence":0.5},"15":{"id":15,"position":[553.1617999076843,-683.047354221344,3181.682586669922],"positionconfidence":0.5,"rotation":[-0.8385934233665466,0.09329891204833984,-0.5367087721824646,0,-0.9852246642112732,-0.1712667793035507,-0.5447577238082886,-0.1436231881380081,0.826202929019928],"rotationconfidence":0.5},"17":{"id":17,"position":[332.5823545455933,-713.7744426727295,3226.697444915772],"positionconfidence":1,"rotation":[0.8545562624931335,-0.3893045485019684,-0.3437669277191162,0.5065743327140808,0.7707551717758179,0.3864181041717529,0.114525817334652,-0.5043594837188721,0.8558652997016907],"rotationconfidence":1},"18":{"id":18,"position":[164.1592234373093,-970.0310230255127,3098.223209381104],"positionconfidence":1,"rotation":[0.9171602725982666,-0.3985185027122498,0,0.3949503600597382,0.9089484214782715,0.1335178017616272,-0.05320931598544121,-0.1224572211503983,0.9910464286804199],"rotationconfidence":1},"19":{"id":19,"position":[65.7365694642067,-1196.543335914612,3064.950227737427],"positionconfidence":1,"rotation":[0.4337763488292694,-0.9010205268859863,0,0.8421936631202698,0.405455470085144,-0.3554090559482575,0.3202308714389801,0.1541680544614792,0.9347108602523804],"rotationconfidence":1},"20":{"id":20,"position":[40.92568159103394,-1208.487987518311,2992.530584335327],"positionconfidence":1,"rotation":[0.4337763488292694,-0.9010205268859863,0,0.8421936631202698,0.405455470085144,-0.3554090559482575,0.3202308714389801,0.1541680544614792,0.9347108602523804],"rotationconfidence":1},"21":{"id":21,"position":[462.6595079898834,-715.2717709541321,3208.409070968628],"positionconfidence":1,"rotation":[0.9230919480323792,0.3840359449386597,0.0204392783343792,-0.3632538914680481,0.8532206416130066,0.3742474615573883,0.1262852549552918,-0.3528894484043121,0.9271036386489868],"rotationconfidence":1},"22":{"id":22,"position":[571.5374946594238,-971.0073471069336,3096.235990524292],"positionconfidence":1,"rotation":[-0.5237085819244385,0.0739990770816803,-0.8486774563789368,-0.4330563247203827,0.8347743153572083,0.340020626783371,0.7336153388023376,0.5455968379974365,-0.4051327109336853],"rotationconfidence":1},"23":{"id":23,"position":[681.8471550941467,-1183.64405632019,3009.624719619751],"positionconfidence":1,"rotation":[0.9430298209190369,-0.3327082991600037,0,-0.04064444079995155,-0.1152027770876885,-0.992510199546814,0.3302163481712341,0.9359666705131531,-0.1221623867750168],"rotationconfidence":1},"24":{"id":24,"position":[660.6506109237671,-1243.723630905151,3017.466306686401],"positionconfidence":1,"rotation":[0.9430298209190369,-0.3327082991600037,0,-0.04064444079995155,-0.1152027770876885,-0.992510199546814,0.3302163481712341,0.9359666705131531,-0.1221623867750168],"rotationconfidence":1}},"skeletonTracked":true,"frameCount":3},{"position":[363.7118637561798,-715.6687378883362,3102.723598480225],"positionTracked":true,"id":5042,"skeleton":{"1":{"id":1,"position":[445.0002908706665,-156.8859964609146,3286.994218826294],"positionconfidence":1,"rotation":[0.9925841689109802,-0.1215593740344048,0,0.1204930692911148,0.9838773012161255,-0.1321621984243393,0.01606555469334126,0.1311821043491364,0.9912281036376953],"rotationconfidence":1},"2":{"id":2,"position":[421.4535057544708,-349.1555452346802,3312.821388244629],"positionconfidence":1,"rotation":[0.9926943778991699,-0.1185786724090576,0.02229023538529873,0.1204930692911148,0.9838773012161255,-0.1321621984243393,-0.006259238347411156,0.1338824927806854,0.99097740650177],"rotationconfidence":1},"3":{"id":3,"position":[406.4417779445648,-614.2324209213257,3283.095121383667],"positionconfidence":1,"rotation":[0.9982466101646423,-0.05790815129876137,0.01226877979934216,0.05618991330265999,0.9922006726264954,0.1112674325704575,-0.01861638389527798,-0.1103829592466354,0.9937148690223694],"rotationconfidence":1},"4":{"id":4,"position":[400.9512364864349,-654.1640758514404,3235.556840896606],"positionconfidence":1,"rotation":[0.9958712458610535,-0.03980271890759468,-0.08158653974533081,0.08809345215559006,0.6406868100166321,0.7627319693565369,0.02191261015832424,-0.7667700052261353,0.6415478587150574],"rotationconfidence":1},"6":{"id":6,"position":[264.6030783653259,-376.3409852981567,3307.902574539185],"positionconfidence":1,"rotation":[0.3967112898826599,0.9179401993751526,0.002460549352690578,0.2592053413391113,-0.109449990093708,-0.9596007466316223,-0.8805866837501526,0.3813221752643585,-0.2813550233840942],"rotationconfidence":1},"7":{"id":7,"position":[182.8029155731201,-565.6163096427917,3307.395219802856],"positionconfidence":1,"rotation":[-0.05064895749092102,0.5145853161811829,0.8559420704841614,0.4711708426475525,0.7679815292358398,-0.4338234066963196,-0.8805866837501526,0.3813221752643585,-0.2813550233840942],"rotationconfidence":1},"8":{"id":8,"position":[191.9537335634232,-658.5871577262878,3152.750968933106],"positionconfidence":1,"rotation":[0.2363366931676865,-0.4820762872695923,0.8436511158943176,0,0.8682475686073303,0.4961311221122742,-0.9716711044311523,-0.117253988981247,0.2051987648010254],"rotationconfidence":1},"9":{"id":9,"position":[181.1642199754715,-636.5788578987122,3114.235639572144],"positionconfidence":1,"rotation":[0.2363366931676865,-0.4820762872695923,0.8436511158943176,0,0.8682475686073303,0.4961311221122742,-0.9716711044311523,-0.117253988981247,0.2051987648010254],"rotationconfidence":1},"12":{"id":12,"position":[568.3322548866272,-391.6616439819336,3311.890840530396],"positionconfidence":1,"rotation":[0.2513294219970703,-0.9525824189186096,0.17152339220047,-0.1193589642643929,-0.206361711025238,-0.9711685180664062,0.9605138897895813,0.2236103564500809,-0.1655640155076981],"rotationconfidence":1},"13":{"id":13,"position":[617.3959374427795,-577.621579170227,3345.375061035156],"positionconfidence":0.5,"rotation":[-0.1327338516712189,-0.1547107100486755,-0.9790027141571045,-0.2445296794176102,0.9623216390609741,-0.118921123445034,0.9605138897895813,0.2236103564500809,-0.1655640155076981],"rotationconfidence":0.5},"14":{"id":14,"position":[594.650387763977,-604.133129119873,3177.611112594605],"positionconfidence":1,"rotation":[-0.4116284847259522,-0.1256470084190369,-0.9026488661766052,0,-0.9904504418373108,0.1378688365221024,-0.9113517999649048,0.05675074085593224,0.4076976180076599],"rotationconfidence":1},"15":{"id":15,"position":[577.3727893829346,-609.4070076942444,3139.723539352417],"positionconfidence":1,"rotation":[-0.4116284847259522,-0.1256470084190369,-0.9026488661766052,0,-0.9904504418373108,0.1378688365221024,-0.9113517999649048,0.05675074085593224,0.4076976180076599],"rotationconfidence":1},"17":{"id":17,"position":[330.3537964820862,-718.1628942489624,3215.814590454102],"positionconfidence":1,"rotation":[0.8556107878684998,-0.4410582482814789,-0.2709203064441681,0.5156830549240112,0.771562933921814,0.3725072145462036,0.04473467543721199,-0.4584302008152008,0.8876038193702698],"rotationconfidence":1},"18":{"id":18,"position":[159.6300899982452,-973.5990166664124,3092.491149902344],"positionconfidence":1,"rotation":[0.921097457408905,-0.3893319666385651,0,0.386608898639679,0.9146551489830017,0.1180652379989624,-0.04596657305955887,-0.1087495908141136,0.9930057525634766],"rotationconfidence":1},"19":{"id":19,"position":[65.46003371477127,-1196.390390396118,3063.732862472534],"positionconfidence":1,"rotation":[0.5479663610458374,-0.8365004658699036,0,0.7861560583114624,0.5149872303009033,-0.3416824340820313,0.2858174741268158,0.1872304379940033,0.9398154616355896],"rotationconfidence":1},"20":{"id":20,"position":[43.25871914625168,-1210.933804512024,2990.731239318848],"positionconfidence":1,"rotation":[0.5479663610458374,-0.8365004658699036,0,0.7861560583114624,0.5149872303009033,-0.3416824340820313,0.2858174741268158,0.1872304379940033,0.9398154616355896],"rotationconfidence":1},"21":{"id":21,"position":[461.9430005550385,-721.3122248649597,3207.556009292603],"positionconfidence":1,"rotation":[0.9275750517845154,0.3587120175361633,0.1045474708080292,-0.370508074760437,0.846930980682373,0.3813551366329193,0.04825218766927719,-0.392471194267273,0.9184976816177368],"rotationconfidence":1},"22":{"id":22,"position":[571.2416768074036,-971.1540937423706,3095.057487487793],"positionconfidence":1,"rotation":[-0.5241590142250061,0.07058783620595932,-0.8486900329589844,-0.4345919191837311,0.8348593711853027,0.3378456234931946,0.7323846220970154,0.5459186434745789,-0.4069221615791321],"rotationconfidence":1},"23":{"id":23,"position":[681.7482709884644,-1183.439373970032,3009.151220321655],"positionconfidence":1,"rotation":[0.9435138702392578,-0.3313328325748444,0,-0.04147212207317352,-0.118097335100174,-0.9921355843544006,0.328727126121521,0.936093807220459,-0.1251675635576248],"rotationconfidence":1},"24":{"id":24,"position":[660.6166958808899,-1243.614315986633,3017.197370529175],"positionconfidence":1,"rotation":[0.9435138702392578,-0.3313328325748444,0,-0.04147212207317352,-0.118097335100174,-0.9921355843544006,0.328727126121521,0.936093807220459,-0.1251675635576248],"rotationconfidence":1}},"skeletonTracked":true,"frameCount":4},{"position":[348.7911820411682,-715.2575254440308,3089.077472686768],"positionTracked":true,"id":5042,"skeleton":{"1":{"id":1,"position":[441.1746263504028,-171.0637956857681,3255.544424057007],"positionconfidence":1,"rotation":[0.9957681894302368,-0.09189964085817337,0,0.08874393254518509,0.961574912071228,-0.2598040401935577,0.02387589775025845,0.2587046027183533,0.9656612277030945],"rotationconfidence":1},"2":{"id":2,"position":[425.618052482605,-339.6252989768982,3301.087379455566],"positionconfidence":1,"rotation":[0.9563232064247131,-0.1551881432533264,-0.247714176774025,0.08874393254518509,0.961574912071228,-0.2598040401935577,0.2785142660140991,0.2264735102653503,0.9333484768867493],"rotationconfidence":1},"3":{"id":3,"position":[409.3207120895386,-616.4677739143372,3277.328729629517],"positionconfidence":1,"rotation":[0.9523715972900391,-0.03002201765775681,-0.3034580945968628,0.05855241417884827,0.9946282505989075,0.0853591039776802,0.2992653548717499,-0.09906179457902908,0.9490136504173279],"rotationconfidence":1},"4":{"id":4,"position":[399.384081363678,-657.703161239624,3232.279062271118],"positionconfidence":1,"rotation":[0.9700373411178589,0.02968688309192658,-0.2411350458860397,0.1605909466743469,0.6664260625839233,0.7280705571174622,0.1823128461837769,-0.7449797987937927,0.6416907906532288],"rotationconfidence":1},"6":{"id":6,"position":[266.1410272121429,-385.5226933956146,3333.842754364014],"positionconfidence":1,"rotation":[0.5313773155212402,0.8401005864143372,0.1089462265372276,0.2024045139551163,-0.001026031211949885,-0.9793014526367188,-0.8225998878479004,0.5424296855926514,-0.1705853492021561],"rotationconfidence":1},"7":{"id":7,"position":[167.1529412269592,-542.0215725898743,3313.547611236572],"positionconfidence":0.5,"rotation":[-0.02400565706193447,0.2666026651859283,0.9635075330734253,0.5681136250495911,0.7966762185096741,-0.2062859386205673,-0.8225998878479004,0.5424296855926514,-0.1705853492021561],"rotationconfidence":0.5},"8":{"id":8,"position":[171.1316108703613,-586.2079858779907,3153.856992721558],"positionconfidence":1,"rotation":[0.08863811939954758,-0.1988527923822403,0.9760127067565918,0,0.979869544506073,0.1996385902166367,-0.9960638284683228,-0.01769558899104595,0.08685379475355148],"rotationconfidence":1},"9":{"id":9,"position":[167.1293675899506,-577.2292613983154,3109.787464141846],"positionconfidence":0.5,"rotation":[0.08863811939954758,-0.1988527923822403,0.9760127067565918,0,0.979869544506073,0.1996385902166367,-0.9960638284683228,-0.01769558899104595,0.08685379475355148],"rotationconfidence":0.5},"12":{"id":12,"position":[569.1646933555603,-370.7306087017059,3239.830255508423],"positionconfidence":1,"rotation":[-0.007011289242655039,-0.4110468327999115,-0.9115872979164124,-0.7166818380355835,0.6378059983253479,-0.2820829749107361,0.6973651051521301,0.6513402462005615,-0.2990616261959076],"rotationconfidence":1},"13":{"id":13,"position":[567.4603581428528,-470.6496894359589,3018.237590789795],"positionconfidence":1,"rotation":[-0.6788421869277954,0.4664169549942017,-0.5671229362487793,-0.2299025803804398,0.5985074043273926,0.7674201726913452,0.6973651051521301,0.6513402462005615,-0.2990616261959076],"rotationconfidence":1},"14":{"id":14,"position":[453.8421630859375,-392.5852179527283,2923.317909240723],"positionconfidence":1,"rotation":[-0.512024998664856,0.8117018342018127,-0.2810170352458954,0,-0.3271555900573731,-0.9449704885482788,-0.858970582485199,-0.483848512172699,0.1675118356943131],"rotationconfidence":1},"15":{"id":15,"position":[442.0801103115082,-373.9390969276428,2916.862487792969],"positionconfidence":1,"rotation":[-0.512024998664856,0.8117018342018127,-0.2810170352458954,0,-0.3271555900573731,-0.9449704885482788,-0.858970582485199,-0.483848512172699,0.1675118356943131],"rotationconfidence":1},"17":{"id":17,"position":[320.6776976585388,-734.6073389053345,3232.743501663208],"positionconfidence":1,"rotation":[0.822921097278595,-0.327735036611557,-0.4641022086143494,0.5281549692153931,0.7423518896102905,0.4122693836688995,0.2094120234251022,-0.5843830108642578,0.7839918732643127],"rotationconfidence":1},"18":{"id":18,"position":[147.3320126533508,-978.2545566558838,3097.432613372803],"positionconfidence":1,"rotation":[0.9358577728271484,-0.3523778915405273,0,0.3487697541713715,0.9262751936912537,0.1427376866340637,-0.05029760673642159,-0.1335821747779846,0.9897605776786804],"rotationconfidence":1},"19":{"id":19,"position":[65.18064439296722,-1196.4350938797,3063.811302185059],"positionconfidence":1,"rotation":[0.4669321179389954,-0.8842931389808655,0,0.7886974215507507,0.4164548516273499,-0.4522407054901123,0.3999133706092835,0.211165726184845,0.8918958902359009],"rotationconfidence":1},"20":{"id":20,"position":[35.15327349305153,-1212.290406227112,2996.843576431274],"positionconfidence":1,"rotation":[0.4669321179389954,-0.8842931389808655,0,0.7886974215507507,0.4164548516273499,-0.4522407054901123,0.3999133706092835,0.211165726184845,0.8918958902359009],"rotationconfidence":1},"21":{"id":21,"position":[459.2458307743073,-728.9377450942993,3199.956655502319],"positionconfidence":1,"rotation":[0.8982915878295898,0.4325246512889862,-0.07742483168840408,-0.3739391565322876,0.8450359106063843,0.3822088539600372,0.230741560459137,-0.3143828809261322,0.9208267331123352],"rotationconfidence":1},"22":{"id":22,"position":[566.6319727897644,-971.6113209724426,3090.195655822754],"positionconfidence":1,"rotation":[-0.5834657549858093,0.01896696537733078,-0.8119162917137146,-0.4343668818473816,0.8374323844909668,0.3317112624645233,0.6862165331840515,0.5462117195129395,-0.4803744852542877],"rotationconfidence":1},"23":{"id":23,"position":[675.3621697425842,-1181.236386299133,3007.162094116211],"positionconfidence":1,"rotation":[0.9730752110481262,-0.2304876744747162,0,-0.03260616585612297,-0.1376570463180542,-0.9899430871009827,0.2281696945428848,0.9632891416549683,-0.1414659917354584],"rotationconfidence":1},"24":{"id":24,"position":[660.674512386322,-1243.244886398315,3016.268491744995],"positionconfidence":1,"rotation":[0.9730752110481262,-0.2304876744747162,0,-0.03260616585612297,-0.1376570463180542,-0.9899430871009827,0.2281696945428848,0.9632891416549683,-0.1414659917354584],"rotationconfidence":1}},"skeletonTracked":true,"frameCount":5},{"position":[347.2265899181366,-717.1156406402588,3070.393085479736],"positionTracked":true,"id":5042,"skeleton":{"1":{"id":1,"position":[439.367800951004,-160.502627491951,3231.740713119507],"positionconfidence":1,"rotation":[0.9998840093612671,-0.01523008476942778,0,0.01508193556219339,0.9901577234268188,-0.1391409337520599,0.002119128126651049,0.139124795794487,0.990272581577301],"rotationconfidence":1},"2":{"id":2,"position":[437.0415210723877,-313.2273256778717,3253.202199935913],"positionconfidence":1,"rotation":[0.8083682656288147,-0.09397534281015396,-0.5811277031898499,0.01508193556219339,0.9901577234268188,-0.1391409337520599,0.5884839296340942,0.1037125810980797,0.8018293976783752],"rotationconfidence":1},"3":{"id":3,"position":[415.925145149231,-616.788923740387,3269.262552261353],"positionconfidence":1,"rotation":[0.79458087682724,-0.08706329017877579,-0.6008836030960083,0.06929793208837509,0.9962027072906494,-0.05270550027489662,0.6031906604766846,0.0002387863787589595,0.7975969910621643],"rotationconfidence":1},"4":{"id":4,"position":[398.2356488704681,-660.276472568512,3230.030298233032],"positionconfidence":1,"rotation":[0.9048847556114197,0.01566428132355213,-0.4253682792186737,0.2891283929347992,0.7107881903648376,0.6412369608879089,0.3123912811279297,-0.7032316327095032,0.6386524438858032],"rotationconfidence":1},"6":{"id":6,"position":[273.2739150524139,-387.8045380115509,3369.788885116577],"positionconfidence":1,"rotation":[0.6372500061988831,0.7615689635276794,0.1180052012205124,0.1135707050561905,0.05864777788519859,-0.9917975068092346,-0.76224285364151,0.6454248428344727,-0.04911862313747406],"rotationconfidence":1},"7":{"id":7,"position":[162.7583801746368,-519.8801755905151,3349.323749542236],"positionconfidence":0.5,"rotation":[0.02802089229226112,0.1087141633033752,0.9936780333518982,0.6466844081878662,0.7560476064682007,-0.1009519770741463,-0.76224285364151,0.6454248428344727,-0.04911862313747406],"rotationconfidence":0.5},"8":{"id":8,"position":[158.0850332975388,-538.0116105079651,3183.597326278687],"positionconfidence":1,"rotation":[-0.02532345987856388,0.1134615615010262,0.9932196140289307,0,0.9935382008552551,-0.1134979575872421,-0.9996792674064636,-0.002874160883948207,-0.02515982463955879],"rotationconfidence":1},"9":{"id":9,"position":[159.5772206783295,-544.6973443031311,3125.07176399231],"positionconfidence":0.5,"rotation":[-0.02532345987856388,0.1134615615010262,0.9932196140289307,0,0.9935382008552551,-0.1134979575872421,-0.9996792674064636,-0.002874160883948207,-0.02515982463955879],"rotationconfidence":0.5},"12":{"id":12,"position":[546.8772649765015,-340.4530882835388,3162.859439849854],"positionconfidence":1,"rotation":[-0.08727657794952393,-0.3082650005817413,-0.9472885131835938,-0.6281143426895142,0.7551045417785645,-0.1878547370433807,0.773210883140564,0.5786101818084717,-0.2595286071300507],"rotationconfidence":1},"13":{"id":13,"position":[524.8458385467529,-418.2691276073456,2923.733234405518],"positionconfidence":1,"rotation":[-0.6013762354850769,0.5391705632209778,-0.5896114110946655,-0.2012249827384949,0.6119682788848877,0.7648549675941467,0.773210883140564,0.5786101818084717,-0.2595286071300507],"rotationconfidence":1},"14":{"id":14,"position":[406.4315855503082,-312.1035099029541,2807.635545730591],"positionconfidence":1,"rotation":[-0.6648215651512146,0.5319294929504395,-0.5244647860527039,0,-0.702092707157135,-0.7120856046676636,-0.7470022439956665,-0.4734098613262177,0.4667663872241974],"rotationconfidence":1},"15":{"id":15,"position":[385.2109313011169,-295.1246798038483,2790.894985198975],"positionconfidence":1,"rotation":[-0.6648215651512146,0.5319294929504395,-0.5244647860527039,0,-0.702092707157135,-0.7120856046676636,-0.7470022439956665,-0.4734098613262177,0.4667663872241974],"rotationconfidence":1},"17":{"id":17,"position":[317.6994323730469,-744.7664141654968,3248.407363891602],"positionconfidence":1,"rotation":[0.7550800442695618,-0.253130167722702,-0.6047965884208679,0.5691460967063904,0.7109910249710083,0.4129943549633026,0.3254636526107788,-0.6560615301132202,0.6809232831001282],"rotationconfidence":1},"18":{"id":18,"position":[129.2733252048492,-980.1528453826904,3111.678123474121],"positionconfidence":1,"rotation":[0.9546219706535339,-0.297820121049881,0,0.2939176857471466,0.9421131610870361,0.1613537520170212,-0.04805439338088036,-0.1540318429470062,0.9868965148925781],"rotationconfidence":1},"19":{"id":19,"position":[61.07394769787788,-1198.756694793701,3074.238300323486],"positionconfidence":1,"rotation":[0.9507326483726501,-0.3100119531154633,0,0.2110919207334518,0.6473684906959534,-0.7323620915412903,0.2270409911870956,0.6962805390357971,0.6809154152870178],"rotationconfidence":1},"20":{"id":20,"position":[47.65142127871513,-1239.920377731323,3033.982992172241],"positionconfidence":1,"rotation":[0.9507326483726501,-0.3100119531154633,0,0.2110919207334518,0.6473684906959534,-0.7323620915412903,0.2270409911870956,0.6962805390357971,0.6809154152870178],"rotationconfidence":1},"21":{"id":21,"position":[456.3142359256744,-733.5192561149597,3192.989587783814],"positionconfidence":1,"rotation":[0.8472223281860352,0.4781082272529602,-0.2315743267536163,-0.3740553259849548,0.8464187979698181,0.3790219724178314,0.3772224485874176,-0.2344942986965179,0.8959439992904663],"rotationconfidence":1},"22":{"id":22,"position":[561.9348287582397,-972.5193381309509,3085.96658706665],"positionconfidence":1,"rotation":[-0.6775617003440857,-0.05461101979017258,-0.7334355115890503,-0.4265972077846527,0.8415239453315735,0.3314394354820252,0.5991032719612122,0.537452220916748,-0.5934813022613525],"rotationconfidence":1},"23":{"id":23,"position":[666.2039160728455,-1178.205013275147,3004.956007003784],"positionconfidence":1,"rotation":[0.9962525367736816,-0.08649208396673203,0,-0.0131715377792716,-0.1517153680324554,-0.9883365631103516,0.08548328280448914,0.9846327900886536,-0.1522860527038574],"rotationconfidence":1},"24":{"id":24,"position":[660.631537437439,-1242.390036582947,3014.883041381836],"positionconfidence":1,"rotation":[0.9962525367736816,-0.08649208396673203,0,-0.0131715377792716,-0.1517153680324554,-0.9883365631103516,0.08548328280448914,0.9846327900886536,-0.1522860527038574],"rotationconfidence":1}},"skeletonTracked":true,"frameCount":6},{"position":[341.0772085189819,-747.8919625282288,3072.767019271851],"positionTracked":true,"id":5042,"skeleton":{"1":{"id":1,"position":[434.4903230667114,-174.0114092826843,3218.451261520386],"positionconfidence":1,"rotation":[0.9991267919540405,-0.0417797788977623,0,0.04165126010775566,0.9960533976554871,0.07837517559528351,-0.003274497576057911,-0.07830673456192017,0.9969238042831421],"rotationconfidence":1},"2":{"id":2,"position":[427.961528301239,-330.1418125629425,3206.16602897644],"positionconfidence":1,"rotation":[0.5928540825843811,0.03850295022130013,-0.8043888211250305,0.04165126010775566,0.9960533976554871,0.07837517559528351,0.8042320013046265,-0.07996886223554611,0.588910698890686],"rotationconfidence":1},"3":{"id":3,"position":[419.9311137199402,-650.9924530982971,3248.709201812744],"positionconfidence":1,"rotation":[0.6064767837524414,-0.119409903883934,-0.7860834002494812,0.02480372227728367,0.9910185933113098,-0.1314040571451187,0.7947141528129578,0.06019571423530579,0.6039915084838867],"rotationconfidence":1},"4":{"id":4,"position":[388.023167848587,-706.2366008758545,3225.998640060425],"positionconfidence":1,"rotation":[0.6330204010009766,-0.04798964411020279,-0.7726463675498962,0.4711847007274628,0.8157904744148254,0.3353669047355652,0.6142233610153198,-0.5763531923294067,0.5390239357948303],"rotationconfidence":1},"6":{"id":6,"position":[304.1016757488251,-413.4055972099304,3373.377561569214],"positionconfidence":1,"rotation":[0.7568722367286682,0.6455605030059814,0.1019610986113548,0.07882452756166458,0.0647025778889656,-0.9947865009307861,-0.648792028427124,0.7609633207321167,-0.001914414344355464],"rotationconfidence":1},"7":{"id":7,"position":[175.2484440803528,-523.3086347579956,3356.019258499146],"positionconfidence":0.5,"rotation":[0.06276483088731766,0.05601971596479416,0.9964549541473389,0.7583729028701782,0.6463719010353088,-0.08410687744617462,-0.648792028427124,0.7609633207321167,-0.001914414344355464],"rotationconfidence":0.5},"8":{"id":8,"position":[164.4728630781174,-532.9262018203735,3184.946060180664],"positio