{"motiondata":[{"position":[298.2763648033142,-661.3078713417053,3027.997016906738],"positionTracked":true,"id":5023,"skeleton":{"1":{"id":1,"position":[350.588470697403,-44.96419429779053,3313.915967941284],"positionconfidence":1,"rotation":[0.9997718334197998,0.02135629579424858,0,-0.02135620079934597,0.9997673630714417,-0.003030696650967002,-0.00006472445238614455,0.00303000514395535,0.9999953508377075],"rotationconfidence":1},"2":{"id":2,"position":[354.240894317627,-215.9484475851059,3314.434289932251],"positionconfidence":1,"rotation":[0.9959778189659119,0.02101121097803116,-0.0871015265583992,-0.02135620079934597,0.9997673630714417,-0.003030696650967002,0.08701758086681366,0.004878663923591375,0.9961947798728943],"rotationconfidence":1},"3":{"id":3,"position":[334.393709897995,-534.0463519096375,3236.731052398682],"positionconfidence":1,"rotation":[0.9950534701347351,-0.03985698148608208,-0.09099477529525757,0.06050015985965729,0.9696575999259949,0.2368627190589905,0.07879313826560974,-0.2411962598562241,0.9672724604606628],"rotationconfidence":1},"4":{"id":4,"position":[326.5956342220306,-575.7602453231812,3174.286127090454],"positionconfidence":1,"rotation":[0.9939586520195007,-0.08837174624204636,-0.06509152054786682,0.1032859832048416,0.5525030493736267,0.8270868062973022,-0.03712783381342888,-0.8288129568099976,0.5582926273345947],"rotationconfidence":1},"6":{"id":6,"position":[187.3946636915207,-322.9412734508514,3291.904926300049],"positionconfidence":1,"rotation":[0.3470281064510346,0.9243525266647339,0.1585683077573776,0.2709316909313202,0.06305910646915436,-0.9605308175086975,-0.897868275642395,0.37629234790802,-0.2285531014204025],"rotationconfidence":1},"7":{"id":7,"position":[119.1164702177048,-504.8087239265442,3260.706424713135],"positionconfidence":1,"rotation":[-0.2420748174190521,0.01166129671037197,0.9701874852180481,0.367739349603653,0.9264275431632996,0.08062059432268143,-0.897868275642395,0.37629234790802,-0.2285531014204025],"rotationconfidence":1},"8":{"id":8,"position":[173.2715964317322,-507.4175000190735,3043.663501739502],"positionconfidence":1,"rotation":[-0.3547535538673401,0.1736423224210739,0.9186937808990479,0,0.9826023578643799,-0.185721680521965,-0.9349598288536072,-0.06588542461395264,-0.3485816717147827],"rotationconfidence":1},"9":{"id":9,"position":[190.4879957437515,-515.844464302063,2999.078750610352],"positionconfidence":0.5,"rotation":[-0.3547535538673401,0.1736423224210739,0.9186937808990479,0,0.9826023578643799,-0.185721680521965,-0.9349598288536072,-0.06588542461395264,-0.3485816717147827],"rotationconfidence":0.5},"12":{"id":12,"position":[510.1390480995178,-330.4190039634705,3263.749837875366],"positionconfidence":1,"rotation":[0.01789155043661594,-0.9151954054832458,-0.4026131629943848,-0.4660019874572754,0.3486338257789612,-0.813201367855072,0.8846026659011841,0.2021679580211639,-0.4202452301979065],"rotationconfidence":1},"13":{"id":13,"position":[513.8828158378601,-521.9216346740723,3179.503917694092],"positionconfidence":1,"rotation":[-0.387738972902298,-0.181838795542717,-0.903655469417572,-0.2591070532798767,0.9623215198516846,-0.08246668428182602,0.8846026659011841,0.2021679580211639,-0.4202452301979065],"rotationconfidence":1},"14":{"id":14,"position":[442.7622556686401,-555.2752017974854,3013.751983642578],"positionconfidence":0.5,"rotation":[-0.341111570596695,0.2983275949954987,-0.891427755355835,0,-0.9483044743537903,-0.3173620998859406,-0.9400228261947632,-0.1082558855414391,0.3234776258468628],"rotationconfidence":0.5},"15":{"id":15,"position":[420.2058911323547,-535.5479717254639,2954.805374145508],"positionconfidence":1,"rotation":[-0.341111570596695,0.2983275949954987,-0.891427755355835,0,-0.9483044743537903,-0.3173620998859406,-0.9400228261947632,-0.1082558855414391,0.3234776258468628],"rotationconfidence":1},"17":{"id":17,"position":[253.1722486019135,-637.5283598899841,3147.203922271729],"positionconfidence":1,"rotation":[0.9562195539474487,-0.2669940888881683,-0.1198258548974991,0.2926298975944519,0.8675183653831482,0.4022184014320374,-0.003438815707340837,-0.4196737706661224,0.9076684713363647],"rotationconfidence":1},"18":{"id":18,"position":[152.7618616819382,-935.2008104324341,3009.190320968628],"positionconfidence":1,"rotation":[0.933100163936615,-0.3596164882183075,0,0.3451759815216065,0.8956313133239746,0.2805316746234894,-0.1008838191628456,-0.2617641389369965,0.959844708442688],"rotationconfidence":1},"19":{"id":19,"position":[71.9873458147049,-1144.787192344666,2943.543195724487],"positionconfidence":1,"rotation":[0.3895625174045563,-0.921000063419342,0,0.8857341408729553,0.3746457993984222,-0.2740722298622131,0.2524205148220062,0.1067682579159737,0.9617090821266174],"rotationconfidence":1},"20":{"id":20,"position":[49.61173981428146,-1154.251575469971,2858.293294906616],"positionconfidence":1,"rotation":[0.3895625174045563,-0.921000063419342,0,0.8857341408729553,0.3746457993984222,-0.2740722298622131,0.2524205148220062,0.1067682579159737,0.9617090821266174],"rotationconfidence":1},"21":{"id":21,"position":[389.4601762294769,-645.8899974822998,3143.854141235352],"positionconfidence":1,"rotation":[0.9747797846794128,0.1993256658315659,0.100366622209549,-0.2231255620718002,0.87929368019104,0.420782208442688,-0.004379034042358398,-0.4325643479824066,0.9015923142433167],"rotationconfidence":1},"22":{"id":22,"position":[465.8121168613434,-946.777880191803,2999.865531921387],"positionconfidence":1,"rotation":[0.9467711448669434,0.3115176558494568,0.08112484216690063,-0.3144085705280304,0.8407902717590332,0.4407027661800385,0.06907771527767181,-0.4427510201931,0.8939797878265381],"rotationconfidence":1},"23":{"id":23,"position":[535.0893139839172,-1132.038712501526,2902.76050567627],"positionconfidence":1,"rotation":[0.0917682871222496,0.9957804083824158,0,-0.9918826818466187,0.09140908718109131,-0.08839236199855804,-0.08801937848329544,0.008111614733934402,0.9960857629776001],"rotationconfidence":1},"24":{"id":24,"position":[543.2515740394592,-1132.790923118591,2810.390949249268],"positionconfidence":1,"rotation":[0.0917682871222496,0.9957804083824158,0,-0.9918826818466187,0.09140908718109131,-0.08839236199855804,-0.08801937848329544,0.008111614733934402,0.9960857629776001],"rotationconfidence":1}},"skeletonTracked":true,"frameCount":1},{"position":[296.5919375419617,-656.5356850624084,3024.46985244751],"positionTracked":true,"id":5023,"skeleton":{"1":{"id":1,"position":[345.9889888763428,-46.16910964250565,3307.221651077271],"positionconfidence":1,"rotation":[0.998874306678772,0.047435712069273,0,-0.04743405431509018,0.9988394379615784,-0.008355486206710339,-0.0003963484487030655,0.008346080780029297,0.9999651312828064],"rotationconfidence":1},"2":{"id":2,"position":[354.1627824306488,-218.2882279157639,3308.661460876465],"positionconfidence":1,"rotation":[0.9960845708847046,0.0466751717031002,-0.075079545378685,-0.04743405431509018,0.9988394379615784,-0.008355486206710339,0.07460241764783859,0.01188409794121981,0.997142493724823],"rotationconfidence":1},"3":{"id":3,"position":[333.5780799388886,-533.925473690033,3235.27193069458],"positionconfidence":1,"rotation":[0.9957495927810669,-0.04644681140780449,-0.079532690346241,0.06339410692453384,0.9720587134361267,0.2260155826807022,0.06681273877620697,-0.2300968319177628,0.9708715081214905],"rotationconfidence":1},"4":{"id":4,"position":[326.1139988899231,-575.5805373191833,3172.947406768799],"positionconfidence":1,"rotation":[0.9940590262413025,-0.0926421582698822,-0.05713195726275444,0.0990799143910408,0.5529388189315796,0.8273099660873413,-0.04505330696702004,-0.8280556201934814,0.5588328242301941],"rotationconfidence":1},"6":{"id":6,"position":[186.7810189723969,-322.729766368866,3288.084745407105],"positionconfidence":1,"rotation":[0.3518374562263489,0.9275007843971252,0.1263046413660049,0.2616534531116486,0.03210508450865746,-0.9646278619766235,-0.898747980594635,0.3724401891231537,-0.2313879728317261],"rotationconfidence":1},"7":{"id":7,"position":[117.7026405930519,-504.8316121101379,3263.286590576172],"positionconfidence":1,"rotation":[-0.2431902140378952,0.01569463685154915,0.9698517322540283,0.3648433089256287,0.9279235601425171,0.07646828889846802,-0.898747980594635,0.3724401891231537,-0.2313879728317261],"rotationconfidence":1},"8":{"id":8,"position":[173.5608130693436,-508.4365010261536,3040.52209854126],"positionconfidence":1,"rotation":[-0.3884530663490295,0.2132105380296707,0.8964627981185913,0,0.9728631973266602,-0.2313812375068665,-0.9214685559272766,-0.08988074958324432,-0.3779116868972778],"rotationconfidence":1},"9":{"id":9,"position":[193.6397105455399,-519.457221031189,2994.184494018555],"positionconfidence":0.5,"rotation":[-0.3884530663490295,0.2132105380296707,0.8964627981185913,0,0.9728631973266602,-0.2313812375068665,-0.9214685559272766,-0.08988074958324432,-0.3779116868972778],"rotationconfidence":0.5},"12":{"id":12,"position":[510.2580189704895,-330.5255472660065,3263.976335525513],"positionconfidence":1,"rotation":[-0.1085131317377091,-0.8253264427185059,-0.5541309714317322,-0.4780395030975342,0.5320635437965393,-0.6988465785980225,0.8716094493865967,0.1890624612569809,-0.4522745311260223],"rotationconfidence":1},"13":{"id":13,"position":[484.3991696834564,-527.2021293640137,3131.9260597229],"positionconfidence":0.5,"rotation":[-0.4104288518428803,-0.2230294793844223,-0.8841978907585144,-0.26803919672966,0.956301748752594,-0.1167979091405869,0.8716094493865967,0.1890624612569809,-0.4522745311260223],"rotationconfidence":0.5},"14":{"id":14,"position":[408.9824557304382,-568.1840181350708,2969.453811645508],"positionconfidence":0.5,"rotation":[0.4879684448242188,0.8514757752418518,-0.192031055688858,0,-0.2200017869472504,-0.9754994511604309,-0.8728613257408142,0.4760129451751709,-0.1073539331555367],"rotationconfidence":0.5},"15":{"id":15,"position":[425.8309602737427,-538.784384727478,2962.823390960693],"positionconfidence":1,"rotation":[0.4879684448242188,0.8514757752418518,-0.192031055688858,0,-0.2200017869472504,-0.9754994511604309,-0.8728613257408142,0.4760129451751709,-0.1073539331555367],"rotationconfidence":1},"17":{"id":17,"position":[252.5633275508881,-637.2669339179993,3145.08867263794],"positionconfidence":1,"rotation":[0.9564226269721985,-0.2707876265048981,-0.1092233583331108,0.2917185127735138,0.8701739311218262,0.3971114456653595,-0.01248955074697733,-0.4116688966751099,0.9112479090690613],"rotationconfidence":1},"18":{"id":18,"position":[152.7009010314941,-935.1488947868347,3009.147644042969],"positionconfidence":1,"rotation":[0.933184027671814,-0.3593986928462982,0,0.345004677772522,0.8958098292350769,0.2801725566387177,-0.1006936505436897,-0.2614525556564331,0.9599496722221375],"rotationconfidence":1},"19":{"id":19,"position":[71.92464172840118,-1144.885659217835,2943.55058670044],"positionconfidence":1,"rotation":[0.4126647114753723,-0.9108830094337463,0,0.8751236200332642,0.3964643478393555,-0.2774428725242615,0.2527180016040802,0.114490881562233,0.9607420563697815],"rotationconfidence":1},"20":{"id":20,"position":[49.43966120481491,-1155.072212219238,2858.070850372315],"positionconfidence":1,"rotation":[0.4126647114753723,-0.9108830094337463,0,0.8751236200332642,0.3964643478393555,-0.2774428725242615,0.2527180016040802,0.114490881562233,0.9607420563697815],"rotationconfidence":1},"21":{"id":21,"position":[388.909786939621,-646.1247801780701,3142.955780029297],"positionconfidence":1,"rotation":[0.9744784832000732,0.1959792822599411,0.1094705387949944,-0.2240400761365891,0.8796277642250061,0.4195961952209473,-0.01406116131693125,-0.4334132969379425,0.901085615158081],"rotationconfidence":1},"22":{"id":22,"position":[465.4867351055145,-946.7817544937134,2999.537706375122],"positionconfidence":1,"rotation":[0.9461647272109985,0.3140388131141663,0.0784345492720604,-0.3156191110610962,0.841330349445343,0.4388026893138886,0.07181170582771301,-0.4399350583553314,0.8951537609100342],"rotationconfidence":1},"23":{"id":23,"position":[535.0013375282288,-1132.083415985107,2902.892112731934],"positionconfidence":1,"rotation":[0.2457388937473297,0.9693359732627869,0,-0.9651375412940979,0.2446745485067368,-0.09297224879264832,-0.09012135863304138,0.02284689992666245,0.9956687688827515],"rotationconfidence":1},"24":{"id":24,"position":[543.2736277580261,-1134.180545806885,2811.499118804932],"positionconfidence":1,"rotation":[0.2457388937473297,0.9693359732627869,0,-0.9651375412940979,0.2446745485067368,-0.09297224879264832,-0.09012135863304138,0.02284689992666245,0.9956687688827515],"rotationconfidence":1}},"skeletonTracked":true,"frameCount":2},{"position":[295.7505285739899,-661.4744067192078,3020.401954650879],"positionTracked":true,"id":5023,"skeleton":{"1":{"id":1,"position":[345.7856178283691,-54.89750578999519,3282.859325408936],"positionconfidence":1,"rotation":[0.9990387558937073,0.0438363291323185,0,-0.04362266883254051,0.9941694140434265,-0.09861132502555847,-0.004322758410125971,0.0985165387392044,0.9951260089874268],"rotationconfidence":1},"2":{"id":2,"position":[353.0911505222321,-221.3920652866364,3299.373865127564],"positionconfidence":1,"rotation":[0.9973767995834351,0.03763021901249886,-0.06183293461799622,-0.04362266883254051,0.9941694140434265,-0.09861132502555847,0.05776165053248406,0.1010499745607376,0.9932031035423279],"rotationconfidence":1},"3":{"id":3,"position":[332.1123123168945,-533.8131189346313,3232.443571090698],"positionconfidence":1,"rotation":[0.9966792464256287,-0.05383888259530067,-0.06109003350138664,0.06551835685968399,0.9757124185562134,0.2090279161930084,0.04835247248411179,-0.2123363018035889,0.9759997129440308],"rotationconfidence":1},"4":{"id":4,"position":[325.2975344657898,-575.4717588424683,3170.628786087036],"positionconfidence":1,"rotation":[0.9944801926612854,-0.09424293786287308,-0.04612374305725098,0.09104231745004654,0.5565403699874878,0.8258172869682312,-0.05215771868824959,-0.8254581093788147,0.5620484352111816],"rotationconfidence":1},"6":{"id":6,"position":[185.480460524559,-321.8666315078735,3282.058477401733],"positionconfidence":1,"rotation":[0.354434996843338,0.9292621612548828,0.1041522994637489,0.2617616057395935,0.008328723721206188,-0.965096652507782,-0.8976952433586121,0.3693270683288574,-0.2402931451797485],"rotationconfidence":1},"7":{"id":7,"position":[116.7891994118691,-501.9622445106506,3261.873245239258],"positionconfidence":1,"rotation":[-0.2475700676441193,0.02835063822567463,0.9684550762176514,0.3644891381263733,0.9288669228553772,0.0659840926527977,-0.8976952433586121,0.3693270683288574,-0.2402931451797485],"rotationconfidence":1},"8":{"id":8,"position":[175.0542968511581,-508.6345076560974,3033.949375152588],"positionconfidence":1,"rotation":[-0.4187432527542114,0.2474973499774933,0.8737271428108215,0,0.9621437191963196,-0.2725427746772766,-0.9081047177314758,-0.1141254454851151,-0.4028911888599396],"rotationconfidence":1},"9":{"id":9,"position":[197.1782296895981,-521.7108130455017,2987.786769866943],"positionconfidence":0.5,"rotation":[-0.4187432527542114,0.2474973499774933,0.8737271428108215,0,0.9621437191963196,-0.2725427746772766,-0.9081047177314758,-0.1141254454851151,-0.4028911888599396],"rotationconfidence":0.5},"12":{"id":12,"position":[510.3668570518494,-330.6328356266022,3264.055967330933],"positionconfidence":1,"rotation":[-0.1722289770841599,-0.7662706971168518,-0.6190043091773987,-0.4564907848834992,0.6189326643943787,-0.6391701102256775,0.8728993535041809,0.1724861562252045,-0.45639368891716],"rotationconfidence":1},"13":{"id":13,"position":[465.3602540493012,-530.8734774589539,3102.298736572266],"positionconfidence":1,"rotation":[-0.283862441778183,-0.5812662243843079,-0.7625954151153564,-0.39682337641716,0.7952220439910889,-0.4584245681762695,0.8728993535041809,0.1724861562252045,-0.45639368891716],"rotationconfidence":1},"14":{"id":14,"position":[414.98664021492,-634.0237259864807,2966.970205307007],"positionconfidence":0.5,"rotation":[0.1788756251335144,0.9785952568054199,0.1017585769295692,0,0.1034266799688339,-0.9946370720863342,-0.9838716983795166,0.1779163330793381,0.01850051246583462],"rotationconfidence":0.5},"15":{"id":15,"position":[431.3111007213593,-544.7156429290771,2976.256847381592],"positionconfidence":1,"rotation":[0.1788756251335144,0.9785952568054199,0.1017585769295692,0,0.1034266799688339,-0.9946370720863342,-0.9838716983795166,0.1779163330793381,0.01850051246583462],"rotationconfidence":1},"17":{"id":17,"position":[251.6981959342957,-637.1781826019287,3142.479181289673],"positionconfidence":1,"rotation":[0.9565266966819763,-0.273805558681488,-0.1004353016614914,0.2909804582595825,0.8727399706840515,0.3919888734817505,-0.01967483758926392,-0.4041725695133209,0.9144711494445801],"rotationconfidence":1},"18":{"id":18,"position":[152.4057388305664,-934.9868297576904,3008.719205856323],"positionconfidence":1,"rotation":[0.9335870146751404,-0.3583508431911469,0,0.3439810574054718,0.8961504101753235,0.2803419530391693,-0.1004607751965523,-0.2617236077785492,0.9599002599716187],"rotationconfidence":1},"19":{"id":19,"position":[71.87977433204651,-1144.775629043579,2943.091154098511],"positionconfidence":1,"rotation":[0.4405550360679627,-0.8977256417274475,0,0.8626553416252136,0.4233444333076477,-0.2767766416072846,0.2484694719314575,0.1219353377819061,0.9609342813491821],"rotationconfidence":1},"20":{"id":20,"position":[49.7245080769062,-1155.648231506348,2857.407569885254],"positionconfidence":1,"rotation":[0.4405550360679627,-0.8977256417274475,0,0.8626553416252136,0.4233444333076477,-0.2767766416072846,0.2484694719314575,0.1219353377819061,0.9609342813491821],"rotationconfidence":1},"21":{"id":21,"position":[387.9866898059845,-646.6408967971802,3141.229152679443],"positionconfidence":1,"rotation":[0.9745110869407654,0.1920868009328842,0.1158916652202606,-0.2232775390148163,0.8806635141372681,0.4178264737129211,-0.02180261164903641,-0.4330525100231171,0.9011049866676331],"rotationconfidence":1},"22":{"id":22,"position":[464.4026458263397,-948.0448961257935,2998.229503631592],"positionconfidence":1,"rotation":[0.9439414739608765,0.3205319344997406,0.07895426452159882,-0.3219155073165894,0.8408167958259583,0.435198038816452,0.07310879975557327,-0.4362180829048157,0.8968660235404968],"rotationconfidence":1},"23":{"id":23,"position":[534.9019169807434,-1132.183194160461,2902.921438217163],"positionconfidence":1,"rotation":[0.3570869266986847,0.9340711236000061,0,-0.9291643500328064,0.3552111089229584,-0.1023648604750633,-0.09561606496572495,0.03655315563082695,0.9947469234466553],"rotationconfidence":1},"24":{"id":24,"position":[543.6084866523743,-1135.511636734009,2812.342166900635],"positionconfidence":1,"rotation":[0.3570869266986847,0.9340711236000061,0,-0.9291643500328064,0.3552111089229584,-0.1023648604750633,-0.09561606496572495,0.03655315563082695,0.9947469234466553],"rotationconfidence":1}},"skeletonTracked":true,"frameCount":3},{"position":[295.8870828151703,-647.4770307540894,3021.864175796509],"positionTracked":true,"id":5023,"skeleton":{"1":{"id":1,"position":[345.5119729042053,-55.84300309419632,3270.411491394043],"positionconfidence":1,"rotation":[0.9993830323219299,0.03512324392795563,0,-0.03485331311821938,0.9917025566101074,-0.1237390786409378,-0.004346117842942476,0.1236627325415611,0.992314875125885],"rotationconfidence":1},"2":{"id":2,"position":[351.3788878917694,-222.7779179811478,3291.240692138672],"positionconfidence":1,"rotation":[0.9985777139663696,0.02955851703882217,-0.04437147825956345,-0.03485331311821938,0.9917025566101074,-0.1237390786409378,0.04034576192498207,0.1251095831394196,0.9913222193717957],"rotationconfidence":1},"3":{"id":3,"position":[330.3321301937103,-533.3282947540283,3228.842496871948],"positionconfidence":1,"rotation":[0.9973528981208801,-0.05907556787133217,-0.04239070042967796,0.06629826873540878,0.9782482981681824,0.1965572386980057,0.02985689975321293,-0.1988473832607269,0.9795754551887512],"rotationconfidence":1},"4":{"id":4,"position":[324.204295873642,-575.1209259033203,3167.606592178345],"positionconfidence":1,"rotation":[0.9948347210884094,-0.09551236778497696,-0.03436658531427383,0.08237340301275253,0.5617973804473877,0.8231635093688965,-0.05931524932384491,-0.8217426538467407,0.5667632818222046],"rotationconfidence":1},"6":{"id":6,"position":[183.9458793401718,-320.531040430069,3275.413036346436],"positionconfidence":1,"rotation":[0.3552879095077515,0.9222210645675659,0.1525739282369614,0.3018509447574616,0.04128801077604294,-0.9524607062339783,-0.8846787810325623,0.3844523727893829,-0.2637041807174683],"rotationconfidence":1},"7":{"id":7,"position":[115.4711917042732,-498.2708394527435,3246.007442474365],"positionconfidence":1,"rotation":[-0.2664200067520142,0.04726524278521538,0.962697446346283,0.3825753629207611,0.9219340682029724,0.06061124801635742,-0.8846787810325623,0.3844523727893829,-0.2637041807174683],"rotationconfidence":1},"8":{"id":8,"position":[175.1993894577026,-508.8671445846558,3030.182123184204],"positionconfidence":1,"rotation":[-0.3994913101196289,0.1818840503692627,0.8985125422477722,0,0.9801204204559326,-0.1984037607908249,-0.9167369604110718,-0.07926058024168015,-0.3915495872497559],"rotationconfidence":1},"9":{"id":9,"position":[195.0144469738007,-517.8887248039246,2985.615253448486],"positionconfidence":1,"rotation":[-0.3994913101196289,0.1818840503692627,0.8985125422477722,0,0.9801204204559326,-0.1984037607908249,-0.9167369604110718,-0.07926058024168015,-0.3915495872497559],"rotationconfidence":1},"12":{"id":12,"position":[510.4945302009583,-330.6683003902435,3263.402223587036],"positionconfidence":1,"rotation":[-0.1088759899139404,-0.8298925161361694,-0.5471968650817871,-0.5310866832733154,0.5138840079307556,-0.6736988425254822,0.8402933478355408,0.2172593325376511,-0.4966945052146912],"rotationconfidence":1},"13":{"id":13,"position":[484.6487045288086,-527.6746153831482,3133.504390716553],"positionconfidence":0.5,"rotation":[-0.325274795293808,-0.5309096574783325,-0.7825158834457397,-0.4337087869644165,0.8191050887107849,-0.3754508793354034,0.8402933478355408,0.2172593325376511,-0.4966945052146912],"rotationconfidence":0.5},"14":{"id":14,"position":[413.321852684021,-644.0934538841248,2961.912870407105],"positionconfidence":0.5,"rotation":[-0.294963538646698,0.590115487575531,-0.7515052556991577,0,-0.7864978313446045,-0.6175932288169861,-0.9555085897445679,-0.1821674853563309,0.2319881767034531],"rotationconfidence":0.5},"15":{"id":15,"position":[389.9946808815002,-597.4242091178894,2902.480125427246],"positionconfidence":0.5,"rotation":[-0.294963538646698,0.590115487575531,-0.7515052556991577,0,-0.7864978313446045,-0.6175932288169861,-0.9555085897445679,-0.1821674853563309,0.2319881767034531],"rotationconfidence":0.5},"17":{"id":17,"position":[250.404417514801,-637.0029449462891,3139.451503753662],"positionconfidence":1,"rotation":[0.9567314982414246,-0.2764214277267456,-0.09086333960294724,0.2896943688392639,0.8756585121154785,0.3863928020000458,-0.02724199555814266,-0.3959967494010925,0.917847752571106],"rotationconfidence":1},"18":{"id":18,"position":[151.9016474485397,-934.747040271759,3008.069038391113],"positionconfidence":1,"rotation":[0.9337063431739807,-0.3580396175384522,0,0.3440201282501221,0.8971459269523621,0.2770907878875732,-0.09920947998762131,-0.2587214410305023,0.9608436822891235],"rotationconfidence":1},"19":{"id":19,"position":[71.23088836669922,-1145.122647285461,2943.092823028565],"positionconfidence":1,"rotation":[0.4835187494754791,-0.8753340840339661,0,0.8398860692977905,0.463937908411026,-0.2816967964172363,0.2465787827968597,0.1362056732177734,0.9595034718513489],"rotationconfidence":1},"20":{"id":20,"position":[49.23752322793007,-1157.271385192871,2857.510805130005],"positionconfidence":1,"rotation":[0.4835187494754791,-0.8753340840339661,0,0.8398860692977905,0.463937908411026,-0.2816967964172363,0.2465787827968597,0.1362056732177734,0.9595034718513489],"rotationconfidence":1},"21":{"id":21,"position":[387.1720135211945,-647.0714807510376,3139.166831970215],"positionconfidence":1,"rotation":[0.9738937616348267,0.1906106919050217,0.1232829317450523,-0.2250345349311829,0.8820542097091675,0.4139321148395538,-0.02984235249459744,-0.4308688044548035,0.9019210934638977],"rotationconfidence":1},"22":{"id":22,"position":[463.9719724655151,-948.0996131896973,2997.899770736694],"positionconfidence":1,"rotation":[0.9438885450363159,0.320294201374054,0.08053533732891083,-0.3224137127399445,0.8407847881317139,0.4348910748958588,0.0715802013874054,-0.4364544153213501,0.8968743681907654],"rotationconfidence":1},"23":{"id":23,"position":[534.4875454902649,-1131.988883018494,2902.784109115601],"positionconfidence":1,"rotation":[0.4113924205303192,0.9114582538604736,0,-0.9059399962425232,0.40890172123909,-0.109872929751873,-0.1001446023583412,0.0452008955180645,0.9939456582069397],"rotationconfidence":1},"24":{"id":24,"position":[543.5537695884705,-1136.080980300903,2812.800884246826],"positionconfidence":1,"rotation":[0.4113924205303192,0.9114582538604736,0,-0.9059399962425232,0.40890172123909,-0.109872929751873,-0.1001446023583412,0.0452008955180645,0.9939456582069397],"rotationconfidence":1}},"skeletonTracked":true,"frameCount":4},{"position":[292.8066849708557,-660.1457595825195,3019.964694976807],"positionTracked":true,"id":5023,"skeleton":{"1":{"id":1,"position":[344.6209132671356,-60.80345809459686,3260.984659194946],"positionconfidence":1,"rotation":[0.9994496703147888,0.03317131102085114,0,-0.03281920775771141,0.9888407588005066,-0.1453163325786591,-0.004820333328098059,0.1452363580465317,0.9893852472305298],"rotationconfidence":1},"2":{"id":2,"position":[350.0460088253021,-224.2612689733505,3285.005807876587],"positionconfidence":1,"rotation":[0.9991101622581482,0.02860565483570099,-0.03099147044122219,-0.03281920775771141,0.9888407588005066,-0.1453163325786591,0.02648876048624516,0.1462041437625885,0.9888997077941895],"rotationconfidence":1},"3":{"id":3,"position":[328.7087082862854,-533.1294536590576,3225.727319717407],"positionconfidence":1,"rotation":[0.9976019263267517,-0.06373891979455948,-0.0269778948277235,0.06768845021724701,0.9798243641853333,0.1880495101213455,0.01444752234965563,-0.1894246339797974,0.9817889332771301],"rotationconfidence":1},"4":{"id":4,"position":[323.1798112392426,-574.9936103820801,3164.965391159058],"positionconfidence":1,"rotation":[0.9951322078704834,-0.09536603093147278,-0.02484392561018467,0.0747203603386879,0.5657737851142883,0.8211680054664612,-0.064255490899086,-0.8190270662307739,0.5701454877853394],"rotationconfidence":1},"6":{"id":6,"position":[182.7033758163452,-319.1099762916565,3269.465923309326],"positionconfidence":1,"rotation":[0.3546412289142609,0.9241509437561035,0.1420368403196335,0.3038321733474731,0.02976207621395588,-0.952260434627533,-0.884259819984436,0.3808662295341492,-0.2702319622039795],"rotationconfidence":1},"7":{"id":7,"position":[114.2891198396683,-497.389018535614,3242.0654296875],"positionconfidence":1,"rotation":[-0.2710761725902557,0.05257447436451912,0.9611210823059082,0.3802658617496491,0.9231342077255249,0.05675426498055458,-0.884259819984436,0.3808662295341492,-0.2702319622039795],"rotationconfidence":1},"8":{"id":8,"position":[174.8390197753906,-509.1325044631958,3027.381181716919],"positionconfidence":1,"rotation":[-0.3781914114952087,0.1062670946121216,0.9196078777313232,0,0.9933894276618958,-0.114793062210083,-0.9257274866104126,-0.04341375082731247,-0.3756913542747498],"rotationconfidence":1},"9":{"id":9,"position":[191.271960735321,-513.7499570846558,2987.422943115234],"positionconfidence":1,"rotation":[-0.3781914114952087,0.1062670946121216,0.9196078777313232,0,0.9933894276618958,-0.114793062210083,-0.9257274866104126,-0.04341375082731247,-0.3756913542747498],"rotationconfidence":1},"12":{"id":12,"position":[510.5574131011963,-330.7226002216339,3262.40086555481],"positionconfidence":1,"rotation":[-0.06152508035302162,-0.8692101240158081,-0.4906000792980194,-0.5470439791679382,0.4404948353767395,-0.711833655834198,0.8348398208618164,0.2245841920375824,-0.5025976300239563],"rotationconfidence":1},"13":{"id":13,"position":[496.8376457691193,-524.5518684387207,3152.999639511108],"positionconfidence":0.5,"rotation":[-0.3495340347290039,-0.4890836477279663,-0.7991390228271484,-0.4252862632274628,0.8428280353546143,-0.3298066854476929,0.8348398208618164,0.2245841920375824,-0.5025976300239563],"rotationconfidence":0.5},"14":{"id":14,"position":[412.2718274593353,-642.8801417350769,2959.656953811646],"positionconfidence":0.5,"rotation":[-0.4359148144721985,0.2484630793333054,-0.8650112152099609,0,-0.9611364603042603,-0.2760737836360931,-0.8999879360198975,-0.1203446537256241,0.4189736247062683],"rotationconfidence":0.5},"15":{"id":15,"position":[365.6028509140015,-616.2797212600708,2867.048978805542],"positionconfidence":0.5,"rotation":[-0.4359148144721985,0.2484630793333054,-0.8650112152099609,0,-0.9611364603042603,-0.2760737836360931,-0.8999879360198975,-0.1203446537256241,0.4189736247062683],"rotationconfidence":0.5},"17":{"id":17,"position":[249.2801696062088,-637.0102763175964,3137.005567550659],"positionconfidence":1,"rotation":[0.9566121697425842,-0.2783936262130737,-0.08596468716859818,0.289677232503891,0.8770355582237244,0.3832696378231049,-0.03130574151873589,-0.3915424644947052,0.91962730884552],"rotationconfidence":1},"18":{"id":18,"position":[151.0462909936905,-934.4261288642883,3007.033109664917],"positionconfidence":1,"rotation":[0.9340164661407471,-0.3572297990322113,0,0.3436898291110992,0.898614764213562,0.2727061808109283,-0.09741877764463425,-0.2547120749950409,0.9620972275733948],"rotationconfidence":1},"19":{"id":19,"position":[70.3212320804596,-1145.490646362305,2942.980527877808],"positionconfidence":1,"rotation":[0.5222461223602295,-0.8527948260307312,0,0.8175744414329529,0.5006774067878723,-0.2844190299510956,0.2425510734319687,0.148536741733551,0.9587000608444214],"rotationconfidence":1},"20":{"id":20,"position":[48.69534447789192,-1158.734202384949,2857.502698898315],"positionconfidence":1,"rotation":[0.5222461223602295,-0.8527948260307312,0,0.8175744414329529,0.5006774067878723,-0.2844190299510956,0.2425510734319687,0.148536741733551,0.9587000608444214],"rotationconfidence":1},"21":{"id":21,"position":[386.261910200119,-647.670328617096,3137.13002204895],"positionconfidence":1,"rotation":[0.9735386371612549,0.1900151968002319,0.1269515752792358,-0.2259559482336044,0.8834249377250671,0.4104925990104675,-0.03415236622095108,-0.4283159077167511,0.9029834866523743],"rotationconfidence":1},"22":{"id":22,"position":[463.2631242275238,-948.7236738204956,2997.242450714111],"positionconfidence":1,"rotation":[0.942965567111969,0.3225858509540558,0.08218491822481155,-0.325249969959259,0.8402131795883179,0.4338828921318054,0.07091163098812103,-0.4358672797679901,0.8972131609916687],"rotationconfidence":1},"23":{"id":23,"position":[534.1930985450745,-1131.955981254578,2902.621984481812],"positionconfidence":1,"rotation":[0.4413490295410156,0.8973355293273926,0,-0.8912791609764099,0.4383702576160431,-0.1159876957535744,-0.1040798798203468,0.0511910542845726,0.9932507276535034],"rotationconfidence":1},"24":{"id":24,"position":[543.5692667961121,-1136.56759262085,2813.143730163574],"positionconfidence":1,"rotation":[0.4413490295410156,0.8973355293273926,0,-0.8912791609764099,0.4383702576160431,-0.1159876957535744,-0.1040798798203468,0.0511910542845726,0.9932507276535034],"rotationconfidence":1}},"skeletonTracked":true,"frameCount":5},{"position":[292.4478650093079,-653.9335250854492,3021.601438522339],"positionTracked":true,"id":5023,"skeleton":{"1":{"id":1,"position":[341.667652130127,-60.90866401791573,3256.243944168091],"positionconfidence":1,"rotation":[0.9990426898002625,0.04374678060412407,0,-0.0432608388364315,0.9879451990127563,-0.1486365646123886,-0.006502371281385422,0.1484942734241486,0.9888919591903687],"rotationconfidence":1},"2":{"id":2,"position":[348.8543033599854,-225.0297963619232,3280.936002731323],"positionconfidence":1,"rotation":[0.9989391565322876,0.04042359814047813,-0.02205813303589821,-0.0432608388364315,0.9879451990127563,-0.1486365646123886,0.01578380167484283,0.1494331210851669,0.9886458516120911],"rotationconfidence":1},"3":{"id":3,"position":[327.3455202579498,-532.9312682151794,3223.273038864136],"positionconfidence":1,"rotation":[0.9976464509963989,-0.06677047908306122,-0.01559810899198055,0.0685010626912117,0.980603039264679,0.183644711971283,0.003033508313819766,-0.1842809617519379,0.9828689098358154],"rotationconfidence":1},"4":{"id":4,"position":[322.3015367984772,-574.8631358146667,3162.834167480469],"positionconfidence":1,"rotation":[0.9953322410583496,-0.09496576339006424,-0.01718012616038322,0.06840860098600388,0.568697452545166,0.8196971416473389,-0.06807287037372589,-0.8170462846755981,0.5725394487380981],"rotationconfidence":1},"6":{"id":6,"position":[181.6205680370331,-318.0965483188629,3264.650106430054],"positionconfidence":1,"rotation":[0.3535568118095398,0.9266313910484314,0.1278748959302902,0.3028558194637299,0.01594554446637631,-0.9529030323028564,-0.8850287795066833,0.3756329417228699,-0.2749980092048645],"rotationconfidence":1},"7":{"id":7,"position":[113.4367138147354,-496.7985153198242,3239.989280700684],"positionconfidence":1,"rotation":[-0.2743053138256073,0.05650407075881958,0.9599811434745789,0.3761390447616577,0.9250443577766418,0.05303038284182549,-0.8850287795066833,0.3756329417228699,-0.2749980092048645],"rotationconfidence":1},"8":{"id":8,"position":[174.7987121343613,-509.4384551048279,3025.241851806641],"positionconfidence":1,"rotation":[-0.3446113467216492,0.03285054489970207,0.9381704926490784,0,0.9993875026702881,-0.03499409183859825,-0.9387454390525818,-0.01205936074256897,-0.3444002866744995],"rotationconfidence":1},"9":{"id":9,"position":[187.3409897089005,-510.6340646743774,2991.09673500061],"positionconfidence":1,"rotation":[-0.3446113467216492,0.03285054489970207,0.9381704926490784,0,0.9993875026702881,-0.03499409183859825,-0.9387454390525818,-0.01205936074256897,-0.3444002866744995],"rotationconfidence":1},"12":{"id":12,"position":[510.5870366096497,-330.6072652339935,3261.289119720459],"positionconfidence":1,"rotation":[-0.02605803124606609,-0.8956688642501831,-0.4439574182033539,-0.5479564070701599,0.3842431008815765,-0.7430350184440613,0.8361009955406189,0.2239072769880295,-0.5008001327514648],"rotationconfidence":1},"13":{"id":13,"position":[504.9942135810852,-522.8442549705505,3166.002750396729],"positionconfidence":0.5,"rotation":[-0.3678538799285889,-0.4484069347381592,-0.8146255612373352,-0.4069628417491913,0.8653305172920227,-0.2925483286380768,0.8361009955406189,0.2239072769880295,-0.5008001327514648],"rotationconfidence":0.5},"14":{"id":14,"position":[411.981463432312,-636.2250447273254,2960.022687911987],"positionconfidence":0.5,"rotation":[-0.4630922377109528,0.09562981128692627,-0.881135880947113,0,-0.9941620826721191,-0.1078965589404106,-0.8863099813461304,-0.04996605962514877,0.4603887498378754],"rotationconfidence":0.5},"15":{"id":15,"position":[355.5009663105011,-624.5616674423218,2852.555990219116],"positionconfidence":0.5,"rotation":[-0.4630922377109528,0.09562981128692627,-0.881135880947113,0,-0.9941620826721191,-0.1078965589404106,-0.8863099813461304,-0.04996605962514877,0.4603887498378754],"rotationconfidence":0.5},"17":{"id":17,"position":[248.267188668251,-637.0145082473755,3135.014295578003],"positionconfidence":1,"rotation":[0.9566358327865601,-0.279522716999054,-0.08194699138402939,0.2892348170280457,0.8781936168670654,0.3809453845024109,-0.034517552703619,-0.3881278336048126,0.9209589958190918],"rotationconfidence":1},"18":{"id":18,"position":[150.4041999578476,-934.1524839401245,3006.120920181274],"positionconfidence":1,"rotation":[0.9339310526847839,-0.3574532568454742,0,0.3443289399147034,0.899640679359436,0.2684849500656128,-0.09597081691026688,-0.2507464289665222,0.963283896446228],"rotationconfidence":1},"19":{"id":19,"position":[69.33684647083282,-1145.960092544556,2942.909955978394],"positionconfidence":1,"rotation":[0.5577809810638428,-0.8299881815910339,0,0.7950552701950073,0.5343048572540283,-0.2870634198188782,0.2382592558860779,0.1601185202598572,0.9579115509986877],"rotationconfidence":1},"20":{"id":20,"position":[48.11283946037293,-1160.223364830017,2857.579708099365],"positionconfidence":1,"rotation":[0.5577809810638428,-0.8299881815910339,0,0.7950552701950073,0.5343048572540283,-0.2870634198188782,0.2382592558860779,0.1601185202598572,0.9579115509986877],"rotationconfidence":1},"21":{"id":21,"position":[385.5128288269043,-648.1261253356934,3135.475397109985],"positionconfidence":1,"rotation":[0.973562479019165,0.1882995665073395,0.1293034106492996,-0.2253118455410004,0.8847149014472961,0.4080614149570465,-0.03755887225270271,-0.4264068603515625,0.9037513732910156],"rotationconfidence":1},"22":{"id":22,"position":[462.2330665588379,-949.3776559829712,2996.527671813965],"positionconfidence":1,"rotation":[0.9414495825767517,0.3265151083469391,0.08402714878320694,-0.3296671211719513,0.8392679691314697,0.4323757886886597,0.0706559345126152,-0.4347609877586365,0.8977697491645813],"rotationconfidence":1},"23":{"id":23,"position":[533.9242815971375,-1131.889462471008,2902.500867843628],"positionconfidence":1,"rotation":[0.4604408144950867,0.8876904845237732,0,-0.8810933232307434,0.4570189118385315,-0.121689148247242,-0.1080222800374031,0.05603064224123955,0.9925681948661804],"rotationconfidence":1},"24":{"id":24,"position":[543.6180830001831,-1136.917591094971,2813.42887878418],"positionconfidence":1,"rotation":[0.4604408144950867,0.8876904845237732,0,-0.8810933232307434,0.4570189118385315,-0.121689148247242,-0.1080222800374031,0.05603064224123955,0.9925681948661804],"rotationconfidence":1}},"skeletonTracked":true,"frameCount":6},{"position":[300.4454970359802,-653.6501049995422,3023.509740829468],"positionTracked":true,"id":5023,"skeleton":{"1":{"id":1,"position":[338.6675417423248,-60.06332114338875,3253.371000289917],"positionconfidence":1,"rotation":[0.9985724687576294,0.05341456457972527,0,-0.05284547805786133,0.9879335165023804,-0.1455840617418289,-0.00777630927041173,0.1453762352466583,0.989345908164978],"rotationconfidence":1},"2":{"id":2,"position":[347.4908173084259,-225.012332201004,3277.67825126648],"positionconfidence":1,"rotation":[0.998428225517273,0.04954599961638451,-0.02619974128901959,-0.05284547805786133,0.9879335165023804,-0.1455840617418289,0.01867049373686314,0.1467397809028626,0.9889990091323853],"rotationconfidence":1},"3":{"id":3,"position":[326.4879286289215,-532.7600836753845,3221.572160720825],"positionconfidence":1,"rotation":[0.9977327585220337,-0.0647408589720726,-0.01838328689336777,0.06698959320783615,0.9815744161605835,0.1789527386426926,0.0064590098336339,-0.1797785013914108,0.9836859107017517],"rotationconfidence":1},"4":{"id":4,"position":[321.6110467910767,-574.7969150543213,3161.285400390625],"positionconfidence":1,"rotation":[0.9953747987747192,-0.09499923139810562,-0.01427939254790545,0.06621058285236359,0.5707095861434937,0.8184782266616821,-0.06960542500019073,-0.8156381249427795,0.5743599534034729],"rotationconfidence":1},"6":{"id":6,"position":[180.8042824268341,-317.4546957015991,3261.35516166687],"positionconfidence":1,"rotation":[0.3525071740150452,0.9283660054206848,0.1177927181124687,0.3033290207386017,0.005725463386625052,-0.9528685808181763,-0.8852853178977966,0.3716230094432831,-0.2795821130275726],"rotationconfidence":1},"7":{"id":7,"position":[112.8176897764206,-496.5047836303711,3238.63697052002],"positionconfidence":1,"rotation":[-0.2773898541927338,0.06056454405188561,0.9588465094566345,0.3732621967792511,0.9264059662818909,0.0494675524532795,-0.8852853178977966,0.3716230094432831,-0.2795821130275726],"rotationconfidence":1},"8":{"id":8,"position":[174.99740421772,-510.0809335708618,3023.701906204