{"motiondata":[{"position":[359.6504032611847,-718.0145978927612,3123.459815979004],"positionTracked":true,"id":5042,"skeleton":{"1":{"id":1,"position":[398.9019989967346,-148.8289386034012,3337.889909744263],"positionconfidence":1,"rotation":[0.9961923360824585,0.08718322217464447,0,-0.08461775630712509,0.9668782353401184,-0.2408035397529602,-0.0209940280765295,0.2398866415023804,0.9705739617347717],"rotationconfidence":1},"2":{"id":2,"position":[412.5977158546448,-305.321991443634,3376.864910125732],"positionconfidence":1,"rotation":[0.9821175932884216,0.04014096409082413,-0.1839389950037003,-0.08461775630712509,0.9668782353401184,-0.2408035397529602,0.168180525302887,0.2520619034767151,0.9529847502708435],"rotationconfidence":1},"3":{"id":3,"position":[399.6053040027618,-614.6317720413208,3300.793647766113],"positionconfidence":1,"rotation":[0.9883726239204407,-0.004134641960263252,-0.1519950926303864,0.04075517132878304,0.9702565670013428,0.2386236935853958,0.1464876085519791,-0.2420437037944794,0.9591434597969055],"rotationconfidence":1},"4":{"id":4,"position":[389.5528912544251,-659.248948097229,3245.689392089844],"positionconfidence":1,"rotation":[0.9834803938865662,0.001966913929209113,-0.1810043305158615,0.1403740793466568,0.623043954372406,0.7694877982139587,0.1142871603369713,-0.782184362411499,0.6124753355979919],"rotationconfidence":1},"6":{"id":6,"position":[257.2899162769318,-381.5394639968872,3366.791248321533],"positionconfidence":1,"rotation":[0.2777541875839233,0.9549863338470459,-0.1041819080710411,0.1990516632795334,-0.1633080691099167,-0.9662861824035645,-0.9398037195205688,0.2476524114608765,-0.2354510873556137],"rotationconfidence":1},"7":{"id":7,"position":[195.9764808416367,-592.3499464988708,3389.78910446167],"positionconfidence":1,"rotation":[-0.02257532812654972,0.6425256729125977,0.7659314870834351,0.3409681618213654,0.7251406311988831,-0.5982571840286255,-0.9398037195205688,0.2476524114608765,-0.2354510873556137],"rotationconfidence":1},"8":{"id":8,"position":[201.3586163520813,-745.5331087112427,3207.185029983521],"positionconfidence":1,"rotation":[-0.04197688773274422,0.6496504545211792,0.7590732574462891,0,0.7597428560256958,-0.6502235531806946,-0.9991185069084167,-0.02729436196386814,-0.03189164027571678],"rotationconfidence":1},"9":{"id":9,"position":[204.5774757862091,-795.3494191169739,3148.977994918823],"positionconfidence":0.5,"rotation":[-0.04197688773274422,0.6496504545211792,0.7590732574462891,0,0.7597428560256958,-0.6502235531806946,-0.9991185069084167,-0.02729436196386814,-0.03189164027571678],"rotationconfidence":0.5},"12":{"id":12,"position":[547.3817586898804,-394.8696553707123,3319.122314453125],"positionconfidence":1,"rotation":[0.3360259234905243,-0.9310702681541443,0.1421084702014923,-0.3423953056335449,-0.2613169550895691,-0.9024848341941833,0.8774120807647705,0.254601001739502,-0.4066033363342285],"rotationconfidence":1},"13":{"id":13,"position":[618.787944316864,-592.7239656448364,3349.320650100708],"positionconfidence":1,"rotation":[-0.1516832113265991,-0.6568446159362793,-0.7386117577552795,-0.4551264941692352,0.7097417712211609,-0.5377047061920166,0.8774120807647705,0.254601001739502,-0.4066033363342285],"rotationconfidence":1},"14":{"id":14,"position":[589.2024040222168,-720.840334892273,3205.255746841431],"positionconfidence":1,"rotation":[-0.01867309957742691,-0.1656055450439453,-0.9860152006149292,0,-0.9861872792243958,0.1656344383955002,-0.999825656414032,0.003092908300459385,0.01841517351567745],"rotationconfidence":1},"15":{"id":15,"position":[588.0596041679382,-730.9754490852356,3144.911289215088],"positionconfidence":0.5,"rotation":[-0.01867309957742691,-0.1656055450439453,-0.9860152006149292,0,-0.9861872792243958,0.1656344383955002,-0.999825656414032,0.003092908300459385,0.01841517351567745],"rotationconfidence":0.5},"17":{"id":17,"position":[320.7274079322815,-721.7269539833069,3230.951070785523],"positionconfidence":1,"rotation":[0.8521493673324585,-0.3590697050094605,-0.3806709945201874,0.5019716620445251,0.7664438486099243,0.4007346630096436,0.1478712558746338,-0.5325718522071838,0.8333674669265747],"rotationconfidence":1},"18":{"id":18,"position":[160.9649360179901,-965.662956237793,3103.409290313721],"positionconfidence":1,"rotation":[0.9197306632995605,-0.3925499618053436,0,0.3880101442337036,0.909093976020813,0.1516454815864563,-0.05952842906117439,-0.1394730061292648,0.9884349703788757],"rotationconfidence":1},"19":{"id":19,"position":[60.78828498721123,-1200.373291969299,3064.257383346558],"positionconfidence":1,"rotation":[0.0699877142906189,-0.9975477457046509,0,0.9191514253616333,0.06448744982481003,-0.3885895013809204,0.387636661529541,0.02719649486243725,0.9214109778404236],"rotationconfidence":1},"20":{"id":20,"position":[24.44088086485863,-1202.92341709137,2977.859735488892],"positionconfidence":1,"rotation":[0.0699877142906189,-0.9975477457046509,0,0.9191514253616333,0.06448744982481003,-0.3885895013809204,0.387636661529541,0.02719649486243725,0.9214109778404236],"rotationconfidence":1},"21":{"id":21,"position":[449.2184519767761,-719.8821306228638,3209.330797195435],"positionconfidence":1,"rotation":[0.9117553234100342,0.4107318818569183,0.001247134292498231,-0.3783149719238281,0.8386051654815674,0.391942709684372,0.1599375307559967,-0.3578276932239533,0.9199888110160828],"rotationconfidence":1},"22":{"id":22,"position":[562.3645186424255,-970.6913232803345,3092.108964920044],"positionconfidence":1,"rotation":[-0.5924270749092102,0.006730394437909126,-0.8055959343910217,-0.4329499900341034,0.8406322002410889,0.3254101276397705,0.6794000267982483,0.5415645241737366,-0.4950993657112122],"rotationconfidence":1},"23":{"id":23,"position":[671.2547540664673,-1182.116746902466,3010.265827178955],"positionconfidence":1,"rotation":[0.9877082109451294,-0.1563087701797485,0,-0.0165833979845047,-0.1047897636890411,-0.994356095790863,0.1554265916347504,0.9821337461471558,-0.1060938462615013],"rotationconfidence":1},"24":{"id":24,"position":[661.128044128418,-1246.10698223114,3017.178297042847],"positionconfidence":1,"rotation":[0.9877082109451294,-0.1563087701797485,0,-0.0165833979845047,-0.1047897636890411,-0.994356095790863,0.1554265916347504,0.9821337461471558,-0.1060938462615013],"rotationconfidence":1}},"skeletonTracked":true,"frameCount":1},{"position":[361.0469400882721,-711.1859917640686,3125.452280044556],"positionTracked":true,"id":5042,"skeleton":{"1":{"id":1,"position":[399.9873399734497,-150.4335999488831,3338.602542877197],"positionconfidence":1,"rotation":[0.9966939091682434,0.08124811202287674,0,-0.07881654798984528,0.9668652415275574,-0.2428159117698669,-0.01972833462059498,0.2420131415128708,0.9700723886489868],"rotationconfidence":1},"2":{"id":2,"position":[412.7390682697296,-306.8627119064331,3377.887725830078],"positionconfidence":1,"rotation":[0.9841498732566833,0.03665061295032501,-0.173510417342186,-0.07881654798984528,0.9668652415275574,-0.2428159117698669,0.1588618457317352,0.2526427209377289,0.9544289708137512],"rotationconfidence":1},"3":{"id":3,"position":[398.9815711975098,-615.9124970436096,3300.306797027588],"positionconfidence":1,"rotation":[0.9895011186599731,-0.007821069099009037,-0.1443132907152176,0.04313567280769348,0.9690040946006775,0.2432495951652527,0.1379376947879791,-0.2469207942485809,0.959168016910553],"rotationconfidence":1},"4":{"id":4,"position":[389.2336189746857,-660.1575016975403,3244.918346405029],"positionconfidence":1,"rotation":[0.9848536849021912,0.00007605865539517254,-0.1733876168727875,0.1362248063087463,0.6183111071586609,0.7740375399589539,0.1072663739323616,-0.7859334349632263,0.6089356541633606],"rotationconfidence":1},"6":{"id":6,"position":[256.8572759628296,-384.779304265976,3365.017175674439],"positionconfidence":1,"rotation":[0.2814024388790131,0.9543080925941467,-0.1005424857139587,0.1790505796670914,-0.1551544815301895,-0.9715287089347839,-0.9427372813224792,0.2553883492946625,-0.2145302593708038],"rotationconfidence":1},"7":{"id":7,"position":[195.0757056474686,-594.2965149879456,3387.091159820557],"positionconfidence":1,"rotation":[-0.02017398551106453,0.5983601808547974,0.8009732365608215,0.3329255878925324,0.75943523645401,-0.5589442253112793,-0.9427372813224792,0.2553883492946625,-0.2145302593708038],"rotationconfidence":1},"8":{"id":8,"position":[199.4177848100662,-723.0825424194336,3214.696407318115],"positionconfidence":1,"rotation":[-0.03643134608864784,0.5787225961685181,0.8147101998329163,0,0.8152514696121216,-0.5791070461273193,-0.9993360042572021,-0.02109764888882637,-0.02970070764422417],"rotationconfidence":1},"9":{"id":9,"position":[201.7139941453934,-759.5584988594055,3163.346529006958],"positionconfidence":1,"rotation":[-0.03643134608864784,0.5787225961685181,0.8147101998329163,0,0.8152514696121216,-0.5791070461273193,-0.9993360042572021,-0.02109764888882637,-0.02970070764422417],"rotationconfidence":1},"12":{"id":12,"position":[548.0429530143738,-397.4036574363709,3319.891929626465],"positionconfidence":1,"rotation":[0.3375447392463684,-0.9325990080833435,0.127760037779808,-0.360655814409256,-0.2534995377063751,-0.8975886106491089,0.869477391242981,0.2568989396095276,-0.4219146966934204],"rotationconfidence":1},"13":{"id":13,"position":[621.006965637207,-598.9952087402344,3347.508668899536],"positionconfidence":1,"rotation":[-0.1757375001907349,-0.6373736262321472,-0.7502473592758179,-0.4616550505161285,0.7264693379402161,-0.5090351700782776,0.869477391242981,0.2568989396095276,-0.4219146966934204],"rotationconfidence":1},"14":{"id":14,"position":[587.1677994728088,-721.724808216095,3203.044652938843],"positionconfidence":1,"rotation":[0.03341686353087425,-0.1494774520397186,-0.9882003664970398,0,-0.9887524843215942,0.1495609730482101,-0.9994415640830994,-0.00499785877764225,-0.03304100781679153],"rotationconfidence":1},"15":{"id":15,"position":[589.1774892807007,-730.7143807411194,3143.614292144775],"positionconfidence":0.5,"rotation":[0.03341686353087425,-0.1494774520397186,-0.9882003664970398,0,-0.9887524843215942,0.1495609730482101,-0.9994415640830994,-0.00499785877764225,-0.03304100781679153],"rotationconfidence":0.5},"17":{"id":17,"position":[320.2125728130341,-722.6598262786865,3229.151487350464],"positionconfidence":1,"rotation":[0.8525727391242981,-0.3650605082511902,-0.3739659786224365,0.5032876133918762,0.7663068175315857,0.3993436992168427,0.1407880783081055,-0.5286820530891418,0.8370627760887146],"rotationconfidence":1},"18":{"id":18,"position":[160.2738052606583,-966.1829471588135,3102.244853973389],"positionconfidence":1,"rotation":[0.9203298687934875,-0.3911430537700653,0,0.3868169486522675,0.9101508855819702,0.1483176350593567,-0.05801341310143471,-0.1365011483430862,0.9889398217201233],"rotationconfidence":1},"19":{"id":19,"position":[60.77227741479874,-1200.302481651306,3064.092874526978],"positionconfidence":1,"rotation":[0.138806939125061,-0.9903194308280945,0,0.9143996834754944,0.1281657367944717,-0.3839879930019379,0.380270779132843,0.05330019816756249,0.9233381152153015],"rotationconfidence":1},"20":{"id":20,"position":[25.94771422445774,-1205.183625221252,2979.535102844238],"positionconfidence":1,"rotation":[0.138806939125061,-0.9903194308280945,0,0.9143996834754944,0.1281657367944717,-0.3839879930019379,0.380270779132843,0.05330019816756249,0.9233381152153015],"rotationconfidence":1},"21":{"id":21,"position":[448.9072561264038,-721.1053371429443,3208.487749099731],"positionconfidence":1,"rotation":[0.9120287299156189,0.4099936187267304,0.01042866334319115,-0.3808954656124115,0.8373244404792786,0.3921816349029541,0.15205979347229,-0.3616531491279602,0.9198286533355713],"rotationconfidence":1},"22":{"id":22,"position":[562.3708367347717,-970.5328941345215,3091.662168502808],"positionconfidence":1,"rotation":[-0.5942829251289368,0.004809634760022163,-0.8042417168617249,-0.4328091442584992,0.840922474861145,0.3248471617698669,0.6778673529624939,0.5411342978477478,-0.497664213180542],"rotationconfidence":1},"23":{"id":23,"position":[671.2294220924377,-1182.03866481781,3009.957790374756],"positionconfidence":1,"rotation":[0.9876353740692139,-0.156768798828125,0,-0.0171312727034092,-0.1079261377453804,-0.9940112829208374,0.1558299511671066,0.9817206263542175,-0.1092773079872131],"rotationconfidence":1},"24":{"id":24,"position":[661.0682606697083,-1246.053457260132,3017.083406448364],"positionconfidence":1,"rotation":[0.9876353740692139,-0.156768798828125,0,-0.0171312727034092,-0.1079261377453804,-0.9940112829208374,0.1558299511671066,0.9817206263542175,-0.1092773079872131],"rotationconfidence":1}},"skeletonTracked":true,"frameCount":2},{"position":[361.2320125102997,-716.4214253425598,3122.632026672363],"positionTracked":true,"id":5042,"skeleton":{"1":{"id":1,"position":[400.5644023418427,-151.3948440551758,3339.225053787231],"positionconfidence":1,"rotation":[0.9969172477722168,0.07845951616764069,0,-0.07609756290912628,0.966905951499939,-0.2435201406478882,-0.01910647191107273,0.2427694350481033,0.9698957800865173],"rotationconfidence":1},"2":{"id":2,"position":[412.8909111022949,-308.0171346664429,3378.671169281006],"positionconfidence":1,"rotation":[0.9853739142417908,0.03557930141687393,-0.1666503399610519,-0.07609756290912628,0.966905951499939,-0.2435201406478882,0.1524709314107895,0.2526400685310364,0.955471396446228],"rotationconfidence":1},"3":{"id":3,"position":[398.5334932804108,-616.924524307251,3299.935102462769],"positionconfidence":1,"rotation":[0.9901062250137329,-0.01035013794898987,-0.1399375796318054,0.04499248787760735,0.9680370688438416,0.2467387765645981,0.132910966873169,-0.2505936920642853,0.9589251279830933],"rotationconfidence":1},"4":{"id":4,"position":[388.9912664890289,-660.8901619911194,3244.307994842529],"positionconfidence":1,"rotation":[0.985726535320282,-0.0009351291228085756,-0.1683516055345535,0.1333774328231812,0.6145340800285339,0.7775334715843201,0.1027307063341141,-0.7888897061347961,0.6058872938156128],"rotationconfidence":1},"6":{"id":6,"position":[256.5023601055145,-387.2559666633606,3363.84391784668],"positionconfidence":1,"rotation":[0.2840209007263184,0.9535231590270996,-0.1006258502602577,0.1684171557426453,-0.1529291272163391,-0.9737803936004639,-0.9439108967781067,0.2596268951892853,-0.2040247619152069],"rotationconfidence":1},"7":{"id":7,"position":[194.5071220397949,-595.3881740570068,3385.808229446411],"positionconfidence":1,"rotation":[-0.01715060882270336,0.5784994959831238,0.815502405166626,0.3297545909881592,0.773260772228241,-0.5415992140769958,-0.9439108967781067,0.2596268951892853,-0.2040247619152069],"rotationconfidence":1},"8":{"id":8,"position":[198.1554478406906,-718.4482216835022,3212.332248687744],"positionconfidence":1,"rotation":[-0.04040402919054031,0.568338930606842,0.8218019604682922,0,0.8224735856056213,-0.5688033699989319,-0.9991834759712219,-0.02298194728791714,-0.03323124721646309],"rotationconfidence":1},"9":{"id":9,"position":[200.6229758262634,-753.1574368476868,3162.143707275391],"positionconfidence":0.5,"rotation":[-0.04040402919054031,0.568338930606842,0.8218019604682922,0,0.8224735856056213,-0.5688033699989319,-0.9991834759712219,-0.02298194728791714,-0.03323124721646309],"rotationconfidence":0.5},"12":{"id":12,"position":[548.3230352401733,-398.8970816135407,3320.354223251343],"positionconfidence":1,"rotation":[0.3380571603775024,-0.9325318932533264,0.1268922686576843,-0.3995620310306549,-0.2642896771430969,-0.8777819275856018,0.8520959615707397,0.2460391223430634,-0.461949348449707],"rotationconfidence":1},"13":{"id":13,"position":[621.2807893753052,-600.1513004302979,3347.739458084106],"positionconfidence":1,"rotation":[-0.2260119765996933,-0.6231088638305664,-0.7487683296203613,-0.4720710217952728,0.7424285411834717,-0.4753407537937164,0.8520959615707397,0.2460391223430634,-0.461949348449707],"rotationconfidence":1},"14":{"id":14,"position":[572.4183320999146,-734.8637580871582,3185.86015701294],"positionconfidence":1,"rotation":[0.1971235871315002,-0.0725323036313057,-0.9776918292045593,0,-0.9972594380378723,0.07398396730422974,-0.9803786277770996,-0.01458398532122374,-0.1965833604335785],"rotationconfidence":1},"15":{"id":15,"position":[583.1122398376465,-738.7986183166504,3132.82060623169],"positionconfidence":0.5,"rotation":[0.1971235871315002,-0.0725323036313057,-0.9776918292045593,0,-0.9972594380378723,0.07398396730422974,-0.9803786277770996,-0.01458398532122374,-0.1965833604335785],"rotationconfidence":0.5},"17":{"id":17,"position":[319.8729157447815,-723.3594655990601,3227.975845336914],"positionconfidence":1,"rotation":[0.8526754379272461,-0.3683876693248749,-0.370452880859375,0.504280686378479,0.7656764388084412,0.3993003666400909,0.1365496665239334,-0.5272857546806335,0.8386440873146057],"rotationconfidence":1},"18":{"id":18,"position":[159.5867276191711,-966.7305946350098,3101.057767868042],"positionconfidence":1,"rotation":[0.9208958745002747,-0.3898085653781891,0,0.3856832385063171,0.9111500382423401,0.1451003402471542,-0.05656135454773903,-0.1336223036050797,0.9894169569015503],"rotationconfidence":1},"19":{"id":19,"position":[60.7658252120018,-1200.188159942627,3063.879728317261],"positionconfidence":1,"rotation":[0.2060157805681229,-0.9785485863685608,0,0.9040899276733398,0.1903398483991623,-0.382612019777298,0.3744045197963715,0.07882413268089294,0.923909068107605],"rotationconfidence":1},"20":{"id":20,"position":[27.32264995574951,-1207.229018211365,2981.352806091309],"positionconfidence":1,"rotation":[0.2060157805681229,-0.9785485863685608,0,0.9040899276733398,0.1903398483991623,-0.382612019777298,0.3744045197963715,0.07882413268089294,0.923909068107605],"rotationconfidence":1},"21":{"id":21,"position":[448.6827552318573,-722.0715284347534,3207.812547683716],"positionconfidence":1,"rotation":[0.9119386076927185,0.410015881061554,0.01596799120306969,-0.3828643262386322,0.8362623453140259,0.3925305008888245,0.147590309381485,-0.3640772998332977,0.9196003675460815],"rotationconfidence":1},"22":{"id":22,"position":[562.3663663864136,-970.3822731971741,3091.258764266968],"positionconfidence":1,"rotation":[-0.5959547758102417,0.003089893143624067,-0.8030120730400085,-0.4327025711536408,0.8411626815795898,0.324366569519043,0.6764660477638245,0.5407732129096985,-0.4999579191207886],"rotationconfidence":1},"23":{"id":23,"position":[671.2045073509216,-1181.960821151733,3009.670495986939],"positionconfidence":1,"rotation":[0.9875694513320923,-0.1571833044290543,0,-0.01762678101658821,-0.1107475832104683,-0.9936922788619995,0.1561918258666992,0.9813401103019714,-0.112141564488411],"rotationconfidence":1},"24":{"id":24,"position":[661.0122323036194,-1245.998024940491,3016.988277435303],"positionconfidence":1,"rotation":[0.9875694513320923,-0.1571833044290543,0,-0.01762678101658821,-0.1107475832104683,-0.9936922788619995,0.1561918258666992,0.9813401103019714,-0.112141564488411],"rotationconfidence":1}},"skeletonTracked":true,"frameCount":3},{"position":[346.5423285961151,-731.9382429122925,3143.266916275024],"positionTracked":true,"id":5042,"skeleton":{"1":{"id":1,"position":[400.4394710063934,-152.1986275911331,3340.463161468506],"positionconfidence":1,"rotation":[0.9967483282089233,0.0805777981877327,0,-0.07824541628360748,0.9678966999053955,-0.2388589084148407,-0.01924672536551952,0.2380822151899338,0.9710542559623718],"rotationconfidence":1},"2":{"id":2,"position":[413.1117761135101,-308.955192565918,3379.14776802063],"positionconfidence":1,"rotation":[0.9860823154449463,0.03988434746861458,-0.1614027768373489,-0.07824541628360748,0.9678966999053955,-0.2388589084148407,0.1466944962739945,0.2481635808944702,0.9575466513633728],"rotationconfidence":1},"3":{"id":3,"position":[398.253470659256,-617.6896095275879,3299.562454223633],"positionconfidence":1,"rotation":[0.9906401634216309,-0.01264053210616112,-0.1359128504991531,0.04655248671770096,0.9672943353652954,0.249348372220993,0.1283158212900162,-0.2533415853977203,0.9588289856910706],"rotationconfidence":1},"4":{"id":4,"position":[388.8735175132752,-661.4505648612976,3243.706226348877],"positionconfidence":1,"rotation":[0.9864593744277954,-0.002123977756127715,-0.1639923751354218,0.1310514360666275,0.6114034652709961,0.7803918123245239,0.09860796481370926,-0.7913162112236023,0.6034029722213745],"rotationconfidence":1},"6":{"id":6,"position":[256.1005353927612,-389.0261650085449,3362.66303062439],"positionconfidence":1,"rotation":[0.285323292016983,0.9529561996459961,-0.1022992953658104,0.1680912524461746,-0.154836431145668,-0.973535418510437,-0.9435762166976929,0.2605766654014587,-0.2043620347976685],"rotationconfidence":1},"7":{"id":7,"position":[194.070428609848,-596.2015986442566,3384.903192520142],"positionconfidence":1,"rotation":[-0.0209137387573719,0.5689959526062012,0.8220743536949158,0.3304945528507233,0.7799637913703918,-0.5314413905143738,-0.9435762166976929,0.2605766654014587,-0.2043620347976685],"rotationconfidence":1},"8":{"id":8,"position":[198.4608322381973,-715.6504392623901,3212.325811386108],"positionconfidence":0.5,"rotation":[-0.06652932614088058,0.55708909034729,0.8277835845947266,0,0.8296216130256653,-0.5583260655403137,-0.9977844953536987,-0.03714505583047867,-0.05519416555762291],"rotationconfidence":0.5},"9":{"id":9,"position":[202.4633884429932,-749.1661906242371,3162.524461746216],"positionconfidence":1,"rotation":[-0.06652932614088058,0.55708909034729,0.8277835845947266,0,0.8296216130256653,-0.5583260655403137,-0.9977844953536987,-0.03714505583047867,-0.05519416555762291],"rotationconfidence":1},"12":{"id":12,"position":[548.4992265701294,-399.8490869998932,3320.672988891602],"positionconfidence":1,"rotation":[0.337361067533493,-0.9329600930213928,0.1255902796983719,-0.4123416543006897,-0.2663823664188385,-0.8712146282196045,0.846263587474823,0.2421278059482575,-0.4745653569698334],"rotationconfidence":1},"13":{"id":13,"position":[621.4640140533447,-601.6306281089783,3347.835779190064],"positionconfidence":1,"rotation":[-0.2321023344993591,-0.6342289447784424,-0.7374836802482605,-0.4795483946800232,0.7342532873153687,-0.4805264472961426,0.846263587474823,0.2421278059482575,-0.4745653569698334],"rotationconfidence":1},"14":{"id":14,"position":[567.7518248558044,-748.4013438224792,3177.170276641846],"positionconfidence":1,"rotation":[0.2401156574487686,0.003341370029374957,-0.9707385897636414,0,-0.9999940991401672,-0.00344207021407783,-0.9707443714141846,0.0008264949428848922,-0.2401142418384552],"rotationconfidence":1},"15":{"id":15,"position":[580.426037311554,-748.2249736785889,3125.931024551392],"positionconfidence":0.5,"rotation":[0.2401156574487686,0.003341370029374957,-0.9707385897636414,0,-0.9999940991401672,-0.00344207021407783,-0.9707443714141846,0.0008264949428848922,-0.2401142418384552],"rotationconfidence":0.5},"17":{"id":17,"position":[319.6473717689514,-723.9410281181335,3226.75633430481],"positionconfidence":1,"rotation":[0.8525723218917847,-0.3719310760498047,-0.3671344816684723,0.5056769251823425,0.7644731998443604,0.3998393416404724,0.1319517940282822,-0.5265434384346008,0.8398457169532776],"rotationconfidence":1},"18":{"id":18,"position":[158.5207283496857,-967.5293564796448,3099.353313446045],"positionconfidence":1,"rotation":[0.9216923117637634,-0.3879218697547913,0,0.3840606808662415,0.9125182032585144,0.1407406777143478,-0.05459638684988022,-0.1297196000814438,0.9900465607643127],"rotationconfidence":1},"19":{"id":19,"position":[60.67169085144997,-1200.016140937805,3063.496112823486],"positionconfidence":1,"rotation":[0.2650095522403717,-0.9642457962036133,0,0.890201210975647,0.244659423828125,-0.3842961192131043,0.3705559074878693,0.1018421426415443,0.9232098460197449],"rotationconfidence":1},"20":{"id":20,"position":[28.24044041335583,-1208.929419517517,2982.696294784546],"positionconfidence":1,"rotation":[0.2650095522403717,-0.9642457962036133,0,0.890201210975647,0.244659423828125,-0.3842961192131043,0.3705559074878693,0.1018421426415443,0.9232098460197449],"rotationconfidence":1},"21":{"id":21,"position":[448.6314058303833,-722.7528095245361,3207.236051559448],"positionconfidence":1,"rotation":[0.9123408794403076,0.408807098865509,0.02260235324501991,-0.3838641345500946,0.8348623514175415,0.3945289552211762,0.1424164026975632,-0.3686211705207825,0.9186055064201355],"rotationconfidence":1},"22":{"id":22,"position":[562.5147223472595,-970.4365134239197,3090.18874168396],"positionconfidence":1,"rotation":[-0.594935953617096,0.001948163262568414,-0.8037707209587097,-0.4327904880046845,0.8418794274330139,0.3223839104175568,0.6773061156272888,0.5396621227264404,-0.50002121925354],"rotationconfidence":1},"23":{"id":23,"position":[671.2014079093933,-1181.857705116272,3009.228467941284],"positionconfidence":1,"rotation":[0.9873955249786377,-0.1582725048065186,0,-0.01804446615278721,-0.1125718206167221,-0.9934797286987305,0.1572405099868774,0.9809573292732239,-0.1140088438987732],"rotationconfidence":1},"24":{"id":24,"position":[660.9348058700562,-1245.906710624695,3016.672372817993],"positionconfidence":1,"rotation":[0.9873955249786377,-0.1582725048065186,0,-0.01804446615278721,-0.1125718206167221,-0.9934797286987305,0.1572405099868774,0.9809573292732239,-0.1140088438987732],"rotationconfidence":1}},"skeletonTracked":true,"frameCount":4},{"position":[358.5759997367859,-718.7727689743042,3117.819309234619],"positionTracked":true,"id":5042,"skeleton":{"1":{"id":1,"position":[400.7254242897034,-152.8678238391876,3340.869426727295],"positionconfidence":1,"rotation":[0.9967926740646362,0.08002698421478271,0,-0.07772035896778107,0.9680620431900024,-0.2383598983287811,-0.01907522417604923,0.2375953942537308,0.9711768627166748],"rotationconfidence":1},"2":{"id":2,"position":[413.3144021034241,-309.6724450588226,3379.478454589844],"positionconfidence":1,"rotation":[0.986738383769989,0.04051830247044563,-0.1571801006793976,-0.07772035896778107,0.9680620431900024,-0.2383598983287811,0.1425021439790726,0.2474149465560913,0.9583730697631836],"rotationconfidence":1},"3":{"id":3,"position":[398.0377614498138,-618.3064579963684,3299.201726913452],"positionconfidence":1,"rotation":[0.9910159111022949,-0.01446980517357588,-0.1329590827226639,0.04784880951046944,0.9666896462440491,0.2514391541481018,0.1248918920755386,-0.255542129278183,0.9586971402168274],"rotationconfidence":1},"4":{"id":4,"position":[388.7861967086792,-661.9108319282532,3243.109941482544],"positionconfidence":1,"rotation":[0.9872103333473206,-0.004457504488527775,-0.1593615561723709,0.1291279494762421,0.6086044311523438,0.7828963994979858,0.09349837154150009,-0.7934613227844238,0.6013960838317871],"rotationconfidence":1},"6":{"id":6,"position":[255.7481825351715,-390.2677297592163,3361.792325973511],"positionconfidence":1,"rotation":[0.2859312891960144,0.952638566493988,-0.1035525873303413,0.1575843691825867,-0.1533390730619431,-0.9755277037620544,-0.9452039003372192,0.2626155912876129,-0.1939653754234314],"rotationconfidence":1},"7":{"id":7,"position":[193.7556266784668,-596.8086123466492,3384.243488311768],"positionconfidence":1,"rotation":[-0.01563085988163948,0.5570276975631714,0.8303467631340027,0.3261061012744904,0.7878788709640503,-0.5223998427391052,-0.9452039003372192,0.2626155912876129,-0.1939653754234314],"rotationconfidence":1},"8":{"id":8,"position":[196.9659179449081,-711.2118601799011,3213.705539703369],"positionconfidence":1,"rotation":[-0.07393761724233627,0.5546795129776001,0.8287726044654846,0,0.8310472965240479,-0.5562019348144531,-0.9972630739212036,-0.04112424701452255,-0.06144565716385841],"rotationconfidence":1},"9":{"id":9,"position":[201.4330923557282,-744.7245717048645,3163.63263130188],"positionconfidence":0.5,"rotation":[-0.07393761724233627,0.5546795129776001,0.8287726044654846,0,0.8310472965240479,-0.5562019348144531,-0.9972630739212036,-0.04112424701452255,-0.06144565716385841],"rotationconfidence":0.5},"12":{"id":12,"position":[548.6646890640259,-400.5500972270966,3320.892572402954],"positionconfidence":1,"rotation":[0.3303860127925873,-0.9367056488990784,0.1158779934048653,-0.4231900572776794,-0.2567535638809204,-0.8689003586769104,0.8436558842658997,0.2380340844392777,-0.4812322556972504],"rotationconfidence":1},"13":{"id":13,"position":[620.8220720291138,-605.1296591758728,3346.200704574585],"positionconfidence":1,"rotation":[-0.2434931248426437,-0.6292166709899902,-0.7381039261817932,-0.4784932434558868,0.7398824691772461,-0.4728826880455017,0.8436558842658997,0.2380340844392777,-0.4812322556972504],"rotationconfidence":1},"14":{"id":14,"position":[564.765989780426,-749.9855756759644,3176.277160644531],"positionconfidence":0.5,"rotation":[0.2560732662677765,0.005109848454594612,-0.9666438698768616,0,-0.9999859929084778,-0.005286100786179304,-0.9666573405265808,0.00135362904984504,-0.25606968998909],"rotationconfidence":0.5},"15":{"id":15,"position":[578.3777832984924,-749.7139573097229,3124.894380569458],"positionconfidence":0.5,"rotation":[0.2560732662677765,0.005109848454594612,-0.9666438698768616,0,-0.9999859929084778,-0.005286100786179304,-0.9666573405265808,0.00135362904984504,-0.25606968998909],"rotationconfidence":0.5},"17":{"id":17,"position":[319.3989396095276,-724.4153022766113,3225.366115570068],"positionconfidence":1,"rotation":[0.852820098400116,-0.3766526877880096,-0.3617052733898163,0.5067875981330872,0.7640203833580017,0.399298369884491,0.125953420996666,-0.5238373875617981,0.8424548506736755],"rotationconfidence":1},"18":{"id":18,"position":[157.7262729406357,-968.1490063667297,3097.984075546265],"positionconfidence":1,"rotation":[0.9221135377883911,-0.3869195282459259,0,0.383239209651947,0.9133425354957581,0.1375972032546997,-0.05323904380202293,-0.1268802434206009,0.9904882311820984],"rotationconfidence":1},"19":{"id":19,"position":[60.5260357260704,-1199.798345565796,3063.085556030273],"positionconfidence":1,"rotation":[0.3119025230407715,-0.9501141905784607,0,0.8758820295333862,0.2875336706638336,-0.387498676776886,0.3681679368019104,0.1208617985248566,0.9218702912330627],"rotationconfidence":1},"20":{"id":20,"position":[28.86292524635792,-1210.192680358887,2983.803033828735],"positionconfidence":1,"rotation":[0.3119025230407715,-0.9501141905784607,0,0.8758820295333862,0.2875336706638336,-0.387498676776886,0.3681679368019104,0.1208617985248566,0.9218702912330627],"rotationconfidence":1},"21":{"id":21,"position":[448.6200213432312,-723.3110070228577,3206.733226776123],"positionconfidence":1,"rotation":[0.9131048321723938,0.4065536260604858,0.03088314644992352,-0.3845541179180145,0.8335686922073364,0.3965872824192047,0.1354907602071762,-0.3740019798278809,0.9174773693084717],"rotationconfidence":1},"22":{"id":22,"position":[562.6890063285828,-970.5696702003479,3089.094877243042],"positionconfidence":1,"rotation":[-0.5950199365615845,-0.0002170748193748295,-0.8037109971046448,-0.4330666363239288,0.8424987196922302,0.3203892707824707,0.6770559549331665,0.5386984348297119,-0.5013975501060486],"rotationconfidence":1},"23":{"id":23,"position":[671.2403893470764,-1181.748270988464,3008.786916732788],"positionconfidence":1,"rotation":[0.9875792860984802,-0.1571215689182282,0,-0.01819558627903462,-0.114367388188839,-0.9932718873023987,0.156064435839653,0.9809346795082092,-0.1158057823777199],"rotationconfidence":1},"24":{"id":24,"position":[661.0457897186279,-1245.825886726379,3016.351699829102],"positionconfidence":1,"rotation":[0.9875792860984802,-0.1571215689182282,0,-0.01819558627903462,-0.114367388188839,-0.9932718873023987,0.156064435839653,0.9809346795082092,-0.1158057823777199],"rotationconfidence":1}},"skeletonTracked":true,"frameCount":5},{"position":[356.8154871463776,-723.2965230941772,3115.970373153687],"positionTracked":true,"id":5042,"skeleton":{"1":{"id":1,"position":[401.1941254138947,-154.2006880044937,3340.02685546875],"positionconfidence":1,"rotation":[0.9970110058784485,0.07725968956947327,0,-0.07512741535902023,0.9694947004318237,-0.2333150058984757,-0.01802584528923035,0.2326176315546036,0.9724012017250061],"rotationconfidence":1},"2":{"id":2,"position":[413.4169518947601,-311.9322657585144,3377.985954284668],"positionconfidence":1,"rotation":[0.9856426119804382,0.03671751543879509,-0.1648044139146805,-0.07512741535902023,0.9694947004318237,-0.2333150058984757,0.1512102633714676,0.2423465400934219,0.9583337903022766],"rotationconfidence":1},"3":{"id":3,"position":[397.0735967159271,-621.7380166053772,3296.151638031006],"positionconfidence":1,"rotation":[0.9901395440101624,-0.01545639801770449,-0.1392291188240051,0.05093796923756599,0.9655836224555969,0.2550562024116516,0.1304951012134552,-0.2596332728862763,0.9568497538566589],"rotationconfidence":1},"4":{"id":4,"position":[387.7204358577728,-665.3555631637573,3239.480257034302],"positionconfidence":1,"rotation":[0.9878628253936768,-0.01047677360475063,-0.1549753844738007,0.1296848356723785,0.6047725081443787,0.785768449306488,0.08549252897500992,-0.7963294386863708,0.5987909436225891],"rotationconfidence":1},"6":{"id":6,"position":[255.0292611122131,-392.5077319145203,3358.594655990601],"positionconfidence":1,"rotation":[0.2887021899223328,0.9528375267982483,-0.09355058521032333,0.1569511294364929,-0.143490269780159,-0.9771267771720886,-0.9444666504859924,0.2674157619476318,-0.1909748762845993],"rotationconfidence":1},"7":{"id":7,"position":[192.7093118429184,-598.1895327568054,3378.788709640503],"positionconfidence":1,"rotation":[-0.009813628159463406,0.5579520463943481,0.8298150300979614,0.3284604549407959,0.7856068015098572,-0.5243427753448486,-0.9444666504859924,0.2674157619476318,-0.1909748762845993],"rotationconfidence":1},"8":{"id":8,"position":[194.6782171726227,-710.1312875747681,3212.303161621094],"positionconfidence":0.5,"rotation":[0.01987773738801479,0.564710795879364,0.8250495195388794,0,0.8252125382423401,-0.5648223757743835,-0.9998025298118591,0.0112273907288909,0.01640335842967033],"rotationconfidence":0.5},"9":{"id":9,"position":[193.4051662683487,-746.2976574897766,3159.46364402771],"positionconfidence":1,"rotation":[0.01987773738801479,0.564710795879364,0.8250495195388794,0,0.8252125382423401,-0.5648223757743835,-0.9998025298118591,0.0112273907288909,0.01640335842967033],"rotationconfidence":1},"12":{"id":12,"position":[545.9111332893372,-404.3847322463989,3315.701484680176],"positionconfidence":1,"rotation":[0.3299628794193268,-0.9415116310119629,0.06841279566287994,-0.4225507378578186,-0.2121155560016632,-0.8811684250831604,0.8441417813301086,0.2618450224399567,-0.4678267240524292],"rotationconfidence":1},"13":{"id":13,"position":[619.8763251304626,-615.4360175132751,3331.037044525147],"positionconfidence":1,"rotation":[-0.2784269452095032,-0.5315958261489868,-0.7999276518821716,-0.4581518173217773,0.8055078983306885,-0.3758375346660614,0.8441417813301086,0.2618450224399567,-0.4678267240524292],"rotationconfidence":1},"14":{"id":14,"position":[554.8333525657654,-739.6214604377747,3144.166946411133],"positionconfidence":1,"rotation":[0.3575859367847443,-0.1592506915330887,-0.9202018976211548,0,-0.9853531718254089,0.1705258190631867,-0.9338802099227905,-0.06097763404250145,-0.3523484468460083],"rotationconfidence":1},"15":{"id":15,"position":[570.4427361488342,-746.5730905532837,3103.998184204102],"positionconfidence":0.5,"rotation":[0.3575859367847443,-0.1592506915330887,-0.9202018976211548,0,-0.9853531718254089,0.1705258190631867,-0.9338802099227905,-0.06097763404250145,-0.3523484468460083],"rotationconfidence":0.5},"17":{"id":17,"position":[318.6425566673279,-726.097822189331,3222.646951675415],"positionconfidence":1,"rotation":[0.8520934581756592,-0.3818721175193787,-0.3579253852367401,0.5089035034179688,0.7642711997032166,0.3961146473884583,0.1222869157791138,-0.519676148891449,0.8455665111541748],"rotationconfidence":1},"18":{"id":18,"position":[157.1350693702698,-968.6497449874878,3096.93455696106],"positionconfidence":1,"rotation":[0.9217464327812195,-0.3877931535243988,0,0.3841780424118042,0.9131537079811096,0.1362266689538956,-0.05282776802778244,-0.1255664527416229,0.9906777739524841],"rotationconfidence":1},"19":{"id":19,"position":[60.00670045614243,-1199.514389038086,3062.493562698364],"positionconfidence":1,"rotation":[0.9772798418998718,-0.2119529396295548,0,0.1339765340089798,0.6177436113357544,-0.7748826146125793,0.1642386615276337,0.7572771906852722,0.6321051120758057],"rotationconfidence":1},"20":{"id":20,"position":[50.49120262265205,-1243.388772010803,3025.871276855469],"positionconfidence":1,"rotation":[0.9772798418998718,-0.2119529396295548,0,0.1339765340089798,0.6177436113357544,-0.7748826146125793,0.1642386615276337,0.7572771906852722,0.6321051120758057],"rotationconfidence":1},"21":{"id":21,"position":[447.7245211601257,-726.4309525489807,3203.774213790894],"positionconfidence":1,"rotation":[0.9103658199310303,0.4123036861419678,0.03521269932389259,-0.3917461931705475,0.8312994241714478,0.3943046927452087,0.1333009749650955,-0.3727559447288513,0.918304979801178],"rotationconfidence":1},"22":{"id":22,"position":[562.8455281257629,-970.7218408584595,3087.90135383606],"positionconfidence":1,"rotation":[-0.593603253364563,-0.001464594504795969,-0.8047564625740051,-0.4334876835346222,0.8431062698364258,0.3182141482830048,0.6780291795730591,0.53774493932724,-0.5011054873466492],"rotationconfidence":1},"23":{"id":23,"position":[671.2756752967834,-1181.611657142639,3008.305072784424],"positionconfidence":1,"rotation":[0.9874520301818848,-0.1579189598560333,0,-0.01854951307177544,-0.1159883216023445,-0.9930773377418518,0.1568257659673691,0.9806163311004639,-0.117462232708931],"rotationconfidence":1},"24":{"id":24,"position":[661.025881767273,-1245.702624320984,3015.982151031494],"positionconfidence":1,"rotation":[0.9874520301818848,-0.1579189598560333,0,-0.01854951307177544,-0.1159883216023445,-0.9930773377418518,0.1568257659673691,0.9806163311004639,-0.117462232708931],"rotationconfidence":1}},"skeletonTracked":true,"frameCount":6},{"position":[348.1485843658447,-717.4273133277893,3099.883794784546],"positionTracked":true,"id":5042,"skeleton":{"1":{"id":1,"position":[401.3825058937073,-159.395158290863,3326.635599136353],"positionconfidence":1,"rotation":[0.9978111982345581,0.0661269873380661,0,-0.06443573534488678,0.9722914099693298,-0.2247164696455002,-0.01485982351005077,0.2242246121168137,0.9744241833686829],"rotationconfidence":1},"2":{"id":2,"position":[411.6156101226807,-313.8057291507721,3362.323045730591],"positionconfidence":1,"rotation":[0.9308997988700867,-0.02256855368614197,-0.3645768463611603,-0.06443573534488678,0.9722914099693298,-0.2247164696455002,0.3595464527606964,0.2326802760362625,0.9036515951156616],"rotationconfidence":1},"3":{"id":3,"position":[397.2623944282532,-623.9709854125977,3293.150424957275],"positionconfidence":1,"rotation":[0.9449186325073242,0.02898138388991356,-0.3260197341442108,0.04512042552232742,0.9750280976295471,0.2174493968486786,0.3241804242134094,-0.2201821506023407,0.9200146794319153],"rotationconfidence":1},"4":{"id":4,"position":[384.8003447055817,-668.7201857566833,3236.983299255371],"positionconfidence":1,"rotation":[0.9761926531791687,0.0003928859368897975,-0.2169052064418793,0.1709772795438767,0.6139516830444336,0.7706037759780884,0.1334720700979233,-0.789343535900116,0.5992678999900818],"rotationconfidence":1},"6":{"id":6,"position":[255.8152973651886,-391.1750316619873,3358.631610870361],"positionconfidence":1,"rotation":[0.2865365445613861,0.9535929560661316,-0.0925048440694809,0.1992903202772141,-0.1537660956382752,-0.9678012132644653,-0.9371126294136047,0.2588751316070557,-0.2341014891862869],"rotationconfidence":1},"7":{"id":7,"position":[193.4607923030853,-598.6906886100769,3378.762006759644],"positionconfidence":1,"rotation":[-0.02852194383740425,0.6116834878921509,0.7905883193016052,0.3478596806526184,0.7475473284721375,-0.5658326745033264,-0.9371126294136047,0.2588751316070557,-0.2341014891862869],"rotationconfidence":1},"8":{"id":8,"position":[199.3244141340256,-724.4423031806946