{"motiondata":[{"position":[107.0567816495895,-437.9560947418213,2387.941598892212],"positionTracked":true,"id":4308,"skeleton":{"1":{"id":1,"position":[112.9292249679565,165.1775985956192,2593.161106109619],"positionconfidence":1,"rotation":[0.9924716949462891,0.1224747002124786,0,-0.1224733963608742,0.992461085319519,0.00461394339799881,0.0005650913226418197,-0.004579208325594664,0.9999894499778748],"rotationconfidence":1},"2":{"id":2,"position":[136.9526982307434,-29.49620224535465,2592.25606918335],"positionconfidence":1,"rotation":[0.9861847758293152,0.1222186982631683,-0.1118137314915657,-0.1224733963608742,0.992461085319519,0.00461394339799881,0.1115346848964691,0.009144006296992302,0.9937185049057007],"rotationconfidence":1},"3":{"id":3,"position":[125.2436339855194,-370.2546656131744,2561.35106086731],"positionconfidence":1,"rotation":[0.9932307600975037,-0.02381808497011662,-0.1136899366974831,0.03420129045844078,0.995329737663269,0.09027119725942612,0.1110088974237442,-0.093548484146595,0.9894068241119385],"rotationconfidence":1},"4":{"id":4,"position":[117.054671049118,-423.8891005516052,2503.58510017395],"positionconfidence":1,"rotation":[0.9913417100906372,-0.01037980709224939,-0.1308962106704712,0.1033302992582321,0.6767721772193909,0.7289047837257385,0.0810210257768631,-0.7361193299293518,0.6719850897789001],"rotationconfidence":1},"6":{"id":6,"position":[-24.9896552413702,-150.6576538085938,2621.173143386841],"positionconfidence":1,"rotation":[0.1284112483263016,0.9720456004142761,-0.1965654492378235,0.06766463071107864,-0.2063321322202683,-0.9761396646499634,-0.9894099831581116,0.1120467782020569,-0.09226846694946289],"rotationconfidence":1},"7":{"id":7,"position":[-55.09621277451515,-378.5578310489655,2667.258739471436],"positionconfidence":1,"rotation":[0.03184131905436516,0.7877509593963623,0.6151704788208008,0.1416124403476715,0.6057178378105164,-0.7829763889312744,-0.9894099831581116,0.1120467782020569,-0.09226846694946289],"rotationconfidence":1},"8":{"id":8,"position":[-62.3452439904213,-557.8981041908264,2527.20832824707],"positionconfidence":1,"rotation":[0.03473193570971489,0.7305099368095398,0.6820183396339417,0,0.6824301481246948,-0.7309509515762329,-0.999396800994873,0.02538734115660191,0.02370212040841579],"rotationconfidence":1},"9":{"id":9,"position":[-65.1450902223587,-616.7867183685303,2472.228765487671],"positionconfidence":0.5,"rotation":[0.03473193570971489,0.7305099368095398,0.6820183396339417,0,0.6824301481246948,-0.7309509515762329,-0.999396800994873,0.02538734115660191,0.02370212040841579],"rotationconfidence":0.5},"12":{"id":12,"position":[290.8285856246948,-150.7863849401474,2585.726976394653],"positionconfidence":1,"rotation":[0.2003213167190552,-0.9756001830101013,0.08986496925354004,-0.3853794634342194,-0.162794828414917,-0.9082844257354736,0.9007519483566284,0.1473165899515152,-0.4085875153541565],"rotationconfidence":1},"13":{"id":13,"position":[335.605800151825,-368.8593208789825,2605.814218521118],"positionconfidence":1,"rotation":[-0.3595342338085175,-0.2748900353908539,-0.8917233347892761,-0.2436822801828384,0.9501227140426636,-0.1946423798799515,0.9007519483566284,0.1473165899515152,-0.4085875153541565],"rotationconfidence":1},"14":{"id":14,"position":[243.1891411542893,-439.5185708999634,2376.600742340088],"positionconfidence":1,"rotation":[-0.4347491264343262,-0.01041958201676607,-0.9004913568496704,0,-0.9999330639839172,0.01157022174447775,-0.9005516171455383,0.00503014400601387,0.4347200393676758],"rotationconfidence":1},"15":{"id":15,"position":[214.3615633249283,-440.2094781398773,2316.890478134155],"positionconfidence":0.5,"rotation":[-0.4347491264343262,-0.01041958201676607,-0.9004913568496704,0,-0.9999330639839172,0.01157022174447775,-0.9005516171455383,0.00503014400601387,0.4347200393676758],"rotationconfidence":0.5},"17":{"id":17,"position":[42.75732859969139,-493.7060177326202,2492.748022079468],"positionconfidence":1,"rotation":[0.9485143423080444,-0.2319633364677429,-0.2156697958707809,0.2986133694648743,0.8819231986999512,0.3647484481334686,0.1055959388613701,-0.4103710651397705,0.9057842493057251],"rotationconfidence":1},"18":{"id":18,"position":[-54.96222525835037,-782.310426235199,2373.386144638062],"positionconfidence":1,"rotation":[0.7391659021377563,-0.6735234260559082,0,0.5716522932052612,0.627366304397583,0.5287958979606628,-0.3561564385890961,-0.3908678889274597,0.8487489819526672],"rotationconfidence":1},"19":{"id":19,"position":[-280.6428074836731,-1029.986143112183,2164.624691009522],"positionconfidence":0.5,"rotation":[-0.3495258092880249,-0.9369267225265503,0,0.8807306289672852,-0.328561544418335,-0.3411171138286591,0.3196017444133759,-0.1192292347550392,0.9400207996368408],"rotationconfidence":0.5},"20":{"id":20,"position":[-313.0683302879334,-1017.889618873596,2069.253921508789],"positionconfidence":0.5,"rotation":[-0.3495258092880249,-0.9369267225265503,0,0.8807306289672852,-0.328561544418335,-0.3411171138286591,0.3196017444133759,-0.1192292347550392,0.9400207996368408],"rotationconfidence":0.5},"21":{"id":21,"position":[184.1208636760712,-492.8279519081116,2476.665735244751],"positionconfidence":1,"rotation":[0.9682345986366272,0.2500026822090149,-0.004512042738497257,-0.2263402491807938,0.8839757442474365,0.4090929329395294,0.1062628626823425,-0.3950766623020172,0.9124815464019775],"rotationconfidence":1},"22":{"id":22,"position":[258.2938373088837,-782.5117707252502,2342.60368347168],"positionconfidence":1,"rotation":[0.6984021067619324,0.6860596537590027,0.2038541734218597,-0.4941878914833069,0.2562356889247894,0.8307355642318726,0.5176994204521179,-0.6809297204017639,0.5179979205131531],"rotationconfidence":1},"23":{"id":23,"position":[464.1928970813751,-889.2701268196106,1996.484994888306],"positionconfidence":0.5,"rotation":[-0.988994300365448,0.147953599691391,0,-0.143167108297348,-0.9569990634918213,-0.2523012161254883,-0.03732887282967567,-0.2495244592428207,0.9676487445831299],"rotationconfidence":0.5},"24":{"id":24,"position":[467.7712321281433,-865.3507828712463,1903.7264585495],"positionconfidence":0.5,"rotation":[-0.988994300365448,0.147953599691391,0,-0.143167108297348,-0.9569990634918213,-0.2523012161254883,-0.03732887282967567,-0.2495244592428207,0.9676487445831299],"rotationconfidence":0.5}},"skeletonTracked":true,"frameCount":1},{"position":[109.7730621695519,-436.2426102161408,2388.35597038269],"positionTracked":true,"id":4308,"skeleton":{"1":{"id":1,"position":[112.7312332391739,165.3162837028503,2592.174768447876],"positionconfidence":1,"rotation":[0.9922226071357727,0.1244765967130661,0,-0.1244697570800781,0.992168128490448,0.01046986132860184,0.001303252764046192,-0.01038843300193548,0.9999452233314514],"rotationconfidence":1},"2":{"id":2,"position":[137.10717856884,-28.98822911083698,2590.124368667603],"positionconfidence":1,"rotation":[0.9854065179824829,0.1248425021767616,-0.1157076135277748,-0.1244697570800781,0.992168128490448,0.01046986132860184,0.1161084994673729,0.004085028544068337,0.9932281374931335],"rotationconfidence":1},"3":{"id":3,"position":[125.5015730857849,-369.6314692497253,2560.182332992554],"positionconfidence":1,"rotation":[0.9927173256874084,-0.02343504503369331,-0.1181648820638657,0.03391929343342781,0.9955859184265137,0.08751052618026733,0.1155924871563911,-0.09088129550218582,0.9891303777694702],"rotationconfidence":1},"4":{"id":4,"position":[117.0827597379684,-423.3525395393372,2502.625226974487],"positionconfidence":1,"rotation":[0.9907605648040771,-0.0103858532384038,-0.135223776102066,0.1063234880566597,0.678458034992218,0.7269043922424316,0.0841941386461258,-0.7345656752586365,0.6732937693595886],"rotationconfidence":1},"6":{"id":6,"position":[-25.15499666333199,-150.3375321626663,2621.093034744263],"positionconfidence":1,"rotation":[0.1274359375238419,0.9726542830467224,-0.1941746175289154,0.0685473084449768,-0.2039394676685333,-0.976580798625946,-0.9894753098487854,0.1111413389444351,-0.09266204386949539],"rotationconfidence":1},"7":{"id":7,"position":[-54.94965612888336,-377.7451515197754,2666.491270065308],"positionconfidence":1,"rotation":[0.03236524015665054,0.794126570224762,0.6068901419639587,0.1410359740257263,0.5975037813186646,-0.7893657684326172,-0.9894753098487854,0.1111413389444351,-0.09266204386949539],"rotationconfidence":1},"8":{"id":8,"position":[-62.30134144425392,-558.129072189331,2528.637647628784],"positionconfidence":1,"rotation":[0.03373810276389122,0.7298945188522339,0.6827266216278076,0,0.683115541934967,-0.7303102612495422,-0.9994305968284607,0.02463928237557411,0.02304702252149582],"rotationconfidence":1},"9":{"id":9,"position":[-65.02044200897217,-616.9544458389282,2473.613739013672],"positionconfidence":0.5,"rotation":[0.03373810276389122,0.7298945188522339,0.6827266216278076,0,0.683115541934967,-0.7303102612495422,-0.9994305968284607,0.02463928237557411,0.02304702252149582],"rotationconfidence":0.5},"12":{"id":12,"position":[291.0156846046448,-150.4606902599335,2584.133148193359],"positionconfidence":1,"rotation":[0.2002390474081039,-0.9751501083374023,0.09479799121618271,-0.3850080966949463,-0.1672918200492859,-0.9076244831085205,0.9009289741516113,0.1452438682317734,-0.408939003944397],"rotationconfidence":1},"13":{"id":13,"position":[335.8511030673981,-368.8060343265533,2605.359315872192],"positionconfidence":1,"rotation":[-0.3600420951843262,-0.2759145200252533,-0.8912019729614258,-0.2422738373279572,0.9501449465751648,-0.1962854862213135,0.9009289741516113,0.1452438682317734,-0.408939003944397],"rotationconfidence":1},"14":{"id":14,"position":[243.200346827507,-439.8079812526703,2376.023530960083],"positionconfidence":1,"rotation":[-0.4387543499469757,-0.002067569177597761,-0.898604691028595,0,-0.9999973177909851,0.002300860127434135,-0.8986070156097412,0.00100951234344393,0.4387531876564026],"rotationconfidence":1},"15":{"id":15,"position":[213.8936072587967,-439.9460852146149,2316.000938415527],"positionconfidence":0.5,"rotation":[-0.4387543499469757,-0.002067569177597761,-0.898604691028595,0,-0.9999973177909851,0.002300860127434135,-0.8986070156097412,0.00100951234344393,0.4387531876564026],"rotationconfidence":0.5},"17":{"id":17,"position":[42.72530600428581,-493.3774769306183,2492.154598236084],"positionconfidence":1,"rotation":[0.9481226801872253,-0.2308402508497238,-0.2185774892568588,0.2985910475254059,0.8826329112052917,0.363046258687973,0.1091179922223091,-0.4094776511192322,0.9057710766792297],"rotationconfidence":1},"18":{"id":18,"position":[-54.98190596699715,-782.1992635726929,2373.355865478516],"positionconfidence":1,"rotation":[0.739438533782959,-0.6732240915298462,0,0.5714414119720459,0.6276451349258423,0.5286930799484253,-0.3559289276599884,-0.3909360468387604,0.8488131165504456],"rotationconfidence":1},"19":{"id":19,"position":[-280.5803418159485,-1029.986262321472,2164.633989334106],"positionconfidence":0.5,"rotation":[-0.3479438126087189,-0.937515377998352,0,0.8811460137367249,-0.3270232379436493,-0.3415221273899078,0.3201822638511658,-0.1188305169343948,0.9398736953735352],"rotationconfidence":0.5},"20":{"id":20,"position":[-313.0632638931274,-1017.930746078491,2069.282531738281],"positionconfidence":0.5,"rotation":[-0.3479438126087189,-0.937515377998352,0,0.8811460137367249,-0.3270232379436493,-0.3415221273899078,0.3201822638511658,-0.1188305169343948,0.9398736953735352],"rotationconfidence":0.5},"21":{"id":21,"position":[184.1552555561066,-492.3640191555023,2475.574731826782],"positionconfidence":1,"rotation":[0.967881977558136,0.2512586712837219,-0.008580733090639114,-0.2261210083961487,0.8849511742591858,0.4071003794670105,0.1098810359835625,-0.3920848369598389,0.9133431315422058],"rotationconfidence":1},"22":{"id":22,"position":[258.2315802574158,-782.2704315185547,2342.210292816162],"positionconfidence":1,"rotation":[0.6807616353034973,0.6998884677886963,0.2161473482847214,-0.5052726864814758,0.2350303530693054,0.830337405204773,0.5303424000740051,-0.6744751930236816,0.5136341452598572],"rotationconfidence":1},"23":{"id":23,"position":[472.7187752723694,-882.0403218269348,1989.733815193176],"positionconfidence":0.5,"rotation":[-0.980218768119812,0.1979169994592667,0,-0.191391721367836,-0.94790118932724,-0.254662036895752,-0.05040194466710091,-0.2496245056390762,0.9670302271842957],"rotationconfidence":0.5},"24":{"id":24,"position":[477.5949418544769,-857.890248298645,1896.177887916565],"positionconfidence":0.5,"rotation":[-0.980218768119812,0.1979169994592667,0,-0.191391721367836,-0.94790118932724,-0.254662036895752,-0.05040194466710091,-0.2496245056390762,0.9670302271842957],"rotationconfidence":0.5}},"skeletonTracked":true,"frameCount":2},{"position":[109.0761125087738,-440.0925636291504,2386.757850646973],"positionTracked":true,"id":4308,"skeleton":{"1":{"id":1,"position":[112.6822531223297,165.4520928859711,2591.187238693237],"positionconfidence":1,"rotation":[0.9920077323913574,0.1261771023273468,0,-0.1261567622423172,0.9918477535247803,0.0179570633918047,0.00226577022112906,-0.01781354658305645,0.9998387098312378],"rotationconfidence":1},"2":{"id":2,"position":[137.3299062252045,-28.32839824259281,2587.678909301758],"positionconfidence":1,"rotation":[0.9844264984130859,0.1274058073759079,-0.1211282312870026,-0.1261567622423172,0.9918477535247803,0.0179570633918047,0.1224286034703255,-0.002396263647824526,0.992474377155304],"rotationconfidence":1},"3":{"id":3,"position":[125.8508563041687,-369.0645098686218,2558.798551559448],"positionconfidence":1,"rotation":[0.9919797778129578,-0.02288266457617283,-0.1243071630597115,0.0335497111082077,0.9958662390708923,0.08440835028886795,0.1218618303537369,-0.08790186047554016,0.9886469841003418],"rotationconfidence":1},"4":{"id":4,"position":[117.1805858612061,-422.9147732257843,2501.481294631958],"positionconfidence":1,"rotation":[0.9902815818786621,-0.01196121238172054,-0.1385602802038193,0.1095810085535049,0.680597722530365,0.7244160175323486,0.08563892543315887,-0.7325595617294312,0.6752942204475403],"rotationconfidence":1},"6":{"id":6,"position":[-25.32566897571087,-149.9171853065491,2620.848178863525],"positionconfidence":1,"rotation":[0.1260561347007752,0.973179817199707,-0.1924343705177307,0.06815101951360703,-0.2020188719034195,-0.9770075678825378,-0.9896793365478516,0.1100431904196739,-0.09178891032934189],"rotationconfidence":1},"7":{"id":7,"position":[-54.73893508315086,-376.9937753677368,2665.749788284302],"positionconfidence":1,"rotation":[0.03356975689530373,0.8007553219795227,0.5980501770973206,0.1393118053674698,0.5887965559959412,-0.7961851358413696,-0.9896793365478516,0.1100431904196739,-0.09178891032934189],"rotationconfidence":1},"8":{"id":8,"position":[-62.35697120428085,-558.7103962898254,2530.033349990845],"positionconfidence":1,"rotation":[0.03497924283146858,0.7437456846237183,0.667546808719635,0,0.6679556369781494,-0.744201123714447,-0.9993880391120911,0.02603159099817276,0.02336458303034306],"rotationconfidence":1},"9":{"id":9,"position":[-65.15634059906006,-618.2319521903992,2476.609945297241],"positionconfidence":0.5,"rotation":[0.03497924283146858,0.7437456846237183,0.667546808719635,0,0.6679556369781494,-0.744201123714447,-0.9993880391120911,0.02603159099817276,0.02336458303034306],"rotationconfidence":0.5},"12":{"id":12,"position":[291.1133766174316,-150.2674072980881,2581.812381744385],"positionconfidence":1,"rotation":[0.2011278122663498,-0.9742646217346191,0.1017643585801125,-0.3851742744445801,-0.1741765141487122,-0.9062579274177551,0.9006600379943848,0.1430766731500626,-0.4102934300899506],"rotationconfidence":1},"13":{"id":13,"position":[336.2017869949341,-368.6760067939758,2604.625701904297],"positionconfidence":1,"rotation":[-0.3612808287143707,-0.2780585885047913,-0.890033483505249,-0.2414286434650421,0.9498487710952759,-0.1987453997135162,0.9006600379943848,0.1430766731500626,-0.4102934300899506],"rotationconfidence":1},"14":{"id":14,"position":[243.2224750518799,-440.2372241020203,2375.566482543945],"positionconfidence":1,"rotation":[-0.4422455728054047,0.006793931592255831,-0.8968682289123535,0,-0.9999712705612183,-0.007574955001473427,-0.8968939185142517,-0.003349990351125598,0.4422328770160675],"rotationconfidence":1},"15":{"id":15,"position":[213.5275304317474,-439.7810399532318,2315.345525741577],"positionconfidence":0.5,"rotation":[-0.4422455728054047,0.006793931592255831,-0.8968682289123535,0,-0.9999712705612183,-0.007574955001473427,-0.8968939185142517,-0.003349990351125598,0.4422328770160675],"rotationconfidence":0.5},"17":{"id":17,"position":[42.74609312415123,-493.0751025676727,2491.303443908691],"positionconfidence":1,"rotation":[0.9478950500488281,-0.2309066504240036,-0.2194930613040924,0.2987442016601563,0.883571445941925,0.3606292903423309,0.1106660962104797,-0.4074109494686127,0.9065149426460266],"rotationconfidence":1},"18":{"id":18,"position":[-54.98857423663139,-782.1369767189026,2373.3229637146],"positionconfidence":1,"rotation":[0.7396861910820007,-0.6729519963264465,0,0.5712060928344727,0.6278504729270935,0.5287034511566162,-0.3557920455932617,-0.3910746276378632,0.848806619644165],"rotationconfidence":1},"19":{"id":19,"position":[-280.4904580116272,-1030.001044273377,2164.600372314453],"positionconfidence":0.5,"rotation":[-0.3465916514396668,-0.9380160570144653,0,0.8814000487327576,-0.3256723582744598,-0.3421568274497986,0.3209486305713654,-0.1185887157917023,0.9396428465843201],"rotationconfidence":0.5},"20":{"id":20,"position":[-313.0500912666321,-1017.970442771912,2069.275379180908],"positionconfidence":0.5,"rotation":[-0.3465916514396668,-0.9380160570144653,0,0.8814000487327576,-0.3256723582744598,-0.3421568274497986,0.3209486305713654,-0.1185887157917023,0.9396428465843201],"rotationconfidence":0.5},"21":{"id":21,"position":[184.2828989028931,-492.019534111023,2474.499225616455],"positionconfidence":1,"rotation":[0.9676473140716553,0.252089262008667,-0.01045944169163704,-0.2263625413179398,0.885711669921875,0.4053081870079041,0.1114379093050957,-0.3898278176784515,0.9141201972961426],"rotationconfidence":1},"22":{"id":22,"position":[258.4137916564941,-782.0789813995361,2341.765880584717],"positionconfidence":1,"rotation":[0.6606266498565674,0.7207174301147461,0.2100924104452133,-0.5081766843795776,0.2233356535434723,0.831791877746582,0.5525657534599304,-0.6562679409980774,0.5137932896614075],"rotationconfidence":1},"23":{"id":23,"position":[475.5373597145081,-877.501368522644,1986.374497413635],"positionconfidence":0.5,"rotation":[-0.9801547527313232,0.1982336789369583,0,-0.1922743767499924,-0.9506893157958984,-0.2433522194623947,-0.04824060946702957,-0.2385228574275971,0.9699379801750183],"rotationconfidence":0.5},"24":{"id":24,"position":[480.2068173885346,-854.4135093688965,1892.489194869995],"positionconfidence":0.5,"rotation":[-0.9801547527313232,0.1982336789369583,0,-0.1922743767499924,-0.9506893157958984,-0.2433522194623947,-0.04824060946702957,-0.2385228574275971,0.9699379801750183],"rotationconfidence":0.5}},"skeletonTracked":true,"frameCount":3},{"position":[108.7892949581146,-440.3529167175293,2385.775566101074],"positionTracked":true,"id":4308,"skeleton":{"1":{"id":1,"position":[112.7078756690025,165.594607591629,2590.338706970215],"positionconfidence":1,"rotation":[0.9918712377548218,0.1272457838058472,0,-0.1272083073854446,0.9915791153907776,0.02426723018288612,0.00308790267445147,-0.02406996674835682,0.9997055530548096],"rotationconfidence":1},"2":{"id":2,"position":[137.5161111354828,-27.7837086468935,2585.606098175049],"positionconfidence":1,"rotation":[0.9836931228637695,0.1292573064565659,-0.1250618249177933,-0.1272083073854446,0.9915791153907776,0.02426723018288612,0.1271454095840454,-0.007962603121995926,0.9918521642684937],"rotationconfidence":1},"3":{"id":3,"position":[126.1678785085678,-368.6213195323944,2557.558536529541],"positionconfidence":1,"rotation":[0.9914060831069946,-0.0224028155207634,-0.1288876831531525,0.03316471725702286,0.9960830807685852,0.0819677785038948,0.1265465170145035,-0.0855378732085228,0.9882656931877136],"rotationconfidence":1},"4":{"id":4,"position":[117.3110380768776,-422.5912988185883,2500.419139862061],"positionconfidence":1,"rotation":[0.9900281429290771,-0.01407376118004322,-0.1401652991771698,0.1119764074683189,0.6823385953903198,0.7224093675613403,0.08547317981719971,-0.7309008240699768,0.6771103739738464],"rotationconfidence":1},"6":{"id":6,"position":[-25.47216787934303,-149.5899558067322,2620.425701141357],"positionconfidence":1,"rotation":[0.1246658116579056,0.9735327363014221,-0.1915531158447266,0.06692755222320557,-0.2008704841136932,-0.9773289561271667,-0.9899389743804932,0.1090193092823029,-0.09019783139228821],"rotationconfidence":1},"7":{"id":7,"position":[-54.50787395238876,-376.3338327407837,2665.040016174316],"positionconfidence":1,"rotation":[0.03485908359289169,0.8057225346565247,0.5912664532661438,0.1371338814496994,0.5821734666824341,-0.8014164566993713,-0.9899389743804932,0.1090193092823029,-0.09019783139228821],"rotationconfidence":1},"8":{"id":8,"position":[-62.41719052195549,-559.1474175453186,2530.885219573975],"positionconfidence":0.5,"rotation":[0.03729387372732163,0.7559820413589478,0.6535291075706482,0,0.6539840698242188,-0.7565083503723145,-0.9993043541908264,0.02821312658488751,0.02438959851861],"rotationconfidence":0.5},"9":{"id":9,"position":[-65.39534032344818,-619.5173263549805,2478.696823120117],"positionconfidence":0.5,"rotation":[0.03729387372732163,0.7559820413589478,0.6535291075706482,0,0.6539840698242188,-0.7565083503723145,-0.9993043541908264,0.02821312658488751,0.02438959851861],"rotationconfidence":0.5},"12":{"id":12,"position":[291.201114654541,-150.1578092575073,2579.826831817627],"positionconfidence":1,"rotation":[0.2019086480140686,-0.9735779166221619,0.1066716983914375,-0.3860340416431427,-0.1792069375514984,-0.904910147190094,0.9001169204711914,0.1415302902460098,-0.4120176732540131],"rotationconfidence":1},"13":{"id":13,"position":[336.4734947681427,-368.4554994106293,2603.744983673096],"positionconfidence":1,"rotation":[-0.3625917136669159,-0.2808668315410614,-0.8886174559593201,-0.2414883822202683,0.9492537975311279,-0.2014952749013901,0.9001169204711914,0.1415302902460098,-0.4120176732540131],"rotationconfidence":1},"14":{"id":14,"position":[243.2081252336502,-440.6996965408325,2375.175952911377],"positionconfidence":1,"rotation":[-0.4450631737709045,0.01534814201295376,-0.8953676819801331,0,-0.9998530745506287,-0.01713920198380947,-0.8954991698265076,-0.007628027815371752,0.4449977874755859],"rotationconfidence":1},"15":{"id":15,"position":[213.2073044776917,-439.6651089191437,2314.821004867554],"positionconfidence":0.5,"rotation":[-0.4450631737709045,0.01534814201295376,-0.8953676819801331,0,-0.9998530745506287,-0.01713920198380947,-0.8954991698265076,-0.007628027815371752,0.4449977874755859],"rotationconfidence":0.5},"17":{"id":17,"position":[42.81874373555183,-492.8334355354309,2490.366935729981],"positionconfidence":1,"rotation":[0.9478411674499512,-0.231968879699707,-0.2186036258935928,0.2990490198135376,0.8845180869102478,0.3580466210842133,0.1103031933307648,-0.4047445356845856,0.9077527523040771],"rotationconfidence":1},"18":{"id":18,"position":[-54.97938394546509,-782.0977568626404,2373.274803161621],"positionconfidence":1,"rotation":[0.7399427890777588,-0.6726698279380798,0,0.5709721446037292,0.6280744075775146,0.5286902785301208,-0.3556340038776398,-0.3912005722522736,0.848814845085144],"rotationconfidence":1},"19":{"id":19,"position":[-280.3847193717957,-1030.045628547669,2164.561271667481],"positionconfidence":0.5,"rotation":[-0.3456728458404541,-0.9383551478385925,0,0.8814445734024048,-0.3247080445289612,-0.3429580926895142,0.3218164443969727,-0.1185512915253639,0.9393507242202759],"rotationconfidence":0.5},"20":{"id":20,"position":[-313.0333125591278,-1018.018484115601,2069.263219833374],"positionconfidence":0.5,"rotation":[-0.3456728458404541,-0.9383551478385925,0,0.8814445734024048,-0.3247080445289612,-0.3429580926895142,0.3218164443969727,-0.1185512915253639,0.9393507242202759],"rotationconfidence":0.5},"21":{"id":21,"position":[184.4347566366196,-491.7784333229065,2473.629236221314],"positionconfidence":1,"rotation":[0.9676267504692078,0.2521849870681763,-0.01005782373249531,-0.2266792804002762,0.8859030604362488,0.404712438583374,0.1109726801514626,-0.3893307447433472,0.9143887162208557],"rotationconfidence":1},"22":{"id":22,"position":[258.6582005023956,-781.856894493103,2341.110944747925],"positionconfidence":1,"rotation":[0.8821675777435303,-0.1657849699258804,-0.4407898485660553,0.2310823202133179,0.9679433703422546,0.09842074662446976,0.4103429317474365,-0.1886823326349258,0.8921982049942017],"rotationconfidence":1},"23":{"id":23,"position":[185.2313876152039,-1089.422583580017,2309.837579727173],"positionconfidence":0.5,"rotation":[0.6780450344085693,-0.7350203394889832,0,0.5677081346511841,0.523702085018158,-0.6351720690727234,0.4668643772602081,0.4306752681732178,0.7723706364631653],"rotationconfidence":0.5},"24":{"id":24,"position":[142.7404880523682,-1128.61979007721,2239.541530609131],"positionconfidence":0.5,"rotation":[0.6780450344085693,-0.7350203394889832,0,0.5677081346511841,0.523702085018158,-0.6351720690727234,0.4668643772602081,0.4306752681732178,0.7723706364631653],"rotationconfidence":0.5}},"skeletonTracked":true,"frameCount":4},{"position":[109.9668443202972,-437.5046789646149,2387.764692306519],"positionTracked":true,"id":4308,"skeleton":{"1":{"id":1,"position":[112.8151342272759,165.7414436340332,2589.708089828491],"positionconfidence":1,"rotation":[0.9918023347854614,0.127781480550766,0,-0.1277257204055786,0.9913696050643921,0.02953860722482204,0.003774486947804689,-0.02929645963013172,0.9995636940002441],"rotationconfidence":1},"2":{"id":2,"position":[137.6873105764389,-27.30909548699856,2583.956003189087],"positionconfidence":1,"rotation":[0.983150064945221,0.1304813623428345,-0.1280258595943451,-0.1277257204055786,0.9913696050643921,0.02953860722482204,0.1307751685380936,-0.01268868893384934,0.9913308620452881],"rotationconfidence":1},"3":{"id":3,"position":[126.4547407627106,-368.2345747947693,2556.457996368408],"positionconfidence":1,"rotation":[0.990953803062439,-0.02197082526981831,-0.1323929727077484,0.03282294049859047,0.9962259531021118,0.0803525373339653,0.1301279067993164,-0.08397117257118225,0.9879350066184998],"rotationconfidence":1},"4":{"id":4,"position":[117.4510791897774,-422.299325466156,2499.438524246216],"positionconfidence":1,"rotation":[0.9899858832359314,-0.01707999780774117,-0.1401288211345673,0.1138402000069618,0.6835821270942688,0.7209409475326538,0.08347589522600174,-0.7296736836433411,0.6786810755729675],"rotationconfidence":1},"6":{"id":6,"position":[-25.59895999729633,-149.2494940757752,2619.951248168945],"positionconfidence":1,"rotation":[0.1234693080186844,0.9737688302993774,-0.1911272406578064,0.06115902960300446,-0.1997018456459045,-0.9779462218284607,-0.9904620051383972,0.1090571880340576,-0.0842118039727211],"rotationconfidence":1},"7":{"id":7,"position":[-54.30763214826584,-375.6669759750366,2664.39151763916],"positionconfidence":1,"rotation":[0.03984607756137848,0.8117693066596985,0.5826172828674316,0.1318991631269455,0.5737047791481018,-0.8083721399307251,-0.9904620051383972,0.1090571880340576,-0.0842118039727211],"rotationconfidence":1},"8":{"id":8,"position":[-63.40152770280838,-560.933530330658,2531.423330307007],"positionconfidence":1,"rotation":[0.04031213372945786,0.7717272639274597,0.6346747279167175,0,0.635191023349762,-0.7723550796508789,-0.999187171459198,0.03113528154790402,0.02560590580105782],"rotationconfidence":1},"9":{"id":9,"position":[-66.59285724163055,-622.0276951789856,2481.178998947144],"positionconfidence":0.5,"rotation":[0.04031213372945786,0.7717272639274597,0.6346747279167175,0,0.635191023349762,-0.7723550796508789,-0.999187171459198,0.03113528154790402,0.02560590580105782],"rotationconfidence":0.5},"12":{"id":12,"position":[291.283518075943,-150.1348614692688,2578.137159347534],"positionconfidence":1,"rotation":[0.2022753208875656,-0.9730656743049622,0.1105803325772286,-0.3867712914943695,-0.1831102222204208,-0.9038134217262268,0.8997181057929993,0.1400498449802399,-0.4133924841880798],"rotationconfidence":1},"13":{"id":13,"position":[336.6228938102722,-368.244469165802,2602.923393249512],"positionconfidence":1,"rotation":[-0.3635115027427673,-0.2838100790977478,-0.8873055577278137,-0.2415919601917267,0.94859778881073,-0.2044393420219421,0.8997181057929993,0.1400498449802399,-0.4133924841880798],"rotationconfidence":1},"14":{"id":14,"position":[243.1526482105255,-441.2209689617157,2374.76921081543],"positionconfidence":1,"rotation":[-0.4475842118263245,0.02403808571398258,-0.8939186930656433,0,-0.9996387362480164,-0.02688097022473812,-0.8942419290542603,-0.01203149743378162,0.4474225044250488],"rotationconfidence":1},"15":{"id":15,"position":[212.9043340682983,-439.5964443683624,2314.357042312622],"positionconfidence":0.5,"rotation":[-0.4475842118263245,0.02403808571398258,-0.8939186930656433,0,-0.9996387362480164,-0.02688097022473812,-0.8942419290542603,-0.01203149743378162,0.4474225044250488],"rotationconfidence":0.5},"17":{"id":17,"position":[42.93015226721764,-492.544949054718,2489.256620407105],"positionconfidence":1,"rotation":[0.9480052590370178,-0.2340638041496277,-0.2156390994787216,0.2994078695774078,0.8856377601623535,0.3549657464027405,0.1078934893012047,-0.4010734558105469,0.909669816493988],"rotationconfidence":1},"18":{"id":18,"position":[-54.94971573352814,-782.0701003074646,2373.214244842529],"positionconfidence":1,"rotation":[0.7400823831558228,-0.6725162267684937,0,0.5708470344543457,0.6281987428665161,0.5286775827407837,-0.355544239282608,-0.3912649750709534,0.8488227128982544],"rotationconfidence":1},"19":{"id":19,"position":[-280.3018093109131,-1030.062794685364,2164.509296417236],"positionconfidence":0.5,"rotation":[-0.3449401259422302,-0.9386246204376221,0,0.8814586997032166,-0.3239319324493408,-0.3436545729637146,0.3225626945495606,-0.1185402646660805,0.9390960931777954],"rotationconfidence":0.5},"20":{"id":20,"position":[-313.0275309085846,-1018.036246299744,2069.232940673828],"positionconfidence":0.5,"rotation":[-0.3449401259422302,-0.9386246204376221,0,0.8814586997032166,-0.3239319324493408,-0.3436545729637146,0.3225626945495606,-0.1185402646660805,0.9390960931777954],"rotationconfidence":0.5},"21":{"id":21,"position":[184.5878958702087,-491.5644526481628,2472.887277603149],"positionconfidence":1,"rotation":[0.9678645133972168,0.2513537108898163,-0.007733420468866825,-0.2269111126661301,0.8861751556396484,0.4039864540100098,0.1083966419100761,-0.3892492949962616,0.9147323369979858],"rotationconfidence":1},"22":{"id":22,"position":[258.8766813278198,-781.6907167434692,2340.625524520874],"positionconfidence":1,"rotation":[0.8813263177871704,-0.3536457717418671,-0.3133664429187775,0.3580668866634369,0.9325905442237854,-0.04541939869523048,0.3083049654960632,-0.07217683643102646,0.9485454559326172],"rotationconfidence":1},"23":{"id":23,"position":[128.0648112297058,-1122.392177581787,2357.218503952026],"positionconfidence":0.5,"rotation":[0.6868045926094055,-0.7268421649932861,0,0.570909321308136,0.5394611954689026,-0.6189056038856506,0.4498466551303864,0.4250671863555908,0.7854653596878052],"rotationconfidence":0.5},"24":{"id":24,"position":[84.7073644399643,-1163.361310958862,2281.513214111328],"positionconfidence":0.5,"rotation":[0.6868045926094055,-0.7268421649932861,0,0.570909321308136,0.5394611954689026,-0.6189056038856506,0.4498466551303864,0.4250671863555908,0.7854653596878052],"rotationconfidence":0.5}},"skeletonTracked":true,"frameCount":5},{"position":[107.2862520813942,-438.45534324646,2385.88285446167],"positionTracked":true,"id":4308,"skeleton":{"1":{"id":1,"position":[112.9745468497276,165.909007191658,2589.254856109619],"positionconfidence":1,"rotation":[0.9917683005332947,0.1280448138713837,0,-0.1279671341180801,0.9911667108535767,0.03482575714588165,0.004459257703274488,-0.03453908115625382,0.9993932247161865],"rotationconfidence":1},"2":{"id":2,"position":[137.8583908081055,-26.82827599346638,2582.482814788818],"positionconfidence":1,"rotation":[0.9827726483345032,0.1314482837915421,-0.1299199312925339,-0.1279671341180801,0.9911667108535767,0.03482575714588165,0.1333501189947128,-0.01760032214224339,0.9909127354621887],"rotationconfidence":1},"3":{"id":3,"position":[126.7068386077881,-367.9232001304627,2555.515766143799],"positionconfidence":1,"rotation":[0.9906232357025146,-0.02172278426587582,-0.1348851621150971,0.03257440403103828,0.9963603019714355,0.07877249270677567,0.1326830536127091,-0.08242765814065933,0.9877251982688904],"rotationconfidence":1},"4":{"id":4,"position":[117.5872087478638,-422.0819771289825,2498.585939407349],"positionconfidence":1,"rotation":[0.989991307258606,-0.01982368715107441,-0.1397286504507065,0.1152874752879143,0.6846581101417542,0.7196888327598572,0.08139947056770325,-0.7285947203636169,0.6800910234451294],"rotationconfidence":1},"6":{"id":6,"position":[-25.71336179971695,-148.9634811878204,2619.486570358276],"positionconfidence":1,"rotation":[0.1223924681544304,0.9738968014717102,-0.1911675184965134,0.05635024234652519,-0.19912388920784,-0.9783528447151184,-0.9908807873725891,0.1089706793427467,-0.07925058901309967],"rotationconfidence":1},"7":{"id":7,"position":[-54.13314327597618,-375.1043081283569,2663.876056671143],"positionconfidence":1,"rotation":[0.043825663626194,0.8168359994888306,0.5752029418945312,0.1274149864912033,0.5664843320846558,-0.8141627907752991,-0.9908807873725891,0.1089706793427467,-0.07925058901309967],"rotationconfidence":1},"8":{"id":8,"position":[-64.17356431484222,-562.240719795227,2532.097578048706],"positionconfidence":1,"rotation":[0.04461134970188141,0.7874673008918762,0.6147398948669434,0,0.6153525114059448,-0.7882519960403442,-0.9990044236183167,0.03516498580574989,0.02745170518755913],"rotationconfidence":1},"9":{"id":9,"position":[-67.68057495355606,-624.1455078125,2483.771324157715],"positionconfidence":0.5,"rotation":[0.04461134970188141,0.7874673008918762,0.6147398948669434,0,0.6153525114059448,-0.7882519960403442,-0.9990044236183167,0.03516498580574989,0.02745170518755913],"rotationconfidence":0.5},"12":{"id":12,"position":[291.3340926170349,-150.1270532608032,2576.799869537354],"positionconfidence":1,"rotation":[0.2026329338550568,-0.9726781249046326,0.1133012995123863,-0.3877593278884888,-0.1859427988529205,-0.9028111100196838,0.8992121815681458,0.1390056163072586,-0.4148431420326233],"rotationconfidence":1},"13":{"id":13,"position":[336.7390930652618,-368.0800199508667,2602.187871932983],"positionconfidence":1,"rotation":[-0.3644613921642304,-0.2865688800811768,-0.8860283493995667,-0.2420440465211868,0.9479218125343323,-0.2070240527391434,0.8992121815681458,0.1390056163072586,-0.4148431420326233],"rotationconfidence":1},"14":{"id":14,"position":[243.0019974708557,-441.7836666107178,2374.307155609131],"positionconfidence":1,"rotation":[-0.4497036635875702,0.03271154314279556,-0.8925786018371582,0,-0.999329149723053,-0.03662377595901489,-0.8931778073310852,-0.01646984554827213,0.4494019746780396],"rotationconfidence":1},"15":{"id":15,"position":[212.5675827264786,-439.5698606967926,2313.900470733643],"positionconfidence":0.5,"rotation":[-0.4497036635875702,0.03271154314279556,-0.8925786018371582,0,-0.999329149723053,-0.03662377595901489,-0.8931778073310852,-0.01646984554827213,0.4494019746780396],"rotationconfidence":0.5},"17":{"id":17,"position":[43.04548725485802,-492.3190474510193,2488.264322280884],"positionconfidence":1,"rotation":[0.9481878280639648,-0.2360764592885971,-0.2126208990812302,0.2997352182865143,0.8866052031517029,0.3522639274597168,0.1053495854139328,-0.3977423906326294,0.9114288091659546],"rotationconfidence":1},"18":{"id":18,"position":[-54.90764603018761,-782.0606231689453,2373.144865036011],"positionconfidence":1,"rotation":[0.7401482462882996,-0.6724438071250916,0,0.5707933306694031,0.6282631754875183,0.5286589860916138,-0.3554934561252594,-0.3912860155105591,0.8488343358039856],"rotationconfidence":1},"19":{"id":19,"position":[-280.2333533763886,-1030.073046684265,2164.452075958252],"positionconfidence":0.5,"rotation":[-0.3443666994571686,-0.9388351440429688,0,0.881430983543396,-0.3233107328414917,-0.3443099558353424,0.3232503235340118,-0.1185688897967339,0.9388560056686401],"rotationconfidence":0.5},"20":{"id":20,"position":[-313.0319714546204,-1018.0424451828,2069.190979003906],"positionconfidence":0.5,"rotation":[-0.3443666994571686,-0.9388351440429688,0,0.881430983543396,-0.3233107328414917,-0.3443099558353424,0.3232503235340118,-0.1185688897967339,0.9388560056686401],"rotationconfidence":0.5},"21":{"id":21,"position":[184.7290992736816,-491.403728723526,2472.286939620972],"positionconfidence":1,"rotation":[0.9680739045143127,0.2506115436553955,-0.005162045825272799,-0.2272913157939911,0.8863025307655334,0.403492659330368,0.1056950688362122,-0.3894374966621399,0.9149683117866516],"rotationconfidence":1},"22":{"id":22,"position":[259.1371238231659,-781.5513014793396,2340.196132659912],"positionconfidence":1,"rotation":[0.8620898127555847,-0.4554076492786408,-0.2222722917795181,0.4270312488079071,0.8890138268470764,-0.165222704410553,0.2728468179702759,0.04751959443092346,0.9608830809593201],"rotationconfidence":1},"23":{"id":23,"position":[78.90749722719193,-1156.761884689331,2409.928798675537],"positionconfidence":0.5,"rotation":[0.711865246295929,-0.702316164970398,0,0.5510295033454895,0.5585216283798218,-0.6200162768363953,0.4354473948478699,0.4413679838180542,0.7845889925956726],"rotationconfidence":0.5},"24":{"id":24,"position":[35.04842147231102,-1201.217293739319,2330.90353012085],"positionconfidence":0.5,"rotation":[0.711865246295929,-0.702316164970398,0,0.5510295033454895,0.5585216283798218,-0.6200162768363953,0.4354473948478699,0.4413679838180542,0.7845889925956726],"rotationconfidence":0.5}},"skeletonTracked":true,"frameCount":6},{"position":[109.1542914509773,-438.9257431030273,2386.712312698364],"positionTracked":true,"id":4308,"skeleton":{"1":{"id":1,"position":[113.13796043396,166.1677211523056,2588.921308517456],"positionconfidence":1,"rotation":[0.9917723536491394,0.1280144453048706,0,-0.1279173195362091,0.9910198450088501,0.0389467179775238,0.004985742270946503,-0.03862627968192101,0.9992413520812988],"rotationconfidence":1},"2":{"id":2,"position":[137.9995346069336,-26.44352801144123,2581.351757049561],"positionconfidence":1,"rotation":[0.9825252890586853,0.1319788247346878,-0.131246954202652,-0.1279173195362091,0.9910198450088501,0.0389467179775238,0.13520847260952,-0.02147737704217434,0.9905844330787659],"rotationconfidence":1},"3":{"id":3,"position":[126.9320398569107,-367.6876425743103,2554.705619812012],"positionconfidence":1,"rotation":[0.9903823733329773,-0.02144774608314037,-0.1366852670907974,0.03231746330857277,0.9964444637298584,0.07780762761831284,0.1345304846763611,-0.0814766213297844,0.987554132938385],"rotationconfidence":1},"4":{"id":4,"position":[117.7244260907173,-421.9276905059815,2497.820854187012],"positionconfidence":1,"rotation":[0.9901002049446106,-0.02283091656863689,-0.1384924352169037,0.116350531578064,0.6853956580162048,0.7188152074813843,0.07851091027259827,-0.7278127670288086,0.6812667846679688],"rotationconfidence":1},"6":{"id":6,"position":[-25.81867948174477,-148.7197279930115,2619.015216827393],"positionconfidence":1,"rotation":[0.1213477849960327,0.9739326238632202,-0.1916503608226776,0.05314994230866432,-0.1991755813360214,-0.9785213470458984,-0.9911860227584839,0.1085551977157593,-0.07593398541212082],"rotationconfidence":1},"7":{"id":7,"position":[-53.97335067391396,-374.6880292892456,2663.48123550415],"positionconfidence":1,"rotation":[0.04595538601279259,0.8193408846855164,0.5714618563652039,0.1242509707808495,0.5629354119300842,-0.8171079158782959,-0.9911860227584839,0.1085551977157