{"motiondata":[{"position":[107.8191921114922,-489.561140537262,2450.857400894165],"positionTracked":true,"id":4824,"skeleton":{"1":{"id":1,"position":[145.8560526371002,94.14626657962799,2688.875913619995],"positionconfidence":1,"rotation":[0.9996048808097839,0.0281091183423996,0,-0.02785042300820351,0.9904052019119263,0.1353581994771957,0.003804799634963274,-0.135304719209671,0.9907967448234558],"rotationconfidence":1},"2":{"id":2,"position":[151.2994915246964,-99.43104535341263,2662.41979598999],"positionconfidence":1,"rotation":[0.9989453554153442,0.03252020478248596,-0.03241124004125595,-0.02785042300820351,0.9904052019119263,0.1353581994771957,0.03650213778018951,-0.134312778711319,0.9902664422988892],"rotationconfidence":1},"3":{"id":3,"position":[132.8809708356857,-428.218275308609,2606.63628578186],"positionconfidence":1,"rotation":[0.9978543519973755,-0.04842314124107361,-0.04406482353806496,0.0551462359726429,0.9844101667404175,0.1670194119215012,0.03529025614261627,-0.169091060757637,0.984968364238739],"rotationconfidence":1},"4":{"id":4,"position":[127.4339854717255,-475.027322769165,2544.376373291016],"positionconfidence":1,"rotation":[0.9975335001945496,-0.03567519783973694,-0.06045027077198029,0.0697583481669426,0.599473237991333,0.7973490357398987,0.007792734075337648,-0.7995994091033936,0.6004833579063416],"rotationconfidence":1},"6":{"id":6,"position":[-1.683911774307489,-217.0265167951584,2663.955926895142],"positionconfidence":1,"rotation":[0.1951890289783478,0.9636874794960022,-0.1822300553321838,0.07001513987779617,-0.1990213841199875,-0.9774909615516663,-0.9782633781433105,0.178036630153656,-0.1063194945454598],"rotationconfidence":1},"7":{"id":7,"position":[-47.97134548425674,-445.5568790435791,2707.170248031616],"positionconfidence":1,"rotation":[-0.03484111279249191,0.3643070459365845,0.9306269288063049,0.2044186294078827,0.9141025543212891,-0.3501852452754974,-0.9782633781433105,0.178036630153656,-0.1063194945454598],"rotationconfidence":1},"8":{"id":8,"position":[-40.24606943130493,-526.3342261314392,2500.823497772217],"positionconfidence":0.5,"rotation":[0.01215650234371424,-0.817590057849884,0.575672447681427,0,0.5757150053977966,0.817650556564331,-0.9999262094497681,-0.009939771145582199,0.006998680997639895],"rotationconfidence":0.5},"9":{"id":9,"position":[-41.05155542492867,-472.1609652042389,2462.679624557495],"positionconfidence":0.5,"rotation":[0.01215650234371424,-0.817590057849884,0.575672447681427,0,0.5757150053977966,0.817650556564331,-0.9999262094497681,-0.009939771145582199,0.006998680997639895],"rotationconfidence":0.5},"12":{"id":12,"position":[296.8271970748901,-225.5755215883255,2651.793003082275],"positionconfidence":1,"rotation":[0.1520409137010574,-0.986515998840332,0.06058007478713989,-0.2661071419715881,-0.09988746047019958,-0.9587542414665222,0.9518774151802063,0.1296490579843521,-0.2777058780193329],"rotationconfidence":1},"13":{"id":13,"position":[331.2754333019257,-449.0925669670105,2665.518760681152],"positionconfidence":1,"rotation":[-0.2432275414466858,-0.2317287921905518,-0.9418822526931763,-0.1864665895700455,0.9641021490097046,-0.1890431791543961,0.9518774151802063,0.1296490579843521,-0.2777058780193329],"rotationconfidence":1},"14":{"id":14,"position":[272.6891338825226,-504.9091577529907,2438.647270202637],"positionconfidence":1,"rotation":[-0.2343203276395798,-0.2578453123569489,-0.9373418688774109,0,-0.964185357093811,0.2652294337749481,-0.9721594452857971,0.06214864924550057,0.2259282320737839],"rotationconfidence":1},"15":{"id":15,"position":[254.7118663787842,-524.6912837028503,2366.733551025391],"positionconfidence":0.5,"rotation":[-0.2343203276395798,-0.2578453123569489,-0.9373418688774109,0,-0.964185357093811,0.2652294337749481,-0.9721594452857971,0.06214864924550057,0.2259282320737839],"rotationconfidence":0.5},"17":{"id":17,"position":[59.17808786034584,-536.1006259918213,2525.622844696045],"positionconfidence":1,"rotation":[0.8677082657814026,-0.4477364420890808,-0.2159040719270706,0.4951749444007874,0.8165274858474731,0.2967905104160309,0.04340768977999687,-0.3644378781318665,0.9302155375480652],"rotationconfidence":1},"18":{"id":18,"position":[-113.6294007301331,-821.0545778274536,2422.048091888428],"positionconfidence":1,"rotation":[0.9755191206932068,0.2199147492647171,0,-0.1710053682327271,0.7585621476173401,0.6287612915039062,0.1382738798856735,-0.6133686900138855,0.77759850025177],"rotationconfidence":1},"19":{"id":19,"position":[-47.59327694773674,-1113.983988761902,2179.243087768555],"positionconfidence":0.5,"rotation":[-0.642033040523529,0.7666770219802856,0,-0.6405300498008728,-0.5363946557044983,-0.5495471358299255,-0.421325147151947,-0.352827399969101,0.8354626893997192],"rotationconfidence":0.5},"20":{"id":20,"position":[-1.194041455164552,-1075.128197669983,2087.236166000366],"positionconfidence":0.5,"rotation":[-0.642033040523529,0.7666770219802856,0,-0.6405300498008728,-0.5363946557044983,-0.5495471358299255,-0.421325147151947,-0.352827399969101,0.8354626893997192],"rotationconfidence":0.5},"21":{"id":21,"position":[187.5833123922348,-540.7031774520874,2517.827749252319],"positionconfidence":1,"rotation":[0.9497964382171631,0.3063733577728272,0.06341913342475891,-0.3095950484275818,0.8911033868789673,0.3317916393280029,0.04513910785317421,-0.3347687423229218,0.9412184953689575],"rotationconfidence":1},"22":{"id":22,"position":[295.9019243717194,-852.4752259254456,2401.743173599243],"positionconfidence":1,"rotation":[0.9372045993804932,0.179327517747879,0.2991473972797394,-0.3484350442886353,0.519533097743988,0.780178427696228,-0.01550951320677996,-0.8354202508926392,0.549392819404602],"rotationconfidence":1},"23":{"id":23,"position":[398.2434570789337,-1005.07128238678,2172.590970993042],"positionconfidence":0.5,"rotation":[-0.9208042621612549,-0.3900251090526581,0,-0.2170784771442413,0.5124972462654114,-0.830797016620636,0.3240316510200501,-0.7650013566017151,-0.5565756559371948],"rotationconfidence":0.5},"24":{"id":24,"position":[363.103449344635,-922.1097826957703,2232.949495315552],"positionconfidence":1,"rotation":[-0.9208042621612549,-0.3900251090526581,0,-0.2170784771442413,0.5124972462654114,-0.830797016620636,0.3240316510200501,-0.7650013566017151,-0.5565756559371948],"rotationconfidence":1}},"skeletonTracked":true,"frameCount":1},{"position":[109.4127297401428,-489.3812835216522,2451.437711715698],"positionTracked":true,"id":4824,"skeleton":{"1":{"id":1,"position":[144.8037028312683,94.4596454501152,2688.417911529541],"positionconfidence":1,"rotation":[0.9995313286781311,0.03061201609671116,0,-0.0303411465138197,0.9906870126724243,0.132735550403595,0.004063302651047707,-0.1326733380556107,0.9911515116691589],"rotationconfidence":1},"2":{"id":2,"position":[150.7371217012405,-99.27598387002945,2662.460565567017],"positionconfidence":1,"rotation":[0.9988425970077515,0.03500957787036896,-0.03297914564609528,-0.0303411465138197,0.9906870126724243,0.132735550403595,0.03731902316212654,-0.1315812915563583,0.9906025528907776],"rotationconfidence":1},"3":{"id":3,"position":[132.5750201940537,-428.1735718250275,2606.497526168823],"positionconfidence":1,"rotation":[0.997872531414032,-0.04750615358352661,-0.04465092718601227,0.05435822159051895,0.9843733310699463,0.167494460940361,0.03599616140127182,-0.1695652455091476,0.9848613739013672],"rotationconfidence":1},"4":{"id":4,"position":[127.1103620529175,-474.9742150306702,2544.237375259399],"positionconfidence":1,"rotation":[0.9975157976150513,-0.03564071655273438,-0.06076237186789513,0.06998792290687561,0.599393367767334,0.797389030456543,0.008001045323908329,-0.7996608018875122,0.6003987789154053],"rotationconfidence":1},"6":{"id":6,"position":[-2.150310436263681,-216.9580012559891,2664.08371925354],"positionconfidence":1,"rotation":[0.1974353939294815,0.9622521996498108,-0.1873233467340469,0.06927251070737839,-0.2043014168739319,-0.9764540195465088,-0.9778653979301453,0.1798102259635925,-0.1069939509034157],"rotationconfidence":1},"7":{"id":7,"position":[-48.91993850469589,-444.9018239974976,2708.457946777344],"positionconfidence":1,"rotation":[-0.03456247970461845,0.3655199110507965,0.9301615953445435,0.2063609808683395,0.9132708311080933,-0.351214587688446,-0.9778653979301453,0.1798102259635925,-0.1069939509034157],"rotationconfidence":1},"8":{"id":8,"position":[-41.22641310095787,-526.2656807899475,2501.406192779541],"positionconfidence":0.5,"rotation":[0.01224380359053612,-0.8176817297935486,0.5755402445793152,0,0.5755834579467773,0.8177430629730225,-0.9999250173568726,-0.01001228578388691,0.007047330960631371],"rotationconfidence":0.5},"9":{"id":9,"position":[-42.03736782073975,-472.1074402332306,2463.28592300415],"positionconfidence":0.5,"rotation":[0.01224380359053612,-0.8176817297935486,0.5755402445793152,0,0.5755834579467773,0.8177430629730225,-0.9999250173568726,-0.01001228578388691,0.007047330960631371],"rotationconfidence":0.5},"12":{"id":12,"position":[296.3431775569916,-225.4827618598938,2651.706218719482],"positionconfidence":1,"rotation":[0.1528217494487763,-0.9864445924758911,0.0597720667719841,-0.2731146812438965,-0.1002835854887962,-0.956740140914917,0.9497652053833008,0.1298860609531403,-0.2847379744052887],"rotationconfidence":1},"13":{"id":13,"position":[330.98104596138,-449.0657150745392,2665.253877639771],"positionconfidence":1,"rotation":[-0.2505205273628235,-0.229780375957489,-0.9404469132423401,-0.1875781416893005,0.9645364880561829,-0.1856982856988907,0.9497652053833008,0.1298860609531403,-0.2847379744052887],"rotationconfidence":1},"14":{"id":14,"position":[270.6051170825958,-504.4432282447815,2438.604354858398],"positionconfidence":1,"rotation":[-0.2344691306352615,-0.2561623752117157,-0.9377660155296326,0,-0.9646572470664978,0.2635080516338348,-0.9721236228942871,0.06178450211882591,0.2261823415756226],"rotationconfidence":1},"15":{"id":15,"position":[252.6410818099976,-524.0693092346191,2366.756677627564],"positionconfidence":0.5,"rotation":[-0.2344691306352615,-0.2561623752117157,-0.9377660155296326,0,-0.9646572470664978,0.2635080516338348,-0.9721236228942871,0.06178450211882591,0.2261823415756226],"rotationconfidence":0.5},"17":{"id":17,"position":[58.85394662618637,-536.0628366470337,2525.512456893921],"positionconfidence":1,"rotation":[0.8684334754943848,-0.4466943740844727,-0.215145081281662,0.4938976466655731,0.8174334764480591,0.2964246571063995,0.0434555746614933,-0.363684743642807,0.9305079579353333],"rotationconfidence":1},"18":{"id":18,"position":[-113.5818809270859,-821.4555978775024,2422.02091217041],"positionconfidence":1,"rotation":[0.9786502718925476,0.2055327445268631,0,-0.1579925417900085,0.7522861957550049,0.6396122574806213,0.1314612627029419,-0.6259567141532898,0.7686977386474609],"rotationconfidence":1},"19":{"id":19,"position":[-52.46896669268608,-1112.446546554565,2174.613237380981],"positionconfidence":0.5,"rotation":[-0.6667651534080505,0.745267927646637,0,-0.638830840587616,-0.5715396404266357,-0.515012264251709,-0.3838220834732056,-0.3433921933174133,0.8571828007698059],"rotationconfidence":0.5},"20":{"id":20,"position":[-10.17672941088677,-1074.609160423279,2080.162763595581],"positionconfidence":0.5,"rotation":[-0.6667651534080505,0.745267927646637,0,-0.638830840587616,-0.5715396404266357,-0.515012264251709,-0.3838220834732056,-0.3433921933174133,0.8571828007698059],"rotationconfidence":0.5},"21":{"id":21,"position":[187.2819066047669,-540.6176447868347,2517.734527587891],"positionconfidence":1,"rotation":[0.9499802589416504,0.3058914244174957,0.06299226731061935,-0.3090269267559052,0.8915055990219116,0.3312403857707977,0.04516563192009926,-0.3341381251811981,0.9414413571357727],"rotationconfidence":1},"22":{"id":22,"position":[295.4115271568298,-852.5586128234863,2401.832342147827],"positionconfidence":1,"rotation":[0.9368465542793274,0.1773859709501267,0.3014180362224579,-0.3492709100246429,0.5191806554794312,0.7800392508506775,-0.01812239363789558,-0.8360536098480225,0.5483483672142029],"rotationconfidence":1},"23":{"id":23,"position":[398.0000019073486,-1005.053281784058,2172.717809677124],"positionconfidence":0.5,"rotation":[-0.921056866645813,-0.3894281983375549,0,-0.216392457485199,0.5118010640144348,-0.8314048647880554,0.3237724900245667,-0.7657710909843445,-0.5556671619415283],"rotationconfidence":0.5},"24":{"id":24,"position":[362.8462553024292,-921.9093322753906,2233.049631118774],"positionconfidence":1,"rotation":[-0.921056866645813,-0.3894281983375549,0,-0.216392457485199,0.5118010640144348,-0.8314048647880554,0.3237724900245667,-0.7657710909843445,-0.5556671619415283],"rotationconfidence":1}},"skeletonTracked":true,"frameCount":2},{"position":[106.8172082304955,-491.1454916000366,2452.332735061646],"positionTracked":true,"id":4824,"skeleton":{"1":{"id":1,"position":[144.2328840494156,94.6386530995369,2688.201189041138],"positionconfidence":1,"rotation":[0.999529242515564,0.0306805819272995,0,-0.03041437640786171,0.9908565878868103,0.1314467787742615,0.004032863769680262,-0.1313848942518234,0.9913232922554016],"rotationconfidence":1},"2":{"id":2,"position":[150.1816213130951,-99.16264563798904,2662.4915599823],"positionconfidence":1,"rotation":[0.998814046382904,0.03513071313500404,-0.03371093049645424,-0.03041437640786171,0.9908565878868103,0.1314467787742615,0.03802051395177841,-0.1302655786275864,0.9907498955726624],"rotationconfidence":1},"3":{"id":3,"position":[132.296696305275,-428.1408488750458,2606.422662734985],"positionconfidence":1,"rotation":[0.9978946447372437,-0.04655444994568825,-0.04515641182661057,0.0535154864192009,0.9843725562095642,0.1677700281143189,0.03664029017090797,-0.1698333621025085,0.9847914576530457],"rotationconfidence":1},"4":{"id":4,"position":[126.8304437398911,-474.9439060688019,2544.177055358887],"positionconfidence":1,"rotation":[0.9975128769874573,-0.03557893261313438,-0.06084693968296051,0.07001734524965286,0.599501371383667,0.7973052859306335,0.00811055488884449,-0.7995826005935669,0.6005014777183533],"rotationconfidence":1},"6":{"id":6,"position":[-2.61104479432106,-216.9028371572495,2664.218902587891],"positionconfidence":1,"rotation":[0.1994282901287079,0.9608131051063538,-0.1925270408391953,0.0681423544883728,-0.2095958888530731,-0.9754108190536499,-0.9775402545928955,0.181405246257782,-0.1072714030742645],"rotationconfidence":1},"7":{"id":7,"position":[-49.80355501174927,-444.268673658371,2709.778308868408],"positionconfidence":1,"rotation":[-0.03404949605464935,0.3663686513900757,0.9298465847969055,0.2079799324274063,0.9126150012016296,-0.3519633412361145,-0.9775402545928955,0.181405246257782,-0.1072714030742645],"rotationconfidence":1},"8":{"id":8,"position":[-42.1963669359684,-526.1211395263672,2502.036094665527],"positionconfidence":0.5,"rotation":[0.01265190355479717,-0.8178397417068481,0.5753069519996643,0,0.5753530263900757,0.8179051876068115,-0.9999199509620667,-0.01034805737435818,0.007279310841113329],"rotationconfidence":0.5},"9":{"id":9,"position":[-43.03381592035294,-471.9870686531067,2463.955640792847],"positionconfidence":0.5,"rotation":[0.01265190355479717,-0.8178397417068481,0.5753069519996643,0,0.5753530263900757,0.8179051876068115,-0.9999199509620667,-0.01034805737435818,0.007279310841113329],"rotationconfidence":0.5},"12":{"id":12,"position":[295.9286570549011,-225.4227250814438,2651.642084121704],"positionconfidence":1,"rotation":[0.1534120738506317,-0.9863930940628052,0.05910558626055718,-0.2797628343105316,-0.1007218211889267,-0.9547712206840515,0.9477328658103943,0.1299378722906113,-0.2914080619812012],"rotationconfidence":1},"13":{"id":13,"position":[330.7112157344818,-449.0640163421631,2665.042877197266],"positionconfidence":1,"rotation":[-0.2570231854915619,-0.2302547544240952,-0.9385743737220764,-0.1890544444322586,0.9644163846969604,-0.1848229467868805,0.9477328658103943,0.1299378722906113,-0.2914080619812012],"rotationconfidence":1},"14":{"id":14,"position":[268.7840759754181,-504.5415759086609,2438.902854919434],"positionconfidence":1,"rotation":[-0.2355249226093292,-0.2539578378200531,-0.9381009936332703,0,-0.9652552604675293,0.261308878660202,-0.9718683362007141,0.0615447536110878,0.2273416668176651],"rotationconfidence":1},"15":{"id":15,"position":[250.7598400115967,-523.9764451980591,2367.111921310425],"positionconfidence":0.5,"rotation":[-0.2355249226093292,-0.2539578378200531,-0.9381009936332703,0,-0.9652552604675293,0.261308878660202,-0.9718683362007141,0.0615447536110878,0.2273416668176651],"rotationconfidence":0.5},"17":{"id":17,"position":[58.55314433574677,-536.0578894615173,2525.483846664429],"positionconfidence":1,"rotation":[0.8690178990364075,-0.4458670020103455,-0.2145005911588669,0.4928750991821289,0.8181034326553345,0.2962785959243774,0.04338280856609345,-0.3631933629512787,0.9307031631469727],"rotationconfidence":1},"18":{"id":18,"position":[-113.5870963335037,-821.7865228652954,2422.006368637085],"positionconfidence":1,"rotation":[0.9798789024353027,0.1995929628610611,0,-0.152472048997879,0.7485440969467163,0.6453168988227844,0.128800705075264,-0.632332444190979,0.763914942741394],"rotationconfidence":1},"19":{"id":19,"position":[-54.55346405506134,-1111.605405807495,2172.154664993286],"positionconfidence":0.5,"rotation":[-0.6735864281654358,0.7391084432601929,0,-0.6382011771202087,-0.5816246271133423,-0.5043928027153015,-0.3728010058403015,-0.3397521674633026,0.8634743690490723],"rotationconfidence":0.5},"20":{"id":20,"position":[-13.50326649844647,-1074.194312095642,2077.075004577637],"positionconfidence":0.5,"rotation":[-0.6735864281654358,0.7391084432601929,0,-0.6382011771202087,-0.5816246271133423,-0.5043928027153015,-0.3728010058403015,-0.3397521674633026,0.8634743690490723],"rotationconfidence":0.5},"21":{"id":21,"position":[187.0558112859726,-540.5775308609009,2517.730236053467],"positionconfidence":1,"rotation":[0.9500570297241211,0.3056760132312775,0.06287946552038193,-0.3088042140007019,0.8917143940925598,0.3308857083320618,0.04507330432534218,-0.3337777554988861,0.9415736198425293],"rotationconfidence":1},"22":{"id":22,"position":[295.1198518276215,-852.6272177696228,2401.938915252686],"positionconfidence":1,"rotation":[0.936693549156189,0.1763307452201843,0.302510678768158,-0.3496134281158447,0.5188076496124268,0.7801341414451599,-0.01938322000205517,-0.8365083932876587,0.5476113557815552],"rotationconfidence":1},"23":{"id":23,"position":[397.8074491024017,-1005.01012802124,2172.799825668335],"positionconfidence":0.5,"rotation":[-0.9211714267730713,-0.3891570568084717,0,-0.2161736786365509,0.5117034316062927,-0.8315218091011047,0.3235925734043121,-0.7659741044044495,-0.555492103099823],"rotationconfidence":0.5},"24":{"id":24,"position":[362.6453578472138,-921.77814245224,2233.160495758057],"positionconfidence":1,"rotation":[-0.9211714267730713,-0.3891570568084717,0,-0.2161736786365509,0.5117034316062927,-0.8315218091011047,0.3235925734043121,-0.7659741044044495,-0.555492103099823],"rotationconfidence":1}},"skeletonTracked":true,"frameCount":3},{"position":[109.981395304203,-490.9960329532623,2451.111555099487],"positionTracked":true,"id":4824,"skeleton":{"1":{"id":1,"position":[143.8266783952713,94.60347145795822,2687.960863113403],"positionconfidence":1,"rotation":[0.999549925327301,0.0299993921071291,0,-0.02974304370582104,0.9910086989402771,0.1304492056369782,0.003913396969437599,-0.1303904950618744,0.9914549589157104],"rotationconfidence":1},"2":{"id":2,"position":[149.6419012546539,-99.15397316217422,2662.456035614014],"positionconfidence":1,"rotation":[0.9988174438476562,0.03448807820677757,-0.03426708653569222,-0.02974304370582104,0.9910086989402771,0.1304492056369782,0.03845792636275291,-0.1292757540941238,0.9908626675605774],"rotationconfidence":1},"3":{"id":3,"position":[131.9916844367981,-428.130567073822,2606.376647949219],"positionconfidence":1,"rotation":[0.9979173541069031,-0.04579610750079155,-0.04542861878871918,0.05281513556838036,0.9844039678573608,0.1678075939416885,0.03703517839312553,-0.1698574274778366,0.9847725033760071],"rotationconfidence":1},"4":{"id":4,"position":[126.5395879745483,-474.9379754066467,2544.153928756714],"positionconfidence":1,"rotation":[0.997523307800293,-0.03538110852241516,-0.06078961491584778,0.06985089182853699,0.5996847748756409,0.7971819043159485,0.008249430917203426,-0.7994537353515625,0.6006709933280945],"rotationconfidence":1},"6":{"id":6,"position":[-3.020802047103643,-216.8623954057694,2664.31450843811],"positionconfidence":1,"rotation":[0.2001054584980011,0.9599030613899231,-0.1963260620832443,0.06640727818012238,-0.2132057845592499,-0.974747896194458,-0.9775213599205017,0.1820148974657059,-0.1064081862568855],"rotationconfidence":1},"7":{"id":7,"position":[-50.45480281114578,-444.4026350975037,2710.85262298584],"positionconfidence":1,"rotation":[-0.03313032165169716,0.3658178448677063,0.9300965666770935,0.2082174420356751,0.9127146005630493,-0.3515645563602448,-0.9775213599205017,0.1820148974657059,-0.1064081862568855],"rotationconfidence":1},"8":{"id":8,"position":[-43.03557425737381,-526.3241529464722,2502.56609916687],"positionconfidence":0.5,"rotation":[0.01340270694345236,-0.8179513216018677,0.5751314163208008,0,0.575183093547821,0.818024754524231,-0.999910295009613,-0.0109637463465333,0.007709010504186153],"rotationconfidence":0.5},"9":{"id":9,"position":[-43.92173513770104,-472.2428023815155,2464.539527893066],"positionconfidence":0.5,"rotation":[0.01340270694345236,-0.8179513216018677,0.5751314163208008,0,0.575183093547821,0.818024754524231,-0.999910295009613,-0.0109637463465333,0.007709010504186153],"rotationconfidence":0.5},"12":{"id":12,"position":[295.5974042415619,-225.4246175289154,2651.607275009155],"positionconfidence":1,"rotation":[0.1538493782281876,-0.9863395094871521,0.05886266753077507,-0.2812713980674744,-0.100824385881424,-0.954317033290863,0.9472153186798096,0.1302646845579147,-0.2929408550262451],"rotationconfidence":1},"13":{"id":13,"position":[330.4791152477264,-449.0537941455841,2664.952993392944],"positionconfidence":1,"rotation":[-0.2585284411907196,-0.2300048470497131,-0.9382221698760986,-0.189595028758049,0.9644319415092468,-0.1841869950294495,0.9472153186798096,0.1302646845579147,-0.2929408550262451],"rotationconfidence":1},"14":{"id":14,"position":[268.2224810123444,-504.4416189193726,2439.018249511719],"positionconfidence":1,"rotation":[-0.2366839647293091,-0.2530011832714081,-0.9380677938461304,0,-0.9655007719993591,0.2603999972343445,-0.9715867042541504,0.06163250282406807,0.228518545627594],"rotationconfidence":1},"15":{"id":15,"position":[250.1113712787628,-523.801326751709,2367.237091064453],"positionconfidence":0.5,"rotation":[-0.2366839647293091,-0.2530011832714081,-0.9380677938461304,0,-0.9655007719993591,0.2603999972343445,-0.9715867042541504,0.06163250282406807,0.228518545627594],"rotationconfidence":0.5},"17":{"id":17,"position":[58.22042003273964,-536.0826253890991,2525.507926940918],"positionconfidence":1,"rotation":[0.8695893883705139,-0.4449996948242188,-0.2139850556850433,0.4918666779994965,0.8187296390533447,0.2962245047092438,0.04337610676884651,-0.362845778465271,0.9308391213417053],"rotationconfidence":1},"18":{"id":18,"position":[-113.6247292160988,-822.1250176429749,2422.014951705933],"positionconfidence":1,"rotation":[0.9802879691123962,0.1975741684436798,0,-0.1501745134592056,0.7451089024543762,0.6498157382011414,0.1283868104219437,-0.6370065212249756,0.7600919008255005],"rotationconfidence":1},"19":{"id":19,"position":[-55.4448813199997,-1110.791325569153,2170.266628265381],"positionconfidence":0.5,"rotation":[-0.6768972873687744,0.7360774874687195,0,-0.636874794960022,-0.5856704711914062,-0.5013787150382996,-0.3690535724163055,-0.3393818736076355,0.8652279376983643],"rotationconfidence":0.5},"20":{"id":20,"position":[-14.8974135518074,-1073.503851890564,2075.205087661743],"positionconfidence":0.5,"rotation":[-0.6768972873687744,0.7360774874687195,0,-0.636874794960022,-0.5856704711914062,-0.5013787150382996,-0.3690535724163055,-0.3393818736076355,0.8652279376983643],"rotationconfidence":0.5},"21":{"id":21,"position":[186.8273764848709,-540.5737161636353,2517.764329910278],"positionconfidence":1,"rotation":[0.9502232670783997,0.3052936494350433,0.06222081929445267,-0.3082861602306366,0.8923546075820923,0.3296404182910919,0.04511408507823944,-0.3324138224124908,0.942054033279419],"rotationconfidence":1},"22":{"id":22,"position":[294.7241365909576,-852.8879880905151,2402.393817901611],"positionconfidence":1,"rotation":[0.9362553954124451,0.1764164566993713,0.3038139939308167,-0.3507975041866303,0.5165896415710449,0.781073808670044,-0.01915288902819157,-0.8378617763519287,0.545546293258667],"rotationconfidence":1},"23":{"id":23,"position":[397.790402173996,-1004.664897918701,2172.90997505188],"positionconfidence":0.5,"rotation":[-0.9203277826309204,-0.3911479115486145,0,-0.2179389894008637,0.512786328792572,-0.8303930163383484,0.3248065412044525,-0.7642338275909424,-0.5571779608726501],"rotationconfidence":0.5},"24":{"id":24,"position":[362.4557256698608,-921.526312828064,2233.523607254028],"positionconfidence":1,"rotation":[-0.9203277826309204,-0.3911479115486145,0,-0.2179389894008637,0.512786328792572,-0.8303930163383484,0.3248065412044525,-0.7642338275909424,-0.5571779608726501],"rotationconfidence":1}},"skeletonTracked":true,"frameCount":4},{"position":[112.0014637708664,-488.4017705917358,2451.589822769165],"positionTracked":true,"id":4824,"skeleton":{"1":{"id":1,"position":[143.6025053262711,94.65587884187698,2687.841176986694],"positionconfidence":1,"rotation":[0.999560534954071,0.02964526228606701,0,-0.02939394675195217,0.9910868406295776,0.1299340277910233,0.003851928282529116,-0.1298769265413284,0.9915226697921753],"rotationconfidence":1},"2":{"id":2,"position":[149.3498235940933,-99.12862628698349,2662.435531616211],"positionconfidence":1,"rotation":[0.9988275766372681,0.03412500768899918,-0.03433558344841003,-0.02939394675195217,0.9910868406295776,0.1299340277910233,0.038463544100523,-0.1287724375724793,0.9909279346466064],"rotationconfidence":1},"3":{"id":3,"position":[131.7591071128845,-428.1077086925507,2606.371164321899],"positionconfidence":1,"rotation":[0.9979272484779358,-0.04562579840421677,-0.04538215324282646,0.05263759940862656,0.984420895576477,0.1677642613649368,0.03702075779438019,-0.1698053181171417,0.9847819805145264],"rotationconfidence":1},"4":{"id":4,"position":[126.3403594493866,-474.9249815940857,2544.169425964356],"positionconfidence":1,"rotation":[0.9975552558898926,-0.03543468937277794,-0.06023215502500534,0.06943532079458237,0.5999121069908142,0.7970471978187561,0.007890881970524788,-0.7992808222770691,0.6009058952331543],"rotationconfidence":1},"6":{"id":6,"position":[-3.347058081999421,-216.8071269989014,2664.366722106934],"positionconfidence":1,"rotation":[0.2002063542604446,0.9594715237617493,-0.1983224004507065,0.06479505449533463,-0.2149438858032227,-0.9744746685028076,-0.9776089191436768,0.1822457164525986,-0.1052021458745003],"rotationconfidence":1},"7":{"id":7,"position":[-50.91308057308197,-444.7631537914276,2711.485147476196],"positionconfidence":1,"rotation":[-0.03205703571438789,0.3651207387447357,0.9304080605506897,0.207974374294281,0.9129477143287659,-0.3511030375957489,-0.9776089191436768,0.1822457164525986,-0.1052021458745003],"rotationconfidence":1},"8":{"id":8,"position":[-43.72478649020195,-526.6358256340027,2502.855539321899],"positionconfidence":0.5,"rotation":[0.01416960824280977,-0.8179064393043518,0.575176477432251,0,0.5752342939376831,0.8179886341094971,-0.9998993873596191,-0.01159057859331369,0.00815084483474493],"rotationconfidence":0.5},"9":{"id":9,"position":[-44.66057568788528,-472.6196527481079,2464.869737625122],"positionconfidence":0.5,"rotation":[0.01416960824280977,-0.8179064393043518,0.575176477432251,0,0.5752342939376831,0.8179886341094971,-0.9998993873596191,-0.01159057859331369,0.00815084483474493],"rotationconfidence":0.5},"12":{"id":12,"position":[295.4166531562805,-225.4077941179276,2651.652336120606],"positionconfidence":1,"rotation":[0.1550041884183884,-0.9857795238494873,0.0649021565914154,-0.2803044319152832,-0.1068811789155006,-0.9539422988891602,0.9473137259483337,0.1296726912260056,-0.2928854525089264],"rotationconfidence":1},"13":{"id":13,"position":[330.58962225914,-449.0971863269806,2666.379690170288],"positionconfidence":1,"rotation":[-0.2588805556297302,-0.2284976840019226,-0.9384932518005371,-0.1886205971240997,0.9648699164390564,-0.1828892529010773,0.9473137259483337,0.1296726912260056,-0.2928854525089264],"rotationconfidence":1},"14":{"id":14,"position":[267.9029703140259,-504.4267773628235,2439.128160476685],"positionconfidence":1,"rotation":[-0.2379565685987473,-0.2517023980617523,-0.938095211982727,0,-0.9658380746841431,0.2591461539268494,-0.971275806427002,0.06166553124785423,0.2298275083303452],"rotationconfidence":1},"15":{"id":15,"position":[249.6819496154785,-523.7003564834595,2367.295503616333],"positionconfidence":0.5,"rotation":[-0.2379565685987473,-0.2517023980617523,-0.938095211982727,0,-0.9658380746841431,0.2591461539268494,-0.971275806427002,0.06166553124785423,0.2298275083303452],"rotationconfidence":0.5},"17":{"id":17,"position":[57.96950310468674,-536.0998511314392,2525.549411773682],"positionconfidence":1,"rotation":[0.8700039982795715,-0.4446891248226166,-0.2129427790641785,0.4911884665489197,0.8191651701927185,0.2961457371711731,0.0427425242960453,-0.3622430264949799,0.9311031699180603],"rotationconfidence":1},"18":{"id":18,"position":[-113.6894896626473,-822.3791122436523,2422.053337097168],"positionconfidence":1,"rotation":[0.9802581667900085,0.197721540927887,0,-0.1497495770454407,0.7424241900444031,0.6529789566993713,0.1291080117225647,-0.6400879621505737,0.7573760747909546],"rotationconfidence":1},"19":{"id":19,"position":[-55.65184727311134,-1110.116481781006,2168.981790542603],"positionconfidence":0.5,"rotation":[-0.6791854500770569,0.7339668273925781,0,-0.6346404552459717,-0.5872725248336792,-0.5023372769355774,-0.3686988353729248,-0.3411800861358643,0.8646718263626099],"rotationconfidence":0.5},"20":{"id":20,"position":[-15.15319012105465,-1072.640538215637,2074.004411697388],"positionconfidence":0.5,"rotation":[-0.6791854500770569,0.7339668273925781,0,-0.6346404552459717,-0.5872725248336792,-0.5023372769355774,-0.3686988353729248,-0.3411800861358643,0.8646718263626099],"rotationconfidence":0.5},"21":{"id":21,"position":[186.67072057724,-540.5819416046143,2517.897605895996],"positionconfidence":1,"rotation":[0.9503030180931091,0.3049760758876801,0.06256060302257538,-0.3081347644329071,0.8926736116409302,0.3289175629615784,0.04446578770875931,-0.3318484425544739,0.9422841668128967],"rotationconfidence":1},"22":{"id":22,"position":[294.5341765880585,-853.0648946762085,2402.759075164795],"positionconfidence":1,"rotation":[0.9354204535484314,0.1823868453502655,0.302858978509903,-0.3533273637294769,0.5117971301078796,0.783085823059082,-0.01217780355364084,-0.8395228385925293,0.5431877374649048],"rotationconfidence":1},"23":{"id":23,"position":[398.3048498630524,-1003.377437591553,2172.770261764526],"positionconfidence":0.5,"rotation":[-0.9167921543121338,-0.3993647992610931,0,-0.2248789966106415,0.5162380337715149,-0.8263945579528809,0.3300328552722931,-0.7576319575309753,-0.5630916953086853],"rotationconfidence":0.5},"24":{"id":24,"position":[362.4326884746552,-921.0283756256104,2233.97421836853],"positionconfidence":1,"rotation":[-0.9167921543121338,-0.3993647992610931,0,-0.2248789966106415,0.5162380337715149,-0.8263945579528809,0.3300328552722931,-0.7576319575309753,-0.5630916953086853],"rotationconfidence":1}},"skeletonTracked":true,"frameCount":5},{"position":[112.3191341757774,-492.7428066730499,2450.615644454956],"positionTracked":true,"id":4824,"skeleton":{"1":{"id":1,"position":[143.6169296503067,94.7655513882637,2687.671184539795],"positionconfidence":1,"rotation":[0.999588668346405,0.02867915295064449,0,-0.02843917533755302,0.991224467754364,0.1290939301252365,0.003702304558828473,-0.1290408223867416,0.991632342338562],"rotationconfidence":1},"2":{"id":2,"position":[149.1791903972626,-99.10254925489426,2662.42241859436],"positionconfidence":1,"rotation":[0.9988596439361572,0.03313466161489487,-0.03437142819166184,-0.02843917533755302,0.991224467754364,0.1290939301252365,0.0383472852408886,-0.1279692202806473,0.9910364747047424],"rotationconfidence":1},"3":{"id":3,"position":[131.5793842077255,-428.0815720558167,2606.374502182007],"positionconfidence":1,"rotation":[0.9979313015937805,-0.04568008333444595,-0.04523998498916626,0.05266516655683518,0.9844276309013367,0.1677162200212479,0.0368741936981678,-0.1697518229484558,0.9847967624664307],"rotationconfidence":1},"4":{"id":4,"position":[126.1833757162094,-474.9111533164978,2544.193506240845],"positionconfidence":1,"rotation":[0.9975792169570923,-0.03573873266577721,-0.05965353548526764,0.06915344297885895,0.6001522541046143,0.796890914440155,0.007321330718696117,-0.7990870475769043,0.6011708378791809],"rotationconfidence":1},"6":{"id":6,"position":[-3.608790459111333,-216.754138469696,2664.404392242432],"positionconfidence":1,"rotation":[0.2002670466899872,0.9591588973999023,-0.1997682303190231,0.06340042501688004,-0.2161588817834854,-0.9742975831031799,-0.9776878356933594,0.1824542880058289,-0.1041005775332451],"rotationconfidence":1},"7":{"id":7,"position":[-51.21175572276115,-444.7437524795532,2711.888790130615],"positionconfidence":1,"rotation":[-0.03094601444900036,0.3650605082511902,0.9304693341255188,0.2077711224555969,0.9129300713539124,-0.3512689769268036,-0.9776878356933594,0.1824542880058289,-0.1041005775332451],"rotationconfidence":1},"8":{"id":8,"position":[-44.26670446991921,-526.67236328125,2503.068447113037],"positionconfidence":0.5,"rotation":[0.01470247469842434,-0.8179448843002319,0.5751087665557861,0,0.5751708745956421,0.8180332183837891,-0.9998918771743774,-0.01202711276710033,0.008456435054540634],"rotationconfidence":0.5},"9":{"id":9,"position":[-45.23700103163719,-472.6917147636414,2465.113878250122],"positionconfidence":0.5,"rotation":[0.01470247469842434,-0.8179448843002319,0.5751087665557861,0,0.5751708745956421,0.8180332183837891,-0.9998918771743774,-0.01202711276710033,0.008456435054540634],"rotationconfidence":0.5},"12":{"id":12,"position":[295.2823340892792,-225.3980189561844,2651.72290802002],"positionconfidence":1,"rotation":[0.1561878621578217,-0.9853249788284302,0.06884709000587463,-0.2561396360397339,-0.1077225282788277,-0.9606186151504517,0.9539380073547363,0.1324025243520737,-0.269205778837204],"rotationconfidence":1},"13":{"id":13,"position":[330.7365477085114,-449.0640759468079,2667.351007461548],"positionconfidence":1,"rotation":[-0.2348280698060989,-0.2289035320281982,-0.9447004795074463,-0.1867028772830963,0.9644027948379517,-0.1872679442167282,0.9539380073547363,0.1324025243520737,-0.269205778837204],"rotationconfidence":1},"14":{"id":14,"position":[275.4890024662018,-502.9177665710449,2445.093154907227],"positionconfidence":1,"rotation":[-0.2606716752052307,-0.2460063993930817,-0.9335582852363586,0,-0.9669895768165588,0.2548160552978516,-0.9654275178909302,0.06642332673072815,0.2520667910575867],"rotationconfidence":1},"15":{"id":15,"position":[254.9678087234497,-522.2844481468201,2371.599435806274],"positionconfidence":0.5,"rotation":[-0.2606716752052307,-0.2460063993930817,-0.9335582852363586,0,-0.9669895768165588,0.2548160552978516,-0.9654275178909302,0.06642332673072815,0.2520667910575867],"rotationconfidence":0.5},"17":{"id":17,"position":[57.76337161660194,-536.1084342002869,2525.588512420654],"positionconfidence":1,"rotation":[0.870305061340332,-0.4446603655815125,-0.2117691338062286,0.4907274544239044,0.819476842880249,0.2960475385189056,0.04189929738640785,-0.361572653055191,0.9314020276069641],"rotationconfidence":1},"18":{"id":18,"position":[-113.7815117835999,-822.5750923156738,2422.098398208618],"positionconfidence":1,"rotation":[0.9798812866210938,0.199581116437912,0,-0.150792270898819,0.7403432130813599,0.6550982594490051,0.1307452470064163,-0.6419185400009155,0.7555437684059143],"rotationconfidence":1},"19":{"id":19,"position":[-55.32736331224442,-1109.566807746887,2168.151617050171],"positionconfidence":0.5,"rotation":[-0.6771752834320068,0.7358217835426331,0,-0.6330408453941345,-0.5825861692428589,-0.5097576379776001,-0.3750907480716705,-0.3451952636241913,0.860318124294281],"rotationconfidence":0.5},"20":{"id":20,"position":[-14.10531252622604,-1071.630239486694,2073.603630065918],"positionconfidence":0.5,"rotation":[-0.6771752834320068,0.7358217835426331,0,-0.6330408453941345,-0.5825861692428589,-0.5097576379776001,-0.3750907480716705,-0.3451952636241913,0.860318124294281],"rotationconfidence":0.5},"21":{"id":21,"position":[186.5446716547012,-540.5981540679932,2518.052339553833],"positionconfidence":1,"rotation":[0.9503165483474731,0.3048036396503449,0.06319192051887512,-0.3082163035869598,0.8929198980331421,0.3281720578670502,0.04360271990299225,-0.3313440978527069,0.9425019025802612],"rotationconfidence":1},"22":{"id":22,"position":[294.4585084915161,-853.2305955886841,2403.151512145996],"positionconfidence":1,"rotation":[0.9346515536308289,0.1867903172969818,0.3025490641593933,-0.3555051386356354,0.5065470337867737,0.7855100631713867,-0.006529657170176506,-0.8417359590530396,0.5398498773574829],"rotationconfidence":1},"23":{"id":23,"position":[398.8378942012787,-1001.957178115845,2172.518968582153],"positionconfidence":0.5,"rotation":[-0.9132606983184814,-0.4073755741119385,0,-0.2324118763208389,0.5210244655609131,-0.8212906122207642,0.3345737159252167,-0.7500524520874023,-0.5705100893974304],"rotationconfidence":0.5},"24":{"id":24,"position":[362.5037670135498,-920.502781867981,2234.475374221802],"positionconfidence":1,"rotation":[-0.9132606983184814,-0.4073755741119385,0,-0.2324118763208389,0.5210244655609131,-0.8212906122207642,0.3345737159252167,-0.7500524520874023,-0.5705100893974304],"rotationconfidence":1}},"skeletonTracked":true,"frameCount":6},{"position":[112.7936765551567,-491.0498559474945,2449.395656585693],"positionTracked":true,"id":4824,"skeleton":{"1":{"id":1,"position":[144.6134597063065,94.80481594800949,2687.525749206543],"positionconfidence":1,"rotation":[0.9997252821922302,0.0234402846544981,0,-0.02324610762298107,0.9914436340332031,0.1284499168395996,0.003010902553796768,-0.1284146308898926,0.9917161464691162],"rotationconfidence":1},"2":{"id":2,"position":[149.1594463586807,-99.08096492290497,2662.406206130981],"positionconfidence":1,"rotation":[0.9990136623382568,0.0278994869440794,-0.03454723954200745,-0.02324610762298107,0.9914436340332031,0.1284499168395996,0.03783531859517098,-0.1275201141834259,0.9911140203475952],"rotationconfidence":1},"3":{"id":3,"position":[131.462037563324,-428.0461668968201,2606.377363204956],"positionconfidence":1,"rotation":[0.997934877872467,-0.04606133326888084,-0.04476777091622353,0.05295907333493233,0.9844204783439636,0.1676649749279022,0.03634744137525559,-0.1696896106004715,0.9848269820213318],"rotationconfidence":1},"4":{"id":4,"position":[126.0798275470734,-474.8794436454773,2544.213056564331],"positionconfidence":1,"rotation":[0.9975945353507996,-0.0360882505774498,-0.0591840036213398,0.06898725032806396,0.6002922058105469,0.796799898147583,0.006772584747523069,-0.798966109752655,0.6013378500938416],"rotationconfidence":1},"6":{"id":6,"position":[-3.795442404225469,-216.6924476623535,2664.406061172485],"positionconfidence":1,"rotation":[0.2004809379577637,0.9589067697525024,-0.2007617205381393,0.06211449950933456,-0.2169509381055832,-0.974204421043396,-0.9777265787124634,0.1828391849994659,-0.1030565351247788],"rotationconfidence":1},"7":{"id":7,"position":[-51.43960937857628,-444.5760250091553,2712.116956710815],"positionconfidence":1,"rotation":[-0.02982472814619541,0.3650018870830536,0.9305288791656494,0.2077529728412628,0.9128764271736145,-0.3514189124107361,-0.97772657871246