{"motiondata":[{"position":[209.4321399927139,-451.5626728534699,2676.672220230103],"positionTracked":true,"id":4360,"skeleton":{"1":{"id":1,"position":[268.5960531234741,215.2142524719238,2991.706609725952],"positionconfidence":1,"rotation":[0.997844398021698,-0.06562493741512299,0,0.06558048725128174,0.9971684813499451,0.03680006414651871,-0.002415001858025789,-0.03672073781490326,0.9993227124214172],"rotationconfidence":1},"2":{"id":2,"position":[255.7107210159302,19.289406016469,2984.476089477539],"positionconfidence":1,"rotation":[0.997806191444397,-0.06519879400730133,-0.01147911325097084,0.06558048725128174,0.9971684813499451,0.03680006414651871,0.009047290310263634,-0.03747213631868362,0.9992566108703613],"rotationconfidence":1},"3":{"id":3,"position":[239.0559613704681,-311.292827129364,2900.69055557251],"positionconfidence":1,"rotation":[0.9988076686859131,-0.04678783565759659,-0.01393646374344826,0.04877784475684166,0.9681970477104187,0.2453879863023758,0.002012070035561919,-0.2457751780748367,0.9693247675895691],"rotationconfidence":1},"4":{"id":4,"position":[235.3714555501938,-354.2676270008087,2833.577871322632],"positionconfidence":1,"rotation":[0.9964122772216797,-0.08463048189878464,-0.0005112115177325904,0.04618451371788979,0.5386801958084106,0.8412435054779053,-0.0709194615483284,-0.8382489681243896,0.5406562089920044],"rotationconfidence":1},"6":{"id":6,"position":[93.17021816968918,-91.18242561817169,2968.394756317139],"positionconfidence":1,"rotation":[0.2191504091024399,0.9719247221946716,-0.08564725518226624,0.2629848122596741,-0.1433734595775604,-0.9540875554084778,-0.9395807981491089,0.1865647435188294,-0.2870217859745026],"rotationconfidence":1},"7":{"id":7,"position":[40.29614850878716,-325.6771564483643,2989.05873298645],"positionconfidence":1,"rotation":[-0.2689161002635956,0.116572417318821,0.9560831785202026,0.2118302434682846,0.9755021929740906,-0.05935894325375557,-0.9395807981491089,0.1865647435188294,-0.2870217859745026],"rotationconfidence":1},"8":{"id":8,"position":[113.6994287371635,-357.4967384338379,2728.086471557617],"positionconfidence":0.5,"rotation":[0.6339922547340393,-0.3307461440563202,0.6990427374839783,0,0.9039275050163269,0.4276856482028961,-0.7733393311500549,-0.2711493968963623,0.5730830430984497],"rotationconfidence":0.5},"9":{"id":9,"position":[73.31763952970505,-336.4300429821014,2683.561325073242],"positionconfidence":1,"rotation":[0.6339922547340393,-0.3307461440563202,0.6990427374839783,0,0.9039275050163269,0.4276856482028961,-0.7733393311500549,-0.2711493968963623,0.5730830430984497],"rotationconfidence":1},"12":{"id":12,"position":[433.684229850769,-102.1806597709656,2964.899301528931],"positionconfidence":1,"rotation":[0.1903252601623535,-0.9731566309928894,0.1293924450874329,-0.295463353395462,-0.1824721395969391,-0.9377660155296326,0.9362037777900696,0.1402498483657837,-0.3222612142562866],"rotationconfidence":1},"13":{"id":13,"position":[479.6457588672638,-337.187647819519,2996.146202087402],"positionconfidence":1,"rotation":[-0.3047890067100525,-0.1325837224721909,-0.9431463479995728,-0.1750027239322662,0.9811988472938538,-0.08137877285480499,0.9362037777900696,0.1402498483657837,-0.3222612142562866],"rotationconfidence":1},"14":{"id":14,"position":[393.2574391365051,-374.7667074203491,2728.824138641357],"positionconfidence":1,"rotation":[0.3936409652233124,0.674288272857666,-0.6248056888580322,0,-0.6796801686286926,-0.7335085868835449,-0.9192642569541931,0.288739025592804,-0.2675499618053436],"rotationconfidence":1},"15":{"id":15,"position":[404.1722118854523,-356.0702204704285,2711.499691009522],"positionconfidence":1,"rotation":[0.3936409652233124,0.674288272857666,-0.6248056888580322,0,-0.6796801686286926,-0.7335085868835449,-0.9192642569541931,0.288739025592804,-0.2675499618053436],"rotationconfidence":1},"17":{"id":17,"position":[158.6830765008926,-420.5973446369171,2801.594495773315],"positionconfidence":1,"rotation":[0.9079060554504395,-0.3845717906951904,-0.1667671948671341,0.4152209758758545,0.7705960869789124,0.4835010170936585,-0.0574306920170784,-0.5082187056541443,0.8593111038208008],"rotationconfidence":1},"18":{"id":18,"position":[-2.815233776345849,-720.3171849250793,2613.538980484009],"positionconfidence":1,"rotation":[0.8961854577064514,-0.4436796009540558,0,0.4032728672027588,0.8145682215690613,0.4169528782367706,-0.1849934905767441,-0.3736670911312103,0.9089281558990479],"rotationconfidence":1},"19":{"id":19,"position":[-110.5649918317795,-937.9602074623108,2502.134084701538],"positionconfidence":1,"rotation":[-0.128278374671936,-0.9917382001876831,0,0.9770790934562683,-0.1263822615146637,-0.1713011711835861,0.1698859184980393,-0.02197423577308655,0.9852187633514404],"rotationconfidence":1},"20":{"id":20,"position":[-127.4795532226563,-935.7723593711853,2404.041528701782],"positionconfidence":1,"rotation":[-0.128278374671936,-0.9917382001876831,0,0.9770790934562683,-0.1263822615146637,-0.1713011711835861,0.1698859184980393,-0.02197423577308655,0.9852187633514404],"rotationconfidence":1},"21":{"id":21,"position":[304.5456409454346,-430.3832650184631,2805.55534362793],"positionconfidence":1,"rotation":[0.962590754032135,0.1922283172607422,0.190963938832283,-0.264460563659668,0.8199461698532104,0.5076897144317627,-0.058987807482481,-0.5391998887062073,0.8401094675064087],"rotationconfidence":1},"22":{"id":22,"position":[404.805064201355,-741.2323951721191,2613.085508346558],"positionconfidence":1,"rotation":[-0.7894977331161499,0.1500105261802673,-0.5951388478279114,-0.304173082113266,0.7465787529945374,0.5916915535926819,0.5330779552459717,0.6481643319129944,-0.5437930822372437],"rotationconfidence":1},"23":{"id":23,"position":[485.6005907058716,-939.5412802696228,2455.918312072754],"positionconfidence":1,"rotation":[0.9753790497779846,-0.2205350995063782,0,-0.01028846297413111,-0.0455036461353302,-0.9989112615585327,0.2202949821949005,0.9743170738220215,-0.04665226861834526],"rotationconfidence":1},"24":{"id":24,"position":[470.6192016601563,-1005.800724029541,2459.090948104858],"positionconfidence":1,"rotation":[0.9753790497779846,-0.2205350995063782,0,-0.01028846297413111,-0.0455036461353302,-0.9989112615585327,0.2202949821949005,0.9743170738220215,-0.04665226861834526],"rotationconfidence":1}},"skeletonTracked":true,"frameCount":1},{"position":[204.8919796943665,-449.1740465164185,2679.218053817749],"positionTracked":true,"id":4360,"skeleton":{"1":{"id":1,"position":[267.4945890903473,215.7095521688461,2987.673044204712],"positionconfidence":1,"rotation":[0.9981018304824829,-0.06158546730875969,0,0.06157425045967102,0.997920036315918,0.01908384636044502,-0.001175287645310164,-0.01904762163758278,0.9998179078102112],"rotationconfidence":1},"2":{"id":2,"position":[255.3687393665314,19.18862015008926,2983.914852142334],"positionconfidence":1,"rotation":[0.998063325881958,-0.06139140576124191,-0.01002354547381401,0.06157425045967102,0.997920036315918,0.01908384636044502,0.008831112645566463,-0.01966408081352711,0.999767541885376],"rotationconfidence":1},"3":{"id":3,"position":[239.0168160200119,-311.2836480140686,2900.903701782227],"positionconfidence":1,"rotation":[0.9988496899604797,-0.04617868736386299,-0.01291800197213888,0.04793448001146317,0.9687555432319641,0.2433411926031113,0.001277209259569645,-0.2436805069446564,0.9698547720909119],"rotationconfidence":1},"4":{"id":4,"position":[235.3759109973908,-354.2161881923676,2833.877325057983],"positionconfidence":1,"rotation":[0.9962523579597473,-0.08648428320884705,0.00127904477994889,0.04569375887513161,0.5388081073760986,0.841188371181488,-0.07343873381614685,-0.8379774689674377,0.5407406687736511],"rotationconfidence":1},"6":{"id":6,"position":[93.01763772964478,-91.09422564506531,2968.479633331299],"positionconfidence":1,"rotation":[0.217727541923523,0.9716323018074036,-0.0923328623175621,0.2549437284469605,-0.14793561398983,-0.9555724859237671,-0.9421244263648987,0.1845147609710693,-0.2799212336540222],"rotationconfidence":1},"7":{"id":7,"position":[40.36234319210053,-326.0740637779236,2990.809440612793],"positionconfidence":1,"rotation":[-0.2596937716007233,0.1264239996671677,0.9573798179626465,0.2120394706726074,0.9746646881103516,-0.07118980586528778,-0.9421244263648987,0.1845147609710693,-0.2799212336540222],"rotationconfidence":1},"8":{"id":8,"position":[111.4085242152214,-360.66073179245,2728.89256477356],"positionconfidence":0.5,"rotation":[0.2086156010627747,0.06432102620601654,0.9758803248405457,0,0.9978349804878235,-0.06576807051897049,-0.9779977798461914,0.0137202451005578,0.2081639468669891],"rotationconfidence":0.5},"9":{"id":9,"position":[94.3688303232193,-365.9144639968872,2649.182796478272],"positionconfidence":1,"rotation":[0.2086156010627747,0.06432102620601654,0.9758803248405457,0,0.9978349804878235,-0.06576807051897049,-0.9779977798461914,0.0137202451005578,0.2081639468669891],"rotationconfidence":1},"12":{"id":12,"position":[433.949202299118,-102.159358561039,2965.250492095947],"positionconfidence":1,"rotation":[0.1916821002960205,-0.9703853130340576,0.1470042765140533,-0.303502082824707,-0.2010465413331986,-0.9313790202140808,0.9333512783050537,0.133912593126297,-0.3330509960651398],"rotationconfidence":1},"13":{"id":13,"position":[480.367511510849,-337.1507525444031,3000.849485397339],"positionconfidence":1,"rotation":[-0.3049713373184204,-0.1935569047927856,-0.9324851036071777,-0.189335823059082,0.9719071984291077,-0.139817088842392,0.9333512783050537,0.133912593126297,-0.3330509960651398],"rotationconfidence":1},"14":{"id":14,"position":[394.878089427948,-391.4085328578949,2739.455699920654],"positionconfidence":1,"rotation":[-0.163872554898262,-0.1907463818788528,-0.967864453792572,0,-0.9811277985572815,0.1933603137731552,-0.9864814877510071,0.0316864475607872,0.1607799232006073],"rotationconfidence":1},"15":{"id":15,"position":[386.5764737129211,-401.0715484619141,2690.424680709839],"positionconfidence":0.5,"rotation":[-0.163872554898262,-0.1907463818788528,-0.967864453792572,0,-0.9811277985572815,0.1933603137731552,-0.9864814877510071,0.0316864475607872,0.1607799232006073],"rotationconfidence":0.5},"17":{"id":17,"position":[158.675491809845,-420.5868244171143,2801.673173904419],"positionconfidence":1,"rotation":[0.9072920083999634,-0.3876513838768005,-0.1629347950220108,0.4160418808460236,0.7712624073028564,0.4817297160625458,-0.06107769906520844,-0.5048571825027466,0.8610393404960632],"rotationconfidence":1},"18":{"id":18,"position":[-2.67832400277257,-719.7060585021973,2614.843606948853],"positionconfidence":1,"rotation":[0.8966711163520813,-0.4426971971988678,0,0.4020806550979614,0.8144033551216125,0.4184238016605377,-0.1852350383996964,-0.3751885294914246,0.908251941204071],"rotationconfidence":1},"19":{"id":19,"position":[-110.5023622512817,-938.1006956100464,2502.636909484863],"positionconfidence":1,"rotation":[0.9994164705276489,-0.03415551409125328,0,0.005574820563197136,0.1631235033273697,-0.9865899085998535,0.03369748964905739,0.9860143065452576,0.1632187515497208],"rotationconfidence":1},"20":{"id":20,"position":[-112.4021708965302,-993.690550327301,2493.434906005859],"positionconfidence":1,"rotation":[0.9994164705276489,-0.03415551409125328,0,0.005574820563197136,0.1631235033273697,-0.9865899085998535,0.03369748964905739,0.9860143065452576,0.1632187515497208],"rotationconfidence":1},"21":{"id":21,"position":[304.6833872795105,-430.4196834564209,2806.264877319336],"positionconfidence":1,"rotation":[0.9623331427574158,0.1899035423994064,0.1945551186800003,-0.2645190954208374,0.8193240165710449,0.5086628198623657,-0.06280680745840073,-0.5409665703773499,0.8386957049369812],"rotationconfidence":1},"22":{"id":22,"position":[404.6101272106171,-739.9337291717529,2614.108562469482],"positionconfidence":1,"rotation":[-0.8206371665000916,0.1131263747811317,-0.5601403117179871,-0.3005800545215607,0.748204231262207,0.5914746522903442,0.486010730266571,0.6537531018257141,-0.580000638961792],"rotationconfidence":1},"23":{"id":23,"position":[484.1357171535492,-937.8889203071594,2457.619905471802],"positionconfidence":1,"rotation":[0.9752559065818787,-0.2210788875818253,0,-0.02783810161054134,-0.1228035539388657,-0.9920405149459839,0.2193192094564438,0.9674934148788452,-0.1259193122386932],"rotationconfidence":1},"24":{"id":24,"position":[467.9458141326904,-1009.308218955994,2466.915130615234],"positionconfidence":1,"rotation":[0.9752559065818787,-0.2210788875818253,0,-0.02783810161054134,-0.1228035539388657,-0.9920405149459839,0.2193192094564438,0.9674934148788452,-0.1259193122386932],"rotationconfidence":1}},"skeletonTracked":true,"frameCount":2},{"position":[204.3598145246506,-460.716724395752,2675.030946731567],"positionTracked":true,"id":4360,"skeleton":{"1":{"id":1,"position":[267.0282423496246,216.2363082170487,2985.121726989746],"positionconfidence":1,"rotation":[0.9981027841567993,-0.06156997382640839,0,0.06156650930643082,0.9980466365814209,0.01060934457927942,-0.0006532170809805393,-0.01058921590447426,0.9999437928199768],"rotationconfidence":1},"2":{"id":2,"position":[254.8640370368958,19.04396899044514,2983.025550842285],"positionconfidence":1,"rotation":[0.9980661869049072,-0.06146956980228424,-0.009233002550899982,0.06156650930643082,0.9980466365814209,0.01060934457927942,0.008562814444303513,-0.0111572714522481,0.9999009966850281],"rotationconfidence":1},"3":{"id":3,"position":[238.9548271894455,-311.2561106681824,2901.126146316528],"positionconfidence":1,"rotation":[0.9989087581634521,-0.04512650519609451,-0.01204600278288126,0.04669922217726708,0.9695489406585693,0.2404040545225143,0.0008305957308039069,-0.2407042235136032,0.9705982208251953],"rotationconfidence":1},"4":{"id":4,"position":[235.3575974702835,-354.1654050350189,2834.203958511353],"positionconfidence":1,"rotation":[0.9960489273071289,-0.08874144405126572,0.003359362948685885,0.04520357400178909,0.5392075777053833,0.840958833694458,-0.07643929868936539,-0.8374843597412109,0.5410885810852051],"rotationconfidence":1},"6":{"id":6,"position":[92.8208976984024,-91.04222059249878,2968.472480773926],"positionconfidence":1,"rotation":[0.2164213508367539,0.9714025259017944,-0.09766791015863419,0.2418223917484283,-0.1502585560083389,-0.9586159586906433,-0.9458773136138916,0.1838466376066208,-0.2674260139465332],"rotationconfidence":1},"7":{"id":7,"position":[40.2921549975872,-326.8163502216339,2992.177963256836],"positionconfidence":1,"rotation":[-0.2441992610692978,0.1395144760608673,0.9596366286277771,0.2137357741594315,0.9730037450790405,-0.08706836402416229,-0.9458773136138916,0.1838466376066208,-0.2674260139465332],"rotationconfidence":1},"8":{"id":8,"position":[107.3880344629288,-365.1491701602936,2728.509426116943],"positionconfidence":0.5,"rotation":[0.06485839933156967,0.1526771932840347,0.9861454963684082,0,0.9882262945175171,-0.1529993414878845,-0.9978944063186646,0.009923292323946953,0.06409477442502975],"rotationconfidence":0.5},"9":{"id":9,"position":[101.359136402607,-379.3412446975708,2636.842489242554],"positionconfidence":0.5,"rotation":[0.06485839933156967,0.1526771932840347,0.9861454963684082,0,0.9882262945175171,-0.1529993414878845,-0.9978944063186646,0.009923292323946953,0.06409477442502975],"rotationconfidence":0.5},"12":{"id":12,"position":[434.1242611408234,-102.149985730648,2965.425729751587],"positionconfidence":1,"rotation":[0.1918602585792542,-0.9684634804725647,0.1589592695236206,-0.3038205802440643,-0.2126220315694809,-0.9287006855010986,0.9332110285758972,0.129885658621788,-0.3350328803062439],"rotationconfidence":1},"13":{"id":13,"position":[480.640172958374,-336.9508981704712,3003.964900970459],"positionconfidence":1,"rotation":[-0.3018310070037842,-0.2225724756717682,-0.9270164370536804,-0.1949752420186997,0.966225266456604,-0.1685035675764084,0.9332110285758972,0.129885658621788,-0.3350328803062439],"rotationconfidence":1},"14":{"id":14,"position":[395.834356546402,-399.4873464107513,2743.499994277954],"positionconfidence":1,"rotation":[-0.2418662458658218,-0.3195550739765167,-0.9161797165870667,0,-0.9442137479782104,0.3293330669403076,-0.9703095555305481,0.07965455204248428,0.2283734381198883],"rotationconfidence":1},"15":{"id":15,"position":[378.4319460391998,-422.479510307312,2677.5803565979],"positionconfidence":0.5,"rotation":[-0.2418662458658218,-0.3195550739765167,-0.9161797165870667,0,-0.9442137479782104,0.3293330669403076,-0.9703095555305481,0.07965455204248428,0.2283734381198883],"rotationconfidence":0.5},"17":{"id":17,"position":[158.6196720600128,-420.5617606639862,2801.807403564453],"positionconfidence":1,"rotation":[0.9066727161407471,-0.3908999860286713,-0.1585611701011658,0.4167619049549103,0.7719618082046509,0.4799838364124298,-0.06522248685359955,-0.5012704730033875,0.8628289699554443],"rotationconfidence":1},"18":{"id":18,"position":[-2.612395212054253,-719.2094922065735,2616.116762161255],"positionconfidence":1,"rotation":[0.8968455195426941,-0.4423438310623169,0,0.4014579951763153,0.8139501214027405,0.4199008941650391,-0.1857405751943588,-0.3765862286090851,0.9075700044631958],"rotationconfidence":1},"19":{"id":19,"position":[-110.6327101588249,-938.2190704345703,2503.13401222229],"positionconfidence":1,"rotation":[0.9992867708206177,0.03776085376739502,0,0.01220593694597483,-0.3230125904083252,-0.9463159441947937,-0.03573369979858398,0.945641040802002,-0.3232431411743164],"rotationconfidence":1},"20":{"id":20,"position":[-107.5898185372353,-1018.744826316834,2530.659675598145],"positionconfidence":1,"rotation":[0.9992867708206177,0.03776085376739502,0,0.01220593694597483,-0.3230125904083252,-0.9463159441947937,-0.03573369979858398,0.945641040802002,-0.3232431411743164],"rotationconfidence":1},"21":{"id":21,"position":[304.8438727855682,-430.4951131343842,2807.089805603027],"positionconfidence":1,"rotation":[0.9621228575706482,0.1869836747646332,0.198385089635849,-0.2642245888710022,0.8187574744224548,0.5097270011901855,-0.06711865216493607,-0.5428381562232971,0.8371509313583374],"rotationconfidence":1},"22":{"id":22,"position":[404.3852090835571,-738.9456629753113,2615.060329437256],"positionconfidence":1,"rotation":[-0.8355807662010193,0.09532690793275833,-0.5410337448120117,-0.2976921796798706,0.7491373419761658,0.5917538404464722,0.4617186486721039,0.6555196642875671,-0.5975866913795471],"rotationconfidence":1},"23":{"id":23,"position":[482.9405844211578,-936.6289377212524,2458.907604217529],"positionconfidence":1,"rotation":[0.9764097332954407,-0.2159260511398315,0,-0.03441393002867699,-0.1556185483932495,-0.9872176051139832,0.2131659984588623,0.9639288783073425,-0.159378319978714],"rotationconfidence":1},"24":{"id":24,"position":[466.4209485054016,-1011.330127716065,2471.258878707886],"positionconfidence":1,"rotation":[0.9764097332954407,-0.2159260511398315,0,-0.03441393002867699,-0.1556185483932495,-0.9872176051139832,0.2131659984588623,0.9639288783073425,-0.159378319978714],"rotationconfidence":1}},"skeletonTracked":true,"frameCount":3},{"position":[206.8445980548859,-454.306960105896,2676.057577133179],"positionTracked":true,"id":4360,"skeleton":{"1":{"id":1,"position":[266.7489945888519,216.5964841842651,2983.369827270508],"positionconfidence":1,"rotation":[0.998024582862854,-0.06282547861337662,0,0.06282378733158112,0.9979977011680603,0.007332252338528633,-0.0004606522561516613,-0.007317767944186926,0.9999731779098511],"rotationconfidence":1},"2":{"id":2,"position":[254.3042302131653,18.9031045883894,2981.917381286621],"positionconfidence":1,"rotation":[0.997989296913147,-0.06275803595781326,-0.008877942338585854,0.06282378733158112,0.9979977011680603,0.007332252338528633,0.008400008082389832,-0.007875255309045315,0.9999337196350098],"rotationconfidence":1},"3":{"id":3,"position":[238.8871908187866,-311.2518191337585,2901.323795318604],"positionconfidence":1,"rotation":[0.9989724159240723,-0.04386704787611961,-0.01139389351010323,0.04531772434711456,0.9704762101173401,0.2369013726711273,0.0006653391756117344,-0.2371742576360703,0.9714668989181519],"rotationconfidence":1},"4":{"id":4,"position":[235.3318780660629,-354.1754186153412,2834.509611129761],"positionconfidence":1,"rotation":[0.9957740902900696,-0.09164801239967346,0.005890577100217342,0.04472459480166435,0.5399639010429382,0.8404991030693054,-0.08021076768636703,-0.8366837501525879,0.541780948638916],"rotationconfidence":1},"6":{"id":6,"position":[92.63473749160767,-91.0554900765419,2968.414306640625],"positionconfidence":1,"rotation":[0.215204581618309,0.9712834358215332,-0.101467676460743,0.229182630777359,-0.1512316316366196,-0.9615636467933655,-0.9492957592010498,0.1836782395839691,-0.2551469802856445],"rotationconfidence":1},"7":{"id":7,"position":[40.26087000966072,-327.4345993995667,2993.10827255249],"positionconfidence":1,"rotation":[-0.229263037443161,0.1508685499429703,0.9616013765335083,0.2151188999414444,0.9713398814201355,-0.1011082455515862,-0.9492957592010498,0.1836782395839691,-0.2551469802856445],"rotationconfidence":1},"8":{"id":8,"position":[103.6304831504822,-369.1355288028717,2727.31614112854],"positionconfidence":0.5,"rotation":[0.6815298199653625,0.3165153861045837,0.659799337387085,0,0.9016234874725342,-0.4325219392776489,-0.7317904233932495,0.29477658867836,0.6144832968711853],"rotationconfidence":0.5},"9":{"id":9,"position":[51.65328830480576,-393.27472448349,2676.996231079102],"positionconfidence":1,"rotation":[0.6815298199653625,0.3165153861045837,0.659799337387085,0,0.9016234874725342,-0.4325219392776489,-0.7317904233932495,0.29477658867836,0.6144832968711853],"rotationconfidence":1},"12":{"id":12,"position":[434.3002438545227,-102.2132486104965,2965.456247329712],"positionconfidence":1,"rotation":[0.1913145333528519,-0.9671779274940491,0.1672292053699493,-0.3026617467403412,-0.2202046513557434,-0.9273110032081604,0.933699369430542,0.1267942041158676,-0.3348561227321625],"rotationconfidence":1},"13":{"id":13,"position":[480.6973040103912,-336.7705047130585,3006.012201309204],"positionconfidence":1,"rotation":[-0.2983832061290741,-0.2414118051528931,-0.9234110116958618,-0.1979213804006577,0.9621037244796753,-0.187572792172432,0.933699369430542,0.1267942041158676,-0.3348561227321625],"rotationconfidence":1},"14":{"id":14,"position":[396.6505229473114,-404.7699272632599,2745.911359786987],"positionconfidence":1,"rotation":[-0.2647488415241242,-0.3528473079204559,-0.8974446058273315,0,-0.9306526184082031,0.3659036755561829,-0.9643173217773438,0.09687257558107376,0.2463891953229904],"rotationconfidence":1},"15":{"id":15,"position":[374.3799030780792,-434.4513714313507,2670.418500900269],"positionconfidence":0.5,"rotation":[-0.2647488415241242,-0.3528473079204559,-0.8974446058273315,0,-0.9306526184082031,0.3659036755561829,-0.9643173217773438,0.09687257558107376,0.2463891953229904],"rotationconfidence":0.5},"17":{"id":17,"position":[158.550575375557,-420.5920994281769,2801.94902420044],"positionconfidence":1,"rotation":[0.9059051275253296,-0.3946072161197662,-0.1536914110183716,0.4176422357559204,0.7724446654319763,0.478439211845398,-0.07007745653390884,-0.4976086020469666,0.8645663261413574],"rotationconfidence":1},"18":{"id":18,"position":[-2.683514961972833,-718.8004851341248,2617.243766784668],"positionconfidence":1,"rotation":[0.8968552350997925,-0.4423242807388306,0,0.4011994898319244,0.813470721244812,0.4210752248764038,-0.1862517893314362,-0.3776435256004334,0.9070257544517517],"rotationconfidence":1},"19":{"id":19,"position":[-110.9708622097969,-938.3635520935059,2503.591775894165],"positionconfidence":1,"rotation":[0.998012363910675,0.06301788985729218,0,0.02739122696220875,-0.4337940216064453,-0.9005955457687378,-0.05675363540649414,0.898805558681488,-0.4346579611301422],"rotationconfidence":1},"20":{"id":20,"position":[-105.1614433526993,-1030.367136001587,2548.084259033203],"positionconfidence":1,"rotation":[0.998012363910675,0.06301788985729218,0,0.02739122696220875,-0.4337940216064453,-0.9005955457687378,-0.05675363540649414,0.898805558681488,-0.4346579611301422],"rotationconfidence":1},"21":{"id":21,"position":[305.033415555954,-430.722177028656,2807.991743087769],"positionconfidence":1,"rotation":[0.9618582129478455,0.1835064738988876,0.2028649598360062,-0.263860821723938,0.8180133700370789,0.5111082196235657,-0.07215458154678345,-0.5451417565345764,0.8352330327033997],"rotationconfidence":1},"22":{"id":22,"position":[404.2191803455353,-738.214910030365,2615.865230560303],"positionconfidence":1,"rotation":[-0.8442193865776062,0.08506572991609573,-0.529204785823822,-0.2957288026809692,0.7495266199111938,0.5922452807426453,0.4470328390598297,0.6564860343933105,-0.6076084971427917],"rotationconfidence":1},"23":{"id":23,"position":[482.1387231349945,-935.7025027275085,2459.818601608276],"positionconfidence":1,"rotation":[0.977755606174469,-0.2097472697496414,0,-0.03664405271410942,-0.1708195209503174,-0.9846206307411194,0.2065214961767197,0.9627184271812439,-0.1747057437896729],"rotationconfidence":1},"24":{"id":24,"position":[465.6332135200501,-1012.644410133362,2473.78134727478],"positionconfidence":1,"rotation":[0.977755606174469,-0.2097472697496414,0,-0.03664405271410942,-0.1708195209503174,-0.9846206307411194,0.2065214961767197,0.9627184271812439,-0.1747057437896729],"rotationconfidence":1}},"skeletonTracked":true,"frameCount":4},{"position":[210.1544290781021,-454.3911516666412,2676.379680633545],"positionTracked":true,"id":4360,"skeleton":{"1":{"id":1,"position":[266.61816239357,216.8256640434265,2982.298851013184],"positionconfidence":1,"rotation":[0.9980932474136353,-0.06172571703791618,0,0.06172443926334381,0.998072624206543,0.006413178518414497,-0.0003958580491598696,-0.006400950253009796,0.999979555606842],"rotationconfidence":1},"2":{"id":2,"position":[254.357635974884,18.57525296509266,2981.024980545044],"positionconfidence":1,"rotation":[0.9980610609054565,-0.06166959926486015,-0.008423559367656708,0.06172443926334381,0.998072624206543,0.006413178518414497,0.008011826314032078,-0.006920683663338423,0.9999439716339111],"rotationconfidence":1},"3":{"id":3,"position":[238.8538718223572,-311.3102316856384,2901.520729064941],"positionconfidence":1,"rotation":[0.9989579319953918,-0.04430938139557838,-0.01095018722116947,0.04564163088798523,0.9711519479751587,0.2340530604124069,0.0002635492710396648,-0.2343089133501053,0.9721621870994568],"rotationconfidence":1},"4":{"id":4,"position":[235.3419959545136,-354.2738556861877,2834.833860397339],"positionconfidence":1,"rotation":[0.9954463243484497,-0.09492219984531403,0.00873211957514286,0.04422671720385552,0.541061282157898,0.8398193717002869,-0.0844421237707138,-0.8356090188026428,0.5427955985069275],"rotationconfidence":1},"6":{"id":6,"position":[92.37811714410782,-91.19350463151932,2968.258619308472],"positionconfidence":1,"rotation":[0.213549941778183,0.9713306427001953,-0.1044666916131973,0.2128930240869522,-0.1506334096193314,-0.9653943181037903,-0.9534531831741333,0.1839196532964706,-0.2389572560787201],"rotationconfidence":1},"7":{"id":7,"position":[40.24379700422287,-328.3261358737946,2993.762254714966],"positionconfidence":1,"rotation":[-0.2063586413860321,0.1798465549945831,0.9618063569068909,0.2198707312345505,0.9663482308387756,-0.1335218548774719,-0.9534531831741333,0.1839196532964706,-0.2389572560787201],"rotationconfidence":1},"8":{"id":8,"position":[98.02138805389404,-378.6807060241699,2724.469661712647],"positionconfidence":1,"rotation":[0.761545717716217,0.3073708713054657,0.5705885291099548,0,0.8803868293762207,-0.4742563664913178,-0.6481112241744995,0.3611679077148438,0.6704548001289368],"rotationconfidence":1},"9":{"id":9,"position":[41.96593537926674,-401.3054966926575,2682.470083236694],"positionconfidence":0.5,"rotation":[0.761545717716217,0.3073708713054657,0.5705885291099548,0,0.8803868293762207,-0.4742563664913178,-0.6481112241744995,0.3611679077148438,0.6704548001289368],"rotationconfidence":0.5},"12":{"id":12,"position":[434.4786703586578,-102.506160736084,2965.439319610596],"positionconfidence":1,"rotation":[0.1900826245546341,-0.9664812684059143,0.1725760251283646,-0.3000854849815369,-0.2245638519525528,-0.92710280418396,0.9347819089889526,0.1244385913014412,-0.332712709903717],"rotationconfidence":1},"13":{"id":13,"position":[480.5082380771637,-336.5449905395508,3007.229566574097],"positionconfidence":1,"rotation":[-0.2942077219486237,-0.2536510527133942,-0.9214677810668945,-0.1990590840578079,0.9592580795288086,-0.2004976272583008,0.9347819089889526,0.1244385913014412,-0.332712709903717],"rotationconfidence":1},"14":{"id":14,"position":[397.4141776561737,-408.1844985485077,2746.976375579834],"positionconfidence":1,"rotation":[-0.2709043025970459,-0.355274498462677,-0.894645631313324,0,-0.9293993711471558,0.3690756261348724,-0.9626062512397766,0.09998417645692825,0.2517782747745514],"rotationconfidence":1},"15":{"id":15,"position":[371.723860502243,-441.8757855892181,2662.135601043701],"positionconfidence":1,"rotation":[-0.2709043025970459,-0.355274498462677,-0.894645631313324,0,-0.9293993711471558,0.3690756261348724,-0.9626062512397766,0.09998417645692825,0.2517782747745514],"rotationconfidence":1},"17":{"id":17,"position":[158.4774255752564,-420.6909835338593,2802.114486694336],"positionconfidence":1,"rotation":[0.9051321744918823,-0.3982103168964386,-0.1488761901855469,0.4184386730194092,0.7725865244865417,0.4775134027004242,-0.07513104379177094,-0.4945083558559418,0.8659195899963379],"rotationconfidence":1},"18":{"id":18,"position":[-2.775857225060463,-718.4218764305115,2618.095636367798],"positionconfidence":1,"rotation":[0.8969296813011169,-0.4421732425689697,0,0.4009140431880951,0.8132371306419373,0.4217977523803711,-0.1865076869726181,-0.3783229291439056,0.9066900014877319],"rotationconfidence":1},"19":{"id":19,"position":[-111.2463250756264,-938.4496212005615,2503.974914550781],"positionconfidence":1,"rotation":[0.9973923563957214,0.07216949015855789,0,0.03411329910159111,-0.4714505076408386,-0.8812323808670044,-0.06359809637069702,0.8789345026016235,-0.4726831018924713],"rotationconfidence":1},"20":{"id":20,"position":[-104.1610166430473,-1036.369562149048,2556.63537979126],"positionconfidence":1,"rotation":[0.9973923563957214,0.07216949015855789,0,0.03411329910159111,-0.4714505076408386,-0.8812323808670044,-0.06359809637069702,0.8789345026016235,-0.4726831018924713],"rotationconfidence":1},"21":{"id":21,"position":[305.2394688129425,-431.1186373233795,2808.893203735352],"positionconfidence":1,"rotation":[0.9615504145622253,0.179829016327858,0.2075626105070114,-0.2634972035884857,0.8171069622039795,0.5127431154251099,-0.0773947536945343,-0.5477204918861389,0.8330739140510559],"rotationconfidence":1},"22":{"id":22,"position":[404.0915668010712,-737.6598119735718,2616.535425186157],"positionconfidence":1,"rotation":[-0.8494805097579956,0.07893962413072586,-0.5216813087463379,-0.294428288936615,0.7495571970939636,0.5928540229797363,0.4378296434879303,0.6572156548500061,-0.6134921908378601],"rotationconfidence":1},"23":{"id":23,"position":[481.5990924835205,-934.9789023399353,2460.468053817749],"positionconfidence":1,"rotation":[0.9787637591362,-0.2049914002418518,0,-0.03742582350969315,-0.178695484995842,-0.9831923246383667,0.2015459686517716,0.9623130559921265,-0.1825726479291916],"rotationconfidence":1},"24":{"id":24,"position":[465.1477932929993,-1013.528227806091,2475.370645523071],"positionconfidence":1,"rotation":[0.9787637591362,-0.2049914002418518,0,-0.03742582350969315,-0.178695484995842,-0.9831923246383667,0.2015459686517716,0.9623130559921265,-0.1825726479291916],"rotationconfidence":1}},"skeletonTracked":true,"frameCount":5},{"position":[211.3614976406097,-455.6694328784943,2676.69415473938],"positionTracked":true,"id":4360,"skeleton":{"1":{"id":1,"position":[266.7029798030853,217.0573174953461,2981.638669967651],"positionconfidence":1,"rotation":[0.9981567859649658,-0.0606883242726326,0,0.06068700179457665,0.9981350302696228,0.006595395039767027,-0.0004002634668722749,-0.006583238486200571,0.999978244304657],"rotationconfidence":1},"2":{"id":2,"position":[254.6173930168152,18.28250847756863,2980.325222015381],"positionconfidence":1,"rotation":[0.9981293082237244,-0.06063494458794594,-0.007825120352208614,0.06068700179457665,0.9981350302696228,0.006595395039767027,0.007410615682601929,-0.00705794058740139,0.9999476075172424],"rotationconfidence":1},"3":{"id":3,"position":[238.8418763875961,-311.3775253295898,2901.713132858276],"positionconfidence":1,"rotation":[0.9989184737205505,-0.04530272632837296,-0.01048130635172129,0.04649835079908371,0.9716732501983643,0.231709212064743,-0.0003126534866169095,-0.2319459319114685,0.9727287292480469],"rotationconfidence":1},"4":{"id":4,"position":[235.3756129741669,-354.3868362903595,2835.142850875855],"positionconfidence":1,"rotation":[0.9951440095901489,-0.09777269512414932,0.01135198678821325,0.04369364306330681,0.5421496629714966,0.8391451835632324,-0.08819995820522308,-0.834574282169342,0.5437890291213989],"rotationconfidence":1},"6":{"id":6,"position":[92.14350581169128,-91.41752868890762,2968.05214881897],"positionconfidence":1,"rotation":[0.2120946943759918,0.9713995456695557,-0.1067646965384483,0.2068882435560226,-0.1514066159725189,-0.9665781259536743,-0.9550985097885132,0.1829177290201187,-0.2330836951732636],"rotationconfidence":1},"7":{"id":7,"position":[40.22477194666863,-329.2067646980286,2994.187116622925],"positionconfidence":1,"rotation":[-0.1970667988061905,0.195260614156723,0.9607486128807068,0.2212500125169754,0.963542640209198,-0.1504461169242859,-0.9550985097885132,0.1829177290201187,-0.2330836951732636],"rotationconfidence":1},"8":{"id":8,"position":[95.57346254587173,-384.0481638908386,2724.348783493042],"positionconfidence":0.5,"rotation":[0.8423782587051392,0.2986042201519013,0.4485915899276733,0,0.8324414491653442,-0.5541132092475891,-0.5388867855072021,0.4667729139328003,0.7012305855751038],"rotationconfidence":0.5},"9":{"id":9,"position":[32.59553760290146,-406.3724279403687,2690.811157226563],"positionconfidence":0.5,"rotation":[0.8423782587051392,0.2986042201519013,0.4485915899276733,0,0.8324414491653442,-0.5541132092475891,-0.5388867855072021,0.4667729139328003,0.7012305855751038],"rotationconfidence":0.5},"12":{"id":12,"position":[434.7648322582245,-102.8669774532318,2965.432167053223],"positionconfidence":1,"rotation":[0.188013955950737,-0.9662704467773438,0.175989106297493,-0.2936596870422363,-0.226292759180069,-0.9287386536598206,0.9372377991676331,0.1229349300265312,-0.3263008892536163],"rotationconfidence":1},"13":{"id":13,"position":[480.1957607269287,-336.3526463508606,3007.957458496094],"positionconfidence":1,"rotation":[-0.2867681384086609,-0.2606070637702942,-0.9218720197677612,-0.1983665823936462,0.9575859904289246,-0.2089969664812088,0.9372377991676331,0.1229349300265312,-0.3263008892536163],"rotationconfidence":1},"14":{"id":14,"position":[398.8165557384491,-410.3078544139862,2746.348142623901],"positionconfidence":1,"rotation":[-0.2799928784370422,-0.3580930531024933,-0.8907151222229004,0,-0.9278262257575989,0.3730127811431885,-0.9600021243095398,0.1044409200549126,0.2597847282886505],"rotationconfidence":1},"15":{"id":15,"position":[370.8740770816803,-446.0445046424866,2657.45735168457],"positionconfidence":0.5,"rotation":[-0.2799928784370422,-0.3580930531024933,-0.8907151222229004,0,-0.9278262257575989,0.3730127811431885,-0.9600021243095398,0.1044409200549126,0.2597847282886505],"rotationconfidence":0.5},"17":{"id":17,"position":[158.4078669548035,-420.7961857318878,2802.273273468018],"positionconfidence":1,"rotation":[0.9044873118400574,-0.4011748433113098,-0.1447803974151611,0.4190373718738556,0.7726656198501587,0.4768600165843964,-0.07943741232156754,-0.4919822514057159,0.8669735193252563],"rotationconfidence":1},"18":{"id":18,"position":[-2.816371386870742,-718.0785536766052,2618.801832199097],"positionconfidence":1,"rotation":[0.8969393372535706,-0.4421537220478058,0,0.4007601737976074,0.8129696249961853,0.4224589765071869,-0.1867918074131012,-0.3789200782775879,0.9063820242881775],"rotationconfidence":1},"19":{"id":19,"position":[-111.4762797951698,-938.5026693344116,2504.258632659912],"positionconfidence":1,"rotation":[0.9981718063354492,0.06044044718146324,0,0.02765079960227013,-0.4566519558429718,-0.8892156481742859,-0.05374459177255631,0.8875899910926819,-0.4574883282184601],"rotationconfidence":1},"20":{"id":20,"position":[-105.5526658892632,-1036.330938339233,2554.682016372681],"positionconfidence":1,"rotation":[0.9981718063354492,0.06044044718146324,0,0.02765079960227013,-0.4566519558429718,-0.8892156481742859,-0.05374459177255631,0.8875899910926819,-0.4574883282184601],"rotationconfidence":1},"21":{"id":21,"position":[305.4462671279907,-431.5236806869507,2809.658288955689],"positionconfidence":1,"rotation":[0.9614374041557312,0.1762867122888565,0.2110947072505951,-0.2625628411769867,0.8167675733566284,0.5137621164321899,-0.08184587955474854,-0.5493757128715515,0.8315572142601013],"rotationconfidence":1},"22":{"id":22,"position":[404.7301709651947,-740.3711676597595,2615.387439727783],"positionconfidence":1,"rotation":[0.9017224907875061,0.4236729741096497,-0.0860103964805603,-0.2949716448783875,0.7483994960784912,0.5940453410148621,0.3160510957241058,-0.5102934241294861,0.7998201847076416],"rotationconfidence":1},"23":{"id":23,"position":[482.3201894760132,-937.2318983078003,2459.128379821777],"positionconfidence":1,"rotation":[0.9723507165908813,0.2335252016782761,0,-0.214758038520813,0.8942081332206726,-0.3927733898162842,-0.09172248840332031,0.3819135129451752,0.9196354150772095],"rotationconfidence":1},"24":{"id":24,"position":[488.8656735420227,-964.4859433174133,2393.50152015686],"positionconfidence":1,"rotation":[0.9723507165908813,0.2335252016782761,0,-0.214758038520813,0.8942081332206726,-0.3927733898162842,-0.09172248840332031,0.3819135129451752,0.9196354150772095],"rotationconfidence":1}},"skeletonTracked":true,"frameCount":6},{"position":[210.6009721755981,-455.0439417362213,2678.055286407471],"positionTracked":true,"id":4360,"skeleton":{"1":{"id":1,"position":[267.606258392334,216.3412272930145,2982.064723968506],"positionconfidence":1,"rotation":[0.9980747103691101,-0.06202185899019241,0,0.06201783195137978,0.9980099201202393,0.01140306983143091,-0.0007072396110743284,-0.0113811157643795,0.9999349117279053],"rotationconfidence":1},"2":{"id":2,"position":[255.2773654460907,17.94091425836086,2979.797840118408],"positionconfidence":1,"rotation":[0.998058021068573,-0.06194587424397469,-0.006559340283274651,0.06201783195137978,0.9980099201202393,0.01140306983143091,0.00583991315215826,-0.0117877209559083,0.9999135136604309],"rotationconfidence":1},"3":{"id":3,"position":[238.8474196195602,-311.4646971225739,2901.908397674561],"positionconfidence":1,"rotation":[0.9988225102424622,-0.04759617894887924,-0.009399876929819584,0.04848200455307961,0.9720205068588257,0.229838639497757,-0.001802567043341696,-0.2300236821174622,0.9731833338737488],"rotationconfidence":1},"4":{"id":4,"position":[235.4367524385452,-354.5143008232117,2835.437774658203],"positionconfidence":1,"rotation":[0.994857668876648,-0.1003211885690689,0.01392583455890417,0.04302762076258659,0.543096661567688,0.8385669589042664,-0.09168911725282669,-0.8336556553840637,0.5446205139160156],"rotationconfidence":1},"6":{"id":6,"position":[91.97068959474564,-91.69428795576096,2967.809438705444],"positionconfidence":1,"rotation":[0.2109371870756149,0.97145676612854,-0.1085231378674507,0.2030191123485565,-0.1521394401788712,-0.9672831892967224,-0.956184446811676,0.1820037215948105,-0.2293161451816559],"rotationconfidence":1},"7":{"id":7,"position":[40.22845253348351,-329.9896121025085,2994.42982673645],"positionconfidence":1,"rotation":[-0.1908110082149506,0.206635907292366,0.9596315622329712,0.2220414727926254,0.9613408446311951,-0.1628537327051163,-0.956184446811676,0.1820037215948105,-0.2293161451816559],"rotationconfidence":1},"8":{"id":8,"position":[93