{"motiondata":[{"position":[178.3965975046158,-472.9921519756317,2522.4449634552],"positionTracked":true,"id":4874,"skeleton":{"1":{"id":1,"position":[235.5738878250122,179.9401342868805,2882.328748703003],"positionconfidence":1,"rotation":[0.9981334805488586,-0.06106995046138763,0,0.06002948433160782,0.9811279773712158,0.1838053017854691,-0.01122498046606779,-0.1834622323513031,0.9829626679420471],"rotationconfidence":1},"2":{"id":2,"position":[223.3210057020187,-20.32222226262093,2844.81143951416],"positionconfidence":1,"rotation":[0.9981714487075806,-0.05769370496273041,-0.01803433522582054,0.06002948433160782,0.9811279773712158,0.1838053017854691,0.007089581340551376,-0.1845517903566361,0.9827972054481506],"rotationconfidence":1},"3":{"id":3,"position":[210.8414024114609,-378.9855241775513,2734.764337539673],"positionconfidence":1,"rotation":[0.9994446635246277,-0.03114020638167858,-0.01184786949306727,0.03324580192565918,0.9554830193519592,0.2931667268276215,0.002191166393458843,-0.2933978736400604,0.9559878706932068],"rotationconfidence":1},"4":{"id":4,"position":[208.3432078361511,-424.7331917285919,2661.397695541382],"positionconfidence":1,"rotation":[0.9984840750694275,-0.05503962561488152,0.0003206780820619315,0.02888181805610657,0.5288922786712646,0.848197340965271,-0.04685407131910324,-0.8469023108482361,0.5296801924705505],"rotationconfidence":1},"6":{"id":6,"position":[66.89020246267319,-141.8710350990295,2804.608345031738],"positionconfidence":1,"rotation":[0.227428749203682,0.9693188071250916,-0.09325876832008362,0.109859474003315,-0.1206966489553452,-0.9865916967391968,-0.9675779342651367,0.2141339629888535,-0.1339387446641922],"rotationconfidence":1},"7":{"id":7,"position":[12.80055567622185,-372.4052608013153,2826.788187026978],"positionconfidence":1,"rotation":[-0.09162665903568268,0.1965809911489487,0.9761969447135925,0.2353667318820953,0.9568189978599548,-0.1705870479345322,-0.9675779342651367,0.2141339629888535,-0.1339387446641922],"rotationconfidence":1},"8":{"id":8,"position":[38.20930793881416,-426.918625831604,2556.081533432007],"positionconfidence":1,"rotation":[-0.05804583430290222,0.2722209990024567,0.9604824185371399,0,0.9621046185493469,-0.2726807594299316,-0.9983140230178833,-0.01582798175513744,-0.05584616586565971],"rotationconfidence":1},"9":{"id":9,"position":[42.41437092423439,-446.639358997345,2486.50050163269],"positionconfidence":0.5,"rotation":[-0.05804583430290222,0.2722209990024567,0.9604824185371399,0,0.9621046185493469,-0.2726807594299316,-0.9983140230178833,-0.01582798175513744,-0.05584616586565971],"rotationconfidence":0.5},"12":{"id":12,"position":[400.1383483409882,-155.6393355131149,2799.61895942688],"positionconfidence":1,"rotation":[0.126281812787056,-0.9919646978378296,0.007675123400986195,-0.23223976790905,-0.03708549961447716,-0.9719513654708862,0.9644261002540588,0.1209573149681091,-0.2350568771362305],"rotationconfidence":1},"13":{"id":13,"position":[428.9434254169464,-381.9080293178558,2801.369667053223],"positionconfidence":1,"rotation":[-0.2137874513864517,-0.1661348342895508,-0.9626495838165283,-0.1554906368255615,0.9786565899848938,-0.1343656182289124,0.9644261002540588,0.1209573149681091,-0.2350568771362305],"rotationconfidence":1},"14":{"id":14,"position":[368.8545525074005,-428.6032617092133,2530.799388885498],"positionconfidence":1,"rotation":[0.268743246793747,0.5257613658905029,-0.8070639371871948,0,-0.837888240814209,-0.5458418726921082,-0.9632119536399841,0.1466913223266602,-0.2251768112182617],"rotationconfidence":1},"15":{"id":15,"position":[372.7528750896454,-420.9766983985901,2519.092321395874],"positionconfidence":1,"rotation":[0.268743246793747,0.5257613658905029,-0.8070639371871948,0,-0.837888240814209,-0.5458418726921082,-0.9632119536399841,0.1466913223266602,-0.2251768112182617],"rotationconfidence":1},"17":{"id":17,"position":[126.6905218362808,-486.8696928024292,2631.108999252319],"positionconfidence":1,"rotation":[0.84230637550354,-0.4681946635246277,-0.2670464813709259,0.5388670563697815,0.720512330532074,0.4364451766014099,-0.01193103939294815,-0.5115230679512024,0.8591867089271545],"rotationconfidence":1},"18":{"id":18,"position":[-45.97071558237076,-717.732846736908,2491.265296936035],"positionconfidence":1,"rotation":[0.7197493314743042,-0.6942341327667236,0,0.5964116454124451,0.6183315515518188,0.5118195414543152,-0.3553225994110107,-0.3683817684650421,0.8590930700302124],"rotationconfidence":1},"19":{"id":19,"position":[-205.6176662445068,-883.2473158836365,2354.261875152588],"positionconfidence":1,"rotation":[-0.3818410038948059,-0.9242280125617981,0,0.8829076290130615,-0.3647696375846863,-0.2956641316413879,0.2732610702514648,-0.1128966957330704,0.9552919864654541],"rotationconfidence":1},"20":{"id":20,"position":[-236.6063296794891,-870.4444766044617,2245.928764343262],"positionconfidence":1,"rotation":[-0.3818410038948059,-0.9242280125617981,0,0.8829076290130615,-0.3647696375846863,-0.2956641316413879,0.2732610702514648,-0.1128966957330704,0.9552919864654541],"rotationconfidence":1},"21":{"id":21,"position":[282.7330827713013,-498.4649121761322,2626.372575759888],"positionconfidence":1,"rotation":[0.9227566123008728,0.3144175410270691,0.2228498011827469,-0.3850787281990051,0.7752322554588318,0.5007287859916687,-0.01532243844121695,-0.5478655099868774,0.8364261984825134],"rotationconfidence":1},"22":{"id":22,"position":[402.4322628974915,-739.4407391548157,2470.72434425354],"positionconfidence":1,"rotation":[0.9134894013404846,0.3633310794830322,0.183105543255806,-0.3876569271087647,0.6406073570251465,0.6628305315971375,0.1235281750559807,-0.6764708161354065,0.7260358333587646],"rotationconfidence":1},"23":{"id":23,"position":[542.2158241271973,-970.4346060752869,2231.717109680176],"positionconfidence":0.5,"rotation":[-0.5464726686477661,0.8374768495559692,0,-0.8227536082267761,-0.5368654131889343,-0.1866861432790756,-0.1563453525304794,-0.1020188927650452,0.9824195504188538],"rotationconfidence":0.5},"24":{"id":24,"position":[558.1902265548706,-960.0109457969666,2131.339550018311],"positionconfidence":0.5,"rotation":[-0.5464726686477661,0.8374768495559692,0,-0.8227536082267761,-0.5368654131889343,-0.1866861432790756,-0.1563453525304794,-0.1020188927650452,0.9824195504188538],"rotationconfidence":0.5}},"skeletonTracked":true,"frameCount":1},{"position":[179.9871921539307,-470.539778470993,2522.641897201538],"positionTracked":true,"id":4874,"skeleton":{"1":{"id":1,"position":[233.431875705719,178.6097884178162,2883.425712585449],"positionconfidence":1,"rotation":[0.9984026551246643,-0.056498933583498,0,0.05551810190081596,0.9810701608657837,0.1855233311653137,-0.0104818707332015,-0.1852269917726517,0.9826397895812988],"rotationconfidence":1},"2":{"id":2,"position":[222.1249341964722,-21.19716815650463,2845.641613006592],"positionconfidence":1,"rotation":[0.9984533190727234,-0.05509880185127258,-0.007419245783239603,0.05551810190081596,0.9810701608657837,0.1855233311653137,-0.002943312982097268,-0.1856483221054077,0.982611894607544],"rotationconfidence":1},"3":{"id":3,"position":[209.4634175300598,-379.9421787261963,2735.045433044434],"positionconfidence":1,"rotation":[0.9994019865989685,-0.03448666632175446,-0.002550050150603056,0.03370838239789009,0.955076277256012,0.2944369614124298,-0.007718655280768871,-0.294346809387207,0.9556675553321838],"rotationconfidence":1},"4":{"id":4,"position":[207.4119299650192,-425.401121377945,2661.543846130371],"positionconfidence":1,"rotation":[0.9982389211654663,-0.05871717259287834,0.008453503251075745,0.02373096346855164,0.525854766368866,0.8502432703971863,-0.05436919629573822,-0.8485453128814697,0.5263221263885498],"rotationconfidence":1},"6":{"id":6,"position":[65.69819897413254,-143.0506408214569,2804.52036857605],"positionconfidence":1,"rotation":[0.2275785803794861,0.9688088297843933,-0.09806812554597855,0.1117860227823257,-0.1260378062725067,-0.9857069253921509,-0.9673219323158264,0.2133631557226181,-0.136982798576355],"rotationconfidence":1},"7":{"id":7,"position":[11.62631716579199,-373.2362687587738,2827.821016311646],"positionconfidence":1,"rotation":[-0.09633783251047134,0.1904574632644653,0.9769569635391235,0.2345360219478607,0.9582285284996033,-0.1636787354946137,-0.9673219323158264,0.2133631557226181,-0.136982798576355],"rotationconfidence":1},"8":{"id":8,"position":[38.3867472410202,-426.1409640312195,2556.444883346558],"positionconfidence":1,"rotation":[-0.1266480982303619,0.2379472851753235,0.962985634803772,0,0.9708027839660645,-0.2398788630962372,-0.9919476509094238,-0.03038020245730877,-0.1229503229260445],"rotationconfidence":1},"9":{"id":9,"position":[49.14720728993416,-446.357786655426,2474.626302719116],"positionconfidence":0.5,"rotation":[-0.1266480982303619,0.2379472851753235,0.962985634803772,0,0.9708027839660645,-0.2398788630962372,-0.9919476509094238,-0.03038020245730877,-0.1229503229260445],"rotationconfidence":0.5},"12":{"id":12,"position":[398.8018929958344,-157.2661250829697,2802.832365036011],"positionconfidence":1,"rotation":[0.1174507662653923,-0.9930026531219482,0.0122947096824646,-0.202680766582489,-0.03608889132738113,-0.9785796403884888,0.9721757769584656,0.1124430149793625,-0.2055011838674545],"rotationconfidence":1},"13":{"id":13,"position":[425.3678321838379,-381.8712830543518,2805.613279342651],"positionconfidence":1,"rotation":[-0.1856279522180557,-0.1653138250112534,-0.9686142802238464,-0.1428861021995544,0.9798101186752319,-0.1398415267467499,0.9721757769584656,0.1124430149793625,-0.2055011838674545],"rotationconfidence":1},"14":{"id":14,"position":[373.3830749988556,-428.1671047210693,2534.354686737061],"positionconfidence":1,"rotation":[-0.01518598198890686,0.4213104844093323,-0.906789243221283,0,-0.9068938493728638,-0.4213590919971466,-0.9998846054077148,-0.006398751400411129,0.01377207320183516],"rotationconfidence":1},"15":{"id":15,"position":[373.1523156166077,-421.7650592327118,2520.575523376465],"positionconfidence":1,"rotation":[-0.01518598198890686,0.4213104844093323,-0.906789243221283,0,-0.9068938493728638,-0.4213590919971466,-0.9998846054077148,-0.006398751400411129,0.01377207320183516],"rotationconfidence":1},"17":{"id":17,"position":[125.8250176906586,-487.3303771018982,2630.731582641602],"positionconfidence":1,"rotation":[0.8407405614852905,-0.4735425412654877,-0.2625122368335724,0.5410619974136353,0.7167331576347351,0.4399379789829254,-0.02017812058329582,-0.5119091272354126,0.8588025569915771],"rotationconfidence":1},"18":{"id":18,"position":[-47.43216559290886,-716.8404459953308,2489.856004714966],"positionconfidence":1,"rotation":[0.7260664105415344,-0.6876246333122253,0,0.5914799571037292,0.6245467662811279,0.5099928975105286,-0.3506836891174316,-0.3702886998653412,0.8601785898208618],"rotationconfidence":1},"19":{"id":19,"position":[-206.5492570400238,-884.8530054092407,2352.660179138184],"positionconfidence":1,"rotation":[-0.5665029287338257,-0.8240597248077393,0,0.784022331237793,-0.5389790534973145,-0.3079130947589874,0.2537387907505035,-0.1744336783885956,0.9514144659042358],"rotationconfidence":1},"20":{"id":20,"position":[-237.8740161657333,-863.318681716919,2235.205411911011],"positionconfidence":1,"rotation":[-0.5665029287338257,-0.8240597248077393,0,0.784022331237793,-0.5389790534973145,-0.3079130947589874,0.2537387907505035,-0.1744336783885956,0.9514144659042358],"rotationconfidence":1},"21":{"id":21,"position":[281.9658815860748,-499.5931684970856,2627.090692520142],"positionconfidence":1,"rotation":[0.9208958745002747,0.3118185997009277,0.2339227795600891,-0.3890655338764191,0.7722806334495544,0.5022057890892029,-0.02405692264437676,-0.5534905195236206,0.8325079083442688],"rotationconfidence":1},"22":{"id":22,"position":[402.7725160121918,-739.3898367881775,2471.153497695923],"positionconfidence":1,"rotation":[0.914004385471344,0.3581618368625641,0.190567672252655,-0.3889031112194061,0.6397062540054321,0.662970781326294,0.1155434995889664,-0.6800705790519714,0.7239845991134644],"rotationconfidence":1},"23":{"id":23,"position":[543.4195399284363,-970.7399606704712,2231.389760971069],"positionconfidence":0.5,"rotation":[-0.551733672618866,0.8340203762054443,0,-0.8180552124977112,-0.5411721467971802,-0.1947267055511475,-0.1624060273170471,-0.1074372753500938,0.9808576107025146],"rotationconfidence":0.5},"24":{"id":24,"position":[560.0561499595642,-959.7342610359192,2130.912303924561],"positionconfidence":0.5,"rotation":[-0.551733672618866,0.8340203762054443,0,-0.8180552124977112,-0.5411721467971802,-0.1947267055511475,-0.1624060273170471,-0.1074372753500938,0.9808576107025146],"rotationconfidence":0.5}},"skeletonTracked":true,"frameCount":2},{"position":[178.530752658844,-472.1973240375519,2518.547058105469],"positionTracked":true,"id":4874,"skeleton":{"1":{"id":1,"position":[232.0517301559448,177.2653311491013,2883.899450302124],"positionconfidence":1,"rotation":[0.9985514283180237,-0.05380629375576973,0,0.05286505073308945,0.9810836315155029,0.1862259656190872,-0.01002012938261032,-0.185956209897995,0.9825069308280945],"rotationconfidence":1},"2":{"id":2,"position":[221.2986648082733,-22.29290269315243,2846.019983291626],"positionconfidence":1,"rotation":[0.9984812140464783,-0.05482818186283112,0.005403500981628895,0.05286505073308945,0.9810836315155029,0.1862259656190872,-0.01551171857863665,-0.1856574863195419,0.9824921488761902],"rotationconfidence":1},"3":{"id":3,"position":[208.318904042244,-380.9034526348114,2735.050439834595],"positionconfidence":1,"rotation":[0.9992012977600098,-0.0389399491250515,0.008965364657342434,0.0345563143491745,0.9547370672225952,0.2954367697238922,-0.02006386034190655,-0.2948909997940064,0.9553202390670776],"rotationconfidence":1},"4":{"id":4,"position":[206.7616432905197,-426.0594248771668,2661.506414413452],"positionconfidence":1,"rotation":[0.997641384601593,-0.06586746126413345,0.01931797340512276,0.01804168336093426,0.5231556296348572,0.8520461320877075,-0.06622842699289322,-0.8496879935264587,0.5231100916862488],"rotationconfidence":1},"6":{"id":6,"position":[64.95596468448639,-144.4255858659744,2803.268909454346],"positionconfidence":1,"rotation":[0.2294269353151321,0.9680066704750061,-0.1016189306974411,0.1169655695557594,-0.1310670226812363,-0.9844493865966797,-0.9662724137306213,0.2139732837677002,-0.1432937532663345],"rotationconfidence":1},"7":{"id":7,"position":[10.42637974023819,-374.4988441467285,2827.421426773071],"positionconfidence":1,"rotation":[-0.104798398911953,0.1815472841262817,0.9777821898460388,0.2352338582277298,0.9598209261894226,-0.153000071644783,-0.9662724137306213,0.2139732837677002,-0.1432937532663345],"rotationconfidence":1},"8":{"id":8,"position":[39.62278366088867,-425.0771701335907,2555.015325546265],"positionconfidence":1,"rotation":[-0.1581005454063416,0.2218896150588989,0.9621689915657043,0,0.9744243025779724,-0.2247158586978912,-0.9874229431152344,-0.03552769869565964,-0.1540570110082626],"rotationconfidence":1},"9":{"id":9,"position":[54.29892614483833,-445.6747174263001,2465.699195861816],"positionconfidence":0.5,"rotation":[-0.1581005454063416,0.2218896150588989,0.9621689915657043,0,0.9744243025779724,-0.2247158586978912,-0.9874229431152344,-0.03552769869565964,-0.1540570110082626],"rotationconfidence":0.5},"12":{"id":12,"position":[397.946834564209,-158.9285135269165,2805.785655975342],"positionconfidence":1,"rotation":[0.110580712556839,-0.9937088489532471,0.01773881912231445,-0.1755245178937912,-0.03709401190280914,-0.9837759733200073,0.9782448410987854,0.1056730374693871,-0.178522139787674],"rotationconfidence":1},"13":{"id":13,"position":[422.7004945278168,-381.3717365264893,2809.756517410278],"positionconfidence":1,"rotation":[-0.159823477268219,-0.1647467464208603,-0.9733010530471802,-0.1322626173496246,0.980658769607544,-0.1442736238241196,0.9782448410987854,0.1056730374693871,-0.178522139787674],"rotationconfidence":1},"14":{"id":14,"position":[378.105103969574,-427.3408651351929,2538.177251815796],"positionconfidence":1,"rotation":[-0.1929063051939011,0.2782499492168427,-0.9409379959106445,0,-0.958949625492096,-0.2835762798786163,-0.9812172055244446,-0.05470365285873413,0.1849874258041382],"rotationconfidence":1},"15":{"id":15,"position":[374.7590184211731,-422.5144386291504,2521.856069564819],"positionconfidence":1,"rotation":[-0.1929063051939011,0.2782499492168427,-0.9409379959106445,0,-0.958949625492096,-0.2835762798786163,-0.9812172055244446,-0.05470365285873413,0.1849874258041382],"rotationconfidence":1},"17":{"id":17,"position":[125.197559595108,-487.8166913986206,2629.29105758667],"positionconfidence":1,"rotation":[0.8408792018890381,-0.4808434545993805,-0.2484179884195328,0.5401347279548645,0.716480553150177,0.4414860904216766,-0.03429904207587242,-0.5054157376289368,0.8621939420700073],"rotationconfidence":1},"18":{"id":18,"position":[-47.24546521902084,-716.5597677230835,2488.342523574829],"positionconfidence":1,"rotation":[0.7396107316017151,-0.6730350255966187,0,0.5798604488372803,0.6372194290161133,0.5076546669006348,-0.3416693806648254,-0.3754668533802033,0.8615607023239136],"rotationconfidence":1},"19":{"id":19,"position":[-238.6137992143631,-926.8580079078674,2320.803880691528],"positionconfidence":0.5,"rotation":[-0.7905972003936768,-0.6123365163803101,0,0.5812897086143494,-0.7505121827125549,-0.3143782913684845,0.1925053149461746,-0.2485466152429581,0.9492977857589722],"rotationconfidence":0.5},"20":{"id":20,"position":[-261.7684304714203,-896.9627022743225,2206.621885299683],"positionconfidence":0.5,"rotation":[-0.7905972003936768,-0.6123365163803101,0,0.5812897086143494,-0.7505121827125549,-0.3143782913684845,0.1925053149461746,-0.2485466152429581,0.9492977857589722],"rotationconfidence":0.5},"21":{"id":21,"position":[281.5260887145996,-500.8915662765503,2627.845525741577],"positionconfidence":1,"rotation":[0.9187837839126587,0.3049803376197815,0.2506459355354309,-0.3928014039993286,0.7694886326789856,0.5035815238952637,-0.03928674384951592,-0.5611366033554077,0.8267903327941895],"rotationconfidence":1},"22":{"id":22,"position":[403.3633470535278,-739.5678758621216,2471.647024154663],"positionconfidence":1,"rotation":[0.9149202704429626,0.351548045873642,0.1983303129673004,-0.3892892301082611,0.6387014389038086,0.6637126207351685,0.106653019785881,-0.6844519972801208,0.721214771270752],"rotationconfidence":1},"23":{"id":23,"position":[544.5367693901062,-971.1891412734985,2230.955600738525],"positionconfidence":0.5,"rotation":[-0.5563181042671204,0.830969512462616,0,-0.813639223575592,-0.5447158217430115,-0.2031651735305786,-0.1688240319490433,-0.1130244433879852,0.9791445136070251],"rotationconfidence":0.5},"24":{"id":24,"position":[561.8977546691895,-959.5662951469421,2130.265474319458],"positionconfidence":0.5,"rotation":[-0.5563181042671204,0.830969512462616,0,-0.813639223575592,-0.5447158217430115,-0.2031651735305786,-0.1688240319490433,-0.1130244433879852,0.9791445136070251],"rotationconfidence":0.5}},"skeletonTracked":true,"frameCount":3},{"position":[177.3735284805298,-471.2584614753723,2519.939422607422],"positionTracked":true,"id":4874,"skeleton":{"1":{"id":1,"position":[231.3262671232224,176.3313710689545,2884.213924407959],"positionconfidence":1,"rotation":[0.9985722303390503,-0.05341731011867523,0,0.05247751995921135,0.981003999710083,0.1867543011903763,-0.009975912049412727,-0.1864876598119736,0.9824065566062927],"rotationconfidence":1},"2":{"id":2,"position":[220.6570357084274,-23.11705611646175,2846.244812011719],"positionconfidence":1,"rotation":[0.9980946183204651,-0.0576016791164875,0.02211432717740536,0.05247751995921135,0.981003999710083,0.1867543011903763,-0.03245160728693008,-0.1852379739284515,0.9821577072143555],"rotationconfidence":1},"3":{"id":3,"position":[207.2218656539917,-381.751149892807,2734.922409057617],"positionconfidence":1,"rotation":[0.9986814260482788,-0.0450533889234066,0.0246152188628912,0.03575516492128372,0.9544367790222168,0.2962635159492493,-0.03684134408831596,-0.2949927449226379,0.9547891020774841],"rotationconfidence":1},"4":{"id":4,"position":[206.2653303146362,-426.6461133956909,2661.378860473633],"positionconfidence":1,"rotation":[0.9967617988586426,-0.07374733686447144,0.03205510228872299,0.01110066752880812,0.5210095643997192,0.8534786701202393,-0.07964278757572174,-0.8503590822219849,0.520141065120697],"rotationconfidence":1},"6":{"id":6,"position":[64.85938280820847,-145.3098058700562,2800.630569458008],"positionconfidence":1,"rotation":[0.2347357720136643,0.9663465023040771,-0.1052310392260552,0.1258753389120102,-0.1375624239444733,-0.9824622273445129,-0.9638747572898865,0.2173730283975601,-0.1539300084114075],"rotationconfidence":1},"7":{"id":7,"position":[8.882338181138039,-375.7528364658356,2825.724840164185],"positionconfidence":1,"rotation":[-0.1175678968429565,0.1713587641716003,0.9781686663627625,0.2390047460794449,0.9609293341636658,-0.1396123021841049,-0.9638747572898865,0.2173730283975601,-0.1539300084114075],"rotationconfidence":1},"8":{"id":8,"position":[41.73385724425316,-423.6349165439606,2552.399158477783],"positionconfidence":1,"rotation":[-0.1727189868688583,0.2156516164541245,0.9610735774040222,0,0.9757378101348877,-0.2189420759677887,-0.9849710464477539,-0.03781545534729958,-0.1685284525156021],"rotationconfidence":1},"9":{"id":9,"position":[58.48128348588944,-444.5452392101288,2459.210157394409],"positionconfidence":0.5,"rotation":[-0.1727189868688583,0.2156516164541245,0.9610735774040222,0,0.9757378101348877,-0.2189420759677887,-0.9849710464477539,-0.03781545534729958,-0.1685284525156021],"rotationconfidence":0.5},"12":{"id":12,"position":[397.3483443260193,-160.6270521879196,2808.727502822876],"positionconfidence":1,"rotation":[0.1035334840416908,-0.9943863749504089,0.02182764559984207,-0.1525544077157974,-0.03756191208958626,-0.9875808954238892,0.9828569889068604,0.09891780465841293,-0.1555869579315186],"rotationconfidence":1},"13":{"id":13,"position":[420.3491806983948,-381.5383613109589,2813.576698303223],"positionconfidence":1,"rotation":[-0.1384221017360687,-0.1615180224180222,-0.977113664150238,-0.1217840388417244,0.9818996787071228,-0.1450567096471787,0.9828569889068604,0.09891780465841293,-0.1555869579315186],"rotationconfidence":1},"14":{"id":14,"position":[381.7725777626038,-426.5515208244324,2541.266679763794],"positionconfidence":1,"rotation":[-0.2721864581108093,0.1741496473550797,-0.9463542699813843,0,-0.9834862947463989,-0.1809827387332916,-0.9622445106506348,-0.04926105216145515,0.2676916420459747],"rotationconfidence":1},"15":{"id":15,"position":[376.5545189380646,-423.2129156589508,2523.124217987061],"positionconfidence":1,"rotation":[-0.2721864581108093,0.1741496473550797,-0.9463542699813843,0,-0.9834862947463989,-0.1809827387332916,-0.9622445106506348,-0.04926105216145515,0.2676916420459747],"rotationconfidence":1},"17":{"id":17,"position":[124.8189434409142,-488.0688786506653,2627.373695373535],"positionconfidence":1,"rotation":[0.8412745594978333,-0.4886345863342285,-0.2312864810228348,0.5382424592971802,0.71708744764328,0.4428100287914276,-0.0505196638405323,-0.4970130026340485,0.8662712574005127],"rotationconfidence":1},"18":{"id":18,"position":[-45.9631010890007,-715.5976891517639,2486.871957778931],"positionconfidence":1,"rotation":[0.7416681051254272,-0.6707670092582703,0,0.5788266658782959,0.6400094628334045,0.5053192973136902,-0.3389515280723572,-0.3747791945934296,0.8629324436187744],"rotationconfidence":1},"19":{"id":19,"position":[-249.5831102132797,-940.7406449317932,2309.110403060913],"positionconfidence":0.5,"rotation":[-0.7739974856376648,-0.6331887245178223,0,0.6044723987579346,-0.7388952374458313,-0.2977367043495178,0.1885235011577606,-0.2304474413394928,0.9546480774879456],"rotationconfidence":0.5},"20":{"id":20,"position":[-272.4287211894989,-912.8146171569824,2193.424463272095],"positionconfidence":0.5,"rotation":[-0.7739974856376648,-0.6331887245178223,0,0.6044723987579346,-0.7388952374458313,-0.2977367043495178,0.1885235011577606,-0.2304474413394928,0.9546480774879456],"rotationconfidence":0.5},"21":{"id":21,"position":[281.2062203884125,-502.0402669906616,2628.478050231934],"positionconfidence":1,"rotation":[0.9163206219673157,0.2968003451824188,0.2688233256340027,-0.3964261710643768,0.7672104835510254,0.5042164921760559,-0.05659245699644089,-0.5685926079750061,0.8206703066825867],"rotationconfidence":1},"22":{"id":22,"position":[404.0957987308502,-739.8706078529358,2472.174167633057],"positionconfidence":1,"rotation":[0.9161409735679626,0.3428613841533661,0.207682341337204,-0.3893157541751862,0.6376122236251831,0.6647435426712036,0.0954940915107727,-0.689852774143219,0.7176240086555481],"rotationconfidence":1},"23":{"id":23,"position":[545.6396341323853,-971.6877937316895,2230.492830276489],"positionconfidence":0.5,"rotation":[-0.5561079382896423,0.8311100602149963,0,-0.8120155930519104,-0.5433315634727478,-0.2131233662366867,-0.1771289855241776,-0.1185195967555046,0.9770253300666809],"rotationconfidence":0.5},"24":{"id":24,"position":[563.9415383338928,-959.4417214393616,2129.541397094727],"positionconfidence":0.5,"rotation":[-0.5561079382896423,0.8311100602149963,0,-0.8120155930519104,-0.5433315634727478,-0.2131233662366867,-0.1771289855241776,-0.1185195967555046,0.9770253300666809],"rotationconfidence":0.5}},"skeletonTracked":true,"frameCount":4},{"position":[172.5319921970367,-469.2084789276123,2514.240980148315],"positionTracked":true,"id":4874,"skeleton":{"1":{"id":1,"position":[231.7007184028626,175.7548153400421,2884.174346923828],"positionconfidence":1,"rotation":[0.9983295798301697,-0.05777686089277268,0,0.05676886439323425,0.9809123873710632,0.1859795451164246,-0.01074531394988298,-0.1856688857078552,0.9825537800788879],"rotationconfidence":1},"2":{"id":2,"position":[220.1632559299469,-23.60163815319538,2846.376657485962],"positionconfidence":1,"rotation":[0.9874740242958069,-0.08263314515352249,0.1344131529331207,0.05676886439323425,0.9809123873710632,0.1859795451164246,-0.1472155749797821,-0.1760194599628449,0.9733163118362427],"rotationconfidence":1},"3":{"id":3,"position":[204.6303451061249,-382.4565410614014,2734.215974807739],"positionconfidence":1,"rotation":[0.987694501876831,-0.08398712426424026,0.1319305300712585,0.04127851873636246,0.9536524415016174,0.2980656325817108,-0.1508495509624481,-0.2889518737792969,0.94538414478302],"rotationconfidence":1},"4":{"id":4,"position":[205.9173434972763,-427.0724356174469,2661.171436309815],"positionconfidence":1,"rotation":[0.9940585494041443,-0.08421788364648819,0.06895529478788376,-0.01503463834524155,0.5212001800537109,0.8533019423484802,-0.1078028082847595,-0.849268913269043,0.5168373584747314],"rotationconfidence":1},"6":{"id":6,"position":[70.36138325929642,-143.323227763176,2784.191131591797],"positionconfidence":1,"rotation":[0.3474278450012207,0.9362247586250305,-0.05269870907068253,0.2332224994897842,-0.1407078057527542,-0.9621895551681519,-0.9082407355308533,0.3220008909702301,-0.2672344744205475],"rotationconfidence":1},"7":{"id":7,"position":[-11.59367896616459,-364.170104265213,2796.622276306152],"positionconfidence":1,"rotation":[-0.2267901450395584,0.157911017537117,0.9610569477081299,0.3516604602336884,0.9334772229194641,-0.0703945904970169,-0.9082407355308533,0.3220008909702301,-0.2672344744205475],"rotationconfidence":1},"8":{"id":8,"position":[51.43743008375168,-408.05783867836,2529.518604278565],"positionconfidence":1,"rotation":[-0.2009056806564331,0.2921489477157593,0.9350326061248779,0,0.9544941782951355,-0.2982296943664551,-0.9796106815338135,-0.05991603806614876,-0.1917632967233658],"rotationconfidence":1},"9":{"id":9,"position":[69.56074386835098,-434.412032365799,2445.171117782593],"positionconfidence":0.5,"rotation":[-0.2009056806564331,0.2921489477157593,0.9350326061248779,0,0.9544941782951355,-0.2982296943664551,-0.9796106815338135,-0.05991603806614876,-0.1917632967233658],"rotationconfidence":0.5},"12":{"id":12,"position":[396.4917361736298,-165.046364068985,2829.590320587158],"positionconfidence":1,"rotation":[0.06863211840391159,-0.9976370930671692,-0.003120815847069025,-0.08866211026906967,-0.002983607351779938,-0.9960572719573975,0.9936944842338562,0.06863822788000107,-0.08865739405155182],"rotationconfidence":1},"13":{"id":13,"position":[411.3772809505463,-381.4227879047394,2828.913450241089],"positionconfidence":1,"rotation":[-0.07793466746807098,-0.145637571811676,-0.9862635135650635,-0.08060722798109055,0.9869540929794312,-0.1393699496984482,0.9936944842338562,0.06863822788000107,-0.08865739405155182],"rotationconfidence":1},"14":{"id":14,"position":[389.5612061023712,-422.19078540802,2552.830934524536],"positionconfidence":1,"rotation":[0.3142593801021576,0.2135268449783325,-0.9250121116638184,0,-0.9743767976760864,-0.2249220460653305,-0.9493372440338135,0.07068385928869247,-0.3062070608139038],"rotationconfidence":1},"15":{"id":15,"position":[393.7906622886658,-419.3170368671417,2540.381669998169],"positionconfidence":1,"rotation":[0.3142593801021576,0.2135268449783325,-0.9250121116638184,0,-0.9743767976760864,-0.2249220460653305,-0.9493372440338135,0.07068385928869247,-0.3062070608139038],"rotationconfidence":1},"17":{"id":17,"position":[125.3665834665299,-486.9281947612763,2623.624086380005],"positionconfidence":1,"rotation":[0.8400667309761047,-0.5064617395401001,-0.1943814158439636,0.5363237261772156,0.7215402722358704,0.4378770887851715,-0.08151398599147797,-0.4720973968505859,0.8777695894241333],"rotationconfidence":1},"18":{"id":18,"position":[-43.94050315022469,-714.7045731544495,2485.394716262817],"positionconfidence":1,"rotation":[0.7424699068069458,-0.6698793768882751,0,0.5784934163093567,0.6411810517311096,0.5042144060134888,-0.3377628326416016,-0.3743640184402466,0.8635784387588501],"rotationconfidence":1},"19":{"id":19,"position":[-254.7586858272553,-948.3677744865417,2301.645755767822],"positionconfidence":0.5,"rotation":[-0.7934581637382507,-0.6086248159408569,0,0.5869031548500061,-0.7651398777961731,-0.2647748589515686,0.1611485481262207,-0.210087776184082,0.9643102884292603],"rotationconfidence":0.5},"20":{"id":20,"position":[-274.2742002010346,-922.925591468811,2184.865236282349],"positionconfidence":0.5,"rotation":[-0.7934581637382507,-0.6086248159408569,0,0.5869031548500061,-0.7651398777961731,-0.2647748589515686,0.1611485481262207,-0.210087776184082,0.9643102884292603],"rotationconfidence":0.5},"21":{"id":21,"position":[280.8185517787933,-503.2019019126892,2629.307508468628],"positionconfidence":1,"rotation":[0.912496030330658,0.2765177488327026,0.3014779090881348,-0.39895099401474,0.7645350694656372,0.506284773349762,-0.09049370884895325,-0.5822577476501465,0.8079522252082825],"rotationconfidence":1},"22":{"id":22,"position":[404.4332802295685,-740.0926351547241,2472.435474395752],"positionconfidence":1,"rotation":[0.9194319844245911,0.3026711344718933,0.2510676980018616,-0.3910813331604004,0.6368133425712585,0.6644728183746338,0.04123347997665405,-0.7091254591941833,0.7038756012916565],"rotationconfidence":1},"23":{"id":23,"position":[546.9655990600586,-972.1837043762207,2230.263710021973],"positionconfidence":0.5,"rotation":[-0.4777459502220154,0.8784980177879333,0,-0.8494725227355957,-0.4619612693786621,-0.2549276351928711,-0.2239534258842468,-0.1217906475067139,0.966960072517395],"rotationconfidence":0.5},"24":{"id":24,"position":[570.26606798172,-959.5124125480652,2129.659652709961],"positionconfidence":0.5,"rotation":[-0.4777459502220154,0.8784980177879333,0,-0.8494725227355957,-0.4619612693786621,-0.2549276351928711,-0.2239534258842468,-0.1217906475067139,0.966960072517395],"rotationconfidence":0.5}},"skeletonTracked":true,"frameCount":5},{"position":[152.4871438741684,-484.8450124263763,2468.800067901611],"positionTracked":true,"id":4874,"skeleton":{"1":{"id":1,"position":[222.5109040737152,187.0599091053009,2882.137775421143],"positionconfidence":1,"rotation":[0.9991332292556763,-0.04162538051605225,0,0.03983508422970772,0.9561607837677002,0.2901201546192169,-0.01207636203616858,-0.2898686826229096,0.9569901823997498],"rotationconfidence":1},"2":{"id":2,"position":[215.0940001010895,9.032100439071655,2828.120231628418],"positionconfidence":1,"rotation":[0.9692624807357788,0.03357137739658356,-0.2437275946140289,0.03983508422970772,0.9561607837677002,0.2901201546192169,0.2427825033664703,-0.2909114956855774,0.9254334568977356],"rotationconfidence":1},"3":{"id":3,"position":[209.9967300891876,-383.6677968502045,2731.081485748291],"positionconfidence":1,"rotation":[0.9711207151412964,0.04528017714619637,-0.2342526614665985,0.01260004378855228,0.9707227349281311,0.2398720234632492,0.2382558435201645,-0.2358962893486023,0.9421184659004211],"rotationconfidence":1},"4":{"id":4,"position":[201.5465050935745,-435.2694451808929,2661.65018081665],"positionconfidence":1,"rotation":[0.9657663106918335,0.1376787275075913,-0.2198632508516312,0.09721998125314713,0.5936778783798218,0.7988083362579346,0.2405068874359131,-0.792837381362915,0.5599690079689026],"rotationconfidence":1},"6":{"id":6,"position":[72.56866991519928,-141.2511318922043,2788.662433624268],"positionconfidence":0.5,"rotation":[0.3336061239242554,0.9401480555534363,-0.06948818266391754,0.2685757577419281,-0.1654409319162369,-0.9489448070526123,-0.9036448001861572,0.2979109585285187,-0.3076930642127991],"rotationconfidence":0.5},"7":{"id":7,"position":[-4.23108134418726,-357.6834201812744,2804.659366607666],"positionconfidence":0.5,"rotation":[-0.2445498406887054,0.2308841943740845,0.9417473077774048,0.35159832239151,0.9262513518333435,-0.1357832252979279,-0.9036448001861572,0.2979109585285187,-0.3076930642127991],"rotationconfidence":0.5},"8":{"id":8,"position":[48.61994832754135,-407.581090927124,2601.133108139038],"positionconfidence":1,"rotation":[-0.1632857769727707,0.2792291343212128,0.9462392330169678,0,0.9591116309165955,-0.283027708530426,-0.986578643321991,-0.04621439799666405,-0.1566092818975449],"rotationconfidence":1},"9":{"id":9,"position":[62.47137486934662,-431.2679171562195,2520.864248275757],"positionconfidence":0.5,"rotation":[-0.1632857769727707,0.2792291343212128,0.9462392330169678,0,0.9591116309165955,-0.283027708530426,-0.986578643321991,-0.04621439799666405,-0.1566092818975449],"rotationconfidence":0.5},"12":{"id":12,"position":[333.3619236946106,-102.7170196175575,2732.357978820801],"positionconfidence":0.5,"rotation":[0.09452804923057556,-0.9650015830993652,-0.2446146011352539,-0.1924387514591217,0.2233679294586182,-0.9555491209030151,0.9767455458641052,0.1373995393514633,-0.1645891815423966],"rotationconfidence":0.5},"13":{"id":13,"position":[356.3829064369202,-337.7296328544617,2672.785520553589],"positionconfidence":1,"rotation":[-0.2038746178150177,0.3576181530952454,-0.9113420844078064,-0.06635790318250656,0.9237048625946045,0.3773142099380493,0.9767455458641052,0.1373995393514633,-0.1645891815423966],"rotationconfidence":1},"14":{"id":14,"position":[298.8523244857788,-236.8147671222687,2415.6174659729],"positionconfidence":1,"rotation":[-0.493575245141983,0.1916756331920624,-0.848318338394165,0,-0.9754113554954529,-0.2203920185565949,-0.8697031140327454,-0.1087800413370132,0.4814389050006867],"rotationconfidence":1},"15":{"id":15,"position":[254.9044787883759,-219.748005270958,2340.083360671997],"positionconfidence":1,"rotation":[-0.493575245141983,0.1916756331920624,-0.848318338394165,0,-0.9754113554954529,-0.2203920185565949,-0.8697031140327454,-0.1087800413370132,0.4814389050006867],"rotationconfidence":1},"17":{"id":17,"position":[132.4063241481781,-511.2135410308838,2662.020921707153],"positionconfidence":1,"rotation":[0.736518383026123,-0.2845630943775177,-0.6136487126350403,0.6240712404251099,0.6358029246330261,0.4541912972927094,0.2609135806560516,-0.7174807190895081,0.645868182182312],"rotationconfidence":1},"18":{"id":18,"position":[-61.28504499793053,-708.5460424423218,2521.054744720459],"positionconfidence":1,"rotation":[0.6699141263961792,-0.742438554763794,0,0.623238205909729,0.5623577237129211,0.5434408187866211,-0.4034714102745056,-0.3640586733818054,0.8394474387168884],"rotationconfidence":1},"19":{"id":19,"position":[-249.1443753242493,-878.0544996261597,2357.248306274414],"positionconfidence":1,"rotation":[-0.0318036712706089,-0.9994941353797913,0,0.9040151834487915,-0.02876555360853672,-0.4265314042568207,0.4263156354427338,-0.01356526464223862,0.9044727087020874],"rotationconfidence":1},"20":{"id":20,"position":[-298.6716628074646,-876.4785528182983,2252.171039581299],"positionconfidence":0.5,"rotation":[-0.0318036712706089,-0.9994941353797913,0,0.9040151834487915,-0.02876555360853672,-0.4265314042568207,0.4263156354427338,-0.01356526464223862,0.9044727087020874],"rotationconfidence":0.5},"21":{"id":21,"position":[266.3024663925171,-500.0064373016357,2620.380163192749],"positionconfidence":1,"rotation":[0.9004690051078796,0.4129803776741028,-0.1363917142152786,-0.31116983294487,0.8308514952659607,0.4613665640354157,0.3038566112518311,-0.3730053305625916,0.876663088798523],"rotationconfidence":1},"22":{"id":22,"position":[361.7058098316193,-754.7419667243958,2478.927135467529],"positionconfidence":1,"rotation":[0.8489128351211548,0.5285328030586243,-0.0002094662486342713,-0.33221235871315,0.5338972210884094,0.7775530219078064,0.4110741019248962,-0.6600051522254944,0.6288173198699951],"rotationconfidence":1},"23":{"id":23,"position":[483.5951626300812,-950.6298899650574,2193.641424179077],"positionconfidence":0.5,"rotation":[-0.8485617637634277,-0.5290964841842651,0,0.5045883655548096,-0.8092557787895203,-0.3008253276348114,0.1591656059026718,-0.2552688419818878,0.9536792635917664],"rotationconfidence":0.5},"24":{"id":24,"position":[467.498391866684,-924.813985824585,2097.193717956543],"positionconfidence":0.5,"rotation":[-0.8485617637634277,-0.5290964841842651,0,0.5045883655548096,-0.8092557787895203,-0.3008253276348114,0.1591656059026718,-0.2552688419818878,0.9536792635917664],"rotationconfidence":0.5}},"skeletonTracked":true,"frameCount":6},{"position":[162.9683375358582,-500.7361173629761,2462.659358978272],"positionTracked":true,"id":4874,"skeleton":{"1":{"id":1,"position":[194.0964758396149,177.1509945392609,2861.618757247925],"positionconfidence":1,"rotation":[0.9919686317443848,0.1264841705560684,0,-0.1209167167544365,0.9483051300048828,0.2934221923351288,0.03711326420307159,-0.2910656034946442,0.9559829831123352],"rotationconfidence":1},"2":{"id":2,"position":[215.2504324913025,11.2483212724328,2810.285568237305],"positionconfidence":1,"rotation":[0.843347430229187,0.2540499866008759,-0.4735227823257446,-0.1209167167544365,0.9483051300048828,0.2934221923351288,0.5235879421234131,-0.1902000308036804,0.83046954870224],"rotationconfidence":1},"3":{"id":3,"position":[228.1932830810547,-411.6846323013306,2720.25990486145],"positionconfidence":1,"rotation":[0.8522434830665588,0.1337375789880753,-0.5057621002197266,-0.02991861663758755,0.9776492714881897,0.2081027776002884,0.5222890973091125,-0.1622225344181061,0.8371964693069458],"rotationconfidence":1},"4":{"id":4,"position":[202.9717415571213,-476.2981235980988,2657.569169998169],"positionconfidence":1,"rotation":[0.7710168957710266,0.2621301114559174,-0.580362856388092,0.2697659730911255,0.6910966038703918,0.6705310940742493,0.5768530964851379,-0.6735528707504272,0.4621332883834839],"rotationconfidence":1},"6":{"id":6,"position":[75.45021176338196,-145.9147781133652,2789.86930847168],"positionconfidence":0.5,"rotation":[0.08877438306808472,0.9907304644584656,0.1028216108679771,0.155693531036377,0.0881580337882042,-0.9838636517524719,-0.9838082194328308,0.1033505499362946,-0.1464241445064545],"rotationconfidence":0.5},"7":{"id":7,"position":[54.90035563707352,-375.2531111240387,2766.067743301392],"positionconfidence":1,"rotation":[-0.1112140715122223,0.2886304259300232,0.9509595036506653,0.1405446529388428,0.951846182346344,-0.2724629640579224,-0.9838082194328308,0.1033505499362946,-0.14642414450645