{"motiondata":[{"position":[194.5539712905884,-452.0852267742157,2570.862531661987],"positionTracked":true,"id":4874,"skeleton":{"1":{"id":1,"position":[242.9319471120834,223.1360375881195,2882.810831069946],"positionconfidence":1,"rotation":[0.9995079636573792,-0.03136583417654038,0,0.03112279623746872,0.9917633533477783,0.1242451593279839,-0.003897052956745029,-0.1241840273141861,0.9922515749931335],"rotationconfidence":1},"2":{"id":2,"position":[236.5530878305435,19.86642554402351,2857.345819473267],"positionconfidence":1,"rotation":[0.9962844252586365,-0.02079436928033829,-0.0835772156715393,0.03112279623746872,0.9917633533477783,0.1242451593279839,0.08030521869659424,-0.1263846606016159,0.9887255430221558],"rotationconfidence":1},"3":{"id":3,"position":[225.8411049842835,-343.1293666362763,2782.555818557739],"positionconfidence":1,"rotation":[0.9965940117835999,-0.01261880714446306,-0.08149383962154388,0.02889077551662922,0.9790185689926147,0.2017125189304352,0.07723861187696457,-0.2033799141645432,0.9760486483573914],"rotationconfidence":1},"4":{"id":4,"position":[219.8210507631302,-393.7542736530304,2714.169263839722],"positionconfidence":1,"rotation":[0.9968549013137817,-0.07100887596607208,-0.03518678247928619,0.0705762729048729,0.5935025215148926,0.8017317056655884,-0.03604662418365479,-0.8016935586929321,0.5966474413871765],"rotationconfidence":1},"6":{"id":6,"position":[72.32823222875595,-99.1106852889061,2847.124099731445],"positionconfidence":1,"rotation":[0.1954085677862167,0.9806922078132629,-0.007644051685929298,0.1453138738870621,-0.03666114434599876,-0.9887061715126038,-0.9698965549468994,0.1920908540487289,-0.1496720612049103],"rotationconfidence":1},"7":{"id":7,"position":[24.37427826225758,-339.7760391235352,2848.999977111816],"positionconfidence":1,"rotation":[-0.1240145340561867,0.1393300741910934,0.9824498295783997,0.2095734477043152,0.9714362025260925,-0.1113137006759644,-0.9698965549468994,0.1920908540487289,-0.1496720612049103],"rotationconfidence":1},"8":{"id":8,"position":[56.60293996334076,-375.9848773479462,2593.682765960693],"positionconfidence":1,"rotation":[-0.2730139493942261,0.2433601468801498,0.9307197332382202,0,0.9674739837646484,-0.2529704570770264,-0.9620100259780884,-0.06906446069478989,-0.2641339004039764],"rotationconfidence":1},"9":{"id":9,"position":[67.892424762249,-386.0481381416321,2555.196285247803],"positionconfidence":1,"rotation":[-0.2730139493942261,0.2433601468801498,0.9307197332382202,0,0.9674739837646484,-0.2529704570770264,-0.9620100259780884,-0.06906446069478989,-0.2641339004039764],"rotationconfidence":1},"12":{"id":12,"position":[410.6404781341553,-107.8765913844109,2818.525552749634],"positionconfidence":1,"rotation":[0.2698964476585388,-0.9628751277923584,0.005244711879640818,-0.4733098745346069,-0.1374094635248184,-0.8701130151748657,0.8385307788848877,0.2323580086231232,-0.4928245842456818],"rotationconfidence":1},"13":{"id":13,"position":[474.8819172382355,-337.0625972747803,2819.77391242981],"positionconfidence":1,"rotation":[-0.4546261131763458,-0.2001481205224991,-0.8679031133651733,-0.3003021478652954,0.9518144130706787,-0.0621943399310112,0.8385307788848877,0.2323580086231232,-0.4928245842456818],"rotationconfidence":1},"14":{"id":14,"position":[363.342672586441,-386.1674964427948,2606.840133666992],"positionconfidence":1,"rotation":[-0.3483809232711792,0.1604050397872925,-0.9235263466835022,0,-0.9852492213249207,-0.1711255311965942,-0.9373530149459839,-0.05961687117815018,0.3432420194149017],"rotationconfidence":1},"15":{"id":15,"position":[350.6377041339874,-380.317747592926,2573.160409927368],"positionconfidence":1,"rotation":[-0.3483809232711792,0.1604050397872925,-0.9235263466835022,0,-0.9852492213249207,-0.1711255311965942,-0.9373530149459839,-0.05961687117815018,0.3432420194149017],"rotationconfidence":1},"17":{"id":17,"position":[138.0418986082077,-460.6122374534607,2688.594818115234],"positionconfidence":1,"rotation":[0.7957783341407776,-0.5428242087364197,-0.268474668264389,0.6053698658943176,0.7011488676071167,0.3767195045948029,-0.01625176705420017,-0.4623116850852966,0.8865684866905212],"rotationconfidence":1},"18":{"id":18,"position":[-76.69083029031754,-709.3190550804138,2554.967403411865],"positionconfidence":1,"rotation":[0.8173669576644897,-0.5761173367500305,0,0.5253686308860779,0.7453671097755432,0.4103846549987793,-0.2364297211170197,-0.3354348540306091,0.9119124412536621],"rotationconfidence":1},"19":{"id":19,"position":[-220.8841294050217,-913.8934016227722,2442.332744598389],"positionconfidence":1,"rotation":[0.9968584179878235,-0.07920414954423904,0,-0.009630436077713966,-0.1212080642580986,-0.9925804138183594,0.07861649245023727,0.98946213722229,-0.1215900480747223],"rotationconfidence":1},"20":{"id":20,"position":[-227.3527532815933,-995.3070878982544,2452.337265014648],"positionconfidence":1,"rotation":[0.9968584179878235,-0.07920414954423904,0,-0.009630436077713966,-0.1212080642580986,-0.9925804138183594,0.07861649245023727,0.98946213722229,-0.1215900480747223],"rotationconfidence":1},"21":{"id":21,"position":[295.898050069809,-468.6920642852783,2687.275171279907],"positionconfidence":1,"rotation":[0.9023316502571106,0.3562034964561462,0.2427274584770203,-0.4305814206600189,0.7709054350852966,0.4693659842014313,-0.01993010938167572,-0.5280377268791199,0.8489869832992554],"rotationconfidence":1},"22":{"id":22,"position":[430.3083419799805,-709.3378901481628,2540.757894515991],"positionconfidence":1,"rotation":[0.8130941390991211,0.5802226662635803,-0.04711215570569038,-0.4511532783508301,0.679226815700531,0.5788882374763489,0.3678839206695557,-0.449435830116272,0.814044713973999],"rotationconfidence":1},"23":{"id":23,"position":[542.6502823829651,-878.4725666046143,2396.608591079712],"positionconfidence":1,"rotation":[0.8726126551628113,0.4884128868579865,0,-0.4484464526176453,0.8012074828147888,-0.3961845636367798,-0.1935016363859177,0.3457156717777252,0.9181708097457886],"rotationconfidence":1},"24":{"id":24,"position":[560.5357885360718,-910.4273319244385,2311.741352081299],"positionconfidence":1,"rotation":[0.8726126551628113,0.4884128868579865,0,-0.4484464526176453,0.8012074828147888,-0.3961845636367798,-0.1935016363859177,0.3457156717777252,0.9181708097457886],"rotationconfidence":1}},"skeletonTracked":true,"frameCount":1},{"position":[192.7410960197449,-450.5217671394348,2570.997953414917],"positionTracked":true,"id":4874,"skeleton":{"1":{"id":1,"position":[243.3775067329407,223.7704396247864,2884.516954421997],"positionconfidence":1,"rotation":[0.9994484782218933,-0.03320840373635292,0,0.03294545784592629,0.9915347695350647,0.1255922019481659,-0.004170716740190983,-0.1255229413509369,0.9920819997787476],"rotationconfidence":1},"2":{"id":2,"position":[236.6123199462891,20.16368880867958,2858.727216720581],"positionconfidence":1,"rotation":[0.9961249232292175,-0.02232265472412109,-0.08506979793310165,0.03294545784592629,0.9915347695350647,0.1255922019481659,0.0815461128950119,-0.1279081851243973,0.9884279370307922],"rotationconfidence":1},"3":{"id":3,"position":[226.1102646589279,-342.6869809627533,2783.939838409424],"positionconfidence":1,"rotation":[0.9965084791183472,-0.01180640980601311,-0.08265329897403717,0.02833594940602779,0.9790196418762207,0.2017863392829895,0.07853682339191437,-0.2034238427877426,0.9759358167648315],"rotationconfidence":1},"4":{"id":4,"position":[220.0371325016022,-393.3964371681213,2715.589284896851],"positionconfidence":1,"rotation":[0.996842086315155,-0.07073266059160233,-0.03609537333250046,0.07117757201194763,0.594318687915802,0.8010737299919128,-0.03520992025732994,-0.8011131286621094,0.5974764227867126],"rotationconfidence":1},"6":{"id":6,"position":[72.32819497585297,-98.61992299556732,2848.546743392944],"positionconfidence":1,"rotation":[0.1923262029886246,0.9813119769096375,-0.006111183669418097,0.1565091758966446,-0.03682059794664383,-0.9869899153709412,-0.9687701463699341,0.1888675838708878,-0.1606659144163132],"rotationconfidence":1},"7":{"id":7,"position":[25.01228451728821,-340.0413691997528,2850.050210952759],"positionconfidence":1,"rotation":[-0.1364707350730896,0.1348673850297928,0.9814206957817078,0.2070271521806717,0.9726972579956055,-0.1048806011676788,-0.9687701463699341,0.1888675838708878,-0.1606659144163132],"rotationconfidence":1},"8":{"id":8,"position":[60.88485568761826,-375.4924833774567,2592.074871063232],"positionconfidence":1,"rotation":[-0.155346155166626,0.2663008272647858,0.9512894749641418,0,0.962979793548584,-0.2695733606815338,-0.9878601431846619,-0.04187718406319618,-0.1495952010154724],"rotationconfidence":1},"9":{"id":9,"position":[65.70319831371307,-383.7522864341736,2562.56890296936],"positionconfidence":1,"rotation":[-0.155346155166626,0.2663008272647858,0.9512894749641418,0,0.962979793548584,-0.2695733606815338,-0.9878601431846619,-0.04187718406319618,-0.1495952010154724],"rotationconfidence":1},"12":{"id":12,"position":[410.6851518154144,-107.2998046875,2819.508790969849],"positionconfidence":1,"rotation":[0.2465245574712753,-0.9691264629364014,-0.004439731128513813,-0.4623705446720123,-0.113588348031044,-0.8793812394142151,0.8517271876335144,0.2188418358564377,-0.4760977625846863],"rotationconfidence":1},"13":{"id":13,"position":[469.3455994129181,-337.9031717777252,2818.45235824585],"positionconfidence":1,"rotation":[-0.440863162279129,-0.191780224442482,-0.8768465518951416,-0.2831968367099762,0.9567280411720276,-0.06686512380838394,0.8517271876335144,0.2188418358564377,-0.4760977625846863],"rotationconfidence":1},"14":{"id":14,"position":[360.5481684207916,-385.231226682663,2602.061748504639],"positionconfidence":1,"rotation":[-0.3436397612094879,0.1826080679893494,-0.9211763739585876,0,-0.9809125065803528,-0.1944497674703598,-0.93910151720047,-0.0668206736445427,0.3370805382728577],"rotationconfidence":1},"15":{"id":15,"position":[350.4001200199127,-379.8386156558991,2574.85842704773],"positionconfidence":1,"rotation":[-0.3436397612094879,0.1826080679893494,-0.9211763739585876,0,-0.9809125065803528,-0.1944497674703598,-0.93910151720047,-0.0668206736445427,0.3370805382728577],"rotationconfidence":1},"17":{"id":17,"position":[138.2507234811783,-460.3471159934998,2690.032243728638],"positionconfidence":1,"rotation":[0.7997863292694092,-0.5369957685470581,-0.2682859897613525,0.6000807285308838,0.7035667896270752,0.3806533813476563,-0.01565213315188885,-0.4654345810413361,0.8849438428878784],"rotationconfidence":1},"18":{"id":18,"position":[-74.58756119012833,-709.8901271820068,2555.021047592163],"positionconfidence":1,"rotation":[0.815229594707489,-0.5791379809379578,0,0.5277392268180847,0.7428776621818542,0.4118542969226837,-0.238520473241806,-0.3357558250427246,0.9112496972084045],"rotationconfidence":1},"19":{"id":19,"position":[-219.2369550466538,-913.507342338562,2442.134857177734],"positionconfidence":1,"rotation":[0.9961223602294922,-0.08797947317361832,0,-0.008878076449036598,-0.1005194783210754,-0.9948955178260803,0.08753037452697754,0.9910375475883484,-0.1009107753634453],"rotationconfidence":1},"20":{"id":20,"position":[-226.4139205217362,-994.7664737701416,2450.408935546875],"positionconfidence":1,"rotation":[0.9961223602294922,-0.08797947317361832,0,-0.008878076449036598,-0.1005194783210754,-0.9948955178260803,0.08753037452697754,0.9910375475883484,-0.1009107753634453],"rotationconfidence":1},"21":{"id":21,"position":[296.1479723453522,-468.3388471603394,2688.621759414673],"positionconfidence":1,"rotation":[0.9032691121101379,0.3544691801071167,0.2417781352996826,-0.4286438226699829,0.7707089185714722,0.4714576900005341,-0.01922332867980003,-0.5294898152351379,0.8480984568595886],"rotationconfidence":1},"22":{"id":22,"position":[430.7269155979157,-710.3140950202942,2540.600776672363],"positionconfidence":1,"rotation":[-0.5651178359985352,0.294074296951294,-0.7708191275596619,-0.4458323121070862,0.677287220954895,0.5852482318878174,0.6941723823547363,0.6743903160095215,-0.2516392767429352],"rotationconfidence":1},"23":{"id":23,"position":[541.6876673698425,-878.8803815841675,2394.941568374634],"positionconfidence":1,"rotation":[0.9302424192428589,-0.3669453561306,0,0.03139537572860718,0.07959035038948059,-0.9963330626487732,0.3655998110771179,0.9268314242362976,0.08555871993303299],"rotationconfidence":1},"24":{"id":24,"position":[515.0118470191956,-946.5062022209167,2388.698816299439],"positionconfidence":1,"rotation":[0.9302424192428589,-0.3669453561306,0,0.03139537572860718,0.07959035038948059,-0.9963330626487732,0.3655998110771179,0.9268314242362976,0.08555871993303299],"rotationconfidence":1}},"skeletonTracked":true,"frameCount":2},{"position":[193.2269036769867,-452.6814818382263,2568.237066268921],"positionTracked":true,"id":4874,"skeleton":{"1":{"id":1,"position":[243.6798959970474,224.1286635398865,2885.851860046387],"positionconfidence":1,"rotation":[0.9993979334831238,-0.0346948429942131,0,0.03441767022013664,0.9914138913154602,0.1261509209871292,-0.004376786295324564,-0.1260749697685242,0.9920111298561096],"rotationconfidence":1},"2":{"id":2,"position":[236.6025894880295,20.26418969035149,2859.911441802979],"positionconfidence":1,"rotation":[0.9960041046142578,-0.02361763454973698,-0.08612930029630661,0.03441767022013664,0.9914138913154602,0.1261509209871292,0.08241038769483566,-0.1286111772060394,0.9882650375366211],"rotationconfidence":1},"3":{"id":3,"position":[226.2932658195496,-342.3892557621002,2784.887790679932],"positionconfidence":1,"rotation":[0.9964543581008911,-0.01107264682650566,-0.08340352028608322,0.02782724983990192,0.9788855314254761,0.2025061994791031,0.07940021902322769,-0.2041090726852417,0.9757228493690491],"rotationconfidence":1},"4":{"id":4,"position":[220.1883792877197,-393.1498229503632,2716.56346321106],"positionconfidence":1,"rotation":[0.9968387484550476,-0.07045415788888931,-0.0367262177169323,0.071539968252182,0.5948365330696106,0.8006570339202881,-0.03456351533532143,-0.8007532358169556,0.5979962944984436],"rotationconfidence":1},"6":{"id":6,"position":[72.3072811961174,-98.31440448760986,2849.589824676514],"positionconfidence":1,"rotation":[0.1890486776828766,0.9819643497467041,-0.002563521964475513,0.1637401431798935,-0.03409723564982414,-0.9859141111373901,-0.9682199358940125,0.1859660148620606,-0.167233020067215],"rotationconfidence":1},"7":{"id":7,"position":[25.41517838835716,-341.8832719326019,2850.225687026978],"positionconfidence":1,"rotation":[-0.1453017294406891,0.1259772777557373,0.9813344478607178,0.2035624235868454,0.9744468331336975,-0.0949525311589241,-0.9682199358940125,0.1859660148620606,-0.167233020067215],"rotationconfidence":1},"8":{"id":8,"position":[63.89863789081574,-375.2486109733582,2590.317249298096],"positionconfidence":1,"rotation":[-0.01567523367702961,0.3060553669929504,0.9518846869468689,0,0.952001690864563,-0.3060930073261261,-0.9998772144317627,-0.004798079375177622,-0.01492284890264273],"rotationconfidence":1},"9":{"id":9,"position":[64.27760422229767,-382.647842168808,2567.304372787476],"positionconfidence":1,"rotation":[-0.01567523367702961,0.3060553669929504,0.9518846869468689,0,0.952001690864563,-0.3060930073261261,-0.9998772144317627,-0.004798079375177622,-0.01492284890264273],"rotationconfidence":1},"12":{"id":12,"position":[410.6840491294861,-106.9319546222687,2820.25146484375],"positionconfidence":1,"rotation":[0.2391632795333862,-0.9709317684173584,-0.009609910659492016,-0.4581007361412048,-0.1041035130620003,-0.8827831149101257,0.856121838092804,0.2155316323041916,-0.4696823358535767],"rotationconfidence":1},"13":{"id":13,"position":[467.7648842334747,-338.6631608009338,2817.957878112793],"positionconfidence":1,"rotation":[-0.4369942545890808,-0.183203861117363,-0.8806090950965881,-0.2758467197418213,0.9591571688652039,-0.06265874207019806,0.856121838092804,0.2155316323041916,-0.4696823358535767],"rotationconfidence":1},"14":{"id":14,"position":[358.2201302051544,-384.5883011817932,2597.208738327026],"positionconfidence":1,"rotation":[-0.3446907699108124,0.2204989194869995,-0.9124519228935242,0,-0.9720209836959839,-0.2348941117525101,-0.9387162923812866,-0.08096583187580109,0.335046648979187],"rotationconfidence":1},"15":{"id":15,"position":[350.2344489097595,-379.479855298996,2576.069355010986],"positionconfidence":1,"rotation":[-0.3446907699108124,0.2204989194869995,-0.9124519228935242,0,-0.9720209836959839,-0.2348941117525101,-0.9387162923812866,-0.08096583187580109,0.335046648979187],"rotationconfidence":1},"17":{"id":17,"position":[138.4053230285645,-460.1594805717468,2691.064834594727],"positionconfidence":1,"rotation":[0.8035928606987,-0.5311222076416016,-0.2686032354831696,0.5949842929840088,0.7053148150444031,0.3853890001773834,-0.01523882802575827,-0.469510555267334,0.8827953338623047],"rotationconfidence":1},"18":{"id":18,"position":[-72.7405846118927,-710.4591131210327,2554.299354553223],"positionconfidence":1,"rotation":[0.8129786252975464,-0.5822935700416565,0,0.5303158164024353,0.7404089570045471,0.4129887819290161,-0.2404807060956955,-0.3357510566711426,0.9107361435890198],"rotationconfidence":1},"19":{"id":19,"position":[-217.8634405136108,-913.0747318267822,2441.283464431763],"positionconfidence":1,"rotation":[0.9952394962310791,-0.09745992720127106,0,-0.008802458643913269,-0.08988878130912781,-0.9959129095077515,0.09706158936023712,0.9911717772483826,-0.09031874686479568],"rotationconfidence":1},"20":{"id":20,"position":[-225.8161902427673,-994.2864775657654,2448.683738708496],"positionconfidence":1,"rotation":[0.9952394962310791,-0.09745992720127106,0,-0.008802458643913269,-0.08988878130912781,-0.9959129095077515,0.09706158936023712,0.9911717772483826,-0.09031874686479568],"rotationconfidence":1},"21":{"id":21,"position":[296.3283956050873,-468.0900871753693,2689.573049545288],"positionconfidence":1,"rotation":[0.9043374061584473,0.3521491885185242,0.2411735057830811,-0.4264079332351685,0.7701799869537354,0.4743406176567078,-0.01870833337306976,-0.5318022966384888,0.8466618061065674],"rotationconfidence":1},"22":{"id":22,"position":[431.1311542987824,-711.571455001831,2539.61706161499],"positionconfidence":1,"rotation":[-0.641460120677948,0.2193671613931656,-0.7351238131523132,-0.445547342300415,0.6735422015190125,0.5897698998451233,0.6245130896568298,0.7058463096618652,-0.3343119919300079],"rotationconfidence":1},"23":{"id":23,"position":[544.0115928649902,-882.2149038314819,2390.197515487671],"positionconfidence":1,"rotation":[0.8940969705581665,-0.4478734731674194,0,-0.0551154688000679,-0.1100278869271278,-0.9923991560935974,0.4444692432880402,0.8873010277748108,-0.1230603531002998],"rotationconfidence":1},"24":{"id":24,"position":[507.0747137069702,-955.9525847434998,2400.424242019653],"positionconfidence":1,"rotation":[0.8940969705581665,-0.4478734731674194,0,-0.0551154688000679,-0.1100278869271278,-0.9923991560935974,0.4444692432880402,0.8873010277748108,-0.1230603531002998],"rotationconfidence":1}},"skeletonTracked":true,"frameCount":3},{"position":[194.5526450872421,-449.7961103916168,2568.52650642395],"positionTracked":true,"id":4874,"skeleton":{"1":{"id":1,"position":[243.7917739152908,223.8195240497589,2887.123823165894],"positionconfidence":1,"rotation":[0.9993753433227539,-0.03533876687288284,0,0.0350491888821125,0.9911860823631287,0.1277560442686081,-0.004514741245657206,-0.1276762336492539,0.9918055534362793],"rotationconfidence":1},"2":{"id":2,"position":[236.5932017564774,20.24492062628269,2860.884666442871],"positionconfidence":1,"rotation":[0.9959530234336853,-0.02405629120767117,-0.08659538626670837,0.0350491888821125,0.9911860823631287,0.1277560442686081,0.0827588140964508,-0.1302741169929504,0.9880180358886719],"rotationconfidence":1},"3":{"id":3,"position":[226.4106124639511,-342.2573804855347,2785.537481307983],"positionconfidence":1,"rotation":[0.9964331984519958,-0.01058813650161028,-0.08371973782777786,0.02749153040349484,0.9787042140960693,0.2034265846014023,0.07978294044733047,-0.205002561211586,0.9755043387413025],"rotationconfidence":1},"4":{"id":4,"position":[220.2735245227814,-393.0584788322449,2717.184782028198],"positionconfidence":1,"rotation":[0.9968308210372925,-0.07028205692768097,-0.03726601600646973,0.0718759298324585,0.594968855381012,0.8005284667015076,-0.03409067168831825,-0.8006700277328491,0.5981349349021912],"rotationconfidence":1},"6":{"id":6,"position":[72.29146361351013,-98.22770953178406,2850.334882736206],"positionconfidence":1,"rotation":[0.1947961896657944,0.9808347821235657,0.004211924504488707,0.1792142689228058,-0.03136983886361122,-0.9833099246025085,-0.9643322825431824,0.1922998279333115,-0.1818902790546417],"rotationconfidence":1},"7":{"id":7,"position":[22.9917261749506,-346.4609980583191,2849.268913269043],"positionconfidence":1,"rotation":[-0.163065567612648,0.1096920147538185,0.9804984927177429,0.2085016071796417,0.9751864075660706,-0.07442206889390945,-0.9643322825431824,0.1922998279333115,-0.1818902790546417],"rotationconfidence":1},"8":{"id":8,"position":[66.5028765797615,-375.7303655147553,2587.640285491943],"positionconfidence":1,"rotation":[0.3557602465152741,0.7384832501411438,0.572780191898346,0,0.6128761768341064,-0.7901788353919983,-0.9345771670341492,0.2811142206192017,0.2180369794368744],"rotationconfidence":1},"9":{"id":9,"position":[53.54889109730721,-402.6201069355011,2566.784143447876],"positionconfidence":0.5,"rotation":[0.3557602465152741,0.7384832501411438,0.572780191898346,0,0.6128761768341064,-0.7901788353919983,-0.9345771670341492,0.2811142206192017,0.2180369794368744],"rotationconfidence":0.5},"12":{"id":12,"position":[410.6371998786926,-106.7671403288841,2820.868253707886],"positionconfidence":1,"rotation":[0.2403238117694855,-0.9705854654312134,-0.01443603355437517,-0.4595023989677429,-0.1006508097052574,-0.8824551701545715,0.8550450801849365,0.2187083661556244,-0.4701750874519348],"rotationconfidence":1},"13":{"id":13,"position":[469.2127704620361,-343.3337807655335,2817.349672317505],"positionconfidence":1,"rotation":[-0.4438441693782806,-0.1601818054914475,-0.8816712498664856,-0.2681423723697662,0.9625531435012817,-0.03989023342728615,0.8550450801849365,0.2187083661556244,-0.4701750874519348],"rotationconfidence":1},"14":{"id":14,"position":[356.1394810676575,-384.1415345668793,2592.736005783081],"positionconfidence":1,"rotation":[-0.3393939733505249,0.279123455286026,-0.8982771635055542,0,-0.9549593925476074,-0.2967364490032196,-0.9406443238258362,-0.1007105633616447,0.3241074681282044],"rotationconfidence":1},"15":{"id":15,"position":[350.1463830471039,-379.2127072811127,2576.874017715454],"positionconfidence":1,"rotation":[-0.3393939733505249,0.279123455286026,-0.8982771635055542,0,-0.9549593925476074,-0.2967364490032196,-0.9406443238258362,-0.1007105633616447,0.3241074681282044],"rotationconfidence":1},"17":{"id":17,"position":[138.5006308555603,-460.0924849510193,2691.621065139771],"positionconfidence":1,"rotation":[0.8070347905158997,-0.5254204869270325,-0.269496500492096,0.5903224945068359,0.7065495848655701,0.3902654647827148,-0.014640798792243,-0.4740476012229919,0.8803775310516357],"rotationconfidence":1},"18":{"id":18,"position":[-71.11699134111404,-710.9811902046204,2553.041696548462],"positionconfidence":1,"rotation":[0.8106479048728943,-0.5855339169502258,0,0.5332637429237366,0.7382819056510925,0.4130006730556488,-0.2418259084224701,-0.334798127412796,0.9107306599617004],"rotationconfidence":1},"19":{"id":19,"position":[-216.7948633432388,-912.6662611961365,2440.2174949646],"positionconfidence":1,"rotation":[0.9940924644470215,-0.108536459505558,0,-0.008557711727917194,-0.07838063687086105,-0.9968867301940918,0.1081985607743263,0.9909976124763489,-0.07884642481803894],"rotationconfidence":1},"20":{"id":20,"position":[-225.6626039743424,-993.8864707946777,2446.679592132568],"positionconfidence":1,"rotation":[0.9940924644470215,-0.108536459505558,0,-0.008557711727917194,-0.07838063687086105,-0.9968867301940918,0.1081985607743263,0.9909976124763489,-0.07884642481803894],"rotationconfidence":1},"21":{"id":21,"position":[296.3789701461792,-468.0568873882294,2689.958095550537],"positionconfidence":1,"rotation":[0.9055182337760925,0.349507212638855,0.2405859529972076,-0.4239223301410675,0.7693639993667603,0.4778796434402466,-0.01807578466832638,-0.5347184538841248,0.8448370099067688],"rotationconfidence":1},"22":{"id":22,"position":[431.5008819103241,-713.2856249809265,2537.637710571289],"positionconfidence":1,"rotation":[0.547126054763794,0.7314531803131104,-0.4069758951663971,-0.4665350019931793,0.6701551675796509,0.5772668123245239,0.6949806213378906,-0.1259692162275314,0.7079078555107117],"rotationconfidence":1},"23":{"id":23,"position":[581.5978050231934,-928.8926720619202,2351.91535949707],"positionconfidence":0.5,"rotation":[0.9817530512809753,-0.1901604384183884,0,0.1704231202602387,0.8798539638519287,-0.4436362087726593,0.08436204493045807,0.435541182756424,0.8962070345878601],"rotationconfidence":0.5},"24":{"id":24,"position":[576.2321352958679,-956.5943479537964,2294.91400718689],"positionconfidence":0.5,"rotation":[0.9817530512809753,-0.1901604384183884,0,0.1704231202602387,0.8798539638519287,-0.4436362087726593,0.08436204493045807,0.435541182756424,0.8962070345878601],"rotationconfidence":0.5}},"skeletonTracked":true,"frameCount":4},{"position":[194.8748379945755,-451.6615867614746,2566.88928604126],"positionTracked":true,"id":4874,"skeleton":{"1":{"id":1,"position":[243.9214885234833,223.384365439415,2888.134241104126],"positionconfidence":1,"rotation":[0.9993457794189453,-0.03616629540920258,0,0.03586371243000031,0.9909848570823669,0.1290841698646545,-0.004668496083468199,-0.128999724984169,0.9916335940361023],"rotationconfidence":1},"2":{"id":2,"position":[236.5662306547165,20.1441552489996,2861.660480499268],"positionconfidence":1,"rotation":[0.9959227442741394,-0.02474234066903591,-0.08675116300582886,0.03586371243000031,0.9909848570823669,0.1290841698646545,0.08277525007724762,-0.1316690891981125,0.9878317713737488],"rotationconfidence":1},"3":{"id":3,"position":[226.4723628759384,-342.2814905643463,2785.913944244385],"positionconfidence":1,"rotation":[0.996435821056366,-0.01025212556123734,-0.08373000472784042,0.02725169807672501,0.9784866571426392,0.2045025527477264,0.07983209937810898,-0.2060554325580597,0.9752784371376038],"rotationconfidence":1},"4":{"id":4,"position":[220.3101366758347,-393.1006491184235,2717.464685440064],"positionconfidence":1,"rotation":[0.9968233704566956,-0.07019573450088501,-0.03762440755963326,0.07209446281194687,0.594554603099823,0.800816535949707,-0.03384414315223694,-0.8009852170944214,0.5977267026901245],"rotationconfidence":1},"6":{"id":6,"position":[72.26493954658508,-98.3322337269783,2850.832223892212],"positionconfidence":1,"rotation":[0.1948359906673431,0.9808179140090942,0.005916932597756386,0.1956650167703629,-0.03295545652508736,-0.9801167845726013,-0.9611212611198425,0.1921197921037674,-0.1983326971530914],"rotationconfidence":1},"7":{"id":7,"position":[22.77364023029804,-347.4748730659485,2849.329233169556],"positionconfidence":1,"rotation":[-0.1820215582847595,0.09930088371038437,0.9782676100730896,0.2076391875743866,0.9763346314430237,-0.06047024577856064,-0.9611212611198425,0.1921197921037674,-0.1983326971530914],"rotationconfidence":1},"8":{"id":8,"position":[71.82927429676056,-374.2369115352631,2585.681676864624],"positionconfidence":0.5,"rotation":[0.4791165590286255,0.7561388611793518,0.4457593560218811,0,0.5078424215316772,-0.8614499568939209,-0.8777512907981873,0.4127349257469177,0.2433157116174698],"rotationconfidence":0.5},"9":{"id":9,"position":[53.85135486721993,-402.6095569133759,2568.955421447754],"positionconfidence":1,"rotation":[0.4791165590286255,0.7561388611793518,0.4457593560218811,0,0.5078424215316772,-0.8614499568939209,-0.8777512907981873,0.4127349257469177,0.2433157116174698],"rotationconfidence":1},"12":{"id":12,"position":[410.5672836303711,-106.7442521452904,2821.362972259522],"positionconfidence":1,"rotation":[0.2432715445756912,-0.969810426235199,-0.01693166047334671,-0.4613068997859955,-0.1003255173563957,-0.881550133228302,0.8532378673553467,0.2222667634487152,-0.4717865884304047],"rotationconfidence":1},"13":{"id":13,"position":[470.5146253108978,-345.7264006137848,2817.190647125244],"positionconfidence":1,"rotation":[-0.4482501447200775,-0.1498347669839859,-0.8812612891197205,-0.2665651142597199,0.9634038805961609,-0.02821358852088451,0.8532378673553467,0.2222667634487152,-0.4717865884304047],"rotationconfidence":1},"14":{"id":14,"position":[355.6365966796875,-384.126216173172,2591.340065002441],"positionconfidence":1,"rotation":[-0.3410131335258484,0.322282612323761,-0.8830877542495728,0,-0.9393965005874634,-0.3428324460983276,-0.9400584697723389,-0.1169103682041168,0.3203465342521668],"rotationconfidence":1},"15":{"id":15,"position":[350.2020239830017,-378.9901435375214,2577.266693115234],"positionconfidence":1,"rotation":[-0.3410131335258484,0.322282612323761,-0.8830877542495728,0,-0.9393965005874634,-0.3428324460983276,-0.9400584697723389,-0.1169103682041168,0.3203465342521668],"rotationconfidence":1},"17":{"id":17,"position":[138.5603696107864,-460.1346254348755,2691.721916198731],"positionconfidence":1,"rotation":[0.8098309636116028,-0.5206686854362488,-0.2703294456005096,0.5864922404289246,0.7073952555656433,0.394485354423523,-0.01416642591357231,-0.4780126214027405,0.8782387971878052],"rotationconfidence":1},"18":{"id":18,"position":[-69.79431957006454,-711.4408016204834,2551.578760147095],"positionconfidence":1,"rotation":[0.8081348538398743,-0.588997483253479,0,0.5362719893455505,0.7357927560806274,0.4135474562644959,-0.2435784041881561,-0.3342021107673645,0.91048264503479],"rotationconfidence":1},"19":{"id":19,"position":[-216.0668820142746,-912.1342897415161,2438.780307769775],"positionconfidence":1,"rotation":[0.9931536912918091,-0.1168153136968613,0,-0.008813539519906044,-0.07493195682764053,-0.9971497654914856,0.1164823472499847,0.9903228878974915,-0.07544849812984467],"rotationconfidence":1},"20":{"id":20,"position":[-225.6323397159576,-993.4589862823486,2444.976091384888],"positionconfidence":1,"rotation":[0.9931536912918091,-0.1168153136968613,0,-0.008813539519906044,-0.07493195682764053,-0.9971497654914856,0.1164823472499847,0.9903228878974915,-0.07544849812984467],"rotationconfidence":1},"21":{"id":21,"position":[296.3607609272003,-468.1639671325684,2689.897060394287],"positionconfidence":1,"rotation":[0.9061272144317627,0.3482542335987091,0.2401092648506165,-0.4226420521736145,0.7688790559768677,0.4797903001308441,-0.01752599328756332,-0.536231279373169,0.8438891172409058],"rotationconfidence":1},"22":{"id":22,"position":[431.472510099411,-713.9620184898376,2536.515951156616],"positionconfidence":1,"rotation":[0.8473619818687439,0.5234840512275696,0.08911804109811783,-0.473367840051651,0.6686088442802429,0.5734850168228149,0.2406251430511475,-0.5281350016593933,0.8143542408943176],"rotationconfidence":1},"23":{"id":23,"position":[599.0132093429565,-950.605034828186,2333.540439605713],"positionconfidence":0.5,"rotation":[0.3955831229686737,0.9184302687644958,0,-0.9074505567550659,0.3908540010452271,-0.1541642397642136,-0.1415890753269196,0.06098476052284241,0.9880451560020447],"rotationconfidence":0.5},"24":{"id":24,"position":[612.7315759658813,-956.5137624740601,2237.810134887695],"positionconfidence":0.5,"rotation":[0.3955831229686737,0.9184302687644958,0,-0.9074505567550659,0.3908540010452271,-0.1541642397642136,-0.1415890753269196,0.06098476052284241,0.9880451560020447],"rotationconfidence":0.5}},"skeletonTracked":true,"frameCount":5},{"position":[193.5336738824844,-447.519063949585,2566.82562828064],"positionTracked":true,"id":4874,"skeleton":{"1":{"id":1,"position":[243.886336684227,222.8794693946838,2888.958215713501],"positionconfidence":1,"rotation":[0.9993434548377991,-0.0362316220998764,0,0.03592300787568092,0.990831196308136,0.1302426755428314,-0.004718903452157974,-0.1301571726799011,0.9914821982383728],"rotationconfidence":1},"2":{"id":2,"position":[236.528292298317,19.92931216955185,2862.28084564209],"positionconfidence":1,"rotation":[0.9959537982940674,-0.02475275285542011,-0.08639146387577057,0.03592300787568092,0.990831196308136,0.1302426755428314,0.08237548917531967,-0.1328191161155701,0.9877111911773682],"rotationconfidence":1},"3":{"id":3,"position":[226.482555270195,-342.6081836223602,2785.792112350464],"positionconfidence":1,"rotation":[0.9964683055877686,-0.01002226117998362,-0.08336930721998215,0.02710268646478653,0.9781004786491394,0.2063611894845963,0.07947535067796707,-0.2078919112682343,0.9749177098274231],"rotationconfidence":1},"4":{"id":4,"position":[220.3170210123062,-393.388569355011,2717.076063156128],"positionconfidence":1,"rotation":[0.9967824220657349,-0.07119665294885635,-0.03682259097695351,0.0719723030924797,0.5927760601043701,0.8021449446678162,-0.03528248518705368,-0.8022142052650452,0.595992922782898],"rotationconfidence":1},"6":{"id":6,"position":[72.20873981714249,-98.77108037471771,2851.029634475708],"positionconfidence":1,"rotation":[0.1949454993009567,0.9807912707328796,0.006690616253763437,0.20612433552742,-0.03429893404245377,-0.9779245853424072,-0.9589104056358337,0.1920210868120194,-0.2088513672351837],"rotationconfidence":1},"7":{"id":7,"position":[22.64304831624031,-348.1412827968597,2849.328517913818],"positionconfidence":1,"rotation":[-0.1932069063186646,0.0970853716135025,0.9763429164886475,0.2077548354864121,0.9765769243240356,-0.055996373295784,-0.9589104056358337,0.1920210868120194,-0.2088513672351837],"rotationconfidence":1},"8":{"id":8,"position":[75.60987770557404,-374.7568130493164,2581.668376922607],"positionconfidence":1,"rotation":[0.4027971625328064,0.8617135882377625,0.3085517883300781,0,0.3371084928512573,-0.9414658546447754,-0.9152893424034119,0.3792197704315186,0.1357863396406174],"rotationconfidence":1},"9":{"id":9,"position":[56.08814582228661,-416.5201187133789,2566.714286804199],"positionconfidence":0.5,"rotation":[0.4027971625328064,0.8617135882377625,0.3085517883300781,0,0.3371084928512573,-0.9414658546447754,-0.9152893424034119,0.3792197704315186,0.1357863396406174],"rotationconfidence":0.5},"12":{"id":12,"position":[410.4113876819611,-106.8444401025772,2821.737766265869],"positionconfidence":1,"rotation":[0.2626377046108246,-0.9646281003952026,-0.02267335914075375,-0.4746409356594086,-0.1086996644735336,-0.8734416961669922,0.8400818109512329,0.2401604205369949,-0.4864006042480469],"rotationconfidence":1},"13":{"id":13,"position":[478.0102670192719,-355.1247715950012,2815.9019947052],"positionconfidence":1,"rotation":[-0.4726880192756653,-0.1158220320940018,-0.8735854029655457,-0.2661365568637848,0.9637989401817322,0.01622097194194794,0.8400818109512329,0.2401604205369949,-0.4864006042480469],"rotationconfidence":1},"14":{"id":14,"position":[356.139749288559,-384.9865198135376,2590.670347213745],"positionconfidence":1,"rotation":[-0.3445870280265808,0.3902197778224945,-0.8538081049919128,0,-0.9095117449760437,-0.4156782627105713,-0.9387543797492981,-0.1432373374700546,0.3134059607982636],"rotationconfidence":1},"15":{"id":15,"position":[350.6265580654144,-378.7432312965393,2577.009916305542],"positionconfidence":1,"rotation":[-0.3445870280265808,0.3902197778224945,-0.8538081049919128,0,-0.9095117449760437,-0.4156782627105713,-0.9387543797492981,-0.1432373374700546,0.3134059607982636],"rotationconfidence":1},"17":{"id":17,"position":[138.7033015489578,-460.4127109050751,2690.60754776001],"positionconfidence":1,"rotation":[0.8125391006469727,-0.517616331577301,-0.2680549919605255,0.5826777219772339,0.708357036113739,0.3983930349349976,-0.01633609458804131,-0.4798995554447174,0.8771712779998779],"rotationconfidence":1},"18":{"id":18,"position":[-68.12971085309982,-711.8580937385559,2549.190044403076],"positionconfidence":1,"rotation":[0.8047844171524048,-0.5935671925544739,0,0.5409623384475708,0.7334604263305664,0.411577045917511,-0.2442986369132996,-0.3312307894229889,0.9113750457763672],"rotationconfidence":1},"19":{"id":19,"position":[-215.3842896223068,-911.5123152732849,2437.155246734619],"positionconfidence":1,"rotation":[0.9905170798301697,-0.1373896300792694,0,-0.007010833825916052,-0.05054493993520737,-0.9986972212791443,0.1372106373310089,0.9892266392707825,-0.05102884396910667],"rotationconfidence":1},"20":{"id":20,"position":[-226.6474217176437,-992.7144050598145,2441.344022750855],"positionconfidence":1,"rotation":[0.9905170798301697,-0.1373896300792694,0,-0.007010833825916052,-0.05054493993520737,-0.9986972212791443,0.1372106373310089,0.9892266392707825,-0.05102884396910667],"rotationconfidence":1},"21":{"id":21,"position":[296.2802052497864,-468.4158563613892,2689.163684844971],"positionconfidence":1,"rotation":[0.9063909649848938,0.3458009660243988,0.2426460385322571,-0.421981543302536,0.7678965926170349,0.4819401800632477,-0.01967168413102627,-0.5392184257507324,0.8419362306594849],"rotationconfidence":1},"22":{"id":22,"position":[431.391716003418,-714.2836451530457,2534.854412078857],"positionconfidence":1,"rotation":[0.8677955865859985,0.4617135226726532,0.1837159544229507,-0.4765832126140595,0.6686213612556458,0.5708011984825134,0.1407102197408676,-0.5828946828842163,0.8002715706825256],"rotationconfidence":1},"23":{"id":23,"position":[607.5029373168945,-961.3584876060486,2323.92692565918],"positionconfidence":0.5,"rotation":[-0.2330397963523865,0.9724671840667725,0,-0.9548319578170776,-0.2288137227296829,-0.1895788609981537,-0.184359222650528,-0.04417941719293594,0.9818654656410217],"rotationconfidence":0.5},"24":{"id":24,"position":[628.3829212188721,-956.3548564910889,2212.723731994629],"positionconfidence":0.5,"rotation":[-0.2330397963523865,0.9724671840667725,0,-0.9548319578170776,-0.2288137227296829,-0.1895788609981537,-0.184359222650528,-0.04417941719293594,0.9818654656410217],"rotationconfidence":0.5}},"skeletonTracked":true,"frameCount":6},{"position":[193.2342499494553,-458.2404792308807,2547.933578491211],"positionTracked":true,"id":4874,"skeleton":{"1":{"id":1,"position":[245.6134557723999,221.0251390933991,2890.239238739014],"positionconfidence":1,"rotation":[0.9990625977516174,-0.04328729957342148,0,0.04290947318077087,0.9903424382209778,0.1318352520465851,-0.00570679223164916,-0.1317116767168045,0.9912714958190918],"rotationconfidence":1},"2":{"id":2,"position":[236.8611842393875,19.02438141405582,2863.348722457886],"positionconfidence":1,"rotation":[0.9990622997283936,-0.04329660534858704,0.00007000313053140417,0.04290947318077087,0.9903424382209778,0.1318352520465851,-0.005777346435934305,-0.131708636879921,0.9912717342376709],"rotationconfidence":1},"3":{"id":3,"position":[225.1988053321838,-343.9553380012512,2783.505439758301],"positionconfidence":1,"rotation":[0.9994733929634094,-0.03242003917694092,0.001397485844790936,0.03136394172906876,0.9761708974838257,0.2147246450185776,-0.008325566537678242,-0.2145677357912064,0.9766736626625061],"rotationconfidence":1},"4":{"id":4,"position":[220.9733873605728,-394.3237960338593,2713.965892791748],"positionconfidence":1,"rotation":[0.9961481690406799,-0.08763498812913895,0.002946483669802547,0.04915076121687889,0.5858942866325378,0.8088955283164978,-0.07261388748884201,-0.8056350946426392,0.5879449248313904],"rotationconfidence":1},"6":{"id":6,"position":[79.23075556755066,-101.0231077671051,2828.745126724243],"positionconfidence":1,"rotation":[0.255228191614151,0.9668527245521545,0.007370372768491507,0.2499430328607559,-0.05861198157072067,-0.9664849042892456,-0.9340166449546814,0.248516395688057,-0.256617546081543],"rotationconfidence":1},"7":{"id":7,"position":[16.31038822233677,-339.377373456955,2826.92813873291],"positionconfidence":1,"rotation":[-0.2337889820337296,0.1179068461060524,0.9651117324829102,0.2701030671596527,0.9614247679710388,-0.05202656239271164,-0.9340166449546814,0.248516395688057,-0.256617546081543],"rotationconfidence":1},"8":{"id":