{"motiondata":[{"position":[2.017763908952475,-576.5708684921265,2785.852432250977],"positionTracked":true,"id":4048,"skeleton":{"1":{"id":1,"position":[69.55821067094803,60.29459834098816,3073.637962341309],"positionconfidence":1,"rotation":[0.9993245005607605,-0.03675170987844467,0,0.03646238893270493,0.9914575219154358,0.1252297908067703,-0.004602408967912197,-0.1251451969146729,0.9921278357505798],"rotationconfidence":1},"2":{"id":2,"position":[62.64790892601013,-127.605065703392,3049.904584884644],"positionconfidence":1,"rotation":[0.997364342212677,-0.02823768369853497,-0.06683570146560669,0.03646238893270493,0.9914575219154358,0.1252297908067703,0.06272856146097183,-0.127336710691452,0.9898739457130432],"rotationconfidence":1},"3":{"id":3,"position":[58.55830758810043,-459.0758681297302,2986.064195632935],"positionconfidence":1,"rotation":[0.9980368614196777,-0.0002510957419872284,-0.06263028830289841,0.01211420353502035,0.9818816184997559,0.1891077905893326,0.06144804134964943,-0.189495250582695,0.9799570441246033],"rotationconfidence":1},"4":{"id":4,"position":[54.4285885989666,-504.9248337745667,2921.96536064148],"positionconfidence":1,"rotation":[0.9982888102531433,-0.009178370237350464,-0.05775196105241776,0.05233011394739151,0.5809793472290039,0.8122342824935913,0.02609771117568016,-0.8138665556907654,0.5804654955863953],"rotationconfidence":1},"6":{"id":6,"position":[-117.0261278748512,-252.2931694984436,3032.964468002319],"positionconfidence":1,"rotation":[0.3440002501010895,0.9261820912361145,-0.154436469078064,0.1744911372661591,-0.2246653586626053,-0.9586857557296753,-0.9226140379905701,0.3028402924537659,-0.2388954907655716],"rotationconfidence":1},"7":{"id":7,"position":[-201.1571675539017,-478.8065552711487,3070.73450088501],"positionconfidence":1,"rotation":[-0.2298747003078461,0.0656539723277092,0.9710031747817993,0.3097433149814606,0.9507771730422974,0.0090420451015234,-0.9226140379905701,0.3028402924537659,-0.2388954907655716],"rotationconfidence":1},"8":{"id":8,"position":[-137.164443731308,-497.0833659172058,2800.42576789856],"positionconfidence":0.5,"rotation":[0.11122015863657,-0.5261695981025696,0.843075156211853,0,0.8483383655548096,0.5294544696807861,-0.9937958717346191,-0.05888601019978523,0.09435232728719711],"rotationconfidence":0.5},"9":{"id":9,"position":[-144.0946906805039,-464.2971754074097,2747.8928565979],"positionconfidence":0.5,"rotation":[0.11122015863657,-0.5261695981025696,0.843075156211853,0,0.8483383655548096,0.5294544696807861,-0.9937958717346191,-0.05888601019978523,0.09435232728719711],"rotationconfidence":0.5},"12":{"id":12,"position":[225.2669930458069,-255.8118402957916,3010.820627212524],"positionconfidence":1,"rotation":[0.2693130671977997,-0.9630265235900879,-0.007091679610311985,-0.4210732877254486,-0.1111253425478935,-0.9001935124397278,0.8661222457885742,0.2454200088977814,-0.4354322850704193],"rotationconfidence":1},"13":{"id":13,"position":[287.8222167491913,-479.5007407665253,3009.173393249512],"positionconfidence":1,"rotation":[-0.4238869845867157,-0.1009742468595505,-0.9000688791275024,-0.2648623585700989,0.9641437530517578,0.0165743064135313,0.8661222457885742,0.2454200088977814,-0.4354322850704193],"rotationconfidence":1},"14":{"id":14,"position":[194.8215961456299,-501.6544461250305,2811.69867515564],"positionconfidence":1,"rotation":[-0.6067187786102295,0.3202542066574097,-0.7275503873825073,0,-0.9152538180351257,-0.4028777480125427,-0.794916570186615,-0.2444334924221039,0.5553016662597656],"rotationconfidence":1},"15":{"id":15,"position":[168.5735136270523,-487.7994954586029,2780.22313117981],"positionconfidence":0.5,"rotation":[-0.6067187786102295,0.3202542066574097,-0.7275503873825073,0,-0.9152538180351257,-0.4028777480125427,-0.794916570186615,-0.2444334924221039,0.5553016662597656],"rotationconfidence":0.5},"17":{"id":17,"position":[-25.35049617290497,-577.9856443405151,2896.808624267578],"positionconfidence":1,"rotation":[0.6952182650566101,-0.642162024974823,-0.3229543268680573,0.7178893089294434,0.6429027318954468,0.2670410573482513,0.03614460676908493,-0.4174973368644714,0.9079590439796448],"rotationconfidence":1},"18":{"id":18,"position":[-292.8397953510284,-817.5345659255981,2797.307729721069],"positionconfidence":1,"rotation":[0.8029394745826721,-0.596060574054718,0,0.5854451656341553,0.7886397242546082,0.1878862828016281,-0.1119916066527367,-0.1508613079786301,0.982190728187561],"rotationconfidence":1},"19":{"id":19,"position":[-454.1170299053192,-1034.78741645813,2745.549201965332],"positionconfidence":1,"rotation":[0.2768339514732361,-0.9609177112579346,0,0.8827365636825562,0.2543104887008667,-0.3950977027416229,0.3796564340591431,0.1093764752149582,0.918639063835144],"rotationconfidence":1},"20":{"id":20,"position":[-488.3198440074921,-1044.641017913818,2662.790060043335],"positionconfidence":1,"rotation":[0.2768339514732361,-0.9609177112579346,0,0.8827365636825562,0.2543104887008667,-0.3950977027416229,0.3796564340591431,0.1093764752149582,0.918639063835144],"rotationconfidence":1},"21":{"id":21,"position":[130.0138533115387,-577.1362781524658,2891.014337539673],"positionconfidence":1,"rotation":[0.9396445155143738,0.3104942142963409,0.1437418311834335,-0.3403653800487518,0.8053655624389648,0.4853223562240601,0.03492506220936775,-0.5049552321434021,0.8624387383460999],"rotationconfidence":1},"22":{"id":22,"position":[235.7599139213562,-827.3504376411438,2740.232467651367],"positionconfidence":1,"rotation":[0.7840794324874878,0.5928756594657898,0.1836240887641907,-0.6139107942581177,0.6973207592964172,0.3699423670768738,0.09128493815660477,-0.4027930200099945,0.9107276201248169],"rotationconfidence":1},"23":{"id":23,"position":[400.5311727523804,-1014.508605003357,2640.941381454468],"positionconfidence":1,"rotation":[0.0733608677983284,0.9973054528236389,0,-0.9678341746330261,0.07119298726320267,-0.2413058578968048,-0.2406556457281113,0.01770240627229214,0.9704490900039673],"rotationconfidence":1},"24":{"id":24,"position":[422.0882952213287,-1016.094326972961,2554.011821746826],"positionconfidence":1,"rotation":[0.0733608677983284,0.9973054528236389,0,-0.9678341746330261,0.07119298726320267,-0.2413058578968048,-0.2406556457281113,0.01770240627229214,0.9704490900039673],"rotationconfidence":1}},"skeletonTracked":true,"frameCount":1},{"position":[4.964106250554323,-574.5874047279358,2785.533666610718],"positionTracked":true,"id":4048,"skeleton":{"1":{"id":1,"position":[68.2329535484314,59.80654805898666,3071.485280990601],"positionconfidence":1,"rotation":[0.9992591738700867,-0.03848392143845558,0,0.03818292915821075,0.9914437532424927,0.1248257905244827,-0.004803786054253578,-0.1247333139181137,0.9921786785125732],"rotationconfidence":1},"2":{"id":2,"position":[60.9905868768692,-128.2460540533066,3047.808885574341],"positionconfidence":1,"rotation":[0.997046172618866,-0.02946894057095051,-0.07092561572790146,0.03818292915821075,0.9914437532424927,0.1248257905244827,0.06664026528596878,-0.127165213227272,0.9896402955055237],"rotationconfidence":1},"3":{"id":3,"position":[57.5934574007988,-459.1813981533051,2984.843015670776],"positionconfidence":1,"rotation":[0.9978089928627014,0.002337783109396696,-0.06612060219049454,0.01008381228893995,0.9823264479637146,0.1869036853313446,0.06538896262645721,-0.187160924077034,0.9801506400108337],"rotationconfidence":1},"4":{"id":4,"position":[53.35263907909393,-505.0808191299439,2920.818567276001],"positionconfidence":1,"rotation":[0.9981330633163452,-0.00770609499886632,-0.06058929115533829,0.05375506356358528,0.5818042755126953,0.811550498008728,0.02899722382426262,-0.8132923245429993,0.5811323523521423],"rotationconfidence":1},"6":{"id":6,"position":[-118.0269420146942,-252.633810043335,3031.870126724243],"positionconfidence":1,"rotation":[0.341782420873642,0.9275425672531128,-0.1511603593826294,0.1762256622314453,-0.2212493717670441,-0.9591626524925232,-0.9231084585189819,0.3011866211891174,-0.2390759736299515],"rotationconfidence":1},"7":{"id":7,"position":[-201.8369138240814,-480.0806045532227,3068.936824798584],"positionconfidence":1,"rotation":[-0.2298227250576019,0.06635040789842606,0.9709681272506714,0.3083054125308991,0.9512540102005005,0.007970907725393772,-0.9231084585189819,0.3011866211891174,-0.2390759736299515],"rotationconfidence":1},"8":{"id":8,"position":[-137.6583278179169,-498.6091256141663,2797.791481018066],"positionconfidence":0.5,"rotation":[0.111278772354126,-0.5266903638839722,0.8427420258522034,0,0.8480088710784912,0.5299819707870483,-0.9937891364097595,-0.05897574126720429,0.09436538815498352],"rotationconfidence":0.5},"9":{"id":9,"position":[-144.6039080619812,-465.7351970672607,2745.190858840942],"positionconfidence":0.5,"rotation":[0.111278772354126,-0.5266903638839722,0.8427420258522034,0,0.8480088710784912,0.5299819707870483,-0.9937891364097595,-0.05897574126720429,0.09436538815498352],"rotationconfidence":0.5},"12":{"id":12,"position":[223.7349003553391,-256.052166223526,3008.417367935181],"positionconfidence":1,"rotation":[0.273684024810791,-0.9618194103240967,0.0007123533869162202,-0.406684160232544,-0.1163923740386963,-0.9061240553855896,0.8716105818748474,0.247701957821846,-0.42301145195961],"rotationconfidence":1},"13":{"id":13,"position":[287.30508685112,-479.4595837593079,3008.582830429077],"positionconfidence":1,"rotation":[-0.4075430631637573,-0.1133661717176437,-0.9061217308044434,-0.2724033296108246,0.9621806740760803,0.002138059819117189,0.8716105818748474,0.247701957821846,-0.42301145195961],"rotationconfidence":1},"14":{"id":14,"position":[198.2730329036713,-504.2256116867065,2810.631036758423],"positionconfidence":0.5,"rotation":[-0.5821028351783752,0.2488560378551483,-0.7740975618362427,0,-0.9520145654678345,-0.3060525953769684,-0.8131151795387268,-0.1781540811061859,0.5541703701019287],"rotationconfidence":0.5},"15":{"id":15,"position":[170.6007421016693,-492.3953711986542,2773.831605911255],"positionconfidence":0.5,"rotation":[-0.5821028351783752,0.2488560378551483,-0.7740975618362427,0,-0.9520145654678345,-0.3060525953769684,-0.8131151795387268,-0.1781540811061859,0.5541703701019287],"rotationconfidence":0.5},"17":{"id":17,"position":[-26.08383260667324,-578.0768394470215,2896.148204803467],"positionconfidence":1,"rotation":[0.6951896548271179,-0.6392886638641357,-0.3286660015583038,0.7176668047904968,0.643230140209198,0.2668508291244507,0.04081315919756889,-0.4213846027851105,0.9059631824493408],"rotationconfidence":1},"18":{"id":18,"position":[-293.1512296199799,-817.4439072608948,2796.844244003296],"positionconfidence":1,"rotation":[0.801851749420166,-0.597523033618927,0,0.5865684747695923,0.7871511578559875,0.1906052827835083,-0.1138910502195358,-0.1528371721506119,0.9816666841506958],"rotationconfidence":1},"19":{"id":19,"position":[-453.7638127803803,-1032.979488372803,2744.653224945068],"positionconfidence":1,"rotation":[0.2734534442424774,-0.9618851542472839,0,0.8831233382225037,0.2510623037815094,-0.3963090479373932,0.3812038600444794,0.1083720996975899,0.9181172251701355],"rotationconfidence":1},"20":{"id":20,"position":[-488.1114959716797,-1042.744159698486,2661.927938461304],"positionconfidence":1,"rotation":[0.2734534442424774,-0.9618851542472839,0,0.8831233382225037,0.2510623037815094,-0.3963090479373932,0.3812038600444794,0.1083720996975899,0.9181172251701355],"rotationconfidence":1},"21":{"id":21,"position":[128.6119967699051,-577.2741436958313,2889.552593231201],"positionconfidence":1,"rotation":[0.938036322593689,0.3167897164821625,0.1404715329408646,-0.3442817032337189,0.8057602643966675,0.4818926155567169,0.03947224467992783,-0.5003945827484131,0.8648973107337952],"rotationconfidence":1},"22":{"id":22,"position":[235.397532582283,-827.1960616111755,2740.084409713745],"positionconfidence":1,"rotation":[0.7837291955947876,0.5936756134033203,0.1825314313173294,-0.6142037510871887,0.6971191763877869,0.3698361217975617,0.09231652319431305,-0.4019628465175629,0.9109904170036316],"rotationconfidence":1},"23":{"id":23,"position":[400.3086388111115,-1014.369606971741,2640.784978866577],"positionconfidence":1,"rotation":[0.07293805480003357,0.9973364472389221,0,-0.9681887626647949,0.07080639898777008,-0.2399935275316238,-0.2393542975187302,0.01750466227531433,0.9707744717597961],"rotationconfidence":1},"24":{"id":24,"position":[421.7599332332611,-1015.938401222229,2553.78270149231],"positionconfidence":1,"rotation":[0.07293805480003357,0.9973364472389221,0,-0.9681887626647949,0.07080639898777008,-0.2399935275316238,-0.2393542975187302,0.01750466227531433,0.9707744717597961],"rotationconfidence":1}},"skeletonTracked":true,"frameCount":2},{"position":[7.395204622298479,-573.30322265625,2786.184072494507],"positionTracked":true,"id":4048,"skeleton":{"1":{"id":1,"position":[67.1781376004219,59.57657471299171,3069.818735122681],"positionconfidence":1,"rotation":[0.9991936087608337,-0.04015037789940834,0,0.03983944281935692,0.991455614566803,0.1242116764187813,-0.004987145774066448,-0.1241115108132362,0.992255687713623],"rotationconfidence":1},"2":{"id":2,"position":[59.61556360125542,-128.6277770996094,3046.240091323853],"positionconfidence":1,"rotation":[0.996835470199585,-0.03087878413498402,-0.07324936985969543,0.03983944281935692,0.991455614566803,0.1242116764187813,0.06878799945116043,-0.1267368197441101,0.98954838514328],"rotationconfidence":1},"3":{"id":3,"position":[56.80636316537857,-459.2467844486237,2983.845472335815],"positionconfidence":1,"rotation":[0.9976779222488403,0.004350053612142801,-0.06796880811452866,0.008349115960299969,0.9826198816299438,0.1854406297206879,0.06759419292211533,-0.1855775415897369,0.980302095413208],"rotationconfidence":1},"4":{"id":4,"position":[52.51086130738258,-505.1804780960083,2919.901132583618],"positionconfidence":1,"rotation":[0.9980147480964661,-0.006061217281967402,-0.06268826872110367,0.0544772632420063,0.5825493931770325,0.8109675645828247,0.03160356357693672,-0.8127726912498474,0.5817230939865112],"rotationconfidence":1},"6":{"id":6,"position":[-118.8824698328972,-252.923995256424,3030.971050262451],"positionconfidence":1,"rotation":[0.339728444814682,0.9286108613014221,-0.1492191404104233,0.1774362772703171,-0.219086766242981,-0.9594359397888184,-0.9236346483230591,0.2994708120822907,-0.2391992807388306],"rotationconfidence":1},"7":{"id":7,"position":[-202.3025304079056,-480.9436798095703,3067.611694335938],"positionconfidence":1,"rotation":[-0.2297408878803253,0.06696096807718277,0.9709455966949463,0.3067868947982788,0.9517528414726257,0.006953219883143902,-0.9236346483230591,0.2994708120822907,-0.2391992807388306],"rotationconfidence":1},"8":{"id":8,"position":[-138.0069255828857,-499.6834695339203,2795.881509780884],"positionconfidence":0.5,"rotation":[0.1113302409648895,-0.5269528031349182,0.8425713181495667,0,0.8478419184684753,0.5302491188049316,-0.9937835335731506,-0.05903276056051254,0.09439044445753098],"rotationconfidence":0.5},"9":{"id":9,"position":[-144.9642777442932,-466.7526483535767,2743.226766586304],"positionconfidence":0.5,"rotation":[0.1113302409648895,-0.5269528031349182,0.8425713181495667,0,0.8478419184684753,0.5302491188049316,-0.9937835335731506,-0.05903276056051254,0.09439044445753098],"rotationconfidence":0.5},"12":{"id":12,"position":[222.6829081773758,-256.0597062110901,3006.825685501099],"positionconfidence":1,"rotation":[0.2764236629009247,-0.9610217809677124,0.005208345130085945,-0.3936921656131744,-0.1181802898645401,-0.9116140007972717,0.8766964077949524,0.2499411702156067,-0.4110145568847656],"rotationconfidence":1},"13":{"id":13,"position":[286.9127988815308,-479.3630242347717,3008.035898208618],"positionconfidence":1,"rotation":[-0.4087268710136414,-0.06351975351572037,-0.9104435443878174,-0.2536648809909821,0.9661752581596375,0.04647013172507286,0.8766964077949524,0.2499411702156067,-0.4110145568847656],"rotationconfidence":1},"14":{"id":14,"position":[191.9862776994705,-494.1154420375824,2796.586036682129],"positionconfidence":1,"rotation":[-0.5847111344337463,0.1516839563846588,-0.7969346642494202,0,-0.9823641777038574,-0.1869775354862213,-0.8112415671348572,-0.1093278452754021,0.5743992924690247],"rotationconfidence":1},"15":{"id":15,"position":[163.9733463525772,-486.8484139442444,2758.405685424805],"positionconfidence":0.5,"rotation":[-0.5847111344337463,0.1516839563846588,-0.7969346642494202,0,-0.9823641777038574,-0.1869775354862213,-0.8112415671348572,-0.1093278452754021,0.5743992924690247],"rotationconfidence":0.5},"17":{"id":17,"position":[-26.66554972529411,-578.1623721122742,2895.620346069336],"positionconfidence":1,"rotation":[0.6951418519020081,-0.637027382850647,-0.3331277966499329,0.7175068855285645,0.6433800458908081,0.2669196724891663,0.0442926436662674,-0.4245684742927551,0.9043118357658386],"rotationconfidence":1},"18":{"id":18,"position":[-293.4231758117676,-817.3608183860779,2796.383857727051],"positionconfidence":1,"rotation":[0.8009449243545532,-0.5987379550933838,0,0.5875353813171387,0.785959005355835,0.1925370693206787,-0.1152792498469353,-0.1542115956544876,0.9812896251678467],"rotationconfidence":1},"19":{"id":19,"position":[-453.4102976322174,-1031.379103660584,2743.955612182617],"positionconfidence":1,"rotation":[0.272284597158432,-0.9622167348861694,0,0.8829310536384583,0.2498486191034317,-0.3975029587745667,0.3824840188026428,0.1082339361310005,0.9176009893417358],"rotationconfidence":1},"20":{"id":20,"position":[-487.8722429275513,-1041.131019592285,2661.279439926148],"positionconfidence":1,"rotation":[0.272284597158432,-0.9622167348861694,0,0.8829310536384583,0.2498486191034317,-0.3975029587745667,0.3824840188026428,0.1082339361310005,0.9176009893417358],"rotationconfidence":1},"21":{"id":21,"position":[127.6866644620895,-577.2725343704224,2888.47804069519],"positionconfidence":1,"rotation":[0.9369982481002808,0.3211040794849396,0.137573316693306,-0.3466807007789612,0.8062912225723267,0.479277491569519,0.04297379776835442,-0.4967761933803558,0.8668140769004822],"rotationconfidence":1},"22":{"id":22,"position":[235.0945621728897,-827.0760178565979,2739.989280700684],"positionconfidence":1,"rotation":[0.7833738327026367,0.5943323373794556,0.1819190680980682,-0.6145625114440918,0.6968804597854614,0.3696898221969605,0.09294277429580688,-0.4014059603214264,0.9111722707748413],"rotationconfidence":1},"23":{"id":23,"position":[400.1855254173279,-1014.280200004578,2640.678882598877],"positionconfidence":1,"rotation":[0.07256957143545151,0.9973633885383606,0,-0.968389630317688,0.07046139985322952,-0.2392841130495071,-0.2386531978845596,0.0173647440969944,0.970949649810791],"rotationconfidence":1},"24":{"id":24,"position":[421.5808510780335,-1015.836954116821,2553.632974624634],"positionconfidence":1,"rotation":[0.07256957143545151,0.9973633885383606,0,-0.968389630317688,0.07046139985322952,-0.2392841130495071,-0.2386531978845596,0.0173647440969944,0.970949649810791],"rotationconfidence":1}},"skeletonTracked":true,"frameCount":3},{"position":[9.654182940721512,-569.9697136878967,2787.575006484985],"positionTracked":true,"id":4048,"skeleton":{"1":{"id":1,"position":[66.27840548753738,59.24366414546967,3068.393707275391],"positionconfidence":1,"rotation":[0.999056875705719,-0.04341902211308479,0,0.04307523369789124,0.9911463856697083,0.1255921423435211,-0.005453087855130434,-0.1254736930131912,0.992081880569458],"rotationconfidence":1},"2":{"id":2,"position":[58.09203535318375,-129.1219145059586,3044.525146484375],"positionconfidence":1,"rotation":[0.9966017603874207,-0.03379368782043457,-0.07511906325817108,0.04307523369789124,0.9911463856697083,0.1255921423435211,0.07020976394414902,-0.1284011155366898,0.9892339110374451],"rotationconfidence":1},"3":{"id":3,"position":[55.9803880751133,-459.3155086040497,2982.893705368042],"positionconfidence":1,"rotation":[0.9975873231887817,0.006520944647490978,-0.06911613047122955,0.00628648279234767,0.9830033183097839,0.183479979634285,0.06913784891366959,-0.1834717988967896,0.9805907011032104],"rotationconfidence":1},"4":{"id":4,"position":[51.67562887072563,-505.2772164344788,2919.06213760376],"positionconfidence":1,"rotation":[0.9979207515716553,-0.004138815682381392,-0.06431898474693298,0.05464635416865349,0.5834565162658691,0.8103037476539612,0.0341736376285553,-0.8121337890625,0.582469642162323],"rotationconfidence":1},"6":{"id":6,"position":[-119.647204875946,-253.1262338161469,3030.240297317505],"positionconfidence":1,"rotation":[0.3376233875751495,0.9294695854187012,-0.1486494243144989,0.1781360507011414,-0.2181615829467773,-0.9595170617103577,-0.9242715835571289,0.2974756062030792,-0.2392285168170929],"rotationconfidence":1},"7":{"id":7,"position":[-202.611967921257,-481.5263450145721,3066.768169403076],"positionconfidence":1,"rotation":[-0.2296113967895508,0.0674152597784996,0.9709447622299194,0.3049600422382355,0.9523462653160095,0.005993780680000782,-0.9242715835571289,0.2974756062030792,-0.2392285168170929],"rotationconfidence":1},"8":{"id":8,"position":[-138.2413655519486,-500.4259347915649,2794.567823410034],"positionconfidence":0.5,"rotation":[0.1113704666495323,-0.5272167325019836,0.842400848865509,0,0.8476742506027222,0.530517041683197,-0.9937789440155029,-0.05908393114805222,0.0944058746099472],"rotationconfidence":0.5},"9":{"id":9,"position":[-145.2069580554962,-467.4515128135681,2741.880416870117],"positionconfidence":0.5,"rotation":[0.1113704666495323,-0.5272167325019836,0.842400848865509,0,0.8476742506027222,0.530517041683197,-0.9937789440155029,-0.05908393114805222,0.0944058746099472],"rotationconfidence":0.5},"12":{"id":12,"position":[221.84719145298,-255.9125125408173,3005.641460418701],"positionconfidence":1,"rotation":[0.277119517326355,-0.9608309268951416,0.002956682816147804,-0.391312301158905,-0.115670308470726,-0.9129594564437866,0.8775416612625122,0.2518419027328491,-0.4080394506454468],"rotationconfidence":1},"13":{"id":13,"position":[286.3157987594605,-479.4385731220245,3006.329298019409],"positionconfidence":1,"rotation":[-0.4081982374191284,-0.05412235110998154,-0.9112874865531921,-0.2515844404697418,0.9662536978721619,0.0553068034350872,0.8775416612625122,0.2518419027328491,-0.4080394506454468],"rotationconfidence":1},"14":{"id":14,"position":[191.3079768419266,-492.0355081558228,2794.227838516235],"positionconfidence":0.5,"rotation":[-0.5788753032684326,0.1317380517721176,-0.804703950881958,0,-0.9868630170822144,-0.1615593135356903,-0.8154160976409912,-0.09352269768714905,0.5712706446647644],"rotationconfidence":0.5},"15":{"id":15,"position":[162.6572608947754,-485.515296459198,2754.400014877319],"positionconfidence":0.5,"rotation":[-0.5788753032684326,0.1317380517721176,-0.804703950881958,0,-0.9868630170822144,-0.1615593135356903,-0.8154160976409912,-0.09352269768714905,0.5712706446647644],"rotationconfidence":0.5},"17":{"id":17,"position":[-27.18858234584332,-578.2661437988281,2895.162105560303],"positionconfidence":1,"rotation":[0.6950740814208984,-0.6347383260726929,-0.3376081585884094,0.7173584699630737,0.6434327363967896,0.2671910524368286,0.04763177037239075,-0.4279036819934845,0.9025683999061584],"rotationconfidence":1},"18":{"id":18,"position":[-293.6540842056274,-817.2716498374939,2795.912981033325],"positionconfidence":1,"rotation":[0.8017419576644897,-0.597670316696167,0,0.5865833163261414,0.7868693470954895,0.1917199492454529,-0.1145853251218796,-0.1537099331617355,0.9814496040344238],"rotationconfidence":1},"19":{"id":19,"position":[-453.1880915164948,-1031.277775764465,2743.770599365234],"positionconfidence":1,"rotation":[0.2792927920818329,-0.9602060317993164,0,0.8807051777839661,0.2561685740947723,-0.3984169661998749,0.3825623393058777,0.1112749725580216,0.9172043800354004],"rotationconfidence":1},"20":{"id":20,"position":[-487.635999917984,-1041.297554969788,2661.180734634399],"positionconfidence":1,"rotation":[0.2792927920818329,-0.9602060317993164,0,0.8807051777839661,0.2561685740947723,-0.3984169661998749,0.3825623393058777,0.1112749725580216,0.9172043800354004],"rotationconfidence":1},"21":{"id":21,"position":[126.7426908016205,-577.2797465324402,2887.506246566773],"positionconfidence":1,"rotation":[0.937516987323761,0.3215228319168091,0.1329858601093292,-0.3448397815227509,0.8077102899551392,0.4782151877880096,0.04634303972125053,-0.4941935837268829,0.8681158423423767],"rotationconfidence":1},"22":{"id":22,"position":[232.8544557094574,-825.8228898048401,2740.353107452393],"positionconfidence":1,"rotation":[0.781112551689148,0.5975455045700073,0.1811150312423706,-0.6172583699226379,0.6952745318412781,0.3682194352149963,0.09410320222377777,-0.3994155824184418,0.9119276404380798],"rotationconfidence":1},"23":{"id":23,"position":[400.099515914917,-1014.206290245056,2640.584707260132],"positionconfidence":1,"rotation":[0.07144136726856232,0.9974448084831238,0,-0.968582272529602,0.06937410682439804,-0.2388209104537964,-0.2382106781005859,0.01706169359385967,0.9710635542869568],"rotationconfidence":1},"24":{"id":24,"position":[421.4616715908051,-1015.73634147644,2553.502082824707],"positionconfidence":1,"rotation":[0.07144136726856232,0.9974448084831238,0,-0.968582272529602,0.06937410682439804,-0.2388209104537964,-0.2382106781005859,0.01706169359385967,0.9710635542869568],"rotationconfidence":1}},"skeletonTracked":true,"frameCount":4},{"position":[7.769452873617411,-571.9953775405884,2786.531925201416],"positionTracked":true,"id":4048,"skeleton":{"1":{"id":1,"position":[65.63863158226013,59.00416523218155,3067.386627197266],"positionconfidence":1,"rotation":[0.9989359378814697,-0.04611979052424431,0,0.04574567079544067,0.9908327460289001,0.1271136254072189,-0.005862453952431679,-0.1269783675670624,0.9918882250785828],"rotationconfidence":1},"2":{"id":2,"position":[56.93615227937698,-129.488006234169,3043.20502281189],"positionconfidence":1,"rotation":[0.9964408278465271,-0.03624065220355988,-0.07610850781202316,0.04574567079544067,0.9908327460289001,0.1271136254072189,0.07080411911010742,-0.1301428377628326,0.9889639616012573],"rotationconfidence":1},"3":{"id":3,"position":[55.26817962527275,-459.3750536441803,2982.101917266846],"positionconfidence":1,"rotation":[0.9975456595420837,0.00784396007657051,-0.0695791095495224,0.004971567541360855,0.9832628965377808,0.1821242123842239,0.06984314322471619,-0.1820231676101685,0.9808107614517212],"rotationconfidence":1},"4":{"id":4,"position":[50.98065361380577,-505.3605437278748,2918.372869491577],"positionconfidence":1,"rotation":[0.9978514909744263,-0.002293613273650408,-0.06547785550355911,0.05447607114911079,0.584278404712677,0.8097229599952698,0.03640009462833405,-0.8115501403808594,0.5831478834152222],"rotationconfidence":1},"6":{"id":6,"position":[-120.2202960848808,-253.2741725444794,3029.608964920044],"positionconfidence":1,"rotation":[0.3360876441001892,0.9299497008323669,-0.1491264700889587,0.1783547550439835,-0.2183139473199844,-0.9594417214393616,-0.9247888922691345,0.2958590984344482,-0.2392335683107376],"rotationconfidence":1},"7":{"id":7,"position":[-202.7858197689056,-481.7318022251129,3066.24436378479],"positionconfidence":1,"rotation":[-0.2293232083320618,0.06830430030822754,0.9709507822990417,0.303605318069458,0.9527863264083862,0.004680299665778875,-0.9247888922691345,0.2958590984344482,-0.2392335683107376],"rotationconfidence":1},"8":{"id":8,"position":[-138.4022533893585,-500.9085536003113,2793.64538192749],"positionconfidence":0.5,"rotation":[0.1113873198628426,-0.5272955298423767,0.8423492908477783,0,0.8476240634918213,0.5305973887443542,-0.9937771558761597,-0.05910181999206543,0.09441456943750381],"rotationconfidence":0.5},"9":{"id":9,"position":[-145.3730463981628,-467.909574508667,2740.929841995239],"positionconfidence":0.5,"rotation":[0.1113873198628426,-0.5272955298423767,0.8423492908477783,0,0.8476240634918213,0.5305973887443542,-0.9937771558761597,-0.05910181999206543,0.09441456943750381],"rotationconfidence":0.5},"12":{"id":12,"position":[221.2625443935394,-255.7069957256317,3004.840612411499],"positionconfidence":1,"rotation":[0.2785184681415558,-0.9604259133338928,0.003094271291047335,-0.3886350989341736,-0.1156471744179726,-0.9141052961349487,0.878288209438324,0.2533926367759705,-0.4054650664329529],"rotationconfidence":1},"13":{"id":13,"position":[286.1155569553375,-479.342132806778,3005.561113357544],"positionconfidence":1,"rotation":[-0.4067723751068115,-0.04969537630677223,-0.9121768474578857,-0.2512886226177216,0.9660861492156982,0.05942626297473908,0.878288209438324,0.2533926367759705,-0.4054650664329529],"rotationconfidence":1},"14":{"id":14,"position":[191.5667802095413,-490.89315533638,2793.537855148315],"positionconfidence":0.5,"rotation":[-0.5750758051872253,0.1210075169801712,-0.8091012835502625,0,-0.9890004396438599,-0.147912859916687,-0.818100094795227,-0.08506111055612564,0.5687502026557922],"rotationconfidence":0.5},"15":{"id":15,"position":[161.8780642747879,-484.6460521221161,2751.76739692688],"positionconfidence":0.5,"rotation":[-0.5750758051872253,0.1210075169801712,-0.8091012835502625,0,-0.9890004396438599,-0.147912859916687,-0.818100094795227,-0.08506111055612564,0.5687502026557922],"rotationconfidence":0.5},"17":{"id":17,"position":[-27.61941216886044,-578.3629417419434,2894.789695739746],"positionconfidence":1,"rotation":[0.69500732421875,-0.6327356100082397,-0.3414828181266785,0.7172306180000305,0.6434359550476074,0.2675264477729797,0.05044882744550705,-0.4308547675609589,0.9010100364685059],"rotationconfidence":1},"18":{"id":18,"position":[-293.8497960567474,-817.2013163566589,2795.485973358154],"positionconfidence":1,"rotation":[0.8024069666862488,-0.5967774391174316,0,0.5858176350593567,0.7876707911491394,0.1907682120800018,-0.11384616792202,-0.1530737429857254,0.9816352725028992],"rotationconfidence":1},"19":{"id":19,"position":[-453.0171751976013,-1031.212449073792,2743.654012680054],"positionconfidence":1,"rotation":[0.2857002913951874,-0.9583189487457275,0,0.8786674737930298,0.2619540691375732,-0.3991533517837524,0.3825162649154663,0.1140382438898087,0.916884183883667],"rotationconfidence":1},"20":{"id":20,"position":[-487.4392449855804,-1041.474580764771,2661.144971847534],"positionconfidence":1,"rotation":[0.2857002913951874,-0.9583189487457275,0,0.8786674737930298,0.2619540691375732,-0.3991533517837524,0.3825162649154663,0.1140382438898087,0.916884183883667],"rotationconfidence":1},"21":{"id":21,"position":[125.9346455335617,-577.2823095321655,2886.708736419678],"positionconfidence":1,"rotation":[0.9367680549621582,0.3246729969978333,0.1305872946977615,-0.3464732468128204,0.807989776134491,0.4765593111515045,0.0492127500474453,-0.491670548915863,0.869389533996582],"rotationconfidence":1},"22":{"id":22,"position":[232.3511242866516,-825.4498839378357,2740.337371826172],"positionconfidence":1,"rotation":[0.7807055115699768,0.5981972217559814,0.1807181686162949,-0.6177361011505127,0.6951173543930054,0.367714524269104,0.09434547275304794,-0.3987129032611847,0.9122099876403809],"rotationconfidence":1},"23":{"id":23,"position":[400.0467658042908,-1014.152050018311,2640.514612197876],"positionconfidence":1,"rotation":[0.07154141366481781,0.9974376559257507,0,-0.9686576128005981,0.06947716325521469,-0.2384856045246124,-0.2378745079040527,0.01706159673631191,0.9711460471153259],"rotationconfidence":1},"24":{"id":24,"position":[421.3822185993195,-1015.682339668274,2553.410530090332],"positionconfidence":1,"rotation":[0.07154141366481781,0.9974376559257507,0,-0.9686576128005981,0.06947716325521469,-0.2384856045246124,-0.2378745079040527,0.01706159673631191,0.9711460471153259],"rotationconfidence":1}},"skeletonTracked":true,"frameCount":5},{"position":[8.730855770409107,-573.7639665603638,2785.868644714356],"positionTracked":true,"id":4048,"skeleton":{"1":{"id":1,"position":[65.16902893781662,58.81471931934357,3066.599130630493],"positionconfidence":1,"rotation":[0.9988293051719666,-0.04837510734796524,0,0.04796800762414932,0.9904236793518066,0.1294600665569305,-0.006262644659727812,-0.1293085068464279,0.9915846586227417],"rotationconfidence":1},"2":{"id":2,"position":[56.03841319680214,-129.7104805707932,3041.956663131714],"positionconfidence":1,"rotation":[0.9963136911392212,-0.03821432590484619,-0.07680213451385498,0.04796800762414932,0.9904236793518066,0.1294600665569305,0.07111942768096924,-0.1326669007539749,0.9886058568954468],"rotationconfidence":1},"3":{"id":3,"position":[54.54379320144653,-459.4488739967346,2981.286525726318],"positionconfidence":1,"rotation":[0.9975182414054871,0.008342224173247814,-0.06991350650787354,0.004457869566977024,0.983481228351593,0.1809553951025009,0.0702681913971901,-0.1808179616928101,0.9810032248497009],"rotationconfidence":1},"4":{"id":4,"position":[50.24895071983337,-505.4823160171509,2917.65570640564],"positionconfidence":1,"rotation":[0.9977491497993469,-0.0003985762305092067,-0.06705599278211594,0.05460445582866669,0.5852673053741455,0.8089996576309204,0.0389232337474823,-0.810840368270874,0.5839717388153076],"rotationconfidence":1},"6":{"id":6,"position":[-120.7140162587166,-253.4031867980957,3029.08205986023],"positionconfidence":1,"rotation":[0.3346911370754242,0.9304009079933167,-0.1494518220424652,0.1785952150821686,-0.218353733420372,-0.9593878984451294,-0.9252488613128662,0.2944073081016541,-0.2392462491989136],"rotationconfidence":1},"7":{"id":7,"position":[-202.8471678495407,-481.723427772522,3065.757513046265],"positionconfidence":1,"rotation":[-0.2289826273918152,0.06939737498760223,0.9709535837173462,0.3024588823318481,0.9531569480895996,0.003204316832125187,-0.9252488613128662,0.2944073081016541,-0.2392462491989136],"rotationconfidence":1},"8":{"id":8,"position":[-138.5069489479065,-501.2229084968567,2792.936086654663],"positionconfidence":0.5,"rotation":[0.1114460453391075,-0.5272274613380432,0.8423840999603271,0,0.8476645946502686,0.5305324196815491,-0.9937704205513,-0.05912574008107185,0.0944688692688942],"rotationconfidence":0.5},"9":{"id":9,"position":[-145.4837471246719,-468.2171642780304,2740.200757980347],"positionconfidence":0.5,"rotation":[0.1114460453391075,-0.5272274613380432,0.8423840999603271,0,0.8476645946502686,0.5305324196815491,-0.9937704205513,-0.05912574008107185,0.0944688692688942],"rotationconfidence":0.5},"12":{"id":12,"position":[220.8093106746674,-255.5167376995087,3004.229545593262],"positionconfidence":1,"rotation":[0.2796806991100311,-0.9600892663002014,0.002712604589760304,-0.395439624786377,-0.1177679747343063,-0.9109107851982117,0.8748750686645508,0.2536914646625519,-0.412594735622406],"rotationconfidence":1},"13":{"id":13,"position":[285.9760224819183,-479.2213439941406,3004.86159324646],"positionconfidence":1,"rotation":[-0.414864182472229,-0.04712387546896935,-0.9086621999740601,-0.2499629110097885,0.9661366939544678,0.06402000039815903,0.8748750686645508,0.2536914646625519,-0.412594735622406],"rotationconfidence":1},"14":{"id":14,"position":[188.7152642011643,-490.2690649032593,2791.834831237793],"positionconfidence":1,"rotation":[-0.5612795948982239,0.1112305074930191,-0.8201175928115845,0,-0.9909275770187378,-0.134397029876709,-0.8276261687278748,-0.07543431222438812,0.5561874508857727],"rotationconfidence":1},"15":{"id":15,"position":[158.7909907102585,-484.3388795852661,2748.110771179199],"positionconfidence":0.5,"rotation":[-0.5612795948982239,0.1112305074930191,-0.8201175928115845,0,-0.9909275770187378,-0.134397029876709,-0.8276261687278748,-0.07543431222438812,0.5561874508857727],"rotationconfidence":0.5},"17":{"id":17,"position":[-28.05839851498604,-578.4999132156372,2894.443511962891],"positionconfidence":1,"rotation":[0.6948872804641724,-0.6303120255470276,-0.3461770415306091,0.71709805727005,0.6434237957000732,0.2679107487201691,0.05387119203805924,-0.4344106614589691,0.8991025686264038],"rotationconfidence":1},"18":{"id":18,"position":[-294.0409481525421,-817.1555399894714,2795.071363449097],"positionconfidence":1,"rotation":[0.8027985095977783,-0.5962504148483276,0,0.5854108929634094,0.7882040143013,0.1898117363452911,-0.1131753250956535,-0.1523805856704712,0.9818205237388611],"rotationconfidence":1},"19":{"id":19,"position":[-452.9331028461456,-1031.089782714844,2743.552684783936],"positionconfidence":1,"rotation":[0.2884925603866577,-0.9574821591377258,0,0.8776675462722778,0.2644441723823547,-0.3997109830379486,0.3827161192893982,0.1153136342763901,0.9166411757469177],"rotationconfidence":1},"20":{"id":20,"position":[-487.3609840869904,-1041.463017463684,2661.094665527344],"positionconfidence":1,"rotation":[0.2884925603866577,-0.9574821591377258,0,0.8776675462722778,0.2644441723823547,-0.3997109830379486,0.3827161192893982,0.1153136342763901,0.9166411757469177],"rotationconfidence":1},"21":{"id":21,"position":[125.0081658363342,-577.3610472679138,2885.822534561157],"positionconfidence":1,"rotation":[0.9356563091278076,0.3289110362529755,0.127924382686615,-0.348957359790802,0.8081351518630981,0.4744957983493805,0.05268671736121178,-0.4886051714420319,0.8709127306938171],"rotationconfidence":1},"22":{"id":22,"position":[232.0063710212708,-825.1535296440125,2740.331411361694],"positionconfidence":1,"rotation":[0.7804321050643921,0.5986847281455994,0.1802843064069748,-0.6180291175842285,0.6949981451034546,0.3674474656581879,0.09468793123960495,-0.3981887400150299,0.9124034643173218],"rotationconfidence":1},"23":{"id":23,"position":[400.0253975391388,-1014.097571372986,2640.436172485352],"positionconfidence":1,"rotation":[0.0720382034778595,0.9974018335342407,0,-0.968707799911499,0.06996574997901917,-0.2381387203931809,-0.2375200092792511,0.01715508662164211,0.97123122215271],"rotationconfidence":1},"24":{"id":24,"position":[421.3317930698395,-1015.636444091797,2553.313255310059],"positionconfidence":1,"rotation":[0.0720382034778595,0.9974018335342407,0,-0.968707799911499,0.06996574997901917,-0.2381387203931809,-0.2375200092792511,0.01715508662164211,0.97123122215271],"rotationconfidence":1}},"skeletonTracked":true,"frameCount":6},{"position":[8.199343457818031,-575.8335590362549,2785.209894180298],"positionTracked":true,"id":4048,"skeleton":{"1":{"id":1,"position":[64.2363652586937,58.27562138438225,3064.393520355225],"positionconfidence":1,"rotation":[0.998926043510437,-0.04633276164531708,0,0.04596975818276405,0.9910997748374939,0.1249325424432755,-0.005788469687104225,-0.1247983723878861,0.9921652674674988],"rotationconfidence":1},"2":{"id":2,"position":[55.5061437189579,-129.9463957548142,3040.667295455933],"positionconfidence":1,"rotation":[0.9963453412055969,-0.03647705167531967,-0.07723652571439743,0.04596975818276405,0.9910997748374939,0.1249325424432755,0.0719919204711914,-0.1280264854431152,0.9891543388366699],"rotationconfidence":1},"3":{"id":3,"position":[53.80682274699211,-459.7547948360443,2980.324506759644],"positionconfidence":1,"rotation":[0.9974570274353027,0.007821697741746902,-0.07083963602781296,0.00506824953481555,0.9836584329605103,0.1799732446670532,0.07108970731496811,-0.1798746138811112,0.9811174273490906],"rotationconfidence":1},"4":{"id":4,"position":[49.37643557786942,-505.9296488761902,2916.742086410523],"positionconfidence":1,"rotation":[0.997628927230835,-0.0009608044638298452,-0.06881646811962128,0.05629108473658562,0.5866829752922058,0.8078579306602478,0.03959725424647331,-0.8098161816596985,0.585345983505249],"rotationconfidence":1},"6":{"id":6,"position":[-121.2345510721207,-253.7741661071777,3028.401613235474],"positionconfidence":1,"rotation":[0.333452969789505,0.9307182431221008,-0.1502416133880615,0.1787714511156082,-0.2188937962055206,-0.9592320919036865,-0.9256618618965149,0.2929999232292175,-0.2393766641616821],"rotationconfidence":1},"7":{"id":7,"position":[-202.9474824666977,-481.8474650382996,3065.218448638916],"positionconfidence":1,"rotation":[-0.2289406657218933,0.06994850933551788,0.9709240198135376,0.3012247085571289,0.953550398349762,0.002330930205062032,-0.9256618618965149,0.2929999232292175,-0.2393766641616821],"rotationconfidence":1},"8":{"id":8,"position":[-138.6073678731918,-50