{"motiondata":[{"position":[198.5892802476883,-565.47611951828,2530.004739761353],"positionTracked":true,"id":4905,"skeleton":{"1":{"id":1,"position":[237.0203286409378,14.07003402709961,2741.990327835083],"positionconfidence":1,"rotation":[0.9999900460243225,-0.004466553684324026,0,0.004465303849428892,0.9997101426124573,0.0236569456756115,-0.0001056650144164451,-0.02365671098232269,0.9997201561927795],"rotationconfidence":1},"2":{"id":2,"position":[236.1264526844025,-186.0545128583908,2737.254619598389],"positionconfidence":1,"rotation":[0.9991582632064819,-0.003495637560263276,-0.04087260365486145,0.004465303849428892,0.9997101426124573,0.0236569456756115,0.04077806323766708,-0.02381954342126846,0.9988843202590942],"rotationconfidence":1},"3":{"id":3,"position":[225.2269983291626,-503.2164454460144,2693.466901779175],"positionconfidence":1,"rotation":[0.998641848564148,-0.02827741019427776,-0.04375962167978287,0.03402296826243401,0.9900302290916443,0.1366846412420273,0.0394582562148571,-0.1379878222942352,0.9896475672721863],"rotationconfidence":1},"4":{"id":4,"position":[221.1840748786926,-550.9694814682007,2636.643171310425],"positionconfidence":1,"rotation":[0.998519778251648,-0.03537018224596977,-0.0413191020488739,0.05438817292451859,0.6424065232276917,0.7644317150115967,-0.0004944257088936865,-0.7655473947525024,0.6433793306350708],"rotationconfidence":1},"6":{"id":6,"position":[69.03379410505295,-291.1005914211273,2745.599746704102],"positionconfidence":1,"rotation":[0.230661615729332,0.8987250328063965,-0.3729455471038818,-0.09126748889684677,-0.3616082966327667,-0.9278521537780762,-0.9687443375587463,0.2480577230453491,-0.001384777249768376],"rotationconfidence":1},"7":{"id":7,"position":[17.55807362496853,-491.6650354862213,2828.82833480835],"positionconfidence":1,"rotation":[0.06287997961044312,0.2509587407112122,0.9659533500671387,0.239959716796875,0.935674786567688,-0.2587127089500427,-0.9687443375587463,0.2480577230453491,-0.001384777249768376],"rotationconfidence":1},"8":{"id":8,"position":[3.353119362145662,-548.3580827713013,2610.613822937012],"positionconfidence":0.5,"rotation":[0.07948325574398041,0.2660403251647949,0.9606794714927673,0,0.9637284874916077,-0.2668846845626831,-0.996836245059967,0.02121286280453205,0.07660027593374252],"rotationconfidence":0.5},"9":{"id":9,"position":[-2.151852007955313,-566.7839050292969,2544.077634811401],"positionconfidence":0.5,"rotation":[0.07948325574398041,0.2660403251647949,0.9606794714927673,0,0.9637284874916077,-0.2668846845626831,-0.996836245059967,0.02121286280453205,0.07660027593374252],"rotationconfidence":0.5},"12":{"id":12,"position":[411.4324450492859,-293.9224541187286,2731.554508209229],"positionconfidence":1,"rotation":[0.335107684135437,-0.9087789058685303,0.2486435472965241,-0.3146184384822846,-0.3566884994506836,-0.8796525001525879,0.8880980610847473,0.2165504992008209,-0.4054476916790009],"rotationconfidence":1},"13":{"id":13,"position":[488.2697761058807,-502.2976994514465,2788.56635093689],"positionconfidence":1,"rotation":[-0.3406458795070648,-0.2821552455425263,-0.8968549966812134,-0.3086135983467102,0.9346092939376831,-0.1768144965171814,0.8880980610847473,0.2165504992008209,-0.4054476916790009],"rotationconfidence":1},"14":{"id":14,"position":[408.4923267364502,-568.3769583702087,2578.527688980103],"positionconfidence":1,"rotation":[-0.3756065368652344,0.5581030249595642,-0.7398923635482788,0,-0.7983480095863342,-0.6021962761878967,-0.9267791509628296,-0.2261888533830643,0.2998647391796112],"rotationconfidence":1},"15":{"id":15,"position":[387.9449963569641,-537.8462672233582,2538.052320480347],"positionconfidence":0.5,"rotation":[-0.3756065368652344,0.5581030249595642,-0.7398923635482788,0,-0.7983480095863342,-0.6021962761878967,-0.9267791509628296,-0.2261888533830643,0.2998647391796112],"rotationconfidence":0.5},"17":{"id":17,"position":[140.887439250946,-623.508095741272,2616.059541702271],"positionconfidence":1,"rotation":[0.7289037704467773,-0.6001760959625244,-0.3293750882148743,0.6845330595970154,0.6464191675186157,0.3369818329811096,0.01066592708230019,-0.471095472574234,0.8820177316665649],"rotationconfidence":1},"18":{"id":18,"position":[-73.14254343509674,-825.6211876869202,2510.696887969971],"positionconfidence":1,"rotation":[0.9040826559066772,-0.4273574352264404,0,0.3843637406826019,0.8131287097930908,0.4371342360973358,-0.1868125647306442,-0.3952054679393768,0.8993962407112122],"rotationconfidence":1},"19":{"id":19,"position":[-196.6310292482376,-1086.863398551941,2370.254278182983],"positionconfidence":0.5,"rotation":[0.4214938282966614,-0.9068312644958496,0,0.8897706866264343,0.4135640859603882,-0.1930618733167648,0.1750745475292206,0.081374391913414,0.98118656873703],"rotationconfidence":0.5},"20":{"id":20,"position":[-211.6240561008453,-1093.832135200501,2286.227464675903],"positionconfidence":0.5,"rotation":[0.4214938282966614,-0.9068312644958496,0,0.8897706866264343,0.4135640859603882,-0.1930618733167648,0.1750745475292206,0.081374391913414,0.98118656873703],"rotationconfidence":0.5},"21":{"id":21,"position":[296.3137328624725,-626.5563368797302,2612.551927566528],"positionconfidence":1,"rotation":[0.8140891790390015,0.4528726637363434,0.363545298576355,-0.5807174444198608,0.6293097734451294,0.5164654850959778,0.005110501311719418,-0.6315659880638123,0.7753052115440369],"rotationconfidence":1},"22":{"id":22,"position":[467.5637483596802,-812.1359348297119,2460.249423980713],"positionconfidence":1,"rotation":[0.9607486724853516,-0.1950885355472565,-0.1972370445728302,0.2692537903785706,0.8269683718681335,0.4935847222805023,0.06681607663631439,-0.5273177027702332,0.8470370769500732],"rotationconfidence":1},"23":{"id":23,"position":[372.1202611923218,-1105.274796485901,2285.28642654419],"positionconfidence":0.5,"rotation":[0.3120303153991699,-0.9500721096992493,0,0.9255885481834412,0.3039892315864563,-0.2255576997995377,0.2142960876226425,0.07038084417581558,0.9742298126220703],"rotationconfidence":0.5},"24":{"id":24,"position":[353.6567389965057,-1111.33873462677,2201.347827911377],"positionconfidence":0.5,"rotation":[0.3120303153991699,-0.9500721096992493,0,0.9255885481834412,0.3039892315864563,-0.2255576997995377,0.2142960876226425,0.07038084417581558,0.9742298126220703],"rotationconfidence":0.5}},"skeletonTracked":true,"frameCount":1},{"position":[198.7361758947372,-565.2492046356201,2530.281782150269],"positionTracked":true,"id":4905,"skeleton":{"1":{"id":1,"position":[236.9526773691177,13.97801283746958,2742.064714431763],"positionconfidence":1,"rotation":[0.9999923706054688,-0.003912423271685839,0,0.003911142703145742,0.9996650218963623,0.02558405697345734,-0.0001000956617644988,-0.02558386139571667,0.9996727108955383],"rotationconfidence":1},"2":{"id":2,"position":[236.1705750226975,-185.9227269887924,2736.948728561401],"positionconfidence":1,"rotation":[0.9991545081138611,-0.002859417116269469,-0.04101681336760521,0.003911142703145742,0.9996650218963623,0.02558405697345734,0.04092991724610329,-0.02572284638881683,0.9988309741020203],"rotationconfidence":1},"3":{"id":3,"position":[225.2881526947022,-503.1698942184448,2693.523645401001],"positionconfidence":1,"rotation":[0.9986361861228943,-0.02824559062719345,-0.04390890151262283,0.03396614640951157,0.990189790725708,0.1355380862951279,0.03964978829026222,-0.1368446350097656,0.9897986650466919],"rotationconfidence":1},"4":{"id":4,"position":[221.2359607219696,-550.9306192398071,2636.696100234985],"positionconfidence":1,"rotation":[0.9985133409500122,-0.03533200174570084,-0.04150602966547012,0.05450673028826714,0.6424376964569092,0.7643970847129822,-0.0003426398907322437,-0.7655229568481445,0.6434084177017212],"rotationconfidence":1},"6":{"id":6,"position":[68.99431347846985,-291.036456823349,2745.512962341309],"positionconfidence":1,"rotation":[0.2321811020374298,0.8993870615959167,-0.3703984320163727,-0.1062092930078507,-0.3550854027271271,-0.9287809729576111,-0.9668565392494202,0.2549850940704346,0.01307914219796658],"rotationconfidence":1},"7":{"id":7,"position":[17.14121364057064,-491.89692735672,2828.234195709229],"positionconfidence":1,"rotation":[0.1270071268081665,0.435885101556778,0.8909957408905029,0.2214896231889725,0.8631262183189392,-0.4538232982158661,-0.9668565392494202,0.2549850940704346,0.01307914219796658],"rotationconfidence":1},"8":{"id":8,"position":[-9.98244434595108,-584.9846005439758,2637.953042984009],"positionconfidence":1,"rotation":[0.1319874972105026,0.4556427001953125,0.8803232908248901,0,0.8880928158760071,-0.4596641063690186,-0.9912514090538025,0.0606699138879776,0.1172171458601952],"rotationconfidence":1},"9":{"id":9,"position":[-18.58074404299259,-614.6673560142517,2580.604553222656],"positionconfidence":0.5,"rotation":[0.1319874972105026,0.4556427001953125,0.8803232908248901,0,0.8880928158760071,-0.4596641063690186,-0.9912514090538025,0.0606699138879776,0.1172171458601952],"rotationconfidence":0.5},"12":{"id":12,"position":[411.3786220550537,-293.8344776630402,2731.41074180603],"positionconfidence":1,"rotation":[0.3314636647701263,-0.9128184914588928,0.2385250329971314,-0.3112733960151672,-0.3444668352603912,-0.8856927156448364,0.8906406760215759,0.219328448176384,-0.398314356803894],"rotationconfidence":1},"13":{"id":13,"position":[487.457662820816,-503.348708152771,2786.158084869385],"positionconfidence":1,"rotation":[-0.3365588188171387,-0.2710548937320709,-0.9018078446388245,-0.3057571649551392,0.9372429847717285,-0.1675955951213837,0.8906406760215759,0.219328448176384,-0.398314356803894],"rotationconfidence":1},"14":{"id":14,"position":[409.234344959259,-566.3475394248962,2576.559066772461],"positionconfidence":1,"rotation":[-0.3913611173629761,0.5452303886413574,-0.7413233518600464,0,-0.8055785894393921,-0.5924889445304871,-0.9202371835708618,-0.2318771332502365,0.3152721226215363],"rotationconfidence":1},"15":{"id":15,"position":[387.9538476467133,-536.7003083229065,2536.249160766602],"positionconfidence":0.5,"rotation":[-0.3913611173629761,0.5452303886413574,-0.7413233518600464,0,-0.8055785894393921,-0.5924889445304871,-0.9202371835708618,-0.2318771332502365,0.3152721226215363],"rotationconfidence":0.5},"17":{"id":17,"position":[140.9292817115784,-623.4539151191711,2616.124391555786],"positionconfidence":1,"rotation":[0.7287545800209045,-0.6000053882598877,-0.3300155401229858,0.6846886277198792,0.6461119651794434,0.3372548222541809,0.01087228953838348,-0.4717338979244232,0.8816739320755005],"rotationconfidence":1},"18":{"id":18,"position":[-73.29794764518738,-825.6111741065979,2510.603189468384],"positionconfidence":1,"rotation":[0.9045873880386353,-0.4262880682945252,0,0.383628785610199,0.8140640258789062,0.4360374212265015,-0.1858775466680527,-0.3944339454174042,0.8999284505844116],"rotationconfidence":1},"19":{"id":19,"position":[-196.7181265354157,-1087.509989738464,2370.322227478027],"positionconfidence":0.5,"rotation":[0.4240740835666657,-0.9056275486946106,0,0.8884470462799072,0.4160290360450745,-0.1938603222370148,0.1755652278661728,0.08221112936735153,0.9810291528701782],"rotationconfidence":0.5},"20":{"id":20,"position":[-211.7674052715302,-1094.557046890259,2286.229372024536],"positionconfidence":0.5,"rotation":[0.4240740835666657,-0.9056275486946106,0,0.8884470462799072,0.4160290360450745,-0.1938603222370148,0.1755652278661728,0.08221112936735153,0.9810291528701782],"rotationconfidence":0.5},"21":{"id":21,"position":[296.3577806949616,-626.5076398849487,2612.573862075806],"positionconfidence":1,"rotation":[0.9301748275756836,0.3129349648952484,0.1919542253017426,-0.3670166432857513,0.7804657816886902,0.5061342716217041,0.008573420345783234,-0.5412437915802002,0.8408219814300537],"rotationconfidence":1},"22":{"id":22,"position":[413.1606817245483,-874.8905658721924,2451.496839523315],"positionconfidence":1,"rotation":[0.9962809681892395,0.03128626570105553,-0.0802832618355751,0.01385477744042873,0.8614575862884521,0.5076406002044678,0.085042804479599,-0.5068649649620056,0.8578203320503235],"rotationconfidence":1},"23":{"id":23,"position":[408.8467955589294,-1143.117904663086,2293.435573577881],"positionconfidence":0.5,"rotation":[0.800260066986084,-0.5996531248092651,0,0.5947268009185791,0.7936856746673584,-0.1279177516698837,0.07670628279447556,0.1023674681782723,0.9917846918106079],"rotationconfidence":0.5},"24":{"id":24,"position":[402.2839069366455,-1151.876330375671,2208.579778671265],"positionconfidence":0.5,"rotation":[0.800260066986084,-0.5996531248092651,0,0.5947268009185791,0.7936856746673584,-0.1279177516698837,0.07670628279447556,0.1023674681782723,0.9917846918106079],"rotationconfidence":0.5}},"skeletonTracked":true,"frameCount":2},{"position":[197.8061646223068,-564.3166303634644,2530.593633651733],"positionTracked":true,"id":4905,"skeleton":{"1":{"id":1,"position":[236.9015216827393,13.87890335172415,2742.113828659058],"positionconfidence":1,"rotation":[0.9999935030937195,-0.003615960478782654,0,0.003614560002461076,0.9996062517166138,0.02782742120325565,-0.0001006228558253497,-0.02782724052667618,0.9996128082275391],"rotationconfidence":1},"2":{"id":2,"position":[236.179456114769,-185.8082711696625,2736.554861068726],"positionconfidence":1,"rotation":[0.9991496205329895,-0.002467104932293296,-0.04115913808345795,0.003614560002461076,0.9996062517166138,0.02782742120325565,0.04107427597045898,-0.0279525276273489,0.9987650513648987],"rotationconfidence":1},"3":{"id":3,"position":[225.3376394510269,-503.1281113624573,2693.560600280762],"positionconfidence":1,"rotation":[0.998633086681366,-0.02815360017120838,-0.04403612017631531,0.03383808583021164,0.9903779625892639,0.1341881603002548,0.03983452543616295,-0.1354948282241821,0.9899768829345703],"rotationconfidence":1},"4":{"id":4,"position":[221.2774455547333,-550.8986711502075,2636.733055114746],"positionconfidence":1,"rotation":[0.9985077977180481,-0.03530257195234299,-0.04166486114263535,0.05460940301418304,0.6425116062164307,0.7643275856971741,-0.0002125738392351195,-0.765462338924408,0.643480658531189],"rotationconfidence":1},"6":{"id":6,"position":[68.93014162778854,-290.9872829914093,2745.405912399292],"positionconfidence":1,"rotation":[0.2335218489170075,0.9000681638717651,-0.3678923845291138,-0.1106671914458275,-0.3512924909591675,-0.9297022819519043,-0.9660332798957825,0.257819414138794,0.01757355034351349],"rotationconfidence":1},"7":{"id":7,"position":[16.72926731407642,-492.1862185001373,2827.643632888794],"positionconfidence":1,"rotation":[0.1480254232883453,0.4963347911834717,0.8554182648658752,0.2118210643529892,0.8289638161659241,-0.5176397562026978,-0.9660332798957825,0.257819414138794,0.01757355034351349],"rotationconfidence":1},"8":{"id":8,"position":[-14.51414078474045,-596.9465374946594,2647.092342376709],"positionconfidence":0.5,"rotation":[0.1611468344926834,0.5659521222114563,0.808535635471344,0,0.8192427754402161,-0.5734468102455139,-0.9869304299354553,0.09240914136171341,0.1320183873176575],"rotationconfidence":0.5},"9":{"id":9,"position":[-24.93356913328171,-633.5398554801941,2594.81406211853],"positionconfidence":0.5,"rotation":[0.1611468344926834,0.5659521222114563,0.808535635471344,0,0.8192427754402161,-0.5734468102455139,-0.9869304299354553,0.09240914136171341,0.1320183873176575],"rotationconfidence":0.5},"12":{"id":12,"position":[411.310225725174,-293.7772572040558,2731.247425079346],"positionconfidence":1,"rotation":[0.3281724452972412,-0.916214644908905,0.2298990935087204,-0.3115777671337128,-0.3347485959529877,-0.8893046975135803,0.8917523622512817,0.2202138453722,-0.3953273594379425],"rotationconfidence":1},"13":{"id":13,"position":[486.7448508739471,-504.3808817863464,2784.092664718628],"positionconfidence":1,"rotation":[-0.3353436887264252,-0.2649952471256256,-0.9040586948394775,-0.3038461208343506,0.9387670159339905,-0.1624628156423569,0.8917523622512817,0.2202138453722,-0.3953273594379425],"rotationconfidence":1},"14":{"id":14,"position":[409.4787538051605,-565.4380917549133,2575.7896900177],"positionconfidence":0.5,"rotation":[-0.3942366540431976,0.5353808403015137,-0.7469569444656372,0,-0.8127853274345398,-0.5825632810592651,-0.9190088510513306,-0.2296677976846695,0.3204297721385956],"rotationconfidence":0.5},"15":{"id":15,"position":[387.7703249454498,-535.9576344490051,2534.658908843994],"positionconfidence":0.5,"rotation":[-0.3942366540431976,0.5353808403015137,-0.7469569444656372,0,-0.8127853274345398,-0.5825632810592651,-0.9190088510513306,-0.2296677976846695,0.3204297721385956],"rotationconfidence":0.5},"17":{"id":17,"position":[140.9609317779541,-623.4119534492493,2616.172552108765],"positionconfidence":1,"rotation":[0.7283371686935425,-0.6001317501068115,-0.3307067155838013,0.6851299405097961,0.6455917954444885,0.3373546600341797,0.01104429643601179,-0.4722850322723389,0.8813767433166504],"rotationconfidence":1},"18":{"id":18,"position":[-73.46537709236145,-825.4639506340027,2510.590076446533],"positionconfidence":1,"rotation":[0.9052295684814453,-0.4249227941036224,0,0.3825334310531616,0.8149259090423584,0.4353894889354706,-0.1850069165229797,-0.3941274285316467,0.9002422094345093],"rotationconfidence":1},"19":{"id":19,"position":[-196.7202872037888,-1088.038682937622,2370.304584503174],"positionconfidence":0.5,"rotation":[0.427073210477829,-0.904217004776001,0,0.8870100975036621,0.4189461767673492,-0.1941577792167664,0.175560787320137,0.08291959017515182,0.9809703826904297],"rotationconfidence":0.5},"20":{"id":20,"position":[-211.7819488048554,-1095.152497291565,2286.145448684692],"positionconfidence":0.5,"rotation":[0.427073210477829,-0.904217004776001,0,0.8870100975036621,0.4189461767673492,-0.1941577792167664,0.175560787320137,0.08291959017515182,0.9809703826904297],"rotationconfidence":0.5},"21":{"id":21,"position":[296.3938713073731,-626.4699101448059,2612.586259841919],"positionconfidence":1,"rotation":[0.9527795910835266,0.2640688121318817,0.14992955327034,-0.3035144507884979,0.8127020001411438,0.4973876178264618,0.00949652399867773,-0.5194065570831299,0.8544745445251465],"rotationconfidence":1},"22":{"id":22,"position":[396.649032831192,-894.9170112609863,2448.292016983032],"positionconfidence":1,"rotation":[0.9941797852516174,0.1030367985367775,0.03146355226635933,-0.1050803512334824,0.8630027770996094,0.4941499531269074,0.02376249618828297,-0.494580090045929,0.8688070774078369],"rotationconfidence":1},"23":{"id":23,"position":[428.9721846580505,-1160.380244255066,2296.289443969727],"positionconfidence":0.5,"rotation":[0.9442088007926941,0.3293473720550537,0,-0.3263120353221893,0.9355067610740662,-0.1354535222053528,-0.04461126402020454,0.1278964132070541,0.9907837510108948],"rotationconfidence":0.5},"24":{"id":24,"position":[432.8243434429169,-1171.424031257629,2210.73579788208],"positionconfidence":0.5,"rotation":[0.9442088007926941,0.3293473720550537,0,-0.3263120353221893,0.9355067610740662,-0.1354535222053528,-0.04461126402020454,0.1278964132070541,0.9907837510108948],"rotationconfidence":0.5}},"skeletonTracked":true,"frameCount":3},{"position":[197.6297944784164,-562.8694891929626,2533.432483673096],"positionTracked":true,"id":4905,"skeleton":{"1":{"id":1,"position":[236.8044853210449,13.56072258204222,2741.971731185913],"positionconfidence":1,"rotation":[0.9999952912330627,-0.003076433669775724,0,0.003075167769566178,0.9995838403701782,0.0286820363253355,-0.00008823838288662955,-0.02868190035223961,0.9995886087417603],"rotationconfidence":1},"2":{"id":2,"position":[236.1912727355957,-185.7641339302063,2736.252307891846],"positionconfidence":1,"rotation":[0.9991535544395447,-0.001894711516797543,-0.0410933755338192,0.003075167769566178,0.9995838403701782,0.0286820363253355,0.0410219319164753,-0.02878412790596485,0.9987435936927795],"rotationconfidence":1},"3":{"id":3,"position":[225.3732979297638,-503.0988454818726,2693.589687347412],"positionconfidence":1,"rotation":[0.998636782169342,-0.0281323753297329,-0.04396935924887657,0.03376688063144684,0.9905184507369995,0.1331657469272614,0.03980618715286255,-0.1344688981771469,0.9901179671287537],"rotationconfidence":1},"4":{"id":4,"position":[221.3094532489777,-550.8729815483093,2636.761665344238],"positionconfidence":1,"rotation":[0.9985052347183228,-0.03522980213165283,-0.04178743064403534,0.05465640127658844,0.6425349712371826,0.7643045783042908,-0.00007641207048436627,-0.7654460668563843,0.6435000896453857],"rotationconfidence":1},"6":{"id":6,"position":[68.85423511266708,-290.9485697746277,2745.305299758911],"positionconfidence":1,"rotation":[0.2352140098810196,0.9006656408309937,-0.3653434813022614,-0.07897453755140305,-0.356936126947403,-0.9307844638824463,-0.9687297940254211,0.247786357998848,-0.01282672397792339],"rotationconfidence":1},"7":{"id":7,"position":[16.19899086654186,-492.5724864006043,2827.091455459595],"positionconfidence":1,"rotation":[0.08538471907377243,0.38146111369133,0.9204329252243042,0.2329636216163635,0.8905556201934814,-0.3906899094581604,-0.9687297940254211,0.247786357998848,-0.01282672397792339],"rotationconfidence":1},"8":{"id":8,"position":[-1.607660204172134,-572.124719619751,2635.138750076294],"positionconfidence":0.5,"rotation":[-0.01359004713594914,0.2377964705228806,0.9712199568748474,0,0.9713096022605896,-0.2378184199333191,-0.9999076724052429,-0.003231963608413935,-0.01320014335215092],"rotationconfidence":0.5},"9":{"id":9,"position":[-0.7202452979981899,-587.6525640487671,2571.719169616699],"positionconfidence":0.5,"rotation":[-0.01359004713594914,0.2377964705228806,0.9712199568748474,0,0.9713096022605896,-0.2378184199333191,-0.9999076724052429,-0.003231963608413935,-0.01320014335215092],"rotationconfidence":0.5},"12":{"id":12,"position":[411.2801551818848,-293.7332093715668,2731.160402297974],"positionconfidence":1,"rotation":[0.3257655501365662,-0.9184808135032654,0.2242090702056885,-0.3166450560092926,-0.3294410407543182,-0.8894966840744019,0.8908494114875793,0.2187727242708206,-0.3981529772281647],"rotationconfidence":1},"13":{"id":13,"position":[486.2764775753021,-505.1818490028381,2782.776832580566],"positionconfidence":1,"rotation":[-0.3365989029407501,-0.2707391679286957,-0.9018877744674683,-0.3051040470600128,0.9374640583992004,-0.1675491631031036,0.8908494114875793,0.2187727242708206,-0.3981529772281647],"rotationconfidence":1},"14":{"id":14,"position":[408.3452224731445,-567.8648948669434,2573.96674156189],"positionconfidence":0.5,"rotation":[-0.4042844474315643,0.4985950887203217,-0.766783595085144,0,-0.838350772857666,-0.5451310873031616,-0.9146332740783691,-0.2203880250453949,0.3389321863651276],"rotationconfidence":0.5},"15":{"id":15,"position":[385.7187330722809,-539.9601459503174,2531.052350997925],"positionconfidence":0.5,"rotation":[-0.4042844474315643,0.4985950887203217,-0.766783595085144,0,-0.838350772857666,-0.5451310873031616,-0.9146332740783691,-0.2203880250453949,0.3389321863651276],"rotationconfidence":0.5},"17":{"id":17,"position":[140.9834027290344,-623.383641242981,2616.210699081421],"positionconfidence":1,"rotation":[0.7281019687652588,-0.6000921130180359,-0.3312957286834717,0.6853772401809692,0.6452273726463318,0.3375493288040161,0.01120039075613022,-0.4728329479694367,0.8810809254646301],"rotationconfidence":1},"18":{"id":18,"position":[-73.59025627374649,-825.3874182701111,2510.532855987549],"positionconfidence":1,"rotation":[0.9055209159851074,-0.4243016242980957,0,0.3820933401584625,0.8154423236846924,0.4348085224628449,-0.1844899654388428,-0.3937282264232636,0.9005228877067566],"rotationconfidence":1},"19":{"id":19,"position":[-196.8668103218079,-1088.477373123169,2370.248556137085],"positionconfidence":0.5,"rotation":[0.4279626607894898,-0.903796374797821,0,0.8865497708320618,0.4197961091995239,-0.1944239884614945,0.1757197082042694,0.08320621401071548,0.9809175729751587],"rotationconfidence":0.5},"20":{"id":20,"position":[-211.9500935077667,-1095.619559288025,2286.049365997315],"positionconfidence":0.5,"rotation":[0.4279626607894898,-0.903796374797821,0,0.8865497708320618,0.4197961091995239,-0.1944239884614945,0.1757197082042694,0.08320621401071548,0.9809175729751587],"rotationconfidence":0.5},"21":{"id":21,"position":[296.4222729206085,-626.438558101654,2612.595319747925],"positionconfidence":1,"rotation":[0.9656631350517273,0.2289215624332428,0.1228396147489548,-0.2595998644828796,0.8318191766738892,0.4905964136123657,0.01012774650007486,-0.5056399703025818,0.8626850843429565],"rotationconfidence":1},"22":{"id":22,"position":[385.2225840091705,-910.9756946563721,2444.778919219971],"positionconfidence":1,"rotation":[0.9804884791374207,0.1825123727321625,0.07301781326532364,-0.1946650147438049,0.8498103618621826,0.4898243546485901,0.02734770998358727,-0.4944811463356018,0.8687580227851868],"rotationconfidence":1},"23":{"id":23,"position":[444.2866146564484,-1168.819785118103,2296.159505844116],"positionconfidence":0.5,"rotation":[0.7884833216667175,0.6150561571121216,0,-0.6074231863021851,0.7786980867385864,-0.1570554822683334,-0.09659794718027115,0.1238356232643127,0.9875897765159607],"rotationconfidence":0.5},"24":{"id":24,"position":[452.702134847641,-1179.608225822449,2210.121631622315],"positionconfidence":0.5,"rotation":[0.7884833216667175,0.6150561571121216,0,-0.6074231863021851,0.7786980867385864,-0.1570554822683334,-0.09659794718027115,0.1238356232643127,0.9875897765159607],"rotationconfidence":0.5}},"skeletonTracked":true,"frameCount":4},{"position":[198.5170990228653,-559.971809387207,2534.501314163208],"positionTracked":true,"id":4905,"skeleton":{"1":{"id":1,"position":[236.7258220911026,13.30015156418085,2741.742849349976],"positionconfidence":1,"rotation":[0.9999966025352478,-0.002621207153424621,0,0.002620175248011947,0.9996029138565063,0.02805908769369125,-0.00007354868284892291,-0.02805899269878864,0.9996063709259033],"rotationconfidence":1},"2":{"id":2,"position":[236.2040728330612,-185.7483983039856,2736.155509948731],"positionconfidence":1,"rotation":[0.9991605281829834,-0.001469658454880118,-0.04094576463103294,0.002620175248011947,0.9996029138565063,0.02805908769369125,0.04088826104998589,-0.02814281173050404,0.9987674355506897],"rotationconfidence":1},"3":{"id":3,"position":[225.397989153862,-503.0811429023743,2693.617105484009],"positionconfidence":1,"rotation":[0.9986429810523987,-0.02813207358121872,-0.0438237376511097,0.03373174741864204,0.9905704855918884,0.132785826921463,0.03967496752738953,-0.1340839117765427,0.9901754260063171],"rotationconfidence":1},"4":{"id":4,"position":[221.3337123394013,-550.8518218994141,2636.789560317993],"positionconfidence":1,"rotation":[0.9985048174858093,-0.03517468646168709,-0.04184382036328316,0.05466409772634506,0.6425105929374695,0.7643244862556458,2.26836078809356e-7,-0.7654690742492676,0.6434727907180786],"rotationconfidence":1},"6":{"id":6,"position":[68.76540184020996,-290.9241914749146,2745.217084884644],"positionconfidence":1,"rotation":[0.2383351475000382,0.9014716148376465,-0.3613104224205017,-0.06782447546720505,-0.3556730449199677,-0.9321461319923401,-0.9688116908073425,0.2466688901185989,-0.02362754754722118],"rotationconfidence":1},"7":{"id":7,"position":[15.22370707243681,-493.4386610984802,2826.385021209717],"positionconfidence":1,"rotation":[0.04986100643873215,0.2874524891376495,0.9564961791038513,0.2427296489477158,0.9254865646362305,-0.2907865047454834,-0.9688116908073425,0.2466688901185989,-0.02362754754722118],"rotationconfidence":1},"8":{"id":8,"position":[4.396626725792885,-555.8575987815857,2618.686437606812],"positionconfidence":0.5,"rotation":[-0.05423976108431816,0.09900134056806564,0.9936079978942871,0,0.9950727224349976,-0.09914728254079819,-0.9985279440879822,-0.005377724766731262,-0.05397250503301621],"rotationconfidence":0.5},"9":{"id":9,"position":[8.368323557078838,-563.1069540977478,2545.929670333862],"positionconfidence":0.5,"rotation":[-0.05423976108431816,0.09900134056806564,0.9936079978942871,0,0.9950727224349976,-0.09914728254079819,-0.9985279440879822,-0.005377724766731262,-0.05397250503301621],"rotationconfidence":0.5},"12":{"id":12,"position":[411.2658798694611,-293.7031686306,2731.117248535156],"positionconfidence":1,"rotation":[0.3248123228549957,-0.9194477796554565,0.2216137498617172,-0.3167932629585266,-0.3265518248081207,-0.890508770942688,0.8911447525024414,0.2190425097942352,-0.3973429501056671],"rotationconfidence":1},"13":{"id":13,"position":[486.1084520816803,-505.5603981018066,2782.181024551392],"positionconfidence":1,"rotation":[-0.3374227583408356,-0.2655195891857147,-0.9031307101249695,-0.3033263683319092,0.9388927221298218,-0.1627064645290375,0.8911447525024414,0.2190425097942352,-0.3973429501056671],"rotationconfidence":1},"14":{"id":14,"position":[407.8164994716644,-567.1687126159668,2572.628259658814],"positionconfidence":1,"rotation":[-0.4070731401443481,0.485237717628479,-0.7738447785377502,0,-0.8472175598144531,-0.5312460064888,-0.9133954644203186,-0.2162559777498245,0.3448795080184937],"rotationconfidence":1},"15":{"id":15,"position":[384.9958777427673,-539.9661660194397,2529.246330261231],"positionconfidence":0.5,"rotation":[-0.4070731401443481,0.485237717628479,-0.7738447785377502,0,-0.8472175598144531,-0.5312460064888,-0.9133954644203186,-0.2162559777498245,0.3448795080184937],"rotationconfidence":0.5},"17":{"id":17,"position":[140.9986317157745,-623.3598589897156,2616.247653961182],"positionconfidence":1,"rotation":[0.7277362942695618,-0.6001775860786438,-0.331943541765213,0.6857637763023376,0.6447129845619202,0.3377469778060913,0.01130014937371016,-0.4734256863594055,0.8807612657546997],"rotationconfidence":1},"18":{"id":18,"position":[-73.75967502593994,-825.2624273300171,2510.476589202881],"positionconfidence":1,"rotation":[0.9061186909675598,-0.4230233728885651,0,0.3810724318027496,0.8162595629692078,0.4341706037521362,-0.1836643069982529,-0.3934100866317749,0.9008305668830872],"rotationconfidence":1},"19":{"id":19,"position":[-196.8755722045898,-1088.977456092835,2370.205879211426],"positionconfidence":0.5,"rotation":[0.4297347068786621,-0.9029551148414612,0,0.8857380747795105,0.421540766954422,-0.1943481862545013,0.1754877120256424,0.08351816982030869,0.9809325337409973],"rotationconfidence":0.5},"20":{"id":20,"position":[-211.9480520486832,-1096.150755882263,2285.954475402832],"positionconfidence":0.5,"rotation":[0.4297347068786621,-0.9029551148414612,0,0.8857380747795105,0.421540766954422,-0.1943481862545013,0.1754877120256424,0.08351816982030869,0.9809325337409973],"rotationconfidence":0.5},"21":{"id":21,"position":[296.441912651062,-626.4182329177856,2612.609386444092],"positionconfidence":1,"rotation":[0.9709258079528809,0.2122896462678909,0.1106172427535057,-0.2391521632671356,0.8400406241416931,0.4869681596755981,0.01045532058924437,-0.4992642998695374,0.8663866519927979],"rotationconfidence":1},"22":{"id":22,"position":[379.8584938049316,-919.4254875183105,2442.75426864624],"positionconfidence":1,"rotation":[0.9671834111213684,0.2367651760578156,0.09218738228082657,-0.2511623203754425,0.836107611656189,0.4876900315284729,0.03838944435119629,-0.4948396980762482,0.868135929107666],"rotationconfidence":1},"23":{"id":23,"position":[455.9637904167175,-1172.776460647583,2294.978141784668],"positionconfidence":0.5,"rotation":[0.6825617551803589,0.7308279871940613,0,-0.7206006646156311,0.6730098724365234,-0.1667112857103348,-0.1218372657895088,0.1137907430529594,0.9860058426856995],"rotationconfidence":0.5},"24":{"id":24,"position":[466.6323661804199,-1182.740449905396,2208.63938331604],"positionconfidence":0.5,"rotation":[0.6825617551803589,0.7308279871940613,0,-0.7206006646156311,0.6730098724365234,-0.1667112857103348,-0.1218372657895088,0.1137907430529594,0.9860058426856995],"rotationconfidence":0.5}},"skeletonTracked":true,"frameCount":5},{"position":[198.0778127908707,-561.0891580581665,2535.974740982056],"positionTracked":true,"id":4905,"skeleton":{"1":{"id":1,"position":[236.6283237934113,13.06132785975933,2741.456270217896],"positionconfidence":1,"rotation":[0.9999984502792358,-0.001797058153897524,0,0.001796428114175797,0.999647855758667,0.02647414989769459,-0.00004757558781420812,-0.02647410891950131,0.9996495246887207],"rotationconfidence":1},"2":{"id":2,"position":[236.2709492444992,-185.8047991991043,2736.189603805542],"positionconfidence":1,"rotation":[0.9991685152053833,-0.0007160098175518215,-0.04076341167092323,0.001796428114175797,0.999647855758667,0.02647414989769459,0.04073010385036469,-0.02652536705136299,0.9988179802894592],"rotationconfidence":1},"3":{"id":3,"position":[225.4220843315125,-503.0764937400818,2693.656206130981],"positionconfidence":1,"rotation":[0.9986450672149658,-0.02829298377037048,-0.04367397725582123,0.0338716022670269,0.9905645251274109,0.1327949315309525,0.03950473293662071,-0.1340943425893784,0.9901808500289917],"rotationconfidence":1},"4":{"id":4,"position":[221.3565707206726,-550.8373975753784,2636.821985244751],"positionconfidence":1,"rotation":[0.9985038638114929,-0.03511964529752731,-0.04191286861896515,0.05468155071139336,0.6423887610435486,0.7644257545471191,0.0000779920956119895,-0.7655738592147827,0.643347978591919],"rotationconfidence":1},"6":{"id":6,"position":[68.68540495634079,-290.9063100814819,2745.129823684692],"positionconfidence":1,"rotation":[0.2415325343608856,0.9017702341079712,-0.3584307134151459,-0.0642906129360199,-0.353684663772583,-0.9331526756286621,-0.968260645866394,0.2484304308891296,-0.02745098806917667],"rotationconfidence":1},"7":{"id":7,"position":[14.21184279024601,-494.2852854728699,2825.967788696289],"positionconfidence":1,"rotation":[0.03117389045655727,0.2290066480636597,0.97292560338974,0.2479907870292664,0.9411898255348206,-0.2294826656579971,-0.968260645866394,0.2484304308891296,-0.02745098806917667],"rotationconfidence":1},"8":{"id":8,"position":[7.233070209622383,-545.5520749092102,2608.162879943848],"positionconfidence":0.5,"rotation":[-0.06050455570220947,0.05978993698954582,0.9963756799697876,0,0.9982044100761414,-0.05989967659115791,-0.9981679916381836,-0.003624203382059932,-0.06039591506123543],"rotationconfidence":0.5},"9":{"id":9,"position":[11.85438130050898,-550.1188039779663,2532.060146331787],"positionconfidence":0.5,"rotation":[-0.06050455570220947,0.05978993698954582,0.9963756799697876,0,0.9982044100761414,-0.05989967659115791,-0.9981679916381836,-0.003624203382059932,-0.06039591506123543],"rotationconfidence":0.5},"12":{"id":12,"position":[411.2548828125,-293.6811149120331,2731.086730957031],"positionconfidence":1,"rotation":[0.3237127661705017,-0.9203958511352539,0.2192748785018921,-0.3219092190265656,-0.3250656127929688,-0.8892168998718262,0.8897103071212769,0.2172642797231674,-0.4015118181705475],"rotationconfidence":1},"13":{"id":13,"position":[485.8987927436829,-505.9123039245606,2781.648635864258],"positionconfidence":1,"rotation":[-0.3382117450237274,-0.2770554423332214,-0.8993626832962036,-0.3066404163837433,0.935968279838562,-0.173017755150795,0.8897103071212769,0.2172642797231674,-0.4015118181705475],"rotationconfidence":1},"14":{"id":14,"position":[405.1999449729919,-572.0189809799194,2567.056655883789],"positionconfidence":1,"rotation":[-0.3964323103427887,0.5130260586738586,-0.7613446116447449,0,-0.8292936682701111,-0.5588129758834839,-0.9180638790130615,-0.2215315252542496,0.3287588059902191],"rotationconfidence":1},"15":{"id":15,"position":[383.0873072147369,-543.4028506278992,2524.589538574219],"positionconfidence":0.5,"rotation":[-0.3964323103427887,0.5130260586738586,-0.7613446116447449,0,-0.8292936682701111,-0.5588129758834839,-0.9180638790130615,-0.2215315252542496,0.3287588059902191],"rotationconfidence":0.5},"17":{"id":17,"position":[141.0084217786789,-623.3429908752441,2616.283655166626],"positionconfidence":1,"rotation":[0.7418368458747864,-0.5960331559181213,-0.3072826564311981,0.6704677939414978,0.6676554083824158,0.3235879838466644,0.01228979136794806,-0.4460726082324982,0.8949124217033386],"rotationconfidence":1},"18":{"id":18,"position":[-61.53590232133865,-825.0377178192139,2518.529653549194],"positionconfidence":1,"rotation":[0.8745426535606384,-0.4849486351013184,0,0.4288106560707092,0.7733050584793091,0.4670339226722717,-0.2264874577522278,-0.4084410965442658,0.8842393755912781],"rotationconfidence":1},"19":{"id":19,"position":[-204.8462927341461,-1083.479642868042,2362.444877624512],"positionconfidence":0.5,"rotation":[0.2243214547634125,-0.9745151996612549,0,0.954912006855011,0.219809040427208,-0.1995670199394226,0.1944810897111893,0.04476716369390488,0.979884147644043],"rotationconfidence":0.5},"20":{"id":20,"position":[-221.8855321407318,-1087.401866912842,2276.593446731567],"positionconfidence":0.5,"rotation":[0.2243214547634125,-0.9745151996612549,0,0.954912006855011,0.219809040427208,-0.1995670199394226,0.1944810897111893,0.04476716369390488,0.979884147644043],"rotationconfidence":0.5},"21":{"id":21,"position":[296.4587211608887,-626.4027953147888,2612.623691558838],"positionconfidence":1,"rotation":[0.8918819427490234,0.374840259552002,0.2530644834041596,-0.4521972239017487,0.729138970375061,0.5136868357658386,0.008031335659325123,-0.572583019733429,0.8198074698448181],"rotationconfidence":1},"22":{"id":22,"position":[433.901309967041,-848.0201363563538,2456.491708755493],"positionconfidence":1,"rotation":[0.9991423487663269,0.01120935659855604,-0.03986224159598351,0.01087727025151253,0.8578080534934998,0.5138550996780396,0.03995413705706596,-0.5138480067253113,0.8569504022598267],"rotationconfidence":1},"23":{"id":23,"position":[430.2428066730499,-1136.538624763489,2283.65969657898],"positionconfidence":0.5,"rotation":[0.4962997734546661,-0.8681512475013733,0,0.8672475218772888,0.4957831203937531,-0.04561526328325272,0.03960094600915909,0.02263884246349335,0.9989590048789978],"rotationconfidence":0.5},"24":{"id":24,"position":[426.7775118350983,-1138.519644737244,2196.245431900024],"positionconfidence":0.5,"rotation":[0.4962997734546661,-0.8681512475013733,0,0.8672475218772888,0.4957831203937531,-0.04561526328325272,0.03960094600915909,0.02263884246349335,0.9989590048789978],"rotationconfidence":0.5}},"skeletonTracked":true,"frameCount":6},{"position":[194.7645992040634,-559.2469573020935,2534.84034538269],"positionTracked":true,"id":4905,"skeleton":{"1":{"id":1,"position":[236.5435212850571,12.81163934618235,2741.111278533936],"positionconfidence":1,"rotation":[0.9999994039535522,-0.001037253765389323,0,0.001036960165947676,0.9997163414955139,0.02379514276981354,-0.00002468160164426081,-0.02379512786865234,0.9997168183326721],"rotationconfidence":1},"2":{"id":2,"position":[236.3373637199402,-185.9415024518967,2736.380577087402],"positionconfidence":1,"rotation":[0.9991834163665771,-0.00007471428398275748,-0.0404040552675724,0.001036960165947676,0.9997163414955139,0.02379514276981354,0.04039081558585167,-0.02381760813295841,0.9988999962806702],"rotationconfidence":1},"3":{"id":3,"position":[225.433811545372,-503.0894279479981,2693.7255859375],"positionconfidence":1,"rotation":[0.9986535310745239,-0.0285042654722929,-0.04334317520260811,0.03405346721410751,0.9905015826225281,0.1332180798053742,0.0391341969370842,-0.1345146894454956,0.9901384711265564],"rotationconfidence":1},"4":{"id":4,"position":[221.3757038116455,-550.82768201828,2636.871814727783],"positionconfidence":1,"rotation":[0.9985092282295227,-0.03501756861805916,-0.04186847060918808,0.05458194017410278,0.6420841217041016,0.7646886706352234,0.0001055427492246963,-0.7658339738845825,0.643038272857666],"rotationconfidence":1},"6":{"id":6,"position":[68.5981884598732,-290.8856570720673,2745.031833648682],"positionconfidence":1,"rotation":[0.2466021925210953,0.9009928107261658,-0.3569304049015045,-0.06477846205234528,-0.3521562814712524,-0.9336968064308167,-0.9669494032859802,0.2533730864524841,-0.02847758308053017],"rotationconfidence":1},"7":{"id":7,"position":[12.77102716267109,-494.8573708534241,2825.835704803467],"positionconfidence":1,"rotation":[0.01992327719926834,0.1864339560270309,0.9822654724121094,0.254188835