{"motiondata":[{"position":[205.7293951511383,-516.8501138687134,2518.87059211731],"positionTracked":true,"id":4390,"skeleton":{"1":{"id":1,"position":[248.0030506849289,87.97376602888107,2734.005689620972],"positionconfidence":1,"rotation":[0.9999684691429138,-0.007947366684675217,0,0.007945924066007137,0.9997870326042175,-0.01904517970979214,0.0001513590250397101,0.01904457993805409,0.9998186826705933],"rotationconfidence":1},"2":{"id":2,"position":[246.4179694652557,-111.4672943949699,2737.804889678955],"positionconfidence":1,"rotation":[0.9986953139305115,-0.006973622366786003,0.05058603733778,0.007945924066007137,0.9997870326042175,-0.01904517970979214,-0.05044245347380638,0.01942228525876999,0.998538076877594],"rotationconfidence":1},"3":{"id":3,"position":[224.2219895124435,-435.4614913463593,2679.129362106323],"positionconfidence":1,"rotation":[0.9961724281311035,-0.07604921609163284,0.04309258610010147,0.06725816428661346,0.9817658066749573,0.177798330783844,-0.05582825094461441,-0.1742194592952728,0.9831229448318481],"rotationconfidence":1},"4":{"id":4,"position":[223.7759679555893,-482.7688336372376,2618.329048156738],"positionconfidence":1,"rotation":[0.99903404712677,-0.03793070092797279,0.02218426018953323,0.005789626389741898,0.6140775680541992,0.78922438621521,-0.04355869442224503,-0.7883336544036865,0.6137040257453918],"rotationconfidence":1},"6":{"id":6,"position":[75.09313523769379,-214.876651763916,2724.844694137573],"positionconfidence":1,"rotation":[0.2531551420688629,0.9288399815559387,-0.2704971730709076,0.1849877089262009,-0.3209224939346314,-0.9288638830184937,-0.9495745897293091,0.18510802090168,-0.2530671656131744],"rotationconfidence":1},"7":{"id":7,"position":[17.28090085089207,-426.9928932189941,2786.617279052734],"positionconfidence":1,"rotation":[-0.0646853968501091,0.6741058826446533,0.7357968091964722,0.3067959547042847,0.7150636911392212,-0.6281400322914124,-0.9495745897293091,0.18510802090168,-0.2530671656131744],"rotationconfidence":1},"8":{"id":8,"position":[34.05870497226715,-601.8394231796265,2595.769643783569],"positionconfidence":1,"rotation":[-0.006231589708477259,0.6539551615715027,0.7565076351165771,0,0.7565222978591919,-0.6539678573608398,-0.9999805688858032,-0.004075259435921907,-0.004714336711913347],"rotationconfidence":1},"9":{"id":9,"position":[34.56059470772743,-654.5087099075317,2534.840822219849],"positionconfidence":0.5,"rotation":[-0.006231589708477259,0.6539551615715027,0.7565076351165771,0,0.7565222978591919,-0.6539678573608398,-0.9999805688858032,-0.004075259435921907,-0.004714336711913347],"rotationconfidence":0.5},"12":{"id":12,"position":[427.6077151298523,-226.1162251234055,2742.871046066284],"positionconfidence":1,"rotation":[0.2331259846687317,-0.9582127928733826,0.1657727509737015,-0.2542898058891296,-0.2246072143316269,-0.940684974193573,0.9386100769042969,0.177143782377243,-0.2960254848003388],"rotationconfidence":1},"13":{"id":13,"position":[480.4956614971161,-443.500429391861,2780.478954315186],"positionconfidence":1,"rotation":[-0.2159128040075302,-0.3676019310951233,-0.9045718908309937,-0.2690588235855103,0.9129559993743896,-0.3067872524261475,0.9386100769042969,0.177143782377243,-0.2960254848003388],"rotationconfidence":1},"14":{"id":14,"position":[437.6247823238373,-516.4901614189148,2600.870370864868],"positionconfidence":1,"rotation":[0.2066698521375656,0.06972978264093399,-0.9759228825569153,0,-0.9974571466445923,-0.07126841694116592,-0.9784107804298401,0.01472903322428465,-0.206144317984581],"rotationconfidence":1},"15":{"id":15,"position":[451.2779712677002,-511.8836164474487,2536.39817237854],"positionconfidence":0.5,"rotation":[0.2066698521375656,0.06972978264093399,-0.9759228825569153,0,-0.9974571466445923,-0.07126841694116592,-0.9784107804298401,0.01472903322428465,-0.206144317984581],"rotationconfidence":0.5},"17":{"id":17,"position":[140.568882226944,-553.4119009971619,2593.16349029541],"positionconfidence":1,"rotation":[0.9081429839134216,-0.39875528216362,-0.1275571137666702,0.4183835089206696,0.8533125519752502,0.3111480176448822,-0.01522583514451981,-0.3359346389770508,0.9417622685432434],"rotationconfidence":1},"18":{"id":18,"position":[8.485236205160618,-822.8026032447815,2494.93408203125],"positionconfidence":1,"rotation":[0.7225840091705322,-0.691283106803894,0,0.5952666401863098,0.622219979763031,0.5084290504455566,-0.3514684140682221,-0.3673827052116394,0.8611039519309998],"rotationconfidence":1},"19":{"id":19,"position":[-196.4854896068573,-1037.054300308228,2319.864511489868],"positionconfidence":0.5,"rotation":[-0.3194942474365234,-0.9475882649421692,0,0.9275518655776978,-0.3127386569976807,-0.2045533806085587,0.1938323676586151,-0.065353624522686,0.9788553714752197],"rotationconfidence":0.5},"20":{"id":20,"position":[-214.9520814418793,-1030.82799911499,2226.608037948608],"positionconfidence":0.5,"rotation":[-0.3194942474365234,-0.9475882649421692,0,0.9275518655776978,-0.3127386569976807,-0.2045533806085587,0.1938323676586151,-0.065353624522686,0.9788553714752197],"rotationconfidence":0.5},"21":{"id":21,"position":[298.5732555389404,-562.7455115318298,2592.38862991333],"positionconfidence":1,"rotation":[0.9721404314041138,0.195875272154808,0.1287467628717423,-0.2332479804754257,0.8627434968948364,0.4486300647258759,-0.02319989912211895,-0.4661613702774048,0.8843954205513],"rotationconfidence":1},"22":{"id":22,"position":[368.3826327323914,-820.9581971168518,2458.117008209229],"positionconfidence":1,"rotation":[0.8478981852531433,0.47441765666008,0.2366360872983933,-0.4696402549743652,0.4650408625602722,0.7504499554634094,0.2459812611341476,-0.7474389672279358,0.617112934589386],"rotationconfidence":1},"23":{"id":23,"position":[536.6603136062622,-987.5878691673279,2189.221858978272],"positionconfidence":0.5,"rotation":[-0.7101222276687622,0.7040784358978271,0,-0.6825085282325745,-0.6883671879768372,-0.2456271052360535,-0.1729407459497452,-0.1744252592325211,0.9693643450737],"rotationconfidence":0.5},"24":{"id":24,"position":[552.9572367668152,-971.1510539054871,2097.874641418457],"positionconfidence":0.5,"rotation":[-0.7101222276687622,0.7040784358978271,0,-0.6825085282325745,-0.6883671879768372,-0.2456271052360535,-0.1729407459497452,-0.1744252592325211,0.9693643450737],"rotationconfidence":0.5}},"skeletonTracked":true,"frameCount":1},{"position":[204.5214474201202,-515.0632858276367,2519.691228866577],"positionTracked":true,"id":4390,"skeleton":{"1":{"id":1,"position":[251.5192627906799,86.68006956577301,2737.123489379883],"positionconfidence":1,"rotation":[0.999954342842102,-0.009558227844536304,0,0.00955361220985651,0.9994715452194214,-0.03107250295579433,0.0002969980705529451,0.03107108362019062,0.9995172023773193],"rotationconfidence":1},"2":{"id":2,"position":[249.602273106575,-113.8698980212212,2743.358373641968],"positionconfidence":1,"rotation":[0.9986412525177002,-0.0079444395378232,0.05150501057505608,0.00955361220985651,0.9994715452194214,-0.03107250295579433,-0.05123092979192734,0.03152233734726906,0.9981892704963684],"rotationconfidence":1},"3":{"id":3,"position":[225.838303565979,-436.7251992225647,2681.189775466919],"positionconfidence":1,"rotation":[0.9956861138343811,-0.08174191415309906,0.04390247166156769,0.072089783847332,0.9794057607650757,0.1885931044816971,-0.05841429904103279,-0.1846146285533905,0.9810735583305359],"rotationconfidence":1},"4":{"id":4,"position":[225.0693291425705,-483.4511876106262,2620.020389556885],"positionconfidence":1,"rotation":[0.9989668726921082,-0.04128944128751755,0.01898187957704067,0.0099895428866148,0.6070049405097961,0.7946352958679199,-0.04433213919401169,-0.7936246991157532,0.6067902445793152],"rotationconfidence":1},"6":{"id":6,"position":[77.23948359489441,-215.7178223133087,2727.267265319824],"positionconfidence":1,"rotation":[0.2592428028583527,0.9259982705116272,-0.274445652961731,0.1627095490694046,-0.3219729959964752,-0.9326624274253845,-0.9520078301429749,0.1971310675144196,-0.2341379225254059],"rotationconfidence":1},"7":{"id":7,"position":[17.73253828287125,-428.2727241516113,2790.263891220093],"positionconfidence":1,"rotation":[-0.0553891696035862,0.6413812041282654,0.7652202844619751,0.3010203540325165,0.7414644360542297,-0.59968101978302,-0.9520078301429749,0.1971310675144196,-0.2341379225254059],"rotationconfidence":1},"8":{"id":8,"position":[32.17561915516853,-595.5169796943665,2590.727806091309],"positionconfidence":1,"rotation":[-0.05085565522313118,0.5513824820518494,0.8327010273933411,0,0.8337799310684204,-0.5520969033241272,-0.9987059831619263,-0.02807725034654141,-0.04240242391824722],"rotationconfidence":1},"9":{"id":9,"position":[36.51807829737663,-642.5983905792236,2519.625186920166],"positionconfidence":1,"rotation":[-0.05085565522313118,0.5513824820518494,0.8327010273933411,0,0.8337799310684204,-0.5520969033241272,-0.9987059831619263,-0.02807725034654141,-0.04240242391824722],"rotationconfidence":1},"12":{"id":12,"position":[430.1898777484894,-228.9157211780548,2745.798826217651],"positionconfidence":1,"rotation":[0.2315235435962677,-0.9577134847640991,0.1708265691995621,-0.3349169790744782,-0.2433318048715591,-0.9102857112884521,0.9133604764938354,0.1535398662090302,-0.3770915567874908],"rotationconfidence":1},"13":{"id":13,"position":[482.4965298175812,-445.2858865261078,2784.392595291138],"positionconfidence":1,"rotation":[-0.2497940510511398,-0.5200636982917786,-0.8167844414710999,-0.32152059674263,0.8402138352394104,-0.436652272939682,0.9133604764938354,0.1535398662090302,-0.3770915567874908],"rotationconfidence":1},"14":{"id":14,"position":[424.1573810577393,-566.7462348937988,2593.633413314819],"positionconfidence":0.5,"rotation":[0.1621782928705216,-0.003491165582090616,-0.9867553114891052,0,-0.9999937415122986,0.003538003657013178,-0.9867615103721619,-0.000573787372559309,-0.1621772795915604],"rotationconfidence":0.5},"15":{"id":15,"position":[435.0002706050873,-566.9796466827393,2527.661085128784],"positionconfidence":0.5,"rotation":[0.1621782928705216,-0.003491165582090616,-0.9867553114891052,0,-0.9999937415122986,0.003538003657013178,-0.9867615103721619,-0.000573787372559309,-0.1621772795915604],"rotationconfidence":0.5},"17":{"id":17,"position":[141.6002064943314,-553.7091493606567,2594.334840774536],"positionconfidence":1,"rotation":[0.9063370227813721,-0.4018943011760712,-0.1305152922868729,0.4222814440727234,0.8503364324569702,0.3140163421630859,-0.01521947793662548,-0.3397188484668732,0.940403938293457],"rotationconfidence":1},"18":{"id":18,"position":[8.523259311914444,-821.6825127601624,2495.376348495483],"positionconfidence":1,"rotation":[0.7226032614707947,-0.6912628412246704,0,0.5949690937995911,0.6219437718391418,0.509114682674408,-0.3519320487976074,-0.367887943983078,0.8606986403465271],"rotationconfidence":1},"19":{"id":19,"position":[-197.0674395561218,-1036.594271659851,2319.452524185181],"positionconfidence":0.5,"rotation":[-0.3338733017444611,-0.9426179528236389,0,0.922432541847229,-0.3267236649990082,-0.2058391124010086,0.1940276473760605,-0.06872418522834778,0.9785857796669006],"rotationconfidence":0.5},"20":{"id":20,"position":[-215.512678027153,-1030.061006546021,2226.423263549805],"positionconfidence":0.5,"rotation":[-0.3338733017444611,-0.9426179528236389,0,0.922432541847229,-0.3267236649990082,-0.2058391124010086,0.1940276473760605,-0.06872418522834778,0.9785857796669006],"rotationconfidence":0.5},"21":{"id":21,"position":[299.4628250598908,-563.193678855896,2593.46342086792],"positionconfidence":1,"rotation":[0.9725926518440247,0.1938023716211319,0.1284684538841248,-0.23134745657444,0.8619000911712646,0.4512279033660889,-0.02327793091535568,-0.4685817658901215,0.8831133246421814],"rotationconfidence":1},"22":{"id":22,"position":[369.3874180316925,-823.702335357666,2457.080125808716],"positionconfidence":1,"rotation":[0.8528174161911011,0.4658128321170807,0.2360527962446213,-0.4637095034122467,0.4676161706447601,0.7525346875190735,0.2401582151651382,-0.7512345910072327,0.614793062210083],"rotationconfidence":1},"23":{"id":23,"position":[535.0140929222107,-990.7243847846985,2188.291549682617],"positionconfidence":0.5,"rotation":[-0.7064962983131409,0.7077167630195618,0,-0.6860828399658203,-0.6848996877670288,-0.2453626096248627,-0.1736472249031067,-0.1733477711677551,0.9694314002990723],"rotationconfidence":0.5},"24":{"id":24,"position":[551.3970851898193,-974.3696451187134,2096.829175949097],"positionconfidence":0.5,"rotation":[-0.7064962983131409,0.7077167630195618,0,-0.6860828399658203,-0.6848996877670288,-0.2453626096248627,-0.1736472249031067,-0.1733477711677551,0.9694314002990723],"rotationconfidence":0.5}},"skeletonTracked":true,"frameCount":2},{"position":[206.5762579441071,-513.1710171699524,2521.050453186035],"positionTracked":true,"id":4390,"skeleton":{"1":{"id":1,"position":[254.4468939304352,85.65792441368103,2740.465641021729],"positionconfidence":1,"rotation":[0.9999162554740906,-0.01293828804045916,0,0.01293035037815571,0.9993027448654175,-0.03502438589930534,0.0004531556041911244,0.03502145409584045,0.9993863701820374],"rotationconfidence":1},"2":{"id":2,"position":[251.8412470817566,-115.7156005501747,2747.523546218872],"positionconfidence":1,"rotation":[0.9985197186470032,-0.0110536627471447,0.05325585603713989,0.01293035037815571,0.9993027448654175,-0.03502438589930534,-0.05283158272504807,0.03566116094589233,0.9979665279388428],"rotationconfidence":1},"3":{"id":3,"position":[227.1748334169388,-437.7961158752441,2682.8932762146],"positionconfidence":1,"rotation":[0.9953006505966187,-0.08538846671581268,0.0456668995320797,0.07487699389457703,0.977702796459198,0.196190670132637,-0.06140106916427612,-0.1918492913246155,0.9795017838478088],"rotationconfidence":1},"4":{"id":4,"position":[226.2009531259537,-484.0414226055145,2621.450185775757],"positionconfidence":1,"rotation":[0.9988850355148315,-0.04394547268748283,0.01724322885274887,0.01266293693333864,0.6013073325157166,0.7989174723625183,-0.04547728598117828,-0.7978084087371826,0.601193368434906],"rotationconfidence":1},"6":{"id":6,"position":[78.86689156293869,-216.5360897779465,2729.295015335083],"positionconfidence":1,"rotation":[0.264116644859314,0.9237265586853027,-0.2774374485015869,0.1515476554632187,-0.323824554681778,-0.9339008331298828,-0.9525101780891418,0.2046137899160385,-0.2255160659551621],"rotationconfidence":1},"7":{"id":7,"position":[17.92262680828571,-429.6837151050568,2793.313026428223],"positionconfidence":1,"rotation":[-0.03498506918549538,0.66215580701828,0.7485490441322327,0.302490234375,0.7208902835845947,-0.6235517263412476,-0.9525101780891418,0.2046137899160385,-0.2255160659551621],"rotationconfidence":1},"8":{"id":8,"position":[27.18185633420944,-604.9314141273499,2595.200300216675],"positionconfidence":1,"rotation":[-0.07432452589273453,0.5459342002868652,0.8345248699188232,0,0.8368394374847412,-0.5474483370780945,-0.9972341060638428,-0.04068883880972862,-0.06219769269227982],"rotationconfidence":1},"9":{"id":9,"position":[33.70353579521179,-652.834951877594,2521.974086761475],"positionconfidence":0.5,"rotation":[-0.07432452589273453,0.5459342002868652,0.8345248699188232,0,0.8368394374847412,-0.5474483370780945,-0.9972341060638428,-0.04068883880972862,-0.06219769269227982],"rotationconfidence":0.5},"12":{"id":12,"position":[432.3229491710663,-231.4112633466721,2748.538255691528],"positionconfidence":1,"rotation":[0.2303803563117981,-0.9571974873542786,0.1752075105905533,-0.2789517343044281,-0.2374564707279205,-0.9304837584495544,0.932261049747467,0.1654907763004303,-0.3217172622680664],"rotationconfidence":1},"13":{"id":13,"position":[484.131395816803,-446.6679692268372,2787.939310073853],"positionconfidence":1,"rotation":[-0.1900489032268524,-0.5326587557792664,-0.8247157335281372,-0.3078483641147614,0.8299923539161682,-0.4651256799697876,0.932261049747467,0.1654907763004303,-0.3217172622680664],"rotationconfidence":1},"14":{"id":14,"position":[441.9896602630615,-564.7805333137512,2605.065584182739],"positionconfidence":1,"rotation":[0.01549287419766188,0.5447107553482056,-0.8384808301925659,0,-0.8385815024375916,-0.5447761416435242,-0.9998799562454224,0.008440148085355759,-0.01299203746020794],"rotationconfidence":1},"15":{"id":15,"position":[442.9503977298737,-531.0021638870239,2553.070068359375],"positionconfidence":1,"rotation":[0.01549287419766188,0.5447107553482056,-0.8384808301925659,0,-0.8385815024375916,-0.5447761416435242,-0.9998799562454224,0.008440148085355759,-0.01299203746020794],"rotationconfidence":1},"17":{"id":17,"position":[142.5131559371948,-553.9833307266235,2595.297336578369],"positionconfidence":1,"rotation":[0.904244065284729,-0.4058002233505249,-0.1329237222671509,0.4267195165157318,0.8471264839172363,0.3166814148426056,-0.01590618677437306,-0.3430784642696381,0.9391720294952393],"rotationconfidence":1},"18":{"id":18,"position":[8.364209905266762,-820.2967047691345,2495.741367340088],"positionconfidence":1,"rotation":[0.724288284778595,-0.6894972920417786,0,0.5932314991950989,0.6231650710105896,0.5096486210823059,-0.3514013588428497,-0.3691325187683106,0.8603826761245728],"rotationconfidence":1},"19":{"id":19,"position":[-197.3945498466492,-1036.437749862671,2318.972826004028],"positionconfidence":0.5,"rotation":[-0.3444687426090241,-0.9387977719306946,0,0.9188084006309509,-0.3371341526508331,-0.2052601128816605,0.192697748541832,-0.07070569694042206,0.978707492351532],"rotationconfidence":0.5},"20":{"id":20,"position":[-215.6814634799957,-1029.727816581726,2226.094007492065],"positionconfidence":0.5,"rotation":[-0.3444687426090241,-0.9387977719306946,0,0.9188084006309509,-0.3371341526508331,-0.2052601128816605,0.192697748541832,-0.07070569694042206,0.978707492351532],"rotationconfidence":0.5},"21":{"id":21,"position":[300.3349304199219,-563.6174082756042,2594.450950622559],"positionconfidence":1,"rotation":[0.9727944731712341,0.1922502517700195,0.1292697191238403,-0.2304193079471588,0.8608076572418213,0.4537809491157532,-0.02403686195611954,-0.4712218344211578,0.8816870450973511],"rotationconfidence":1},"22":{"id":22,"position":[370.0262606143951,-823.9724636077881,2457.202911376953],"positionconfidence":1,"rotation":[0.8641688823699951,0.4463097453117371,0.2324216067790985,-0.4499897360801697,0.4786916375160217,0.7538989186286926,0.2252141535282135,-0.7560833096504211,0.6145052313804626],"rotationconfidence":1},"23":{"id":23,"position":[531.5290093421936,-995.7764148712158,2186.626195907593],"positionconfidence":0.5,"rotation":[-0.7041317820549011,0.7100692987442017,0,-0.6887894868850708,-0.6830298900604248,-0.2429797649383545,-0.1725324839353561,-0.171089768409729,0.9700313210487366],"rotationconfidence":0.5},"24":{"id":24,"position":[547.8166937828064,-979.6249270439148,2095.051765441895],"positionconfidence":0.5,"rotation":[-0.7041317820549011,0.7100692987442017,0,-0.6887894868850708,-0.6830298900604248,-0.2429797649383545,-0.1725324839353561,-0.171089768409729,0.9700313210487366],"rotationconfidence":0.5}},"skeletonTracked":true,"frameCount":3},{"position":[204.6545147895813,-520.0310945510864,2520.133495330811],"positionTracked":true,"id":4390,"skeleton":{"1":{"id":1,"position":[256.6711902618408,84.31679010391235,2743.497848510742],"positionconfidence":1,"rotation":[0.9998661875724792,-0.01635515503585339,0,0.01634451933205128,0.9992160797119141,-0.03605575859546661,0.0005896975053474307,0.03605093434453011,0.9993497133255005],"rotationconfidence":1},"2":{"id":2,"position":[253.3715665340424,-117.404468357563,2750.776767730713],"positionconfidence":1,"rotation":[0.9983419179916382,-0.01431841775774956,0.05575324967503548,0.01634451933205128,0.9992160797119141,-0.03605575859546661,-0.05519328638911247,0.03690723702311516,0.9977933764457703],"rotationconfidence":1},"3":{"id":3,"position":[228.2521575689316,-438.7651085853577,2684.301137924194],"positionconfidence":1,"rotation":[0.994986891746521,-0.08771144598722458,0.04804049432277679,0.07632201164960861,0.9764118790626526,0.2019774317741394,-0.06462303549051285,-0.1972983330488205,0.9782112240791321],"rotationconfidence":1},"4":{"id":4,"position":[227.1762043237686,-484.5869541168213,2622.641563415527],"positionconfidence":1,"rotation":[0.9988262057304382,-0.04556693136692047,0.01643330603837967,0.01400451175868511,0.5964130759239197,0.8025555610656738,-0.04637102782726288,-0.8013833165168762,0.5963510870933533],"rotationconfidence":1},"6":{"id":6,"position":[80.0938680768013,-217.4050360918045,2730.997800827026],"positionconfidence":1,"rotation":[0.2681418061256409,0.9228619933128357,-0.2764518260955811,0.1475843489170075,-0.3229234218597412,-0.9348472356796265,-0.9520078301429749,0.2098716795444489,-0.2227892726659775],"rotationconfidence":1},"7":{"id":7,"position":[18.04044656455517,-430.9739172458649,2794.974327087402],"positionconfidence":1,"rotation":[-0.02569915726780891,0.6705134510993958,0.7414520978927612,0.3049930036067963,0.7115936875343323,-0.6329405307769775,-0.9520078301429749,0.2098716795444489,-0.2227892726659775],"rotationconfidence":1},"8":{"id":8,"position":[24.91850219666958,-610.4283928871155,2596.534013748169],"positionconfidence":1,"rotation":[-0.06143266707658768,0.6143460273742676,0.786641538143158,0,0.7881302237510681,-0.6155086755752563,-0.9981113076210022,-0.03781234100461006,-0.04841694235801697],"rotationconfidence":1},"9":{"id":9,"position":[30.48460185527802,-666.0911440849304,2525.260448455811],"positionconfidence":1,"rotation":[-0.06143266707658768,0.6143460273742676,0.786641538143158,0,0.7881302237510681,-0.6155086755752563,-0.9981113076210022,-0.03781234100461006,-0.04841694235801697],"rotationconfidence":1},"12":{"id":12,"position":[433.8502585887909,-233.3336025476456,2751.155138015747],"positionconfidence":1,"rotation":[0.227801114320755,-0.9574059247970581,0.1774276345968247,-0.3191503584384918,-0.2455683946609497,-0.9153356552124023,0.9199183583259583,0.1518883854150772,-0.3614971935749054],"rotationconfidence":1},"13":{"id":13,"position":[484.9445819854736,-448.0735957622528,2790.951013565064],"positionconfidence":1,"rotation":[-0.1722173690795898,-0.6717398166656494,-0.7204907536506653,-0.3522662222385407,0.7250487804412842,-0.5917879939079285,0.9199183583259583,0.1518883854150772,-0.3614971935749054],"rotationconfidence":1},"14":{"id":14,"position":[441.6010975837708,-617.1363592147827,2609.618663787842],"positionconfidence":1,"rotation":[-0.1785917282104492,0.25569286942482,-0.9501190185546875,0,-0.9656434655189514,-0.2598707675933838,-0.9839233160018921,-0.04641076922416687,0.1724559366703033],"rotationconfidence":1},"15":{"id":15,"position":[428.7743270397186,-598.7720489501953,2541.379451751709],"positionconfidence":0.5,"rotation":[-0.1785917282104492,0.25569286942482,-0.9501190185546875,0,-0.9656434655189514,-0.2598707675933838,-0.9839233160018921,-0.04641076922416687,0.1724559366703033],"rotationconfidence":0.5},"17":{"id":17,"position":[143.3538198471069,-554.2892217636108,2596.070051193237],"positionconfidence":1,"rotation":[0.9015703201293945,-0.4108506441116333,-0.1355461478233337,0.4323113858699799,0.8434708118438721,0.3188477456569672,-0.01666957885026932,-0.3460617959499359,0.9380636215209961],"rotationconfidence":1},"18":{"id":18,"position":[7.989219389855862,-818.3953762054443,2496.232986450195],"positionconfidence":1,"rotation":[0.7285901308059692,-0.6849499344825745,0,0.5886482000350952,0.626152753829956,0.5112985372543335,-0.350213885307312,-0.3725270628929138,0.8594032526016235],"rotationconfidence":1},"19":{"id":19,"position":[-197.2865164279938,-1036.749839782715,2317.930936813355],"positionconfidence":0.5,"rotation":[-0.3568509817123413,-0.9341613054275513,0,0.9150913953781128,-0.349566251039505,-0.2010250240564346,0.187789797782898,-0.07173597812652588,0.9795860648155212],"rotationconfidence":0.5},"20":{"id":20,"position":[-215.0885760784149,-1029.949426651001,2225.068330764771],"positionconfidence":0.5,"rotation":[-0.3568509817123413,-0.9341613054275513,0,0.9150913953781128,-0.349566251039505,-0.2010250240564346,0.187789797782898,-0.07173597812652588,0.9795860648155212],"rotationconfidence":0.5},"21":{"id":21,"position":[301.1170327663422,-563.9967322349548,2595.292329788208],"positionconfidence":1,"rotation":[0.9730215072631836,0.190637394785881,0.1299475729465485,-0.2293774336576462,0.8598840236663818,0.4560541212558746,-0.02479886449873447,-0.4735575616359711,0.8804136514663696],"rotationconfidence":1},"22":{"id":22,"position":[370.485246181488,-824.0424394607544,2457.372665405273],"positionconfidence":1,"rotation":[0.8719096779823303,0.4314440190792084,0.2315807044506073,-0.4408467411994934,0.4857884049415588,0.7547607421875,0.2131377905607224,-0.7601748108863831,0.6137642860412598],"rotationconfidence":1},"23":{"id":23,"position":[529.4289588928223,-999.1894960403442,2185.24980545044],"positionconfidence":0.5,"rotation":[-0.7038251161575317,0.7103733420372009,0,-0.6890190839767456,-0.6826676726341248,-0.2433465868234634,-0.1728669106960297,-0.1712734252214432,0.9699393510818481],"rotationconfidence":0.5},"24":{"id":24,"position":[545.755922794342,-983.0130338668823,2093.640804290772],"positionconfidence":0.5,"rotation":[-0.7038251161575317,0.7103733420372009,0,-0.6890190839767456,-0.6826676726341248,-0.2433465868234634,-0.1728669106960297,-0.1712734252214432,0.9699393510818481],"rotationconfidence":0.5}},"skeletonTracked":true,"frameCount":4},{"position":[202.1836936473846,-518.1095600128174,2522.556066513062],"positionTracked":true,"id":4390,"skeleton":{"1":{"id":1,"position":[258.6956322193146,82.53850042819977,2747.041463851929],"positionconfidence":1,"rotation":[0.999752938747406,-0.02222811989486218,0,0.02221627347171307,0.9992201328277588,-0.03264383599162102,0.000725611113011837,0.03263577073812485,0.9994670748710632],"rotationconfidence":1},"2":{"id":2,"position":[254.2190551757813,-118.8042685389519,2753.619194030762],"positionconfidence":1,"rotation":[0.9973238110542297,-0.0198755543678999,0.07035829871892929,0.02221627347171307,0.9992201328277588,-0.03264383599162102,-0.06965461373329163,0.03411957249045372,0.996987521648407],"rotationconfidence":1},"3":{"id":3,"position":[228.9168387651444,-439.6196305751801,2685.652494430542],"positionconfidence":1,"rotation":[0.9938306212425232,-0.09162266552448273,0.06249882280826569,0.07692734897136688,0.9753878116607666,0.2066418826580048,-0.07989366352558136,-0.200559139251709,0.9764184951782227],"rotationconfidence":1},"4":{"id":4,"position":[228.0181795358658,-485.1129949092865,2623.867034912109],"positionconfidence":1,"rotation":[0.9986967444419861,-0.04693992808461189,0.02003654837608337,0.01171156577765942,0.5928816199302673,0.8052045106887817,-0.04967553913593292,-0.8039203882217407,0.5926586985588074],"rotationconfidence":1},"6":{"id":6,"position":[80.96761256456375,-218.1390374898911,2732.225894927979],"positionconfidence":1,"rotation":[0.2747213840484619,0.9221708178520203,-0.2722665071487427,0.1430184841156006,-0.3192016780376434,-0.9368329644203186,-0.9508280158042908,0.218428909778595,-0.2195790112018585],"rotationconfidence":1},"7":{"id":7,"position":[17.17732660472393,-432.267040014267,2795.446157455444],"positionconfidence":1,"rotation":[-0.05768722668290138,0.5716572403907776,0.818462073802948,0.3042997121810913,0.7908836007118225,-0.5309471487998962,-0.9508280158042908,0.218428909778595,-0.2195790112018585],"rotationconfidence":1},"8":{"id":8,"position":[32.20456466078758,-581.1809301376343,2582.24081993103],"positionconfidence":1,"rotation":[-0.1062306389212608,0.5555492639541626,0.824669599533081,0,0.8293625712394714,-0.5587107539176941,-0.9943414330482483,-0.05935220047831535,-0.08810371905565262],"rotationconfidence":1},"9":{"id":9,"position":[41.3752980530262,-629.1406750679016,2511.048316955566],"positionconfidence":1,"rotation":[-0.1062306389212608,0.5555492639541626,0.824669599533081,0,0.8293625712394714,-0.5587107539176941,-0.9943414330482483,-0.05935220047831535,-0.08810371905565262],"rotationconfidence":1},"12":{"id":12,"position":[435.2532029151917,-235.8190566301346,2757.583141326904],"positionconfidence":1,"rotation":[0.2220488488674164,-0.9545555114746094,0.1987912505865097,-0.3097909092903137,-0.2623847723007202,-0.9138838648796082,0.9245128035545349,0.1413431614637375,-0.3539749085903168],"rotationconfidence":1},"13":{"id":13,"position":[484.6698641777039,-448.2540488243103,2801.823854446411],"positionconfidence":1,"rotation":[-0.1611475646495819,-0.6966629028320312,-0.6990651488304138,-0.3454092741012573,0.7033368945121765,-0.6212966442108154,0.9245128035545349,0.1413431614637375,-0.3539749085903168],"rotationconfidence":1},"14":{"id":14,"position":[441.5671527385712,-634.5929503440857,2614.842414855957],"positionconfidence":1,"rotation":[-0.2264571785926819,0.1456965953111649,-0.963062584400177,0,-0.9887492060661316,-0.1495825946331024,-0.9740210175514221,-0.03387405350804329,0.2239093482494354],"rotationconfidence":1},"15":{"id":15,"position":[423.480749130249,-622.9566335678101,2537.925720214844],"positionconfidence":0.5,"rotation":[-0.2264571785926819,0.1456965953111649,-0.963062584400177,0,-0.9887492060661316,-0.1495825946331024,-0.9740210175514221,-0.03387405350804329,0.2239093482494354],"rotationconfidence":0.5},"17":{"id":17,"position":[144.0536826848984,-554.5533299446106,2596.724033355713],"positionconfidence":1,"rotation":[0.8987544178962708,-0.4171303808689117,-0.1350657492876053,0.4379727244377136,0.8397067785263062,0.3210489451885223,-0.02050364948809147,-0.3476992845535278,0.9373819231987],"rotationconfidence":1},"18":{"id":18,"position":[7.528152782469988,-816.3080215454102,2496.646165847778],"positionconfidence":1,"rotation":[0.7348654270172119,-0.6782130002975464,0,0.5816411972045898,0.6302267909049988,0.5143030285835266,-0.3488070070743561,-0.3779435157775879,0.8576084971427917],"rotationconfidence":1},"19":{"id":19,"position":[-196.761280298233,-1037.662148475647,2316.007852554321],"positionconfidence":0.5,"rotation":[-0.3727343380451202,-0.9279381036758423,0,0.9112824201583862,-0.3660440742969513,-0.1886165589094162,0.1750244945287705,-0.07030387222766876,0.9820508360862732],"rotationconfidence":0.5},"20":{"id":20,"position":[-213.370680809021,-1030.990481376648,2222.813606262207],"positionconfidence":0.5,"rotation":[-0.3727343380451202,-0.9279381036758423,0,0.9112824201583862,-0.3660440742969513,-0.1886165589094162,0.1750244945287705,-0.07030387222766876,0.9820508360862732],"rotationconfidence":0.5},"21":{"id":21,"position":[301.9201755523682,-564.4758343696594,2596.49658203125],"positionconfidence":1,"rotation":[0.9730802774429321,0.1879698485136032,0.1333493739366531,-0.228681892156601,0.8593682646751404,0.457373857498169,-0.02862372621893883,-0.4755560457706451,0.8792195320129395],"rotationconfidence":1},"22":{"id":22,"position":[371.0768520832062,-824.3610858917236,2458.18018913269],"positionconfidence":1,"rotation":[0.8820603489875793,0.4055206477642059,0.239838644862175,-0.4311321377754211,0.4894691407680512,0.7579874992370605,0.1899859607219696,-0.7719928622245789,0.606574296951294],"rotationconfidence":1},"23":{"id":23,"position":[527.2815823554993,-1001.702070236206,2183.551549911499],"positionconfidence":0.5,"rotation":[-0.7150201797485352,0.6991037726402283,0,-0.6758540868759155,-0.6912411451339722,-0.2557474374771118,-0.1787940114736557,-0.1828645914793015,0.9667435884475708],"rotationconfidence":0.5},"24":{"id":24,"position":[544.1810488700867,-984.4178557395935,2092.175722122192],"positionconfidence":0.5,"rotation":[-0.7150201797485352,0.6991037726402283,0,-0.6758540868759155,-0.6912411451339722,-0.2557474374771118,-0.1787940114736557,-0.1828645914793015,0.9667435884475708],"rotationconfidence":0.5}},"skeletonTracked":true,"frameCount":5},{"position":[199.9319493770599,-517.6105499267578,2523.887872695923],"positionTracked":true,"id":4390,"skeleton":{"1":{"id":1,"position":[260.1411044597626,81.3593789935112,2749.6018409729],"positionconfidence":1,"rotation":[0.9996379613876343,-0.02690497599542141,0,0.02689249627292156,0.9991742968559265,-0.03045665845274925,0.0008194356923922896,0.03044563159346581,0.9995360970497131],"rotationconfidence":1},"2":{"id":2,"position":[254.7270059585571,-119.7981461882591,2755.733489990234],"positionconfidence":1,"rotation":[0.9963182806968689,-0.02430964633822441,0.08221233636140823,0.02689249627292156,0.9991742968559265,-0.03045665845274925,-0.08140405267477036,0.03255541995167732,0.9961493015289307],"rotationconfidence":1},"3":{"id":3,"position":[229.3725162744522,-440.2827620506287,2686.875581741333],"positionconfidence":1,"rotation":[0.9927537441253662,-0.0944904014468193,0.07423917949199677,0.07711747288703918,0.974776566028595,0.2094361931085587,-0.09215632826089859,-0.2021934390068054,0.9749999642372131],"rotationconfidence":1},"4":{"id":4,"position":[228.6980301141739,-485.5169355869293,2625.011920928955],"positionconfidence":1,"rotation":[0.9984957575798035,-0.04887312278151512,0.02484922111034393,0.008800700306892395,0.590215802192688,0.8071974515914917,-0.05411667004227638,-0.8057646155357361,0.5897581577301025],"rotationconfidence":1},"6":{"id":6,"position":[81.52012526988983,-218.7009006738663,2733.167171478272],"positionconfidence":1,"rotation":[0.2829414010047913,0.921099066734314,-0.2674333155155182,0.1493863612413406,-0.3177449405193329,-0.9363343119621277,-0.9474323391914368,0.2249768674373627,-0.227502852678299],"rotationconfidence":1},"7":{"id":7,"position":[15.34160226583481,-434.1411888599396,2795.718431472778],"positionconfidence":1,"rotation":[-0.05535301193594933,0.5850704908370972,0.8090912103652954,0.3151320219039917,0.7791521549224854,-0.5418615341186523,-0.9474323391914368,0.2249768674373627,-0.227502852678299],"rotationconfidence":1},"8":{"id":8,"position":[29.92598153650761,-588.2952213287354,2582.539558410645],"positionconfidence":1,"rotation":[-0.1215599104762077,0.5464614629745483,0.828615128993988,0,0.834805965423584,-0.550544261932373,-0.9925840497016907,-0.06692411005496979,-0.1014789417386055],"rotationconfidence":1},"9":{"id":9,"position":[40.26702418923378,-634.7824335098267,2512.049674987793],"positionconfidence":0.5,"rotation":[-0.1215599104762077,0.5464614629745483,0.828615128993988,0,0.834805965423584,-0.550544261932373,-0.9925840497016907,-0.06692411005496979,-0.1014789417386055],"rotationconfidence":0.5},"12":{"id":12,"position":[436.0455274581909,-237.6051247119904,2762.75634765625],"positionconfidence":1,"rotation":[0.21806301176548,-0.9565685391426086,0.1934562921524048,-0.3111954629421234,-0.2560327649116516,-0.9152075052261353,0.9249897003173828,0.1393701583147049,-0.3535110056400299],"rotationconfidence":1},"13":{"id":13,"position":[484.203964471817,-448.8598704338074,2805.480480194092],"positionconfidence":1,"rotation":[-0.154436469078064,-0.7121307253837585,-0.684849739074707,-0.3471936583518982,0.6880739331245422,-0.6371897459030151,0.9249897003173828,0.1393701583147049,-0.3535110056400299],"rotationconfidence":1},"14":{"id":14,"position":[441.6587054729462,-645.0427174568176,2616.813182830811],"positionconfidence":1,"rotation":[-0.2473138570785523,0.08469919115304947,-0.965226411819458,0,-0.9961720705032349,-0.0874146893620491,-0.9689355492591858,-0.02161886356770992,0.2463671565055847],"rotationconfidence":1},"15":{"id":15,"position":[420.8891093730927,-637.9296183586121,2535.752773284912],"positionconfidence":0.5,"rotation":[-0.2473138570785523,0.08469919115304947,-0.965226411819458,0,-0.9961720705032349,-0.0874146893620491,-0.9689355492591858,-0.02161886356770992,0.2463671565055847],"rotationconfidence":0.5},"17":{"id":17,"position":[144.596129655838,-554.7434091567993,2597.248315811157],"positionconfidence":1,"rotation":[0.8963010907173157,-0.4232496917247772,-0.1323031187057495,0.4426826238632202,0.8365078568458557,0.3229343891143799,-0.02600927278399468,-0.3480147421360016,0.9371282458305359],"rotationconfidence":1},"18":{"id":18,"position":[7.150239311158657,-814.4657611846924,2496.982336044312],"positionconfidence":1,"rotation":[0.7501827478408813,-0.6612305045127869,0,0.5638754367828369,0.6397309899330139,0.5222919583320618,-0.345355361700058,-0.3918144106864929,0.8527668118476868],"rotationconfidence":1},"19":{"id":19,"position":[-192.657932639122,-1041.153192520142,2311.909198760986],"positionconfidence":0.5,"rotation":[-0.3785278499126434,-0.9255899786949158,0,0.9144831299781799,-0.37398561835289,-0.1544516831636429,0.1429589092731476,-0.05846425518393517,0.9880002737045288],"rotationconfidence":0.5},"20":{"id":20,"position":[-206.295520067215,-1035.575985908508,2217.658758163452],"positionconfidence":0.5,"rotation":[-0.3785278499126434,-0.9255899786949158,0,0.9144831299781799,-0.37398561835289,-0.1544516831636429,0.1429589092731476,-0.05846425518393517,0.9880002737045288],"rotationconfidence":0.5},"21":{"id":21,"position":[302.6689887046814,-564.9129748344421,2597.858905792236],"positionconfidence":1,"rotation":[0.9730522632598877,0.1843739897012711,0.1384757310152054,-0.228037565946579,0.8584670424461365,0.4593835473060608,-0.0341784656047821,-0.4785818755626679,0.877377450466156],"rotationconfidence":1},"22":{"id":22,"position":[372.4412620067596,-827.5766968727112,2457.302093505859],"positionconfidence":1,"rotation":[0.8817417025566101,0.3909077942371368,0.2640505433082581,-0.442112147808075,0.4895673096179962,0.7515721321105957,0.1645248830318451,-0.7794324159622192,0.6044970154762268],"rotationconfidence":1},"23":{"id":23,"position":[532.1818590164185,-1004.46343421936,2185.749769210815],"positionconfidence":0.5,"rotation":[-0.6556397676467896,0.7550737857818604,0,-0.7258964776992798,-0.630304753780365,-0.2753000259399414,-0.2078718394041061,-0.1804976612329483,0.961358368396759],"rotationconfidence":0.5},"24":{"id":24,"position":[551.7513751983643,-987.4709844589233,2095.245361328125],"positionconfidence":0.5,"rotation":[-0.6556397676467896,0.7550737857818604,0,-0.7258964776992798,-0.630304753780365,-0.2753000259399414,-0.2078718394041061,-0.1804976612329483,0.961358368396759],"rotationconfidence":0.5}},"skeletonTracked":true,"frameCount":6},{"position":[199.8237520456314,-517.6503658294678,2523.514986038208],"positionTracked":true,"id":4390,"skeleton":{"1":{"id":1,"position":[261.1159086227417,80.57226985692978,2751.338958740234],"positionconfidence":1,"rotation":[0.9995431900024414,-0.03022066503763199,0,0.03020762465894222,0.9991118311882019,-0.02937664836645126,0.000887781847268343,0.02936322800815105,0.9995683431625366],"rotationconfidence":1},"2":{"id":2,"position":[255.0370991230011,-120.4832941293716,2757.250547409058],"positionconfidence":1,"rotation":[0.9955405592918396,-0.02744596637785435,0.0902528241276741,0.03020762465894222,0.9991118311882019,-0.02937664836645126,-0.08936639875173569,0.03197196871042252,0.9954854846000671],"rotationconfidence":1},"3":{"id":3,"position":[229.6777665615082,-440.7931864261627,2687.861680984497],"positionconfidence":1,"rotation":[0.9919454455375671,-0.09634670615196228,0.08222827315330505,0.07714587450027466,0.9744178056716919,0.2110885381698608,-0.1004623845219612,-0.2030447423458099,0.9740021228790283],"rotationconfidence":1},"4":{"id":4,"position":[229.2172908782959,-485.835075378418,2625.947237014771],"positionconfidence":1,"rotation":[0.9982704520225525,-0.05082448571920395,0.02954967133700848,0.006014086771756411,0.5882738828659058,0.8086395263671875,-0.05848197638988495,-0.8070630431175232,0.5875619649887085],"rotationconfidence":1},"6":{"id":6,"position":[81.903375685215,-219.1287577152252,2733.867645263672],"positionconfidence":1,"rotation":[0.2914581894874573,0.9197030067443848,-0.2630561292171478,0.1599816232919693,-0.3179872930049896,-0.9344998598098755,-0.9431108236312866,0.2302834838628769,-0.2398155778646469],"rotationconfidence":1},"7":{"id":7,"position":[13.33971787244082,-435.4829490184784,2795.74990272522],"positionconfidence":1,"rotation":[-0.08543313294649124,0.5292258262634277,0.844169020652771,0.3213147819042206,0.8166331648826599,-0.4794447720050812,-0.9431