{"motiondata":[{"position":[136.6117149591446,-457.1116864681244,2457.809209823608],"positionTracked":true,"id":4401,"skeleton":{"1":{"id":1,"position":[168.12664270401,158.8620543479919,2685.24956703186],"positionconfidence":1,"rotation":[0.996633768081665,0.0819823369383812,0,-0.0818248838186264,0.9947196841239929,-0.06194668635725975,-0.005078534130007029,0.06173815950751305,0.9980794191360474],"rotationconfidence":1},"2":{"id":2,"position":[184.7134381532669,-42.77845472097397,2697.806835174561],"positionconfidence":1,"rotation":[0.9966465830802917,0.08163438737392426,-0.005604161880910397,-0.0818248838186264,0.9947196841239929,-0.06194668635725975,0.0005175907863304019,0.06219751387834549,0.9980637431144714],"rotationconfidence":1},"3":{"id":3,"position":[166.6699796915054,-358.4704101085663,2648.023128509522],"positionconfidence":1,"rotation":[0.998386025428772,-0.0545966811478138,-0.01563976332545281,0.05636781454086304,0.986222505569458,0.1555244326591492,0.006933169905096293,-0.156154990196228,0.9877082705497742],"rotationconfidence":1},"4":{"id":4,"position":[161.3321602344513,-402.8843641281128,2586.992740631104],"positionconfidence":1,"rotation":[0.9974210262298584,-0.05223089084029198,-0.04922585189342499,0.07054167985916138,0.5869503617286682,0.8065440058708191,-0.01323337759822607,-0.8079363703727722,0.5891210436820984],"rotationconfidence":1},"6":{"id":6,"position":[-3.720643697306514,-146.9250470399857,2703.478813171387],"positionconfidence":1,"rotation":[0.3993302881717682,0.9166939854621887,-0.01440541539341211,0.3650743961334229,-0.1734075844287872,-0.9146860241889954,-0.840985119342804,0.3600027561187744,-0.403908371925354],"rotationconfidence":1},"7":{"id":7,"position":[-91.70183539390564,-348.8927781581879,2706.652641296387],"positionconfidence":1,"rotation":[-0.4439302682876587,-0.03235548734664917,0.8954770565032959,0.3093055486679077,0.932390034198761,0.1870266050100327,-0.840985119342804,0.3600027561187744,-0.403908371925354],"rotationconfidence":1},"8":{"id":8,"position":[-3.263349644839764,-342.4470126628876,2528.258323669434],"positionconfidence":0.5,"rotation":[-0.6594467759132385,0.07979687303304672,0.7475041747093201,0,0.9943503141403198,-0.1061479598283768,-0.7517513036727905,-0.06999892741441727,-0.655721127986908],"rotationconfidence":0.5},"9":{"id":9,"position":[38.00744563341141,-347.4410176277161,2481.476545333862],"positionconfidence":0.5,"rotation":[-0.6594467759132385,0.07979687303304672,0.7475041747093201,0,0.9943503141403198,-0.1061479598283768,-0.7517513036727905,-0.06999892741441727,-0.655721127986908],"rotationconfidence":0.5},"12":{"id":12,"position":[368.9954280853272,-135.9323412179947,2702.600479125977],"positionconfidence":1,"rotation":[0.2554120123386383,-0.9606921672821045,-0.1087900027632713,-0.4492257833480835,-0.01828163862228394,-0.8932312726974487,0.8561314344406128,0.2770132720470429,-0.4362370371818543],"rotationconfidence":1},"13":{"id":13,"position":[430.553138256073,-367.4719929695129,2676.380634307861],"positionconfidence":1,"rotation":[-0.4710944592952728,0.07142280042171478,-0.8791864514350891,-0.2123890519142151,0.9582080245018005,0.1916467249393463,0.8561314344406128,0.2770132720470429,-0.4362370371818543],"rotationconfidence":1},"14":{"id":14,"position":[317.7928626537323,-350.3763675689697,2465.940237045288],"positionconfidence":1,"rotation":[-0.4482739865779877,0.201740026473999,-0.870833694934845,0,-0.9742000699043274,-0.2256862074136734,-0.8938961625099182,-0.1011692583560944,0.43670853972435],"rotationconfidence":1},"15":{"id":15,"position":[294.3907082080841,-339.8445248603821,2420.478343963623],"positionconfidence":0.5,"rotation":[-0.4482739865779877,0.201740026473999,-0.870833694934845,0,-0.9742000699043274,-0.2256862074136734,-0.8938961625099182,-0.1011692583560944,0.43670853972435],"rotationconfidence":0.5},"17":{"id":17,"position":[77.25083827972412,-478.3498346805573,2561.218976974487],"positionconfidence":1,"rotation":[0.9265615344047546,-0.3400434851646423,-0.1607925742864609,0.3759672343730927,0.8503237366676331,0.3682366907596588,0.01150925271213055,-0.4016466736793518,0.9157223701477051],"rotationconfidence":1},"18":{"id":18,"position":[-68.14157962799072,-807.1833252906799,2418.816089630127],"positionconfidence":1,"rotation":[0.7545916438102722,-0.6561947464942932,0,0.6209651231765747,0.7140792608261108,0.3232541084289551,-0.2121176421642304,-0.2439248561859131,0.9463123083114624],"rotationconfidence":1},"19":{"id":19,"position":[-261.0758244991303,-1029.048204421997,2318.380832672119],"positionconfidence":0.5,"rotation":[0.2036585062742233,-0.9790419340133667,0,0.9419394135475159,0.1959405094385147,-0.2726854681968689,0.2669705450534821,0.0555347204208374,0.9621032476425171],"rotationconfidence":0.5},"20":{"id":20,"position":[-286.3110303878784,-1034.297585487366,2227.438688278198],"positionconfidence":0.5,"rotation":[0.2036585062742233,-0.9790419340133667,0,0.9419394135475159,0.1959405094385147,-0.2726854681968689,0.2669705450534821,0.0555347204208374,0.9621032476425171],"rotationconfidence":0.5},"21":{"id":21,"position":[235.0698858499527,-484.2766523361206,2556.635856628418],"positionconfidence":1,"rotation":[0.9868188500404358,0.1500479280948639,0.06061365455389023,-0.1615166664123535,0.889987587928772,0.4264203906059265,0.01003808621317148,-0.4305897951126099,0.9024918675422668],"rotationconfidence":1},"22":{"id":22,"position":[288.8128757476807,-780.4107666015625,2414.748907089233],"positionconfidence":1,"rotation":[0.7909512519836426,0.5753569602966309,0.2082318514585495,-0.5930278301239014,0.6370036005973816,0.4924879372119904,0.1507119238376617,-0.5130212306976318,0.8450415134429932],"rotationconfidence":1},"23":{"id":23,"position":[505.7385563850403,-1013.42248916626,2234.600067138672],"positionconfidence":0.5,"rotation":[-0.2860859632492065,0.958203911781311,0,-0.9346873760223389,-0.2790647447109222,-0.2201871275901794,-0.2109841853380203,-0.06299245357513428,0.9754576683044434],"rotationconfidence":0.5},"24":{"id":24,"position":[526.0013341903687,-1007.372736930847,2140.917778015137],"positionconfidence":0.5,"rotation":[-0.2860859632492065,0.958203911781311,0,-0.9346873760223389,-0.2790647447109222,-0.2201871275901794,-0.2109841853380203,-0.06299245357513428,0.9754576683044434],"rotationconfidence":0.5}},"skeletonTracked":true,"frameCount":1},{"position":[137.4297291040421,-453.7723660469055,2458.102226257324],"positionTracked":true,"id":4401,"skeleton":{"1":{"id":1,"position":[168.0483669042587,160.040408372879,2683.138132095337],"positionconfidence":1,"rotation":[0.9966727495193481,0.08150745928287506,0,-0.08134050667285919,0.994631290435791,-0.06397024542093277,-0.005214052274823189,0.06375739723443985,0.9979517459869385],"rotationconfidence":1},"2":{"id":2,"position":[184.5829039812088,-42.14382916688919,2696.141719818115],"positionconfidence":1,"rotation":[0.9966848492622375,0.08128029853105545,-0.00354734668508172,-0.08134050667285919,0.994631290435791,-0.06397024542093277,-0.001671218778938055,0.06404672563076019,0.9979454278945923],"rotationconfidence":1},"3":{"id":3,"position":[166.1641746759415,-357.8309416770935,2646.814346313477],"positionconfidence":1,"rotation":[0.9983320832252502,-0.05614761635661125,-0.01343937311321497,0.05754987895488739,0.9863739609718323,0.1541248708963394,0.004602503031492233,-0.1546412259340286,0.9879599809646606],"rotationconfidence":1},"4":{"id":4,"position":[160.9760671854019,-402.2997319698334,2585.813045501709],"positionconfidence":1,"rotation":[0.9975340366363525,-0.05252449214458466,-0.04655004665255547,0.06856467574834824,0.5876879096031189,0.8061772584915161,-0.0149871502071619,-0.8073809742927551,0.5898400545120239],"rotationconfidence":1},"6":{"id":6,"position":[-3.96231422200799,-145.9452956914902,2700.626373291016],"positionconfidence":1,"rotation":[0.3999387323856354,0.9163012504577637,-0.02100001461803913,0.3615265488624573,-0.1787674129009247,-0.915063202381134,-0.8422276973724365,0.3583771586418152,-0.4027632474899292],"rotationconfidence":1},"7":{"id":7,"position":[-92.1318382024765,-347.9508459568024,2705.25598526001],"positionconfidence":1,"rotation":[-0.4428911507129669,-0.03394891321659088,0.8959324359893799,0.307408332824707,0.9329593777656555,0.1873147934675217,-0.8422276973724365,0.3583771586418152,-0.4027632474899292],"rotationconfidence":1},"8":{"id":8,"position":[-3.118655877187848,-341.1277234554291,2525.189638137817],"positionconfidence":0.5,"rotation":[-0.6593732833862305,0.08024432510137558,0.7475211024284363,0,0.9942876100540161,-0.106734037399292,-0.7518157958984375,-0.07037757337093353,-0.6556066870689392],"rotationconfidence":0.5},"9":{"id":9,"position":[38.09424117207527,-346.1432456970215,2478.467226028442],"positionconfidence":0.5,"rotation":[-0.6593732833862305,0.08024432510137558,0.7475211024284363,0,0.9942876100540161,-0.106734037399292,-0.7518157958984375,-0.07037757337093353,-0.6556066870689392],"rotationconfidence":0.5},"12":{"id":12,"position":[368.687778711319,-135.2518647909164,2700.56414604187],"positionconfidence":1,"rotation":[0.2546236217021942,-0.9608914852142334,-0.1088775619864464,-0.4493295550346375,-0.01786033064126968,-0.8931875228881836,0.8563117384910583,0.2763485610485077,-0.4363046288490295],"rotationconfidence":1},"13":{"id":13,"position":[430.098682641983,-367.0026063919067,2674.304723739624],"positionconfidence":1,"rotation":[-0.471952497959137,0.07562825828790665,-0.8783741593360901,-0.209740474820137,0.9580771923065186,0.1951847523450851,0.8563117384910583,0.2763485610485077,-0.4363046288490295],"rotationconfidence":1},"14":{"id":14,"position":[316.6618049144745,-348.8248586654663,2463.181734085083],"positionconfidence":1,"rotation":[-0.4460429251194,0.209208756685257,-0.8702168464660645,0,-0.9722967743873596,-0.2337497770786285,-0.8950115442276001,-0.1042624339461327,0.4336861073970795],"rotationconfidence":1},"15":{"id":15,"position":[292.9202914237976,-337.6893103122711,2416.862726211548],"positionconfidence":0.5,"rotation":[-0.4460429251194,0.209208756685257,-0.8702168464660645,0,-0.9722967743873596,-0.2337497770786285,-0.8950115442276001,-0.1042624339461327,0.4336861073970795],"rotationconfidence":0.5},"17":{"id":17,"position":[76.93213224411011,-477.7505099773407,2559.956550598145],"positionconfidence":1,"rotation":[0.9317059516906738,-0.3300933241844177,-0.1515332758426666,0.3630646169185638,0.8583389520645142,0.3625441789627075,0.01039350777864456,-0.3928009569644928,0.9195647835731506],"rotationconfidence":1},"18":{"id":18,"position":[-66.22792035341263,-816.2022233009338,2417.001724243164],"positionconfidence":1,"rotation":[0.7325363159179688,-0.6807281374931335,0,0.6441705226898193,0.6931964159011841,0.3233004212379456,-0.2200796902179718,-0.2368292957544327,0.9462965726852417],"rotationconfidence":1},"19":{"id":19,"position":[-262.2722983360291,-1027.166962623596,2318.609714508057],"positionconfidence":0.5,"rotation":[0.1482025235891342,-0.9889570474624634,0,0.9490591883659363,0.1422235369682312,-0.2811746597290039,0.2780696451663971,0.0416707918047905,0.9596566557884216],"rotationconfidence":0.5},"20":{"id":20,"position":[-288.6354625225067,-1031.117677688599,2227.626800537109],"positionconfidence":0.5,"rotation":[0.1482025235891342,-0.9889570474624634,0,0.9490591883659363,0.1422235369682312,-0.2811746597290039,0.2780696451663971,0.0416707918047905,0.9596566557884216],"rotationconfidence":0.5},"21":{"id":21,"position":[234.6300929784775,-483.8985502719879,2555.547952651978],"positionconfidence":1,"rotation":[0.9866588711738586,0.1505216360092163,0.06202967837452889,-0.1625768542289734,0.8909492492675781,0.4240027666091919,0.00855629425495863,-0.4284306168556213,0.9035341739654541],"rotationconfidence":1},"22":{"id":22,"position":[288.6878252029419,-780.1442742347717,2414.564609527588],"positionconfidence":1,"rotation":[0.7935143709182739,0.5718079805374146,0.2082561254501343,-0.590313196182251,0.6401035189628601,0.4917296171188355,0.1478694379329681,-0.5131308436393738,0.8454771637916565],"rotationconfidence":1},"23":{"id":23,"position":[504.5301914215088,-1014.19198513031,2234.768390655518],"positionconfidence":0.5,"rotation":[-0.2733909487724304,0.961902916431427,0,-0.9381474852561951,-0.2666392028331757,-0.2208683490753174,-0.2124539464712143,-0.06038341671228409,0.9753037095069885],"rotationconfidence":0.5},"24":{"id":24,"position":[524.9261260032654,-1008.395075798035,2141.137599945068],"positionconfidence":0.5,"rotation":[-0.2733909487724304,0.961902916431427,0,-0.9381474852561951,-0.2666392028331757,-0.2208683490753174,-0.2124539464712143,-0.06038341671228409,0.9753037095069885],"rotationconfidence":0.5}},"skeletonTracked":true,"frameCount":2},{"position":[131.2360614538193,-449.591189622879,2457.266807556152],"positionTracked":true,"id":4401,"skeleton":{"1":{"id":1,"position":[168.7925308942795,161.6195440292358,2680.755376815796],"positionconfidence":1,"rotation":[0.997082531452179,0.07633156329393387,0,-0.07618257403373718,0.9951362609863281,-0.06244947388768196,-0.004766866099089384,0.06226728111505508,0.9980481266975403],"rotationconfidence":1},"2":{"id":2,"position":[184.3110471963882,-41.09137132763863,2693.476438522339],"positionconfidence":1,"rotation":[0.9968557357788086,0.07738339900970459,0.0170376468449831,-0.07618257403373718,0.9951362609863281,-0.06244947388768196,-0.02178733423352242,0.06095515191555023,0.9979026317596436],"rotationconfidence":1},"3":{"id":3,"position":[165.3366833925247,-356.8701148033142,2645.279884338379],"positionconfidence":1,"rotation":[0.998099148273468,-0.06114615127444267,0.007684292271733284,0.05929513648152351,0.9868126511573792,0.150614857673645,-0.01679247617721558,-0.1498729288578033,0.9885625839233398],"rotationconfidence":1},"4":{"id":4,"position":[160.6844216585159,-401.5496671199799,2584.48052406311],"positionconfidence":1,"rotation":[0.9978493452072144,-0.05465351417660713,-0.03619054332375526,0.06154265627264977,0.5910454988479614,0.8042870759963989,-0.02256685495376587,-0.8047845959663391,0.5931379199028015],"rotationconfidence":1},"6":{"id":6,"position":[-4.42047044634819,-143.2449817657471,2691.967725753784],"positionconfidence":1,"rotation":[0.4234771728515625,0.9046753644943237,0.04721833765506744,0.3492196798324585,-0.1149308681488037,-0.9299658536911011,-0.8358903527259827,0.4103088676929474,-0.3646010458469391],"rotationconfidence":1},"7":{"id":7,"position":[-96.78450971841812,-340.5625224113464,2681.668996810913],"positionconfidence":1,"rotation":[-0.424805223941803,-0.06293125450611115,0.9030948281288147,0.3476030230522156,0.9097726941108704,0.2269049733877182,-0.8358903527259827,0.4103088676929474,-0.3646010458469391],"rotationconfidence":1},"8":{"id":8,"position":[5.042127799242735,-325.4777789115906,2465.195417404175],"positionconfidence":1,"rotation":[-0.6655588150024414,0.08525433391332626,0.7414600849151611,0,0.9934544563293457,-0.1142290681600571,-0.7463453412055969,-0.07602616399526596,-0.6612023711204529],"rotationconfidence":1},"9":{"id":9,"position":[45.94523087143898,-330.7172358036041,2419.627666473389],"positionconfidence":0.5,"rotation":[-0.6655588150024414,0.08525433391332626,0.7414600849151611,0,0.9934544563293457,-0.1142290681600571,-0.7463453412055969,-0.07602616399526596,-0.6612023711204529],"rotationconfidence":0.5},"12":{"id":12,"position":[368.5226142406464,-134.7470879554749,2699.591159820557],"positionconfidence":1,"rotation":[0.2531846165657044,-0.9614861607551575,-0.1069668084383011,-0.449568897485733,-0.01903093606233597,-0.8930428624153137,0.8566126823425293,0.274193674325943,-0.4370726048946381],"rotationconfidence":1},"13":{"id":13,"position":[429.4966757297516,-366.3003146648407,2673.830509185791],"positionconfidence":1,"rotation":[-0.4737441837787628,0.08238666504621506,-0.8768002986907959,-0.2044041454792023,0.9581388831138611,0.2004711180925369,0.8566126823425293,0.274193674325943,-0.4370726048946381],"rotationconfidence":1},"14":{"id":14,"position":[318.9752995967865,-347.0800518989563,2469.278812408447],"positionconfidence":0.5,"rotation":[-0.440889984369278,0.2079816311597824,-0.8731321096420288,0,-0.9727829098701477,-0.2317186295986176,-0.8975611925125122,-0.1021624207496643,0.4288902282714844],"rotationconfidence":0.5},"15":{"id":15,"position":[294.0237522125244,-335.309624671936,2419.865131378174],"positionconfidence":0.5,"rotation":[-0.440889984369278,0.2079816311597824,-0.8731321096420288,0,-0.9727829098701477,-0.2317186295986176,-0.8975611925125122,-0.1021624207496643,0.4288902282714844],"rotationconfidence":0.5},"17":{"id":17,"position":[76.71039551496506,-476.7684638500214,2557.959079742432],"positionconfidence":1,"rotation":[0.932120680809021,-0.3329696953296661,-0.1424166262149811,0.3621433675289154,0.8590297102928162,0.36182901263237,0.001862022560089827,-0.3888434767723084,0.9213020205497742],"rotationconfidence":1},"18":{"id":18,"position":[-59.11178514361382,-798.9482879638672,2422.254800796509],"positionconfidence":1,"rotation":[0.7462531924247742,-0.6656621694564819,0,0.6304458379745483,0.7067732214927673,0.3209510147571564,-0.213644951581955,-0.239510715007782,0.9470956921577454],"rotationconfidence":1},"19":{"id":19,"position":[-262.3623907566071,-1026.806235313416,2318.782806396484],"positionconfidence":0.5,"rotation":[0.1443536579608917,-0.9895261526107788,0,0.9494031667709351,0.138500452041626,-0.2818710505962372,0.2789187729358673,0.04068911820650101,0.9594523310661316],"rotationconfidence":0.5},"20":{"id":20,"position":[-288.8197302818298,-1030.665874481201,2227.772235870361],"positionconfidence":0.5,"rotation":[0.1443536579608917,-0.9895261526107788,0,0.9494031667709351,0.138500452041626,-0.2818710505962372,0.2789187729358673,0.04068911820650101,0.9594523310661316],"rotationconfidence":0.5},"21":{"id":21,"position":[234.32756960392,-483.5245311260223,2554.789066314697],"positionconfidence":1,"rotation":[0.9865882992744446,0.1474556475877762,0.07000380009412766,-0.1632288843393326,0.8916884660720825,0.4221943616867065,-0.0001666348980506882,-0.4279586374759674,0.9037983417510986],"rotationconfidence":1},"22":{"id":22,"position":[288.5844111442566,-779.9193859100342,2414.452791213989],"positionconfidence":1,"rotation":[0.7969511151313782,0.5658841133117676,0.2112915962934494,-0.5872543454170227,0.6439545750617981,0.4903619885444641,0.1414258629083633,-0.5148764252662659,0.8455182313919067],"rotationconfidence":1},"23":{"id":23,"position":[503.1659603118897,-1015.21909236908,2235.275506973267],"positionconfidence":0.5,"rotation":[-0.2558257877826691,0.9667229056358337,0,-0.9419455528259277,-0.2492689192295075,-0.2249524146318436,-0.2174666523933411,-0.05754863098263741,0.9743697643280029],"rotationconfidence":0.5},"24":{"id":24,"position":[524.0390300750732,-1009.695410728455,2141.75271987915],"positionconfidence":0.5,"rotation":[-0.2558257877826691,0.9667229056358337,0,-0.9419455528259277,-0.2492689192295075,-0.2249524146318436,-0.2174666523933411,-0.05754863098263741,0.9743697643280029],"rotationconfidence":0.5}},"skeletonTracked":true,"frameCount":3},{"position":[135.153740644455,-440.098375082016,2422.407150268555],"positionTracked":true,"id":4401,"skeleton":{"1":{"id":1,"position":[162.7369225025177,160.208985209465,2679.558753967285],"positionconfidence":1,"rotation":[0.995429277420044,0.09550207108259201,0,-0.09539170563220978,0.9942789673805237,-0.04805981367826462,-0.004589811898767948,0.04784014448523521,0.9988445043563843],"rotationconfidence":1},"2":{"id":2,"position":[181.9617301225662,-40.17343744635582,2689.244508743286],"positionconfidence":1,"rotation":[0.9922098517417908,0.09108514338731766,-0.08498885482549667,-0.09539170563220978,0.9942789673805237,-0.04805981367826462,0.08012509346008301,0.05579265207052231,0.9952221512794495],"rotationconfidence":1},"3":{"id":3,"position":[164.2608493566513,-360.2326214313507,2638.003826141357],"positionconfidence":1,"rotation":[0.9941163659095764,-0.03878806158900261,-0.1011356636881828,0.05452835559844971,0.985956609249115,0.1578492075204849,0.09359269589185715,-0.1624352037906647,0.9822704792022705],"rotationconfidence":1},"4":{"id":4,"position":[156.8175703287125,-406.5928459167481,2575.896978378296],"positionconfidence":1,"rotation":[0.9931426644325256,-0.002882917644456029,-0.1168725416064262,0.0956001803278923,0.5954426527023315,0.7976895570755005,0.06729122251272202,-0.8033925890922546,0.5916351079940796],"rotationconfidence":1},"6":{"id":6,"position":[-19.81700025498867,-161.0781401395798,2665.620565414429],"positionconfidence":1,"rotation":[0.3293719589710236,0.9244227409362793,-0.1922414600849152,0.3039003908634186,-0.2965593338012695,-0.905371367931366,-0.8939568400382996,0.2397816628217697,-0.3786107301712036],"rotationconfidence":1},"7":{"id":7,"position":[-87.7142995595932,-351.6402244567871,2705.249547958374],"positionconfidence":1,"rotation":[-0.4481333196163178,-0.4862494468688965,0.7501586675643921,-0.00422496534883976,0.8402775526046753,0.5421401858329773,-0.8939568400382996,0.2397816628217697,-0.3786107301712036],"rotationconfidence":1},"8":{"id":8,"position":[26.25670097768307,-227.9753834009171,2514.466285705566],"positionconfidence":0.5,"rotation":[-0.7101886868476868,-0.3702526092529297,0.5987861752510071,0,0.850534975528717,0.5259186029434204,-0.7040113210678101,0.3735014498233795,-0.6040403246879578],"rotationconfidence":0.5},"9":{"id":9,"position":[67.60529428720474,-206.4185440540314,2479.60376739502],"positionconfidence":0.5,"rotation":[-0.7101886868476868,-0.3702526092529297,0.5987861752510071,0,0.850534975528717,0.5259186029434204,-0.7040113210678101,0.3735014498233795,-0.6040403246879578],"rotationconfidence":0.5},"12":{"id":12,"position":[350.2861261367798,-136.3872140645981,2634.439468383789],"positionconfidence":1,"rotation":[0.4699259400367737,-0.3846340477466583,-0.794497549533844,-0.7356833815574646,0.3267247676849365,-0.5933135747909546,0.487790584564209,0.8633120059967041,-0.129432424902916],"rotationconfidence":1},"13":{"id":13,"position":[472.7739095687866,-236.643373966217,2427.350997924805],"positionconfidence":1,"rotation":[-0.7792192101478577,0.3637556731700897,-0.510391116142273,-0.393545001745224,0.3498202264308929,0.8501458764076233,0.487790584564209,0.8633120059967041,-0.129432424902916],"rotationconfidence":1},"14":{"id":14,"position":[321.2219774723053,-165.8957898616791,2328.083992004395],"positionconfidence":1,"rotation":[-0.948744535446167,0.1767958551645279,-0.2619676887989044,0,-0.828896164894104,-0.559402585029602,-0.3160440623760223,-0.530730128288269,0.7864106893539429],"rotationconfidence":1},"15":{"id":15,"position":[248.6568987369537,-152.3734927177429,2308.047294616699],"positionconfidence":1,"rotation":[-0.948744535446167,0.1767958551645279,-0.2619676887989044,0,-0.828896164894104,-0.559402585029602,-0.3160440623760223,-0.530730128288269,0.7864106893539429],"rotationconfidence":1},"17":{"id":17,"position":[69.76623088121414,-486.8884980678558,2553.053617477417],"positionconfidence":1,"rotation":[0.8957551717758179,-0.3452730476856232,-0.2800163328647614,0.427703857421875,0.8411045074462891,0.33107790350914,0.1212107315659523,-0.4163288176059723,0.901098370552063],"rotationconfidence":1},"18":{"id":18,"position":[-75.90346783399582,-773.3564376831055,2440.293312072754],"positionconfidence":1,"rotation":[0.8180883526802063,-0.575092613697052,0,0.5418357849121094,0.7707793712615967,0.3351315855979919,-0.1927316933870316,-0.2741672396659851,0.9421713948249817],"rotationconfidence":1},"19":{"id":19,"position":[-263.1960511207581,-1039.786338806152,2324.450731277466],"positionconfidence":0.5,"rotation":[0.3051385879516602,-0.9523079991340637,0,0.8945482969284058,0.2866312265396118,-0.3429662585258484,0.3266094923019409,0.1046522334218025,0.9393476843833923],"rotationconfidence":0.5},"20":{"id":20,"position":[-294.3447828292847,-1049.767017364502,2234.865188598633],"positionconfidence":0.5,"rotation":[0.3051385879516602,-0.9523079991340637,0,0.8945482969284058,0.2866312265396118,-0.3429662585258484,0.3266094923019409,0.1046522334218025,0.9393476843833923],"rotationconfidence":0.5},"21":{"id":21,"position":[226.2158095836639,-490.516722202301,2530.332565307617],"positionconfidence":1,"rotation":[0.9782071709632874,0.2039417773485184,-0.03896791115403175,-0.1682404577732086,0.8885281682014465,0.4268639385700226,0.1216794773936272,-0.4110053777694702,0.9034758806228638],"rotationconfidence":1},"22":{"id":22,"position":[280.4488241672516,-776.9374847412109,2392.731189727783],"positionconfidence":1,"rotation":[0.7933456301689148,0.5921775102615356,0.1411682665348053,-0.5797197818756104,0.6641124486923218,0.472101241350174,0.1858161389827728,-0.4563775062561035,0.8701677322387695],"rotationconfidence":1},"23":{"id":23,"position":[494.1419661045075,-1021.739006042481,2218.707799911499],"positionconfidence":0.5,"rotation":[-0.1920102685689926,0.9813929200172424,0,-0.9693365097045898,-0.1896514296531677,-0.1562657207250595,-0.1533580720424652,-0.03000462055206299,0.9877150058746338],"rotationconfidence":0.5},"24":{"id":24,"position":[509.1800093650818,-1018.796801567078,2121.854066848755],"positionconfidence":0.5,"rotation":[-0.1920102685689926,0.9813929200172424,0,-0.9693365097045898,-0.1896514296531677,-0.1562657207250595,-0.1533580720424652,-0.03000462055206299,0.9877150058746338],"rotationconfidence":0.5}},"skeletonTracked":true,"frameCount":4},{"position":[113.771378993988,-492.7367568016052,2381.39796257019],"positionTracked":true,"id":4401,"skeleton":{"1":{"id":1,"position":[129.0793865919113,138.1223350763321,2669.394016265869],"positionconfidence":1,"rotation":[0.9783715605735779,0.2068552374839783,0,-0.2065027803182602,0.976704478263855,0.05835263431072235,0.01207054778933525,-0.05709055811166763,0.9982960820198059],"rotationconfidence":1},"2":{"id":2,"position":[167.0904457569122,-41.66010022163391,2658.653020858765],"positionconfidence":1,"rotation":[0.8383136987686157,0.2073668986558914,-0.5042113661766052,-0.2065027803182602,0.976704478263855,0.05835263431072235,0.5045658946037292,0.05520322918891907,0.8616065382957458],"rotationconfidence":1},"3":{"id":3,"position":[161.2047404050827,-403.615802526474,2604.322671890259],"positionconfidence":1,"rotation":[0.8711318969726562,0.05900807678699493,-0.4874905943870544,0.01607861928641796,0.9887936115264893,0.1484201103448868,0.4907856285572052,-0.1371316909790039,0.8604210019111633],"rotationconfidence":1},"4":{"id":4,"position":[133.2852840423584,-462.2344672679901,2550.661325454712],"positionconfidence":1,"rotation":[0.8664202094078064,0.04274417832493782,-0.4974826276302338,0.331455409526825,0.6959115862846375,0.6370590925216675,0.3734345436096191,-0.7168542146682739,0.5887841582298279],"rotationconfidence":1},"6":{"id":6,"position":[3.396899905055761,-173.5808700323105,2674.904346466065],"positionconfidence":0.5,"rotation":[0.3165885508060455,0.8867260217666626,-0.3368808329105377,-0.3839540779590607,-0.2049607038497925,-0.9003167152404785,-0.8673815727233887,0.4143767356872559,0.2755738496780396],"rotationconfidence":0.5},"7":{"id":7,"position":[-67.02227890491486,-370.8164095878601,2749.837160110474],"positionconfidence":0.5,"rotation":[-0.1760881841182709,-0.773495614528656,0.6088492274284363,0.4654481112957001,0.4795792996883392,0.7438827157020569,-0.8673815727233887,0.4143767356872559,0.2755738496780396],"rotationconfidence":0.5},"8":{"id":8,"position":[-26.6449898481369,-193.4526860713959,2610.227108001709],"positionconfidence":0.5,"rotation":[-0.1745013147592545,-0.7867531776428223,0.5920884609222412,0,0.6013144850730896,0.7990124821662903,-0.9846569895744324,0.1394287347793579,-0.1049301698803902],"rotationconfidence":0.5},"9":{"id":9,"position":[-16.66761934757233,-148.4689116477966,2576.37357711792],"positionconfidence":0.5,"rotation":[-0.1745013147592545,-0.7867531776428223,0.5920884609222412,0,0.6013144850730896,0.7990124821662903,-0.9846569895744324,0.1394287347793579,-0.1049301698803902],"rotationconfidence":0.5},"12":{"id":12,"position":[269.6510255336762,-191.7033195495606,2520.14422416687],"positionconfidence":1,"rotation":[0.000707687868271023,0.149010106921196,-0.9888354539871216,-0.8802237510681152,0.4693533778190613,0.07009808719158173,0.474558562040329,0.8703467845916748,0.1314943730831146],"rotationconfidence":1},"13":{"id":13,"position":[269.8527872562408,-149.2205560207367,2238.227367401123],"positionconfidence":1,"rotation":[-0.277925431728363,0.2899030447006226,-0.915813148021698,-0.8351956605911255,0.3980613350868225,0.3794674873352051,0.474558562040329,0.8703467845916748,0.1314943730831146],"rotationconfidence":1},"14":{"id":14,"position":[196.2241232395172,-72.41875678300858,1995.607972145081],"positionconfidence":1,"rotation":[-0.3103515803813934,0.203046128153801,-0.9286841154098511,0,-0.9769227504730225,-0.2135929465293884,-0.9506218433380127,-0.06628891080617905,0.3031895160675049],"rotationconfidence":1},"15":{"id":15,"position":[180.8558702468872,-62.36414611339569,1949.620604515076],"positionconfidence":1,"rotation":[-0.3103515803813934,0.203046128153801,-0.9286841154098511,0,-0.9769227504730225,-0.2135929465293884,-0.9506218433380127,-0.06628891080617905,0.3031895160675049],"rotationconfidence":1},"17":{"id":17,"position":[63.28374147415161,-536.763608455658,2560.986518859863],"positionconfidence":1,"rotation":[0.7599846124649048,-0.1674534529447556,-0.627998948097229,0.505056619644165,0.760309100151062,0.4084702134132385,0.4090735614299774,-0.6276060938835144,0.6623966693878174],"rotationconfidence":1},"18":{"id":18,"position":[-92.4200713634491,-771.1591720581055,2435.059309005737],"positionconfidence":1,"rotation":[0.9050292372703552,-0.4253495037555695,0,0.3983626961708069,0.8476085662841797,0.3505237996578217,-0.1490951180458069,-0.3172342777252197,0.9365538954734802],"rotationconfidence":1},"19":{"id":19,"position":[-240.832731127739,-1086.941361427307,2304.469347000122],"positionconfidence":0.5,"rotation":[0.3355095088481903,-0.9420367479324341,0,0.7670789361000061,0.2731977105140686,-0.5804762840270996,0.5468300580978394,0.194755345582962,0.8142771124839783],"rotationconfidence":0.5},"20":{"id":20,"position":[-289.9750173091888,-1104.443550109863,2231.292247772217],"positionconfidence":0.5,"rotation":[0.3355095088481903,-0.9420367479324341,0,0.7670789361000061,0.2731977105140686,-0.5804762840270996,0.5468300580978394,0.194755345582962,0.8142771124839783],"rotationconfidence":0.5},"21":{"id":21,"position":[187.8898590803146,-529.0663242340088,2491.327047348023],"positionconfidence":1,"rotation":[0.8415939807891846,0.3903728425502777,-0.3732675909996033,-0.2380041629076004,0.8884191513061523,0.3925115466117859,0.4848439693450928,-0.2414961308240891,0.8405986428260803],"rotationconfidence":1},"22":{"id":22,"position":[262.6388967037201,-808.0886602401733,2368.052482604981],"positionconfidence":1,"rotation":[0.6217408776283264,0.7569513916969299,0.2011541277170181,-0.697507917881012,0.4183033406734467,0.5818119645118713,0.3562599420547485,-0.5020428895950317,0.7880558967590332],"rotationconfidence":1},"23":{"id":23,"position":[518.8341736793518,-961.7318511009216,2154.352426528931],"positionconfidence":0.5,"rotation":[-0.942306637763977,-0.3347510695457459,0,0.3110006451606751,-0.8754504323005676,-0.3699528276920319,0.1238420978188515,-0.3486089706420898,0.9290505051612854],"rotationconfidence":0.5},"24":{"id":24,"position":[507.0760846138001,-928.633451461792,2066.144466400147],"positionconfidence":0.5,"rotation":[-0.942306637763977,-0.3347510695457459,0,0.3110006451606751,-0.8754504323005676,-0.3699528276920319,0.1238420978188515,-0.3486089706420898,0.9290505051612854],"rotationconfidence":0.5}},"skeletonTracked":true,"frameCount":5},{"position":[114.2595559358597,-494.5728480815888,2368.990659713745],"positionTracked":true,"id":4401,"skeleton":{"1":{"id":1,"position":[93.18174421787262,126.977950334549,2640.958070755005],"positionconfidence":1,"rotation":[0.941543459892273,0.3368917107582092,0,-0.334240049123764,0.9341325759887695,0.1252194494009018,0.04218539595603943,-0.117899551987648,0.9921291470527649],"rotationconfidence":1},"2":{"id":2,"position":[151.6250818967819,-36.35921701788902,2619.062900543213],"positionconfidence":1,"rotation":[0.6213488578796387,0.3182984292507172,-0.7159690260887146,-0.334240049123764,0.9341325759887695,0.1252194494009018,0.7086671590805054,0.161500558257103,0.686810314655304],"rotationconfidence":1},"3":{"id":3,"position":[160.2531373500824,-430.2717447280884,2579.725503921509],"positionconfidence":1,"rotation":[0.7099229097366333,0.08536288887262344,-0.6990868449211121,-0.02178989723324776,0.9948143362998962,0.09934542328119278,0.7039421200752258,-0.05529456958174706,0.7081016302108765],"rotationconfidence":1},"4":{"id":4,"position":[120.9476217627525,-501.1374354362488,2532.005310058594],"positionconfidence":1,"rotation":[0.7171004414558411,0.06926983594894409,-0.693518877029419,0.4179525375366211,0.7535455226898193,0.5074294805526733,0.5577476620674133,-0.6537359952926636,0.5114163756370544],"rotationconfidence":1},"6":{"id":6,"position":[11.19372621178627,-176.767498254776,2672.242879867554],"positionconfidence":0.5,"rotation":[0.3218623995780945,0.8694390058517456,-0.3748073279857636,-0.9064670205116272,0.397276371717453,0.143139973282814,0.2733535468578339,0.2936790883541107,0.9159860014915466],"rotationconfidence":0.5},"7":{"id":7,"position":[-62.22289800643921,-375.0860095024109,2757.736206054688],"positionconfidence":0.5,"rotation":[0.02147933840751648,-0.9538800120353699,0.2994184792041779,0.9616736769676208,-0.06217233091592789,-0.2670545279979706,0.2733535468578339,0.2936790883541107,0.9159860014915466],"rotationconfidence":0.5},"8":{"id":8,"position":[-67.03788042068481,-161.2565368413925,2690.616130828857],"positionconfidence":0.5,"rotation":[0.0947355329990387,-0.9590204954147339,0.2670294344425201,0,0.2682358622550964,0.9633532762527466,-0.9955024123191833,-0.0912637859582901,0.02541146799921989],"rotationconfidence":0.5},"9":{"id":9,"position":[-73.77313822507858,-93.07461977005005,2671.631574630737],"positionconfidence":0.5,"rotation":[0.0947355329990387,-0.9590204954147339,0.2670294344425201,0,0.2682358622550964,0.9633532762527466,-0.9955024123191833,-0.0912637859582901,0.02541146799921989],"rotationconfidence":0.5},"12":{"id":12,"position":[241.8065965175629,-204.5218348503113,2440.817356109619],"positionconfidence":1,"rotation":[-0.09529944509267807,0.2700614929199219,-0.9581152200698853,-0.9605376124382019,-0.2776121497154236,0.01729055680334568,-0.2613149285316467,0.9219534993171692,0.2858605086803436],"rotationconfidence":1},"13":{"id":13,"position":[212.1370434761047,-120.443657040596,2142.527580261231],"positionconfidence":1,"rotation":[-0.314024806022644,0.1988406926393509,-0.9283592104911804,-0.9127447009086609,-0.3323614001274109,0.2375562340021133,-0.2613149285316467,0.9219534993171692,0.2858605086803436],"rotationconfidence":1},"14":{"id":14,"position":[129.640206694603,-68.20660829544067,1898.640155792236],"positionconfidence":1,"rotation":[-0.2323501706123352,0.467783123254776,-0.8527557849884033,0,-0.8767504692077637,-0.4809455275535584,-0.9726322293281555,-0.1117477789521217,0.2037131190299988],"rotationconfidence":1},"15":{"id":15,"position":[108.153909444809,-24.94893968105316,1819.782614707947],"positionconfidence":0.5,"rotation":[-0.2323501706123352,0.467783123254776,-0.8527557849884033,0,-0.8767504692077637,-0.4809455275535584,-0.9726322293281555,-0.1117477789521217,0.2037131190299988],"rotationconfidence":0.5},"17":{"id":17,"position":[63.26223909854889,-570.0148344039917,2565.279006958008],"positionconfidence":1,"rotation":[0.6414919495582581,-0.03020309843122959,-0.7665350437164307,0.5662074685096741,0.692825436592102,0.4465445876121521,0.5175879001617432,-0.7204725742340088,0.4615431427955627],"rotationconfidence":1},"18":{"id":18,"position":[-102.934755384922,-773.3775973320007,2434.206247329712],"positionconfidence":1,"rotation":[0.9275338649749756,-0.3737390637397766,0,0.3517285883426666,0.8729089498519897,0.3381080031394959,-0.1263641715049744,-0.3136066198348999,0.9411073327064514],"rotationconfidence":1},"19":{"id":19,"position":[-237.6455813646317,-1107.698678970337,2304.712057113648],"positionconfidence":0.5,"rotation":[0.437723845243454,-0.8991094827651978,0,0.6249346733093262,0.3042441606521606,-0.7189521789550781,0.6464167237281799,0.3147025108337402,0.695059597492218],"rotationconfidence":0.5},"20":{"id":20,"position":[-295.9339022636414,-1136.075854301453,2242.037534713745],"positionconfidence":0.5,"rotation":[0.437723845243454,-0.8991094827651978,0,0.6249346733093262,0.3042441606521606,-0.7189521789550781,0.6464167237281799,0.3147025108337402,0.695059597492218],"rotationconfidence":0.5},"21":{"id":21,"position":[166.9590920209885,-558.70521068573,2466.644763946533],"positionconfidence":1,"rotation":[0.6617164611816406,0.4748452603816986,-0.5802181959152222,-0.2896417677402496,0.8756994605064392,0.3863391578197479,0.6915481686592102,-0.08759158104658127,0.716999888420105],"rotationconfidence":1},"22":{"id":22,"position":[255.8490633964539,-827.4540901184082,2348.078727722168],"positionconfidence":1,"rotation":[0.450067937374115,0.8747102618217468,-0.1797796934843063,-0.6333159804344177,0.4545877277851105,0.6263073682785034,0.6295631527900696,-0.1680235117673874,0.7585633397102356],"rotationconfidence":1},"23":{"id":23,"position":[457.7494263648987,-972.3761081695557,2148.412704467773],"positionconfidence":0.5,"rotation":[-0.5337196588516235,-0.8456615209579468,0,-0.365774005651474,0.2308497726917267,-0.901619553565979,0.7624648809432983,-0.4812120199203491,-0.432530015707016],"rotationconfidence":0.5},"24":{"id":24,"position":[373.0179071426392,-918.8997745513916,2196.479082107544],"positionconfidence":1,"rotation":[-0.5337196588516235,-0.8456615209579468,0,-0.365774005651474,0.2308497726917267,-0.901619553565979,0.7624648809432983,-0.4812120199203491,-0.432530015707016],"rotationconfidence":1}},"skeletonTracked":true,"frameCount":6},{"position":[116.1917746067047,-492.63134598732,2369.407176971436],"positionTracked":true,"id":4401,"skeleton":{"1":{"id":1,"position":[76.9321471452713,122.2427189350128,2626.699924468994],"positionconfidence":1,"rotation":[0.9174700975418091,0.397804856300354,0,-0.3937953412532806,0.9082228541374207,0.141620859503746,0.05633746460080147,-0.1299329102039337,0.9899210333824158],"rotationconfidence":1},"2":{"id":2,"position":[144.819974899292,-34.32916104793549,2602.285385131836],"positionconfidence":1,"rotation":[0.5240276455879211,0.3484000265598297,-0.7771823406219482,-0.3937953412532806,0.9082228541374207,0.141620859503746,0.7551954984664917,0.2318375557661057,0.6131321787834167],"rotationconfidence":1},"3":{"id":3,"position":[159.877672791481,-441.0108923912048,2569.805383682251],"positionconfidence":1,"rotation":[0.6471844911575317,0.08447200804948807,-0.7576389312744141,-0.03688311949372292,0.996147632598877,0.07955822348594666,0.7614406943321228,-0.02354476600885391,0.6478068828582764],"rotationconfidence":1},"4":{"id":4,"position":[116.4684817194939,-515.8538818359375,2524.760246276856],"positionconfidence":1,"rotation":[0.6503204703330994,0.07762864977121353,-0.7556830048561096,0.4450201392173767,0.7672715187072754,0.461791455745697,0.6156623959541321,-0.6366066932678223,0.4644261300563812],"rotationconfidence":1},"6":{"id":6,"position":[16.38473197817802,-178.631067276001,2670.100927352905],"positionconfidence":0.5,"rotation":[0.3246417343616486,0.857599675655365,-0.3989118933677673,-0.810653805732727,0.4695697128772736,0.3497784435749054,0.4872867465019226,0.209826722741127,0.8476582169532776],"rotationconfidence":0.5},"7":{"id":7,"position":[-59.08997356891632,-378.0111074447632,2762.842416763306],"positionconfidence":0.5,"rotation":[0.09514758735895157,-0.9776808023452759,0.187315359711647,0.8680429458618164,-0.01062365807592869,-0.4963754117488861,0.4872867465019226,0.209826722741127,0.8476582169532776],"rotationconfidence":0.5},"8":