{"motiondata":[{"position":[102.4316772818565,-397.4016308784485,2131.533145904541],"positionTracked":true,"id":4952,"skeleton":{"1":{"id":1,"position":[146.9016224145889,208.1485688686371,2396.430015563965],"positionconfidence":1,"rotation":[0.999767541885376,-0.02156142331659794,0,0.0213573481887579,0.9903048872947693,0.1372586786746979,-0.002959492383524776,-0.1372267752885819,0.9905351996421814],"rotationconfidence":1},"2":{"id":2,"position":[142.7381783723831,15.0965666398406,2369.672536849976],"positionconfidence":1,"rotation":[0.9996784925460815,-0.01927752047777176,-0.01646423526108265,0.0213573481887579,0.9903048872947693,0.1372586786746979,0.0136586083099246,-0.1375662088394165,0.9903983473777771],"rotationconfidence":1},"3":{"id":3,"position":[131.8466812372208,-323.0680823326111,2296.020984649658],"positionconfidence":1,"rotation":[0.999449610710144,-0.0284864716231823,-0.01700417511165142,0.03145434707403183,0.9766103625297546,0.212703675031662,0.0105472756549716,-0.2131214439868927,0.9769688248634338],"rotationconfidence":1},"4":{"id":4,"position":[129.3922066688538,-369.0272569656372,2229.596853256226],"positionconfidence":1,"rotation":[0.9974290132522583,-0.0706462562084198,0.01202393975108862,0.0303729847073555,0.5687234997749329,0.8219678401947021,-0.0649072453379631,-0.8194893002510071,0.5694069862365723],"rotationconfidence":1},"6":{"id":6,"position":[-29.06367741525173,-109.5590814948082,2360.933065414429],"positionconfidence":1,"rotation":[0.298320472240448,0.9544571042060852,-0.004071688279509544,0.07122431695461273,-0.02651516161859036,-0.997107744216919,-0.951804518699646,0.2971676290035248,-0.07589057087898254],"rotationconfidence":1},"7":{"id":7,"position":[-103.4433543682098,-347.5320637226105,2361.948251724243],"positionconfidence":1,"rotation":[0.06224021315574646,0.4294349253177643,0.9009504914283752,0.3003233969211578,0.8528053164482117,-0.427233874797821,-0.951804518699646,0.2971676290035248,-0.07589057087898254],"rotationconfidence":1},"8":{"id":8,"position":[-117.542527616024,-444.8112547397614,2157.857418060303],"positionconfidence":1,"rotation":[0.2965935468673706,0.1760471016168594,0.9386371374130249,0,0.9828621745109558,-0.18434177339077,-0.9550037980079651,0.05467458069324493,0.2915105819702148],"rotationconfidence":1},"9":{"id":9,"position":[-138.1133198738098,-457.0213258266449,2092.756509780884],"positionconfidence":1,"rotation":[0.2965935468673706,0.1760471016168594,0.9386371374130249,0,0.9828621745109558,-0.18434177339077,-0.9550037980079651,0.05467458069324493,0.2915105819702148],"rotationconfidence":1},"12":{"id":12,"position":[319.8472857475281,-122.7462366223335,2354.289531707764],"positionconfidence":1,"rotation":[0.2693384885787964,-0.9573884010314941,-0.1042322739958763,-0.3755095303058624,-0.004737917799502611,-0.9268064498901367,0.8868197798728943,0.2887648046016693,-0.3607845306396484],"rotationconfidence":1},"13":{"id":13,"position":[383.3976686000824,-348.6419022083283,2329.6959400177],"positionconfidence":1,"rotation":[-0.1521579176187515,-0.5547267198562622,-0.8180013298988342,-0.4363467991352081,0.7803159952163696,-0.4480047821998596,0.8868197798728943,0.2887648046016693,-0.3607845306396484],"rotationconfidence":1},"14":{"id":14,"position":[349.0281105041504,-473.9440381526947,2144.925117492676],"positionconfidence":1,"rotation":[0.05685266852378845,0.6088172793388367,-0.7912707924842834,0,-0.7925525903701782,-0.6098035573959351,-0.9983826875686646,0.03466895967721939,-0.0450587309896946],"rotationconfidence":1},"15":{"id":15,"position":[350.8994281291962,-453.9046883583069,2118.880271911621],"positionconfidence":1,"rotation":[0.05685266852378845,0.6088172793388367,-0.7912707924842834,0,-0.7925525903701782,-0.6098035573959351,-0.9983826875686646,0.03466895967721939,-0.0450587309896946],"rotationconfidence":1},"17":{"id":17,"position":[50.87269097566605,-438.1631016731262,2198.458194732666],"positionconfidence":1,"rotation":[0.7604913711547852,-0.6265468597412109,-0.1705639660358429,0.648064374923706,0.7158281803131104,0.260004997253418,-0.04081080853939056,-0.3082679808139801,0.9504238367080688],"rotationconfidence":1},"18":{"id":18,"position":[-150.5178660154343,-660.6117486953735,2117.6598072052],"positionconfidence":1,"rotation":[0.5550920367240906,-0.831788957118988,0,0.780737578868866,0.5210230946540833,0.3449402153491974,-0.2869174480438232,-0.1914735734462738,0.9386246800422668],"rotationconfidence":1},"19":{"id":19,"position":[-442.7065253257752,-855.603039264679,1988.566994667053],"positionconfidence":0.5,"rotation":[-0.4069229960441589,-0.9134625196456909,0,0.8529756665229797,-0.3799777328968048,-0.3578400909900665,0.3268734812736511,-0.1456133425235748,0.9337828755378723],"rotationconfidence":0.5},"20":{"id":20,"position":[-472.2320735454559,-842.450201511383,1904.221057891846],"positionconfidence":0.5,"rotation":[-0.4069229960441589,-0.9134625196456909,0,0.8529756665229797,-0.3799777328968048,-0.3578400909900665,0.3268734812736511,-0.1456133425235748,0.9337828755378723],"rotationconfidence":0.5},"21":{"id":21,"position":[202.7461975812912,-447.8422701358795,2201.840162277222],"positionconfidence":1,"rotation":[0.9177134037017822,0.3131281733512878,0.24444380402565,-0.3938376605510712,0.7975901961326599,0.4568826854228973,-0.0519031323492527,-0.5155585408210754,0.855280876159668],"rotationconfidence":1},"22":{"id":22,"position":[331.3120901584625,-708.2107067108154,2052.693605422974],"positionconfidence":1,"rotation":[0.9289530515670776,0.2925781011581421,0.2268132567405701,-0.3668438494205475,0.8098110556602478,0.457855612039566,-0.04971735551953316,-0.508531391620636,0.859606921672821],"rotationconfidence":1},"23":{"id":23,"position":[468.8524305820465,-1011.832237243652,1881.030321121216],"positionconfidence":0.5,"rotation":[-0.2030150592327118,0.9791756272315979,0,-0.9534063339233398,-0.1976722329854965,-0.2279079407453537,-0.2231618911027908,-0.04626874253153801,0.9736826419830322],"rotationconfidence":0.5},"24":{"id":24,"position":[491.5273785591126,-1007.130980491638,1782.096743583679],"positionconfidence":0.5,"rotation":[-0.2030150592327118,0.9791756272315979,0,-0.9534063339233398,-0.1976722329854965,-0.2279079407453537,-0.2231618911027908,-0.04626874253153801,0.9736826419830322],"rotationconfidence":0.5}},"skeletonTracked":true,"frameCount":1},{"position":[102.6855930685997,-399.5876908302307,2130.806922912598],"positionTracked":true,"id":4952,"skeleton":{"1":{"id":1,"position":[146.9035297632217,209.6597254276276,2395.464181900024],"positionconfidence":1,"rotation":[0.9997029900550842,-0.02436875179409981,0,0.02413915097713471,0.9902839064598083,0.1369495391845703,-0.003337289439514279,-0.1369088590145111,0.9905779957771301],"rotationconfidence":1},"2":{"id":2,"position":[142.1957463026047,16.52774028480053,2368.755340576172],"positionconfidence":1,"rotation":[0.9996321797370911,-0.02221528254449368,-0.01555926539003849,0.02413915097713471,0.9902839064598083,0.1369495391845703,0.01236571650952101,-0.1372747421264648,0.9904558062553406],"rotationconfidence":1},"3":{"id":3,"position":[131.689578294754,-321.4460015296936,2295.23491859436],"positionconfidence":1,"rotation":[0.9994959235191345,-0.02769492939114571,-0.01551559567451477,0.03036136366426945,0.9766970872879028,0.2124637961387634,0.009269868023693562,-0.2128278017044067,0.9770457148551941],"rotationconfidence":1},"4":{"id":4,"position":[129.3568015098572,-367.4733340740204,2228.899002075195],"positionconfidence":1,"rotation":[0.9975444078445435,-0.06887434422969818,0.01270885951817036,0.02888035587966442,0.5698298215866089,0.821255087852478,-0.06380528956651688,-0.8188713788986206,0.5704196691513062],"rotationconfidence":1},"6":{"id":6,"position":[-29.40256148576737,-108.474612236023,2359.91907119751],"positionconfidence":1,"rotation":[0.2970031201839447,0.9548655152320862,-0.004578383639454842,0.07441152632236481,-0.02792472392320633,-0.9968366026878357,-0.9519727826118469,0.2957229018211365,-0.07934673130512238],"rotationconfidence":1},"7":{"id":7,"position":[-103.3164337277412,-346.1078405380249,2361.058473587036],"positionconfidence":1,"rotation":[0.06107756495475769,0.4373525083065033,0.8972136974334717,0.3000291287899017,0.8492767214775085,-0.4344097077846527,-0.9519727826118469,0.2957229018211365,-0.07934673130512238],"rotationconfidence":1},"8":{"id":8,"position":[-117.1141490340233,-444.9078738689423,2158.373594284058],"positionconfidence":1,"rotation":[0.3087559044361115,0.1741790026426315,0.9350569248199463,0,0.9830893278121948,-0.1831263154745102,-0.9511412382125854,0.0565413311123848,0.3035346269607544],"rotationconfidence":1},"9":{"id":9,"position":[-137.9917711019516,-456.6856026649475,2095.146417617798],"positionconfidence":1,"rotation":[0.3087559044361115,0.1741790026426315,0.9350569248199463,0,0.9830893278121948,-0.1831263154745102,-0.9511412382125854,0.0565413311123848,0.3035346269607544],"rotationconfidence":1},"12":{"id":12,"position":[320.1711773872376,-121.6987296938896,2353.721857070923],"positionconfidence":1,"rotation":[0.2699761986732483,-0.9572834372520447,-0.103543221950531,-0.3763569891452789,-0.005932641215622425,-0.9264556765556335,0.8862664699554443,0.2890902161598206,-0.3618820011615753],"rotationconfidence":1},"13":{"id":13,"position":[383.6699426174164,-346.8530774116516,2329.368352890015],"positionconfidence":1,"rotation":[-0.1474731266498566,-0.564521074295044,-0.8121376633644104,-0.4390710592269898,0.7731382250785828,-0.4576830565929413,0.8862664699554443,0.2890902161598206,-0.3618820011615753],"rotationconfidence":1},"14":{"id":14,"position":[350.5227863788605,-473.7390279769898,2146.826267242432],"positionconfidence":1,"rotation":[0.0227179154753685,0.6389802098274231,-0.7688876986503601,0,-0.7690861225128174,-0.6391451358795166,-0.9997419714927673,0.01452004536986351,-0.01747203432023525],"rotationconfidence":1},"15":{"id":15,"position":[351.281076669693,-452.4108171463013,2121.161937713623],"positionconfidence":1,"rotation":[0.0227179154753685,0.6389802098274231,-0.7688876986503601,0,-0.7690861225128174,-0.6391451358795166,-0.9997419714927673,0.01452004536986351,-0.01747203432023525],"rotationconfidence":1},"17":{"id":17,"position":[50.73853582143784,-436.9249045848846,2197.703361511231],"positionconfidence":1,"rotation":[0.7637277841567993,-0.6240667700767517,-0.1651076078414917,0.6442500948905945,0.7207006812095642,0.2559927105903626,-0.04076337441802025,-0.301879346370697,0.9524742960929871],"rotationconfidence":1},"18":{"id":18,"position":[-148.0330675840378,-659.2839360237122,2118.72148513794],"positionconfidence":1,"rotation":[0.5521445274353027,-0.8337484002113342,0,0.7817733287811279,0.5177243947982788,0.3475513458251953,-0.2897703647613525,-0.1918985694646835,0.9376609325408936],"rotationconfidence":1},"19":{"id":19,"position":[-441.3956701755524,-853.5614609718323,1988.301873207092],"positionconfidence":0.5,"rotation":[-0.3867798447608948,-0.9221720695495605,0,0.8611072897911072,-0.3611678779125214,-0.3578436970710754,0.3299934566020966,-0.1384067386388779,0.9337815642356873],"rotationconfidence":0.5},"20":{"id":20,"position":[-471.223384141922,-841.0510420799255,1903.898477554321],"positionconfidence":0.5,"rotation":[-0.3867798447608948,-0.9221720695495605,0,0.8611072897911072,-0.3611678779125214,-0.3578436970710754,0.3299934566020966,-0.1384067386388779,0.9337815642356873],"rotationconfidence":0.5},"21":{"id":21,"position":[202.941507101059,-446.3213682174683,2201.239109039307],"positionconfidence":1,"rotation":[0.9177894592285156,0.3138331472873688,0.2432509362697601,-0.3937020599842072,0.7988408803939819,0.4548095464706421,-0.05158449709415436,-0.5131878852844238,0.8567246794700623],"rotationconfidence":1},"22":{"id":22,"position":[331.3008248806,-706.7687511444092,2052.956819534302],"positionconfidence":1,"rotation":[0.3388094902038574,0.9013717770576477,-0.2696981728076935,-0.7635152339935303,0.4309107959270477,0.4809992909431458,0.5497750639915466,0.04295153915882111,0.8342077732086182],"rotationconfidence":1},"23":{"id":23,"position":[543.5771346092224,-826.5727162361145,1919.227004051209],"positionconfidence":0.5,"rotation":[-0.369781106710434,-0.9291189312934875,0,-0.06363823264837265,0.02532745338976383,-0.9976516366004944,0.9269369840621948,-0.3689126968383789,-0.06849309802055359],"rotationconfidence":0.5},"24":{"id":24,"position":[484.270840883255,-802.9693365097046,1923.609256744385],"positionconfidence":1,"rotation":[-0.369781106710434,-0.9291189312934875,0,-0.06363823264837265,0.02532745338976383,-0.9976516366004944,0.9269369840621948,-0.3689126968383789,-0.06849309802055359],"rotationconfidence":1}},"skeletonTracked":true,"frameCount":2},{"position":[98.33065420389175,-401.3842344284058,2129.034519195557],"positionTracked":true,"id":4952,"skeleton":{"1":{"id":1,"position":[146.9105333089829,210.8540385961533,2394.673347473145],"positionconfidence":1,"rotation":[0.99964839220047,-0.02651352807879448,0,0.02626542747020721,0.9902942776679993,0.1364824920892716,-0.003618632443249226,-0.1364345103502274,0.9906424880027771],"rotationconfidence":1},"2":{"id":2,"position":[141.7862772941589,17.65249669551849,2368.046283721924],"positionconfidence":1,"rotation":[0.9995892643928528,-0.0244511142373085,-0.0149531364440918,0.02626542747020721,0.9902942776679993,0.1364824920892716,0.01147085521370173,-0.1368191689252853,0.9905296564102173],"rotationconfidence":1},"3":{"id":3,"position":[131.5803527832031,-320.2061057090759,2294.693231582642],"positionconfidence":1,"rotation":[0.9995294213294983,-0.02705305442214012,-0.01446449104696512,0.02950708940625191,0.9768075942993164,0.212076336145401,0.008391711860895157,-0.2124033123254776,0.9771460890769958],"rotationconfidence":1},"4":{"id":4,"position":[129.3370127677918,-366.2889301776886,2228.433609008789],"positionconfidence":1,"rotation":[0.9976335167884827,-0.06748582422733307,0.01315893698483706,0.02778463810682297,0.5707536935806274,0.8206511735916138,-0.06289282441139221,-0.8183434009552002,0.5712780356407166],"rotationconfidence":1},"6":{"id":6,"position":[-29.65880744159222,-107.5715646147728,2359.163284301758],"positionconfidence":1,"rotation":[0.2958571016788483,0.9552176594734192,-0.005271423608064652,0.07697196304798126,-0.02934013120830059,-0.996601402759552,-0.9521259665489197,0.2944458425045013,-0.08220546692609787],"rotationconfidence":1},"7":{"id":7,"position":[-103.1883582472801,-344.9724018573761,2360.473394393921],"positionconfidence":1,"rotation":[0.06026583164930344,0.4444121718406677,0.8937928676605225,0.2997066974639893,0.8460491895675659,-0.4408814013004303,-0.9521259665489197,0.2944458425045013,-0.08220546692609787],"rotationconfidence":1},"8":{"id":8,"position":[-116.7658567428589,-445.09556889534,2159.107685089111],"positionconfidence":1,"rotation":[0.320012629032135,0.1726441532373428,0.9315503835678101,0,0.9832565188407898,-0.1822268515825272,-0.9474133849143982,0.05831489339470863,0.3146544992923737],"rotationconfidence":1},"9":{"id":9,"position":[-137.9910707473755,-456.5463960170746,2097.321510314941],"positionconfidence":1,"rotation":[0.320012629032135,0.1726441532373428,0.9315503835678101,0,0.9832565188407898,-0.1822268515825272,-0.9474133849143982,0.05831489339470863,0.3146544992923737],"rotationconfidence":1},"12":{"id":12,"position":[320.4871714115143,-120.7944005727768,2353.281974792481],"positionconfidence":1,"rotation":[0.2701217830181122,-0.9573426246643066,-0.1026121228933334,-0.3755542635917664,-0.006629660725593567,-0.9267767071723938,0.8865626454353333,0.2888790369033814,-0.3613249361515045],"rotationconfidence":1},"13":{"id":13,"position":[383.8811814785004,-345.4700410366058,2329.200267791748],"positionconfidence":1,"rotation":[-0.1438368558883667,-0.5702112317085266,-0.8088078498840332,-0.4396791756153107,0.7690306901931763,-0.4639765322208405,0.8865626454353333,0.2888790369033814,-0.3613249361515045],"rotationconfidence":1},"14":{"id":14,"position":[351.6530096530914,-473.2319116592407,2147.97830581665],"positionconfidence":1,"rotation":[-0.003081893315538764,0.6550369262695312,-0.7555904984474182,0,-0.7555941343307495,-0.6550400853157043,-0.9999951720237732,-0.002018763683736324,0.002328660571947694],"rotationconfidence":1},"15":{"id":15,"position":[351.550281047821,-451.3975977897644,2122.79224395752],"positionconfidence":1,"rotation":[-0.003081893315538764,0.6550369262695312,-0.7555904984474182,0,-0.7555941343307495,-0.6550400853157043,-0.9999951720237732,-0.002018763683736324,0.002328660571947694],"rotationconfidence":1},"17":{"id":17,"position":[50.62432214617729,-435.9645843505859,2197.211027145386],"positionconfidence":1,"rotation":[0.7646459341049194,-0.6238687038421631,-0.161569207906723,0.6431681513786316,0.7229427099227905,0.2523660063743591,-0.04063798114657402,-0.2968868017196655,0.954047679901123],"rotationconfidence":1},"18":{"id":18,"position":[-146.693155169487,-657.7560901641846,2119.787693023682],"positionconfidence":1,"rotation":[0.5523558259010315,-0.8336084485054016,0,0.7807376980781555,0.5173231959342957,0.3504647314548492,-0.2921503484249115,-0.1935812383890152,0.9365760087966919],"rotationconfidence":1},"19":{"id":19,"position":[-440.132737159729,-852.1915674209595,1988.065838813782],"positionconfidence":0.5,"rotation":[-0.3706240952014923,-0.9287829399108887,0,0.8670830130577087,-0.3460032045841217,-0.3583974242210388,0.3328734338283539,-0.1328307241201401,0.933569073677063],"rotationconfidence":0.5},"20":{"id":20,"position":[-470.2691435813904,-840.1658535003662,1903.54597568512],"positionconfidence":0.5,"rotation":[-0.3706240952014923,-0.9287829399108887,0,0.8670830130577087,-0.3460032045841217,-0.3583974242210388,0.3328734338283539,-0.1328307241201401,0.933569073677063],"rotationconfidence":0.5},"21":{"id":21,"position":[203.1160742044449,-445.1438188552856,2200.850009918213],"positionconfidence":1,"rotation":[0.9177858233451843,0.3145694136619568,0.2423117905855179,-0.3937543034553528,0.79976487159729,0.4531375467777252,-0.05124925822019577,-0.5112945437431335,0.8578760027885437],"rotationconfidence":1},"22":{"id":22,"position":[331.3327729701996,-705.5681943893433,2053.296566009522],"positionconfidence":1,"rotation":[-0.2363140285015106,0.6659797430038452,-0.7075498104095459,-0.8929628729820251,0.1382550746202469,0.4283722937107086,0.3831096291542053,0.7330461144447327,0.5620235800743103],"rotationconfidence":1},"23":{"id":23,"position":[576.8682360649109,-743.5837984085083,1935.508251190186],"positionconfidence":0.5,"rotation":[0.1179223731160164,-0.9930227398872375,0,-0.2139774411916733,-0.02541002072393894,-0.9765079617500305,0.9696947336196899,0.1151521503925324,-0.2154809087514877],"rotationconfidence":0.5},"24":{"id":24,"position":[482.6419353485107,-754.7732591629028,1956.446766853333],"positionconfidence":1,"rotation":[0.1179223731160164,-0.9930227398872375,0,-0.2139774411916733,-0.02541002072393894,-0.9765079617500305,0.9696947336196899,0.1151521503925324,-0.2154809087514877],"rotationconfidence":1}},"skeletonTracked":true,"frameCount":3},{"position":[102.1433547139168,-397.6024687290192,2129.906892776489],"positionTracked":true,"id":4952,"skeleton":{"1":{"id":1,"position":[147.056981921196,211.7919772863388,2394.019603729248],"positionconfidence":1,"rotation":[0.9995884895324707,-0.02868637815117836,0,0.02842094004154205,0.9903392195701599,0.1357226669788361,-0.003893391694873571,-0.1356668174266815,0.9907469749450684],"rotationconfidence":1},"2":{"id":2,"position":[141.5097117424011,18.49510334432125,2367.528915405273],"positionconfidence":1,"rotation":[0.9995359778404236,-0.02666697278618813,-0.01472416520118713,0.02842094004154205,0.9903392195701599,0.1357226669788361,0.01096260361373425,-0.1360781490802765,0.9906374216079712],"rotationconfidence":1},"3":{"id":3,"position":[131.4962655305862,-319.349616765976,2294.293880462647],"positionconfidence":1,"rotation":[0.9995501041412354,-0.02663409151136875,-0.01380150299519301,0.02895430289208889,0.9768922924995422,0.2117621898651123,0.007842487655580044,-0.2120665013790131,0.977223813533783],"rotationconfidence":1},"4":{"id":4,"position":[129.3087005615234,-365.4912114143372,2228.09100151062],"positionconfidence":1,"rotation":[0.9976705312728882,-0.06684517860412598,0.01362288650125265,0.02709871344268322,0.5715843439102173,0.8200957775115967,-0.0626060739159584,-0.8178161382675171,0.572064220905304],"rotationconfidence":1},"6":{"id":6,"position":[-29.82847578823566,-106.8284586071968,2358.592510223389],"positionconfidence":1,"rotation":[0.2949200868606567,0.9555011987686157,-0.00631230603903532,0.08639712631702423,-0.03324480354785919,-0.9957060813903809,-0.9516079425811768,0.2931083142757416,-0.0923570990562439],"rotationconfidence":1},"7":{"id":7,"position":[-103.0579805374146,-344.0821468830109,2360.159873962402],"positionconfidence":1,"rotation":[0.05618492886424065,0.4613996744155884,0.8854115009307861,0.3021350204944611,0.8373755216598511,-0.4555398523807526,-0.9516079425811768,0.2931083142757416,-0.0923570990562439],"rotationconfidence":1},"8":{"id":8,"position":[-115.6260296702385,-447.2929835319519,2162.10150718689],"positionconfidence":1,"rotation":[0.152181014418602,0.4782407283782959,0.864943265914917,0,0.8751362562179565,-0.4838766157627106,-0.9883527159690857,0.07363683730363846,0.1331791281700134],"rotationconfidence":1},"9":{"id":9,"position":[-125.2105981111527,-477.4132370948792,2107.62619972229],"positionconfidence":1,"rotation":[0.152181014418602,0.4782407283782959,0.864943265914917,0,0.8751362562179565,-0.4838766157627106,-0.9883527159690857,0.07363683730363846,0.1331791281700134],"rotationconfidence":1},"12":{"id":12,"position":[320.7185864448547,-120.2127709984779,2352.874755859375],"positionconfidence":1,"rotation":[0.2702444791793823,-0.9574794769287109,-0.1010003015398979,-0.3794406652450562,-0.009503668174147606,-0.9251673221588135,0.8848688006401062,0.2883449494838715,-0.3658749461174011],"rotationconfidence":1},"13":{"id":13,"position":[384.042888879776,-344.5715308189392,2329.208135604858],"positionconfidence":1,"rotation":[-0.1503170281648636,-0.5666595101356506,-0.8101245164871216,-0.4409218430519104,0.771851122379303,-0.4580761790275574,0.8848688006401062,0.2883449494838715,-0.3658749461174011],"rotationconfidence":1},"14":{"id":14,"position":[350.5590260028839,-470.7977473735809,2148.748874664307],"positionconfidence":1,"rotation":[0.09761012345552444,0.4499770402908325,-0.8876897096633911,0,-0.891948938369751,-0.4521360993385315,-0.9952247738838196,0.04413305968046188,-0.0870632454752922],"rotationconfidence":1},"15":{"id":15,"position":[354.9143373966217,-450.7200121879578,2109.140634536743],"positionconfidence":1,"rotation":[0.09761012345552444,0.4499770402908325,-0.8876897096633911,0,-0.891948938369751,-0.4521360993385315,-0.9952247738838196,0.04413305968046188,-0.0870632454752922],"rotationconfidence":1},"17":{"id":17,"position":[50.51514133810997,-435.2351129055023,2196.852207183838],"positionconfidence":1,"rotation":[0.7683441638946533,-0.6204396486282349,-0.1571688055992127,0.6387428045272827,0.7277037501335144,0.2499098181724548,-0.0406816303730011,-0.2924071848392487,0.9554282426834106],"rotationconfidence":1},"18":{"id":18,"position":[-144.5413082838059,-657.4580669403076,2120.535850524902],"positionconfidence":1,"rotation":[0.5442128777503967,-0.8389471769332886,0,0.7852408289909363,0.5093743205070496,0.3520435690879822,-0.2953459620475769,-0.1915866434574127,0.9359836578369141],"rotationconfidence":1},"19":{"id":19,"position":[-439.0349686145783,-848.4918475151062,1988.50679397583],"positionconfidence":0.5,"rotation":[-0.3881844282150269,-0.9215816855430603,0,0.8577691912651062,-0.3613056242465973,-0.3656367361545563,0.3369641304016113,-0.1419344842433929,0.9307576417922974],"rotationconfidence":0.5},"20":{"id":20,"position":[-469.6399569511414,-835.6005549430847,1903.970122337341],"positionconfidence":0.5,"rotation":[-0.3881844282150269,-0.9215816855430603,0,0.8577691912651062,-0.3613056242465973,-0.3656367361545563,0.3369641304016113,-0.1419344842433929,0.9307576417922974],"rotationconfidence":0.5},"21":{"id":21,"position":[203.2301723957062,-444.3228542804718,2200.573444366455],"positionconfidence":1,"rotation":[0.9178979396820068,0.3146463334560394,0.2417870908975601,-0.393489271402359,0.8004622459411621,0.4521353244781494,-0.0512787289917469,-0.5101547241210938,0.8585526347160339],"rotationconfidence":1},"22":{"id":22,"position":[331.3634395599365,-704.9801349639893,2053.343057632446],"positionconfidence":1,"rotation":[0.6319159269332886,0.7220777869224548,-0.2815776169300079,-0.5495162010192871,0.6736267805099487,0.4942256808280945,0.5465475916862488,-0.1575776189565659,0.8224689364433289],"rotationconfidence":1},"23":{"id":23,"position":[501.8559098243713,-913.9790534973145,1900.004982948303],"positionconfidence":0.5,"rotation":[0.3939529061317444,-0.9191306233406067,0,0.8740169405937195,0.3746165037155151,-0.3094461858272553,0.2844214737415314,0.1219072267413139,0.9509170055389404],"rotationconfidence":0.5},"24":{"id":24,"position":[484.3436479568481,-921.4850664138794,1841.455578804016],"positionconfidence":0.5,"rotation":[0.3939529061317444,-0.9191306233406067,0,0.8740169405937195,0.3746165037155151,-0.3094461858272553,0.2844214737415314,0.1219072267413139,0.9509170055389404],"rotationconfidence":0.5}},"skeletonTracked":true,"frameCount":4},{"position":[102.2894829511643,-397.85036444664,2129.639148712158],"positionTracked":true,"id":4952,"skeleton":{"1":{"id":1,"position":[147.2149044275284,212.5214636325836,2393.490552902222],"positionconfidence":1,"rotation":[0.9995386600494385,-0.03037290088832378,0,0.03009518794715405,0.9903994202613831,0.1349193006753922,-0.004097890574485064,-0.1348570585250855,0.9908565878868103],"rotationconfidence":1},"2":{"id":2,"position":[141.3388997316361,19.14863847196102,2367.147922515869],"positionconfidence":1,"rotation":[0.9994909167289734,-0.02838731929659843,-0.01456487271934748,0.03009518794715405,0.9903994202613831,0.1349193006753922,0.01059504505246878,-0.1352889388799667,0.9907495975494385],"rotationconfidence":1},"3":{"id":3,"position":[131.438747048378,-318.7021613121033,2294.01707649231],"positionconfidence":1,"rotation":[0.9995625019073486,-0.02640718407928944,-0.01332041434943676,0.02862831018865109,0.9769644737243652,0.211472749710083,0.007429172750562429,-0.2117615938186646,0.9772931337356567],"rotationconfidence":1},"4":{"id":4,"position":[129.2920261621475,-364.8877739906311,2227.860689163208],"positionconfidence":1,"rotation":[0.9976906776428223,-0.06645981222391129,0.01402319222688675,0.02659737877547741,0.5722291469573975,0.8196624517440796,-0.06249907985329628,-0.8173964619636536,0.5726752877235413],"rotationconfidence":1},"6":{"id":6,"position":[-29.92602251470089,-106.2064170837402,2358.162641525269],"positionconfidence":1,"rotation":[0.2942152917385101,0.9557104706764221,-0.007406629156321287,0.09053065627813339,-0.03558295965194702,-0.9952577948570251,-0.9514418244361877,0.292149543762207,-0.09699014574289322],"rotationconfidence":1},"7":{"id":7,"position":[-102.9360964894295,-343.3677554130554,2360.000610351563],"positionconfidence":1,"rotation":[0.05437883362174034,0.4696375131607056,0.8811831474304199,0.3029874563217163,0.8331202864646912,-0.4627195298671722,-0.9514418244361877,0.292149543762207,-0.09699014574289322],"rotationconfidence":1},"8":{"id":8,"position":[-115.0584295392036,-448.0611085891724,2163.563966751099],"positionconfidence":1,"rotation":[0.1715035289525986,0.4807194173336029,0.8599391579627991,0,0.8728720545768738,-0.4879490733146668,-0.9851834774017334,0.08368498831987381,0.1497006416320801],"rotationconfidence":1},"9":{"id":9,"position":[-125.6019473075867,-477.6142835617065,2110.697507858276],"positionconfidence":1,"rotation":[0.1715035289525986,0.4807194173336029,0.8599391579627991,0,0.8728720545768738,-0.4879490733146668,-0.9851834774017334,0.08368498831987381,0.1497006416320801],"rotationconfidence":1},"12":{"id":12,"position":[320.9328055381775,-119.7459772229195,2352.561712265015],"positionconfidence":1,"rotation":[0.2701120674610138,-0.9576684832572937,-0.09955090284347534,-0.3825292587280273,-0.01185581739991903,-0.9238672852516174,0.8835784792900085,0.2876288890838623,-0.3695386648178101],"rotationconfidence":1},"13":{"id":13,"position":[384.1707706451416,-343.9529240131378,2329.255104064941],"positionconfidence":1,"rotation":[-0.155406191945076,-0.5643064379692078,-0.8108065724372864,-0.4417444467544556,0.7738398313522339,-0.4539097249507904,0.8835784792900085,0.2876288890838623,-0.3695386648178101],"rotationconfidence":1},"14":{"id":14,"position":[349.6640026569367,-469.25288438797,2149.221658706665],"positionconfidence":1,"rotation":[0.1347257345914841,0.3665611147880554,-0.9205878973007202,0,-0.9290581345558167,-0.3699338138103485,-0.9908830523490906,0.04983960464596748,-0.125168040394783],"rotationconfidence":1},"15":{"id":15,"position":[356.7625284194946,-449.9392509460449,2100.717067718506],"positionconfidence":1,"rotation":[0.1347257345914841,0.3665611147880554,-0.9205878973007202,0,-0.9290581345558167,-0.3699338138103485,-0.9908830523490906,0.04983960464596748,-0.125168040394783],"rotationconfidence":1},"17":{"id":17,"position":[50.431277602911,-434.6557557582855,2196.620464324951],"positionconfidence":1,"rotation":[0.7715240716934204,-0.6173859238624573,-0.1535756289958954,0.6348922252655029,0.731696605682373,0.2480566948652268,-0.04077592119574547,-0.288885623216629,0.9564948678016663],"rotationconfidence":1},"18":{"id":18,"position":[-142.7985280752182,-657.3480367660522,2121.124267578125],"positionconfidence":1,"rotation":[0.5366156697273254,-0.8438267707824707,0,0.7894622683525085,0.502043604850769,0.3531308770179749,-0.2979812920093536,-0.1894955635070801,0.9355738759040833],"rotationconfidence":1},"19":{"id":19,"position":[-438.1226003170013,-845.15380859375,1989.024162292481],"positionconfidence":0.5,"rotation":[-0.406285434961319,-0.913746178150177,0,0.8478313684463501,-0.376977264881134,-0.3729209303855896,0.3407551050186157,-0.1515123546123505,0.9278631210327148],"rotationconfidence":0.5},"20":{"id":20,"position":[-469.1663086414337,-831.3506245613098,1904.49333190918],"positionconfidence":0.5,"rotation":[-0.406285434961319,-0.913746178150177,0,0.8478313684463501,-0.376977264881134,-0.3729209303855896,0.3407551050186157,-0.1515123546123505,0.9278631210327148],"rotationconfidence":0.5},"21":{"id":21,"position":[203.3280730247498,-443.6918497085571,2200.409412384033],"positionconfidence":1,"rotation":[0.9179755449295044,0.3146440982818604,0.2414954006671906,-0.393293708562851,0.8009605407714844,0.4514226019382477,-0.05139080807566643,-0.5093734860420227,0.8590096235275269],"rotationconfidence":1},"22":{"id":22,"position":[331.4002454280853,-704.5166492462158,2053.408145904541],"positionconfidence":1,"rotation":[0.706534206867218,0.6790357232093811,-0.1992984861135483,-0.525651216506958,0.6921155452728271,0.4946380257606506,0.473814457654953,-0.2447171956300736,0.8459392786026001],"rotationconfidence":1},"23":{"id":23,"position":[496.4149594306946,-921.7885732650757,1898.129224777222],"positionconfidence":0.5,"rotation":[0.2956430017948151,-0.9552984833717346,0,0.9314796328544617,0.2882716059684753,-0.2219122648239136,0.2119924575090408,0.06560681015253067,0.975066602230072],"rotationconfidence":0.5},"24":{"id":24,"position":[483.35200548172,-925.8312582969666,1838.045716285706],"positionconfidence":0.5,"rotation":[0.2956430017948151,-0.9552984833717346,0,0.9314796328544617,0.2882716059684753,-0.2219122648239136,0.2119924575090408,0.06560681015253067,0.975066602230072],"rotationconfidence":0.5}},"skeletonTracked":true,"frameCount":5},{"position":[101.1461913585663,-396.0626125335693,2129.181385040283],"positionTracked":true,"id":4952,"skeleton":{"1":{"id":1,"position":[147.5974917411804,213.2069617509842,2393.126010894775],"positionconfidence":1,"rotation":[0.9995108842849731,-0.03127388283610344,0,0.03098576702177525,0.9903026819229126,0.1354272216558456,-0.004235335160046816,-0.135360985994339,0.9907873272895813],"rotationconfidence":1},"2":{"id":2,"position":[141.5451467037201,19.77448351681233,2366.673469543457],"positionconfidence":1,"rotation":[0.9994819164276123,-0.02951735816895962,-0.01283784490078688,0.03098576702177525,0.9903026819229126,0.1354272216558456,0.008715897798538208,-0.1357548534870148,0.9907041788101196],"rotationconfidence":1},"3":{"id":3,"position":[131.4308345317841,-318.2336688041687,2293.77293586731],"positionconfidence":1,"rotation":[0.9995567798614502,-0.02740197069942951,-0.01162870973348618,0.02923818305134773,0.9771049618721008,0.2107389122247696,0.005587808787822723,-0.210985541343689,0.9774731993675232],"rotationconfidence":1},"4":{"id":4,"position":[129.319503903389,-364.4671142101288,2227.658987045288],"positionconfidence":1,"rotation":[0.9976652264595032,-0.06667917966842651,0.01476854830980301,0.02616159804165363,0.5728808045387268,0.8192210793495178,-0.06308560818433762,-0.8169220089912415,0.5732876658439636],"rotationconfidence":1},"6":{"id":6,"position":[-29.62614595890045,-105.5710688233376,2357.347249984741],"positionconfidence":1,"rotation":[0.2946626842021942,0.9555459022521973,-0.01028550323098898,0.09215991944074631,-0.03912936896085739,-0.9949750304222107,-0.9511469006538391,0.2922341525554657,-0.09959301352500916],"rotationconfidence":1},"7":{"id":7,"position":[-102.7923002839088,-342.8376913070679,2359.901189804077],"positionconfidence":1,"rotation":[0.05383056029677391,0.4746123850345612,0.8785473108291626,0.3040096163749695,0.8302664160728455,-0.4671572148799896,-0.9511469006538391,0.2922341525554657,-0.09959301352500916],"rotationconfidence":1},"8":{"id":8,"position":[-114.7695556282997,-448.4385550022125,2164.425134658814],"positionconfidence":1,"rotation":[0.2094376385211945,0.4510238170623779,0.8675905466079712,0,0.8872683644294739,-0.4612534642219544,-0.977821946144104,0.09660383313894272,0.1858273893594742],"rotationconfidence":1},"9":{"id":9,"position":[-127.3460984230042,-475.5221307277679,2112.327098846436],"positionconfidence":1,"rotation":[0.2094376385211945,0.4510238170623779,0.8675905466079712,0,0.8872683644294739,-0.4612534642219544,-0.977821946144104,0.09660383313894272,0.1858273893594742],"rotationconfidence":1},"12":{"id":12,"position":[321.3091194629669,-119.2893460392952,2352.380037307739],"positionconfidence":1,"rotation":[0.268997073173523,-0.9580983519554138,-0.09842868149280548,-0.3835598528385162,-0.01282203383743763,-0.9234270453453064,0.8834717869758606,0.2861524224281311,-0.3709371089935303],"rotationconfidence":1},"13":{"id":13,"position":[384.2540979385376,-343.4831500053406,2329.347848892212],"positionconfidence":1,"rotation":[-0.1577420383691788,-0.5638518333435059,-0.8106716871261597,-0.4411292374134064,0.7747179269790649,-0.4530089199542999,0.8834717869758606,0.2861524224281311,-0.3709371089935303],"rotationconfidence":1},"14":{"id":14,"position":[349.2803275585175,-468.4975445270538,2149.609804153442],"positionconfidence":1,"rotation":[0.1409957557916641,0.3260780274868012,-0.9347690939903259,0,-0.9442015290260315,-0.3293683528900147,-0.9900102019309998,0.04643953964114189,-0.1331284046173096],"rotationconfidence":1},"15":{"id":15,"position":[357.4065864086151,-449.704110622406,2095.734596252441],"positionconfidence":1,"rotation":[0.1409957557916641,0.3260780274868012,-0.9347690939903259,0,-0.9442015290260315,-0.3293683528900147,-0.9900102019309998,0.04643953964114189,-0.1331284046173096],"rotationconfidence":1},"17":{"id":17,"position":[50.44656619429588,-434.1894388198853,2196.377038955689],"positionconfidence":1,"rotation":[0.7744073867797852,-0.6140715479850769,-0.1523459851741791,0.631318986415863,0.7341688275337219,0.2498648911714554,-0.04158724099397659,-0.2896761298179627,0.956220805644989],"rotationconfidence":1},"18":{"id":18,"position":[-141.5449976921082,-657.4588418006897,2120.390176773071],"positionconfidence":1,"rotation":[0.5305282473564148,-0.8476672172546387,0,0.7938615083694458,0.4968529641628265,0.3506009876728058,-0.2971929609775543,-0.1860037297010422,0.9365249276161194],"rotationconfidence":1},"19":{"id":19,"position":[-437.5076293945313,-842.6925539970398,1989.681243896484],"positionconfidence":0.5,"rotation":[-0.4038794338703156,-0.9148122668266296,0,0.8484817743301392,-0.3745952546596527,-0.3738409876823425,0.3419942855834961,-0.1509866714477539,0.9274927973747253],"rotationconfidence":0.5},"20":{"id":20,"position":[-468.6520099639893,-828.9426565170288,1905.217289924622],"positionconfidence":0.5,"rotation":[-0.4038794338703156,-0.9148122668266296,0,0.8484817743301392,-0.3745952546596527,-0.3738409876823425,0.3419942855834961,-0.1509866714477539,0.9274927973747253],"rotationconfidence":0.5},"21":{"id":21,"position":[203.4182101488113,-443.26251745224,2200.281381607056],"positionconfidence":1,"rotation":[0.9179805517196655,0.31429722905159,0.2419278919696808,-0.3931857943534851,0.801283597946167,0.4509430229663849,-0.05212270095944405,-0.5090795159339905,0.8591399192810059],"rotationconfidence":1},"22":{"id":22,"position":[331.4525485038757,-704.1870355606079,2053.439378738403],"positionconfidence":1,"rotation":[0.8990157246589661,0.4292738735675812,0.08657138049602509,-0.4150678217411041,0.7722707986831665,0.480953723192215,0.139604315161705,-0.4683179557323456,0.8724613785743713],"rotationconfidence":1},"23":{"id":23,"position":[474.6061265468597,-970.5370664596558,1887.562274932861],"positionconfidence":0.5,"rotation":[0.3507103025913239,0.9364839792251587,0,-0.9292272925376892,0.3479927182197571,-0.124248094856739,-0.1163563579320908,0.04357508942484856,0.9922511577606201],"rotationconfidence":0.5},"24":{"id":24,"position":[484.4385087490082,-974.2192625999451,1803.714752197266],"positionconfidence":0.5,"rotation":[0.3507103025913239,0.9364839792251587,0,-0.9292272925376892,0.3479927182197571,-0.124248094856739,-0.1163563579320908,0.04357508942484856,0.9922511577606201],"rotationconfidence":0.5}},"skeletonTracked":true,"frameCount":6},{"position":[98.53921830654144,-392.9751217365265,2129.150152206421],"positionTracked":true,"id":4952,"skeleton":{"1":{"id":1,"position":[148.1854617595673,213.9305174350739,2392.820119857788],"positionconfidence":1,"rotation":[0.9994877576828003,-0.03200693428516388,0,0.0317043699324131,0.9900394678115845,0.1371737718582153,-0.004390512127429247,-0.1371035128831863,0.9905470609664917],"rotationconfidence":1},"2":{"id":2,"position":[141.9898271560669,20.4580407589674,2366.013765335083],"positionconfidence":1,"rotation":[0.99947190284729,-0.03238216415047646,0.002711845096200705,0.0317043699324131,0.9900394678115845,0.1371737718582153,-0.007126817479729652,-0.1370153576135635,0.9905433058738708],"rotationconfidence":1},"3":{"id":3,"position":[131.3736289739609,-317.8431391716003,2293.584585189819],"positionconfidence":1,"rotation":[0.99947589635849,-0.03215884044766426,0.003710383316501975,0.03067107871174812,0.9773802161216736,0.2092539221048355,-0.01035581901669502,-0.2090304493904114,0.977854311466217],"rotationconfidence":1},"4":{"id":4,"position":[129.3694972991943,-364.1287982463837,2227.51784324646],"positionconfidence":1,"rotation":[0.9975308179855347,-0.06803908944129944,0.01740741357207298,0.02483681961894035,0.5736092925071716,0.8187524676322937,-0.0656922236084938,-0.8162984251976013,0.5738827586174011],"rotationconfidence":1},"6":{"id":6,"position":[-27.86627970635891,-103.2145544886589,2352.036714553833],"positionconfidence":1,"rotation":[0.307415634393692,0.951336145401001,-0.0213315412402153,0.1087007448077202,-0.05737834423780441,-0.9924170970916748,-0.9453463554382324,0.302765816450119,-0.1210499629378319],"rotationconfidence":1},"7":{"id":7,"position":[-104.2984575033188,-339.7434949874878,2357.340335845947],"positionconfidence":1,"rotation":[0.04619444534182549,0.4918546378612518,0.8694510459899902,0.3227790296077728,0.8163405656814575,-0.4789590835571289,-0.9453463554382324,0.302765816450119,-0.1210499629378319],"rot