{"motiondata":[{"position":[144.4370895624161,-469.9891209602356,2420.328140258789],"positionTracked":true,"id":4943,"skeleton":{"1":{"id":1,"position":[182.8332394361496,142.7067667245865,2655.530691146851],"positionconfidence":1,"rotation":[0.9997490048408508,0.02240441180765629,0,-0.02240353263914585,0.9997097849845886,-0.008865072391927242,-0.0001986167335417122,0.008862847462296486,0.9999607801437378],"rotationconfidence":1},"2":{"id":2,"position":[187.2991472482681,-56.57482519745827,2657.297849655151],"positionconfidence":1,"rotation":[0.9976990222930908,0.02292428724467754,0.06380686908960342,-0.02240353263914585,0.9997097849845886,-0.008865072391927242,-0.06399156898260117,0.007415174040943384,0.9979228973388672],"rotationconfidence":1},"3":{"id":3,"position":[172.4753081798554,-376.6250014305115,2596.121788024902],"positionconfidence":1,"rotation":[0.9969924092292786,-0.05634807050228119,0.05320634320378304,0.04544659703969955,0.9812027215957642,0.1875522136688232,-0.0627744123339653,-0.1845700740814209,0.9808124899864197],"rotationconfidence":1},"4":{"id":4,"position":[172.1962690353394,-420.1912879943848,2533.060073852539],"positionconfidence":1,"rotation":[0.9983516931533813,-0.04919058084487915,0.02956582792103291,0.003640538780018687,0.5683960914611816,0.822746992111206,-0.05727650597691536,-0.821283221244812,0.5676383376121521],"rotationconfidence":1},"6":{"id":6,"position":[0.07671918137930334,-168.1551039218903,2642.62580871582],"positionconfidence":1,"rotation":[0.3353989124298096,0.9374063014984131,-0.09368651360273361,0.2448429465293884,-0.1827666014432907,-0.9521808624267578,-0.9097029566764832,0.2964219152927399,-0.290816992521286],"rotationconfidence":1},"7":{"id":7,"position":[-74.21895116567612,-375.8040368556976,2663.378715515137],"positionconfidence":1,"rotation":[-0.1877536177635193,0.3310531079769135,0.9247444868087769,0.3703904151916504,0.8958447575569153,-0.2455057054758072,-0.9097029566764832,0.2964219152927399,-0.290816992521286],"rotationconfidence":1},"8":{"id":8,"position":[-24.5930403470993,-463.3060097694397,2418.955802917481],"positionconfidence":0.5,"rotation":[-0.1949409693479538,0.348482072353363,0.9168196320533752,0,0.9347529411315918,-0.3552985191345215,-0.9808149933815002,-0.06926223635673523,-0.1822216510772705],"rotationconfidence":0.5},"9":{"id":9,"position":[-8.423124440014362,-492.2118186950684,2342.907667160034],"positionconfidence":0.5,"rotation":[-0.1949409693479538,0.348482072353363,0.9168196320533752,0,0.9347529411315918,-0.3552985191345215,-0.9808149933815002,-0.06926223635673523,-0.1822216510772705],"rotationconfidence":0.5},"12":{"id":12,"position":[371.7963397502899,-167.922705411911,2666.460514068604],"positionconfidence":1,"rotation":[0.2606740295886993,-0.9597850441932678,0.1042200177907944,-0.4240249395370483,-0.2108041644096375,-0.8807750344276428,0.8673246502876282,0.1854032874107361,-0.4619239270687103],"rotationconfidence":1},"13":{"id":13,"position":[432.5713217258453,-391.6922807693481,2690.758943557739],"positionconfidence":1,"rotation":[-0.2152170240879059,-0.6971104741096497,-0.6838996410369873,-0.4488092362880707,0.6925768852233887,-0.5647191405296326,0.8673246502876282,0.1854032874107361,-0.4619239270687103],"rotationconfidence":1},"14":{"id":14,"position":[371.8536496162415,-588.3631706237793,2497.815132141113],"positionconfidence":1,"rotation":[-0.3594321012496948,-0.3697938621044159,-0.8567736744880676,0,-0.9181311726570129,0.3962765038013458,-0.9331712126731873,0.1424344927072525,0.3300058245658875],"rotationconfidence":1},"15":{"id":15,"position":[333.3801031112671,-627.9458403587341,2406.106233596802],"positionconfidence":0.5,"rotation":[-0.3594321012496948,-0.3697938621044159,-0.8567736744880676,0,-0.9181311726570129,0.3962765038013458,-0.9331712126731873,0.1424344927072525,0.3300058245658875],"rotationconfidence":0.5},"17":{"id":17,"position":[89.03367072343826,-494.3596124649048,2500.635385513306],"positionconfidence":1,"rotation":[0.8566523790359497,-0.4990373551845551,-0.1307986229658127,0.5137926340103149,0.8024261593818665,0.3035280406475067,-0.04651560634374619,-0.3272214233875275,0.9438021183013916],"rotationconfidence":1},"18":{"id":18,"position":[-83.31418037414551,-763.5273933410645,2398.819208145142],"positionconfidence":1,"rotation":[0.839633047580719,-0.5431540012359619,0,0.4985845685005188,0.770735502243042,0.3967118263244629,-0.2154756188392639,-0.3330923616886139,0.9179431796073914],"rotationconfidence":1},"19":{"id":19,"position":[-278.0588865280151,-1064.572930335999,2243.865489959717],"positionconfidence":0.5,"rotation":[0.5145030617713928,-0.8574885725975037,0,0.8367880582809448,0.5020825266838074,-0.2184007912874222,0.1872761696577072,0.1123678609728813,0.9758591651916504],"rotationconfidence":0.5},"20":{"id":20,"position":[-297.1574366092682,-1076.032280921936,2144.346714019775],"positionconfidence":0.5,"rotation":[0.5145030617713928,-0.8574885725975037,0,0.8367880582809448,0.5020825266838074,-0.2184007912874222,0.1872761696577072,0.1123678609728813,0.9758591651916504],"rotationconfidence":0.5},"21":{"id":21,"position":[248.4626770019531,-501.8399357795715,2505.899429321289],"positionconfidence":1,"rotation":[0.9611566066741943,0.2236267179250717,0.1617684811353684,-0.2714192569255829,0.8722048401832581,0.4069278836250305,-0.05009530112147331,-0.4350284934043884,0.8990220427513123],"rotationconfidence":1},"22":{"id":22,"position":[339.793473482132,-795.3311204910278,2368.97087097168],"positionconfidence":1,"rotation":[0.7612724900245667,0.4852266311645508,0.4301387369632721,-0.6373167634010315,0.4376027584075928,0.6342958211898804,0.1195473298430443,-0.7570065855979919,0.642378032207489],"rotationconfidence":1},"23":{"id":23,"position":[592.789888381958,-969.0468311309814,2117.173671722412],"positionconfidence":0.5,"rotation":[-0.8170766234397888,0.5765291452407837,0,-0.5125696659088135,-0.7264310717582703,-0.4577885270118713,-0.2639284133911133,-0.3740482926368713,0.8890611529350281],"rotationconfidence":0.5},"24":{"id":24,"position":[620.1360821723938,-930.2908778190613,2025.056123733521],"positionconfidence":0.5,"rotation":[-0.8170766234397888,0.5765291452407837,0,-0.5125696659088135,-0.7264310717582703,-0.4577885270118713,-0.2639284133911133,-0.3740482926368713,0.8890611529350281],"rotationconfidence":0.5}},"skeletonTracked":true,"frameCount":1},{"position":[145.750880241394,-468.5540795326233,2419.914722442627],"positionTracked":true,"id":4943,"skeleton":{"1":{"id":1,"position":[183.1174939870834,142.7126675844193,2655.276775360107],"positionconfidence":1,"rotation":[0.999818742275238,0.01904143765568733,0,-0.01904075220227242,0.9997827410697937,-0.008485095575451851,-0.0001615684159332886,0.00848355796188116,0.9999640583992004],"rotationconfidence":1},"2":{"id":2,"position":[186.9107633829117,-56.46250769495964,2656.967163085938],"positionconfidence":1,"rotation":[0.9975628852844238,0.01956687308847904,0.06697319447994232,-0.01904075220227242,0.9997827410697937,-0.008485095575451851,-0.06712466478347778,0.007189195603132248,0.9977186322212219],"rotationconfidence":1},"3":{"id":3,"position":[172.2534894943237,-376.4980733394623,2596.123933792114],"positionconfidence":1,"rotation":[0.9968032240867615,-0.0564090721309185,0.05657972395420075,0.04494753107428551,0.9814109802246094,0.1865799278020859,-0.06605277210474014,-0.1834403872489929,0.980809211730957],"rotationconfidence":1},"4":{"id":4,"position":[172.1699982881546,-420.1432168483734,2533.060789108276],"positionconfidence":1,"rotation":[0.9983208775520325,-0.04824169352650642,0.03206571191549301,0.001088637160137296,0.5690866112709045,0.8222768306732178,-0.05791619792580605,-0.820861279964447,0.5681836009025574],"rotationconfidence":1},"6":{"id":6,"position":[0.1604007120477036,-167.5917506217957,2641.93868637085],"positionconfidence":1,"rotation":[0.3379963636398315,0.9364966750144958,-0.09344704449176788,0.2461696416139603,-0.1838044673204422,-0.9516387581825256,-0.9083825945854187,0.2986466586589813,-0.2926623225212097],"rotationconfidence":1},"7":{"id":7,"position":[-74.73262399435043,-375.1001060009003,2662.644624710083],"positionconfidence":1,"rotation":[-0.1884543299674988,0.3323898315429688,0.9241222143173218,0.3732639849185944,0.8946099877357483,-0.2456558793783188,-0.9083825945854187,0.2986466586589813,-0.2926623225212097],"rotationconfidence":1},"8":{"id":8,"position":[-24.6069896966219,-463.510125875473,2416.843891143799],"positionconfidence":0.5,"rotation":[-0.1944676041603088,0.3479655086994171,0.9171163439750671,0,0.9349658489227295,-0.3547378480434418,-0.980908989906311,-0.06898502260446548,-0.1818205714225769],"rotationconfidence":0.5},"9":{"id":9,"position":[-8.192178793251514,-492.8815364837647,2339.431047439575],"positionconfidence":0.5,"rotation":[-0.1944676041603088,0.3479655086994171,0.9171163439750671,0,0.9349658489227295,-0.3547378480434418,-0.980908989906311,-0.06898502260446548,-0.1818205714225769],"rotationconfidence":0.5},"12":{"id":12,"position":[371.7255592346191,-167.7199602127075,2666.937828063965],"positionconfidence":1,"rotation":[0.2582823932170868,-0.9604559540748596,0.1039925515651703,-0.3118854761123657,-0.1847802847623825,-0.9319783449172974,0.9143400192260742,0.2082798480987549,-0.3472777903079987],"rotationconfidence":1},"13":{"id":13,"position":[431.9739937782288,-391.7614221572876,2691.195726394653],"positionconfidence":1,"rotation":[-0.2231312245130539,-0.4565237462520599,-0.8612773418426514,-0.3379272818565369,0.8649888634681702,-0.3709442019462585,0.9143400192260742,0.2082798480987549,-0.3472777903079987],"rotationconfidence":1},"14":{"id":14,"position":[380.6192576885223,-496.8325793743134,2492.968559265137],"positionconfidence":1,"rotation":[-0.3764528334140778,-0.3532193601131439,-0.8564574122428894,0,-0.9244649410247803,0.3812669813632965,-0.9264357089996338,0.1435290426015854,0.3480174541473389],"rotationconfidence":1},"15":{"id":15,"position":[348.57577085495,-526.898443698883,2420.067310333252],"positionconfidence":0.5,"rotation":[-0.3764528334140778,-0.3532193601131439,-0.8564574122428894,0,-0.9244649410247803,0.3812669813632965,-0.9264357089996338,0.1435290426015854,0.3480174541473389],"rotationconfidence":0.5},"17":{"id":17,"position":[89.036725461483,-494.3054020404816,2500.610589981079],"positionconfidence":1,"rotation":[0.8561162948608398,-0.5001566410064697,-0.1300314664840698,0.5145964622497559,0.8019436597824097,0.3034416139125824,-0.0474904328584671,-0.326695054769516,0.9439359307289124],"rotationconfidence":1},"18":{"id":18,"position":[-83.6452916264534,-763.4118795394897,2398.785352706909],"positionconfidence":1,"rotation":[0.8422617316246033,-0.5390688180923462,0,0.4951445758342743,0.773632824420929,0.395378440618515,-0.2131361812353134,-0.3330121338367462,0.9185183048248291],"rotationconfidence":1},"19":{"id":19,"position":[-277.0987451076508,-1065.670967102051,2244.310617446899],"positionconfidence":0.5,"rotation":[0.5467066168785095,-0.837324321269989,0,0.8175862431526184,0.5338191986083984,-0.2158471792936325,0.1807340681552887,0.1180050671100617,0.9764271974563599],"rotationconfidence":0.5},"20":{"id":20,"position":[-295.523464679718,-1077.700853347778,2144.769906997681],"positionconfidence":0.5,"rotation":[0.5467066168785095,-0.837324321269989,0,0.8175862431526184,0.5338191986083984,-0.2158471792936325,0.1807340681552887,0.1180050671100617,0.9764271974563599],"rotationconfidence":0.5},"21":{"id":21,"position":[248.4294474124908,-501.7948746681213,2506.037712097168],"positionconfidence":1,"rotation":[0.9610806107521057,0.2233094573020935,0.1626559048891068,-0.2715103328227997,0.8722655177116394,0.4067369997501373,-0.05105092003941536,-0.4350697994232178,0.8989483118057251],"rotationconfidence":1},"22":{"id":22,"position":[339.8305773735046,-795.4339981079102,2369.113922119141],"positionconfidence":1,"rotation":[0.7612316012382507,0.4839594662189484,0.4316362142562866,-0.6375492215156555,0.4368326663970947,0.6345929503440857,0.1185644641518593,-0.7582615613937378,0.6410788297653198],"rotationconfidence":1},"23":{"id":23,"position":[592.9445028305054,-968.8612818717957,2117.173671722412],"positionconfidence":0.5,"rotation":[-0.8159099817276001,0.578178882598877,0,-0.5136134028434753,-0.7247970104217529,-0.4592064023017883,-0.265503466129303,-0.3746711015701294,0.8883296251296997],"rotationconfidence":0.5},"24":{"id":24,"position":[620.451033115387,-930.0448298454285,2025.141477584839],"positionconfidence":0.5,"rotation":[-0.8159099817276001,0.578178882598877,0,-0.5136134028434753,-0.7247970104217529,-0.4592064023017883,-0.265503466129303,-0.3746711015701294,0.8883296251296997],"rotationconfidence":0.5}},"skeletonTracked":true,"frameCount":2},{"position":[144.6672230958939,-470.3492224216461,2419.236421585083],"positionTracked":true,"id":4943,"skeleton":{"1":{"id":1,"position":[183.6659759283066,142.5034701824188,2654.678583145142],"positionconfidence":1,"rotation":[0.9998971223831177,0.01434166263788939,0,-0.01434100419282913,0.9998512268066406,-0.009587437845766544,-0.0001374997955281287,0.009586451575160027,0.9999540448188782],"rotationconfidence":1},"2":{"id":2,"position":[186.5186542272568,-56.38454481959343,2656.585693359375],"positionconfidence":1,"rotation":[0.9973812699317932,0.01498402748256922,0.07075396180152893,-0.01434100419282913,0.9998512268066406,-0.009587437845766544,-0.07088708877563477,0.0085476478561759,0.9974477291107178],"rotationconfidence":1},"3":{"id":3,"position":[171.9812750816345,-376.3847947120667,2596.098184585571],"positionconfidence":1,"rotation":[0.9965479373931885,-0.05672980844974518,0.0606134906411171,0.04459439218044281,0.9816224575042725,0.1855495274066925,-0.07002575695514679,-0.1822059899568558,0.9807637333869934],"rotationconfidence":1},"4":{"id":4,"position":[172.1364557743073,-420.1060831546783,2533.053874969482],"positionconfidence":1,"rotation":[0.9982643127441406,-0.04721614718437195,0.03520162776112557,-0.002022654283791781,0.5698714852333069,0.8217313289642334,-0.05885939300060272,-0.8203762769699097,0.5687868595123291],"rotationconfidence":1},"6":{"id":6,"position":[0.3154496080242097,-166.9821441173554,2640.992164611816],"positionconfidence":1,"rotation":[0.3407162129878998,0.9354526400566101,-0.09402459859848022,0.249340757727623,-0.1863353550434113,-0.9503200650215149,-0.9064996838569641,0.3003453612327576,-0.2967340052127838],"rotationconfidence":1},"7":{"id":7,"position":[-75.24523884057999,-374.4376301765442,2661.84401512146],"positionconfidence":1,"rotation":[-0.1966491192579269,0.3215766549110413,0.9262383580207825,0.3736141324043274,0.8979872465133667,-0.2324464917182922,-0.9064996838569641,0.3003453612327576,-0.2967340052127838],"rotationconfidence":1},"8":{"id":8,"position":[-23.67145754396915,-458.7752819061279,2418.926000595093],"positionconfidence":0.5,"rotation":[-0.2905500531196594,0.1794451773166657,0.9398829936981201,0,0.9822577834129333,-0.1875354945659638,-0.9568597078323364,-0.05448844656348229,-0.2853950560092926],"rotationconfidence":0.5},"9":{"id":9,"position":[-5.306937731802464,-470.1173007488251,2359.519720077515],"positionconfidence":1,"rotation":[-0.2905500531196594,0.1794451773166657,0.9398829936981201,0,0.9822577834129333,-0.1875354945659638,-0.9568597078323364,-0.05448844656348229,-0.2853950560092926],"rotationconfidence":1},"12":{"id":12,"position":[371.5857565402985,-167.6139533519745,2667.383193969727],"positionconfidence":1,"rotation":[0.2559471130371094,-0.961138129234314,0.1034632474184036,-0.370194673538208,-0.1963214576244354,-0.9079724550247192,0.8929989337921143,0.1940913498401642,-0.4060561060905457],"rotationconfidence":1},"13":{"id":13,"position":[431.2887787818909,-391.8120265007019,2691.517353057861],"positionconfidence":1,"rotation":[-0.2268422245979309,-0.5851361751556396,-0.7785617113113403,-0.3887102007865906,0.7873654365539551,-0.4784978628158569,0.8929989337921143,0.1940913498401642,-0.4060561060905457],"rotationconfidence":1},"14":{"id":14,"position":[373.4836578369141,-540.9194827079773,2493.120193481445],"positionconfidence":1,"rotation":[-0.3389085829257965,0.08899936079978943,-0.9366003274917603,0,-0.9955155849456787,-0.0945977121591568,-0.9408193826675415,-0.03205997496843338,0.3373887836933136],"rotationconfidence":1},"15":{"id":15,"position":[347.3394513130188,-534.0538620948792,2420.868635177612],"positionconfidence":0.5,"rotation":[-0.3389085829257965,0.08899936079978943,-0.9366003274917603,0,-0.9955155849456787,-0.0945977121591568,-0.9408193826675415,-0.03205997496843338,0.3373887836933136],"rotationconfidence":0.5},"17":{"id":17,"position":[89.04382586479187,-494.2330718040466,2500.566482543945],"positionconfidence":1,"rotation":[0.8555701375007629,-0.501368522644043,-0.1289540827274323,0.5153879523277283,0.8014733791351318,0.3033406138420105,-0.04873217642307282,-0.3259905874729157,0.9441161751747131],"rotationconfidence":1},"18":{"id":18,"position":[-83.97312462329865,-763.2895708084106,2398.734331130981],"positionconfidence":1,"rotation":[0.8446609377861023,-0.535301685333252,0,0.4919355511665344,0.7762328386306763,0.3942867815494537,-0.2110623717308044,-0.3330386281013489,0.918987512588501],"rotationconfidence":1},"19":{"id":19,"position":[-276.2200832366943,-1066.639065742493,2244.648218154907],"positionconfidence":0.5,"rotation":[0.5760568380355835,-0.8174096941947937,0,0.7985895276069641,0.5627936124801636,-0.2133499830961227,0.1743943244218826,0.1229017004370689,0.9769758582115173],"rotationconfidence":0.5},"20":{"id":20,"position":[-293.997585773468,-1079.167485237122,2145.05672454834],"positionconfidence":0.5,"rotation":[0.5760568380355835,-0.8174096941947937,0,0.7985895276069641,0.5627936124801636,-0.2133499830961227,0.1743943244218826,0.1229017004370689,0.9769758582115173],"rotationconfidence":0.5},"21":{"id":21,"position":[248.3663558959961,-501.7654895782471,2506.189346313477],"positionconfidence":1,"rotation":[0.9609429836273193,0.2229818850755692,0.1639135926961899,-0.2717597484588623,0.8722360730171204,0.4066335558891296,-0.05229943990707398,-0.4352967739105225,0.8987666368484497],"rotationconfidence":1},"22":{"id":22,"position":[339.8928940296173,-795.5276966094971,2369.238376617432],"positionconfidence":1,"rotation":[0.7612073421478271,0.4820141196250916,0.433849960565567,-0.6379637718200684,0.4364286661148071,0.6344542503356934,0.1164713501930237,-0.7597317695617676,0.6397202610969543],"rotationconfidence":1},"23":{"id":23,"position":[593.200147151947,-968.8142538070679,2117.324590682983],"positionconfidence":0.5,"rotation":[-0.8117214441299438,0.584044873714447,0,-0.5183740854263306,-0.7204504013061523,-0.4606947898864746,-0.2690663933753967,-0.3739557862281799,0.8875586986541748],"rotationconfidence":0.5},"24":{"id":24,"position":[621.0513710975647,-930.1058650016785,2025.452852249146],"positionconfidence":0.5,"rotation":[-0.8117214441299438,0.584044873714447,0,-0.5183740854263306,-0.7204504013061523,-0.4606947898864746,-0.2690663933753967,-0.3739557862281799,0.8875586986541748],"rotationconfidence":0.5}},"skeletonTracked":true,"frameCount":3},{"position":[143.3707475662231,-469.9532687664032,2418.223142623901],"positionTracked":true,"id":4943,"skeleton":{"1":{"id":1,"position":[184.3477636575699,142.1685516834259,2653.905868530273],"positionconfidence":1,"rotation":[0.9999585151672363,0.009112678468227386,0,-0.00911215040832758,0.9999005794525146,-0.0107685774564743,-0.00009813058568397537,0.01076813042163849,0.9999421238899231],"rotationconfidence":1},"2":{"id":2,"position":[186.1564069986343,-56.29870668053627,2656.043291091919],"positionconfidence":1,"rotation":[0.9971731305122375,0.00988948717713356,0.07448636740446091,-0.00911215040832758,0.9999005794525146,-0.0107685774564743,-0.0745854452252388,0.01005940325558186,0.9971639513969421],"rotationconfidence":1},"3":{"id":3,"position":[171.71511054039,-376.27112865448,2596.045017242432],"positionconfidence":1,"rotation":[0.9962756037712097,-0.05708286538720131,0.06462572515010834,0.04431624338030815,0.9819046854972839,0.1841176897287369,-0.07396626472473145,-0.1805679798126221,0.9807773232460022],"rotationconfidence":1},"4":{"id":4,"position":[172.1036583185196,-420.0735092163086,2533.040285110474],"positionconfidence":1,"rotation":[0.9981852769851685,-0.04638375714421272,0.03840285539627075,-0.005063442979007959,0.5708200335502625,0.8210595846176147,-0.06000494956970215,-0.8197640180587769,0.5695493221282959],"rotationconfidence":1},"6":{"id":6,"position":[0.5029247840866446,-166.3687527179718,2640.021324157715],"positionconfidence":1,"rotation":[0.3434931635856628,0.9344419836997986,-0.09397172182798386,0.253667414188385,-0.1886532753705978,-0.948716402053833,-0.9042484760284424,0.3020400404930115,-0.3018385767936707],"rotationconfidence":1},"7":{"id":7,"position":[-75.74785500764847,-373.8020658493042,2660.881757736206],"positionconfidence":1,"rotation":[-0.2010105103254318,0.3225573301315308,0.9249602556228638,0.376735270023346,0.8970666527748108,-0.2309587448835373,-0.9042484760284424,0.3020400404930115,-0.3018385767936707],"rotationconfidence":1},"8":{"id":8,"position":[-21.76337689161301,-460.4298174381256,2412.469387054443],"positionconfidence":1,"rotation":[-0.2692185044288635,0.2666682600975037,0.9254239201545715,0,0.9609012603759766,-0.2768913507461548,-0.9630791544914246,-0.0745442733168602,-0.2586924135684967],"rotationconfidence":1},"9":{"id":9,"position":[0.05773245356976986,-482.0442199707031,2337.460517883301],"positionconfidence":1,"rotation":[-0.2692185044288635,0.2666682600975037,0.9254239201545715,0,0.9609012603759766,-0.2768913507461548,-0.9630791544914246,-0.0745442733168602,-0.2586924135684967],"rotationconfidence":1},"12":{"id":12,"position":[371.4503347873688,-167.5499826669693,2667.779207229614],"positionconfidence":1,"rotation":[0.2539373338222504,-0.9617084860801697,0.103114940226078,-0.3741468489170075,-0.1959801763296127,-0.906424880027771,0.8919249176979065,0.1915949732065201,-0.4095868468284607],"rotationconfidence":1},"13":{"id":13,"position":[430.6785464286804,-391.8583691120148,2691.829681396484],"positionconfidence":1,"rotation":[-0.2295729368925095,-0.5885078310966492,-0.7752127647399902,-0.3895719349384308,0.7854616641998291,-0.4809197783470154,0.8919249176979065,0.1915949732065201,-0.4095868468284607],"rotationconfidence":1},"14":{"id":14,"position":[371.9432055950165,-542.425811290741,2493.494510650635],"positionconfidence":0.5,"rotation":[-0.3633028268814087,-0.08656109124422073,-0.9276412129402161,0,-0.9956745505332947,0.09290949255228043,-0.9316710829734802,0.03375428169965744,0.3617313802242279],"rotationconfidence":0.5},"15":{"id":15,"position":[344.0183103084564,-549.0792393684387,2422.192335128784],"positionconfidence":0.5,"rotation":[-0.3633028268814087,-0.08656109124422073,-0.9276412129402161,0,-0.9956745505332947,0.09290949255228043,-0.9316710829734802,0.03375428169965744,0.3617313802242279],"rotationconfidence":0.5},"17":{"id":17,"position":[89.05758708715439,-494.1467940807343,2500.49638748169],"positionconfidence":1,"rotation":[0.8550304770469666,-0.5026187896728516,-0.127660945057869,0.5161495208740234,0.8010410666465759,0.3031879365444183,-0.05012629181146622,-0.3251270353794098,0.9443409442901611],"rotationconfidence":1},"18":{"id":18,"position":[-84.28764343261719,-763.1708979606628,2398.672819137573],"positionconfidence":1,"rotation":[0.8467714786529541,-0.5319569110870361,0,0.4890534579753876,0.7784774899482727,0.3934456408023834,-0.2092961221933365,-0.333158552646637,0.919347882270813],"rotationconfidence":1},"19":{"id":19,"position":[-275.4502892494202,-1067.464470863342,2244.881629943848],"positionconfidence":0.5,"rotation":[0.6010729074478149,-0.7991942167282104,0,0.7811726927757263,0.5875189304351807,-0.2111652046442032,0.1687619984149933,0.1269256770610809,0.9774503707885742],"rotationconfidence":0.5},"20":{"id":20,"position":[-292.6577627658844,-1080.406188964844,2145.217895507813],"positionconfidence":0.5,"rotation":[0.6010729074478149,-0.7991942167282104,0,0.7811726927757263,0.5875189304351807,-0.2111652046442032,0.1687619984149933,0.1269256770610809,0.9774503707885742],"rotationconfidence":0.5},"21":{"id":21,"position":[248.3023554086685,-501.74880027771,2506.331920623779],"positionconfidence":1,"rotation":[0.9607647061347961,0.2226570099592209,0.1653934717178345,-0.2721122205257416,0.8721543550491333,0.4065730571746826,-0.05372230336070061,-0.4356266558170319,0.8985228538513184],"rotationconfidence":1},"22":{"id":22,"position":[339.9885296821594,-795.6146597862244,2369.340181350708],"positionconfidence":1,"rotation":[0.7613145112991333,0.4808584451675415,0.4349430203437805,-0.6380317807197571,0.4362124800682068,0.6345345973968506,0.1153937429189682,-0.7605878710746765,0.6388978362083435],"rotationconfidence":1},"23":{"id":23,"position":[593.3396220207214,-968.8268899917603,2117.377758026123],"positionconfidence":0.5,"rotation":[-0.8074217438697815,0.5899746417999268,0,-0.5235661864280701,-0.7165370583534241,-0.4609262943267822,-0.27193483710289,-0.3721619248390198,0.8874384164810181],"rotationconfidence":0.5},"24":{"id":24,"position":[621.4687824249268,-930.3301572799683,2025.580406188965],"positionconfidence":0.5,"rotation":[-0.8074217438697815,0.5899746417999268,0,-0.5235661864280701,-0.7165370583534241,-0.4609262943267822,-0.27193483710289,-0.3721619248390198,0.8874384164810181],"rotationconfidence":0.5}},"skeletonTracked":true,"frameCount":4},{"position":[146.3005989789963,-472.4094569683075,2417.215824127197],"positionTracked":true,"id":4943,"skeleton":{"1":{"id":1,"position":[185.041606426239,141.895979642868,2653.110980987549],"positionconfidence":1,"rotation":[0.9999939799308777,0.003479591337963939,0,-0.003479365492239595,0.9999290704727173,-0.01138857286423445,-0.00003962757909903303,0.01138850394636393,0.9999351501464844],"rotationconfidence":1},"2":{"id":2,"position":[185.7310384511948,-56.23874813318253,2655.367612838745],"positionconfidence":1,"rotation":[0.9968891739845276,0.004365076776593924,0.0786951407790184,-0.003479365492239595,0.9999290704727173,-0.01138857286423445,-0.07873927801847458,0.01107933558523655,0.9968336820602417],"rotationconfidence":1},"3":{"id":3,"position":[171.4038699865341,-376.1674165725708,2595.945835113525],"positionconfidence":1,"rotation":[0.9959511756896973,-0.05744412168860436,0.06914740055799484,0.04398676007986069,0.9822335839271545,0.182434618473053,-0.0783986896276474,-0.1786544024944305,0.9807834625244141],"rotationconfidence":1},"4":{"id":4,"position":[172.0622777938843,-420.0471341609955,2533.011913299561],"positionconfidence":1,"rotation":[0.9980933666229248,-0.04524314031004906,0.04198703169822693,-0.008581533096730709,0.5719179511070251,0.8202660083770752,-0.0611245408654213,-0.8190622925758362,0.5704391598701477],"rotationconfidence":1},"6":{"id":6,"position":[0.7454350125044584,-165.707603096962,2638.909339904785],"positionconfidence":1,"rotation":[0.3460707366466522,0.9334757924079895,-0.09411703050136566,0.2586093544960022,-0.191339835524559,-0.9468422532081604,-0.901862621307373,0.3033348619937897,-0.3076226711273193],"rotationconfidence":1},"7":{"id":7,"position":[-76.17808133363724,-373.1976747512817,2659.829378128052],"positionconfidence":1,"rotation":[-0.2054647654294968,0.3252167105674744,0.9230482578277588,0.3800367414951325,0.8956683278083801,-0.2309761643409729,-0.901862621307373,0.3033348619937897,-0.3076226711273193],"rotationconfidence":1},"8":{"id":8,"position":[-19.97012458741665,-462.1655642986298,2407.315731048584],"positionconfidence":1,"rotation":[-0.2618811726570129,0.3040531575679779,0.9159529805183411,0,0.9490755796432495,-0.3150483071804047,-0.9651000499725342,-0.08250521868467331,-0.2485450208187103],"rotationconfidence":1},"9":{"id":9,"position":[3.268185537308455,-489.1460537910461,2326.037645339966],"positionconfidence":1,"rotation":[-0.2618811726570129,0.3040531575679779,0.9159529805183411,0,0.9490755796432495,-0.3150483071804047,-0.9651000499725342,-0.08250521868467331,-0.2485450208187103],"rotationconfidence":1},"12":{"id":12,"position":[371.3323771953583,-167.5203144550324,2668.201923370361],"positionconfidence":1,"rotation":[0.2519276738166809,-0.9622957706451416,0.1025632172822952,-0.3872947990894318,-0.1973786652088165,-0.9005799293518066,0.8868681192398071,0.1871588230133057,-0.4224173426628113],"rotationconfidence":1},"13":{"id":13,"position":[430.0729632377625,-391.8935060501099,2692.116022109985],"positionconfidence":1,"rotation":[-0.2321401089429855,-0.6099880933761597,-0.7576448321342468,-0.3994694650173187,0.7699910402297974,-0.497531920671463,0.8868681192398071,0.1871588230133057,-0.4224173426628113],"rotationconfidence":1},"14":{"id":14,"position":[369.4272637367249,-551.2505173683167,2494.184255599976],"positionconfidence":0.5,"rotation":[-0.3706032633781433,-0.1488495320081711,-0.916786253452301,0,-0.9870745539665222,0.1602615416049957,-0.9287912249565125,0.05939345061779022,0.3658130466938019],"rotationconfidence":0.5},"15":{"id":15,"position":[340.62659740448,-562.8180503845215,2422.938108444214],"positionconfidence":0.5,"rotation":[-0.3706032633781433,-0.1488495320081711,-0.916786253452301,0,-0.9870745539665222,0.1602615416049957,-0.9287912249565125,0.05939345061779022,0.3658130466938019],"rotationconfidence":0.5},"17":{"id":17,"position":[89.06608819961548,-494.068443775177,2500.413417816162],"positionconfidence":1,"rotation":[0.8545193076133728,-0.5037903189659119,-0.1264598965644836,0.5168678760528564,0.8006318211555481,0.303045004606247,-0.0514233261346817,-0.3243208825588226,0.9445483684539795],"rotationconfidence":1},"18":{"id":18,"position":[-84.59781110286713,-763.0749940872192,2398.592472076416],"positionconfidence":1,"rotation":[0.8484567403793335,-0.5292646288871765,0,0.4867006838321686,0.78022301197052,0.392905056476593,-0.2079507559537888,-0.3333629369735718,0.9195789098739624],"rotationconfidence":1},"19":{"id":19,"position":[-274.8733758926392,-1068.103075027466,2244.986295700073],"positionconfidence":0.5,"rotation":[0.6211975812911987,-0.7836538553237915,0,0.7663162350654602,0.6074541807174683,-0.2091860622167587,0.1639294922351837,0.1299459040164948,0.9778759479522705],"rotationconfidence":0.5},"20":{"id":20,"position":[-291.5975451469421,-1081.360220909119,2145.222902297974],"positionconfidence":0.5,"rotation":[0.6211975812911987,-0.7836538553237915,0,0.7663162350654602,0.6074541807174683,-0.2091860622167587,0.1639294922351837,0.1299459040164948,0.9778759479522705],"rotationconfidence":0.5},"21":{"id":21,"position":[248.2429146766663,-501.7485618591309,2506.442308425903],"positionconfidence":1,"rotation":[0.9605684280395508,0.2224458009004593,0.166811466217041,-0.2725382149219513,0.8720723390579224,0.4064635932445526,-0.05505554750561714,-0.4358986616134644,0.8983102440834045],"rotationconfidence":1},"22":{"id":22,"position":[340.1138186454773,-795.7186102867126,2369.426012039185],"positionconfidence":1,"rotation":[0.7614713311195374,0.4796874523162842,0.4359603226184845,-0.6380176544189453,0.4359261095523834,0.6347455978393555,0.1144330129027367,-0.7614909410476685,0.6379942893981934],"rotationconfidence":1},"23":{"id":23,"position":[593.4556126594543,-968.8146114349365,2117.383480072022],"positionconfidence":0.5,"rotation":[-0.8038769960403442,0.5947954058647156,0,-0.5277317762374878,-0.713239312171936,-0.4612902402877808,-0.2743733823299408,-0.3708206713199616,0.8872492909431458],"rotationconfidence":0.5},"24":{"id":24,"position":[621.8357682228088,-930.4583072662354,2025.609731674194],"positionconfidence":0.5,"rotation":[-0.8038769960403442,0.5947954058647156,0,-0.5277317762374878,-0.713239312171936,-0.4612902402877808,-0.2743733823299408,-0.3708206713199616,0.8872492909431458],"rotationconfidence":0.5}},"skeletonTracked":true,"frameCount":5},{"position":[142.9753452539444,-469.1859483718872,2416.841983795166],"positionTracked":true,"id":4943,"skeleton":{"1":{"id":1,"position":[185.7328712940216,141.6162550449371,2652.307510375977],"positionconfidence":1,"rotation":[0.9999979734420776,-0.002012434881180525,0,0.002012284472584724,0.9999232292175293,-0.01221755519509316,0.00002458703420415986,0.01221753004938364,0.9999252557754517],"rotationconfidence":1},"2":{"id":2,"position":[185.3347271680832,-56.22533708810806,2654.724836349487],"positionconfidence":1,"rotation":[0.9965538382530212,-0.0009920804295688868,0.08294176310300827,0.002012284472584724,0.9999232292175293,-0.01221755519509316,-0.0829232931137085,0.0123423570767045,0.9964795708656311],"rotationconfidence":1},"3":{"id":3,"position":[171.0904389619827,-376.0827779769898,2595.824241638184],"positionconfidence":1,"rotation":[0.9955987334251404,-0.05790663883090019,0.07368812710046768,0.04375491291284561,0.9825225472450256,0.1809279769659042,-0.08287718147039413,-0.1769074499607086,0.9807319045066833],"rotationconfidence":1},"4":{"id":4,"position":[172.0185875892639,-420.0270771980286,2532.973766326904],"positionconfidence":1,"rotation":[0.997981607913971,-0.04417357966303825,0.04562339559197426,-0.01210179179906845,0.5729736685752869,0.8194844126701355,-0.06234056502580643,-0.8183825016021729,0.5712826251983643],"rotationconfidence":1},"6":{"id":6,"position":[1.005653874017298,-165.0571823120117,2637.71915435791],"positionconfidence":1,"rotation":[0.3485213816165924,0.9326173067092896,-0.09358281642198563,0.2634477317333221,-0.1932875663042069,-0.9451111555099487,-0.8995154500007629,0.3047372996807098,-0.3130607903003693],"rotationconfidence":1},"7":{"id":7,"position":[-76.56561583280563,-372.6321458816528,2658.54811668396],"positionconfidence":1,"rotation":[-0.2090724855661392,0.3289367258548737,0.9209176898002625,0.3836151659488678,0.8938320875167847,-0.2321714758872986,-0.8995154500007629,0.3047372996807098,-0.3130607903003693],"rotationconfidence":1},"8":{"id":8,"position":[-18.56553740799427,-463.8845026493073,2403.070688247681],"positionconfidence":1,"rotation":[-0.2560342848300934,0.3261750936508179,0.9099760055541992,0,0.941353440284729,-0.3374221324920654,-0.9666677117347717,-0.0863916352391243,-0.241018757224083],"rotationconfidence":1},"9":{"id":9,"position":[5.108359735459089,-494.0438866615295,2318.930864334106],"positionconfidence":1,"rotation":[-0.2560342848300934,0.3261750936508179,0.9099760055541992,0,0.941353440284729,-0.3374221324920654,-0.9666677117347717,-0.0863916352391243,-0.241018757224083],"rotationconfidence":1},"12":{"id":12,"position":[371.2425827980042,-167.5332337617874,2668.559551239014],"positionconfidence":1,"rotation":[0.2498117536306381,-0.9628980755805969,0.1020851582288742,-0.4053564369678497,-0.1997407227754593,-0.892070472240448,0.879363477230072,0.1814688146114349,-0.4402145147323608],"rotationconfidence":1},"13":{"id":13,"position":[429.4568598270416,-391.9198513031006,2692.348718643189],"positionconfidence":1,"rotation":[-0.223616361618042,-0.658836841583252,-0.7182825207710266,-0.420375406742096,0.7300705909729004,-0.5387776494026184,0.879363477230072,0.1814688146114349,-0.4402145147323608],"rotationconfidence":1},"14":{"id":14,"position":[368.8981235027313,-570.3429579734802,2497.826814651489],"positionconfidence":1,"rotation":[-0.3684580028057098,-0.06357166171073914,-0.9274681806564331,0,-0.9976590871810913,0.06838277727365494,-0.9296442866325378,0.02519618161022663,0.3675954639911652],"rotationconfidence":1},"15":{"id":15,"position":[340.1650786399841,-575.300395488739,2425.501108169556],"positionconfidence":0.5,"rotation":[-0.3684580028057098,-0.06357166171073914,-0.9274681806564331,0,-0.9976590871810913,0.06838277727365494,-0.9296442866325378,0.02519618161022663,0.3675954639911652],"rotationconfidence":0.5},"17":{"id":17,"position":[89.0771895647049,-493.9920902252197,2500.300645828247],"positionconfidence":1,"rotation":[0.854013979434967,-0.5049801468849182,-0.125121146440506,0.5175633430480957,0.8002554178237915,0.3028521239757538,-0.05280544608831406,-0.32339808344841,0.9447885751724243],"rotationconfidence":1},"18":{"id":18,"position":[-84.90179479122162,-762.9980444908142,2398.496866226196],"positionconfidence":1,"rotation":[0.8499447703361511,-0.5268717408180237,0,0.484553337097168,0.7816770672798157,0.3926692008972168,-0.2068863064050674,-0.333747148513794,0.9196798205375671],"rotationconfidence":1},"19":{"id":19,"position":[-274.367481470108,-1068.642377853394,2244.958877563477],"positionconfidence":0.5,"rotation":[0.638231098651886,-0.7698447704315186,0,0.7531662583351135,0.6244040131568909,-0.2070270031690598,0.1593786627054215,0.1321310847997665,0.9783352613449097],"rotationconfidence":0.5},"20":{"id":20,"position":[-290.6428873538971,-1082.135319709778,2145.053386688232],"positionconfidence":0.5,"rotation":[0.638231098651886,-0.7698447704315186,0,0.7531662583351135,0.6244040131568909,-0.2070270031690598,0.1593786627054215,0.1321310847997665,0.9783352613449097],"rotationconfidence":0.5},"21":{"id":21,"position":[248.188778758049,-501.7609596252441,2506.534337997437],"positionconfidence":1,"rotation":[0.9603533148765564,0.2222240120172501,0.1683388352394104,-0.2730038464069367,0.8719733953475952,0.4063632786273956,-0.05648332089185715,-0.4362095594406128,0.8980706930160522],"rotationconfidence":1},"22":{"id":22,"position":[340.2597010135651,-795.8351969718933,2369.487762451172],"positionconfidence":1,"rotation":[0.7615835070610046,0.4784134328365326,0.4371624886989594,-0.638054370880127,0.4354100525379181,0.6350628733634949,0.1134776696562767,-0.7625868320465088,0.636854887008667],"rotationconfidence":1},"23":{"id":23,"position":[593.6260223388672,-968.7330722808838,2117.309331893921],"positionconfidence":0.5,"rotation":[-0.8012275695800781,0.5983597040176392,0,-0.5306487679481506,-0.7105599045753479,-0.4620786607265472,-0.2764892578125,-0.3702301979064941,0.8868390321731567],"rotationconfidence":0.5},"24":{"id":24,"position":[622.2341060638428,-930.4257035255432,2025.548934936523],"positionconfidence":0.5,"rotation":[-0.8012275695800781,0.5983597040176392,0,-0.5306487679481506,-0.7105599045753479,-0.4620786607265472,-0.2764892578125,-0.3702301979064941,0.8868390321731567],"rotationconfidence":0.5}},"skeletonTracked":true,"frameCount":6},{"position":[143.3746218681335,-469.9876308441162,2415.844678878784],"positionTracked":true,"id":4943,"skeleton":{"1":{"id":1,"position":[186.4968985319138,141.1994099617004,2651.333570480347],"positionconfidence":1,"rotation":[0.9999692440032959,-0.007846426218748093,0,0.007845787331461906,0.9998878836631775,-0.01275070570409298,0.0001000474730972201,0.01275031361728907,0.9999186992645264],"rotationconfidence":1},"2":{"id":2,"position":[184.9469691514969,-56.3276894390583,2653.852462768555],"positionconfidence":1,"rotation":[0.9962157011032104,-0.006711929570883513,0.08665557205677032,0.007845787331461906,0.9998878836631775,-0.01275070570409298,-0.08656027913093567,0.01338233519345522,0.9961567521095276],"rotationconfidence":1},"3":{"id":3,"position":[170.7881093025208,-376.0127425193787,2595.669746398926],"positionconfidence":1,"rotation":[0.9952759742736816,-0.05822053551673889,0.07769078016281128,0.04353292286396027,0.9829056859016418,0.1788889467716217,-0.08677772432565689,-0.174661785364151,0.9807969927787781],"rotationconfidence":1},"4":{"id":4,"position":[171.9696968793869,-420.0136661529541,2532.917976379395],"positionconfidence":1,"rotation":[0.9978366494178772,-0.04350224882364273,0.04929216578602791,-0.01541531179100275,0.5740479826927185,0.8186765909194946,-0.0639103353023529,-0.8176652789115906,0.5721354484558105],"rotationconfidence":1},"6":{"id":6,"position":[1.214957679621875,-164.5096987485886,2636.651039123535],"positionconfidence":1,"rotation":[0.3510092198848724,0.931799054145813,-0.09242932498455048,0.2679291367530823,-0.1945285350084305,-0.9435956478118896,-0.897221565246582,0.3064462244510651,-0.3179373741149902],"rotationconfidence":1},"7":{"id":7,"position":[-76.95334404706955,-372.017502784729,2657.23466873169],"positionconfidence":1,"rotation":[-0.2138896286487579,0.3283044397830963,0.9200366735458374,0.386322021484375,0.89348024129