{"motiondata":[{"position":[234.8239421844482,-582.5587511062622,2695.890426635742],"positionTracked":true,"id":4959,"skeleton":{"1":{"id":1,"position":[276.3434946537018,-12.4775692820549,2989.236354827881],"positionconfidence":1,"rotation":[0.9992483854293823,-0.03876454755663872,0,0.03860576450824738,0.9951554536819458,0.09041774272918701,-0.003505002940073609,-0.09034978598356247,0.9959040284156799],"rotationconfidence":1},"2":{"id":2,"position":[268.8111662864685,-206.6412419080734,2971.595048904419],"positionconfidence":1,"rotation":[0.9969573020935059,-0.03222675248980522,-0.07097800821065903,0.03860576450824738,0.9951554536819458,0.09041774272918701,0.06772027164697647,-0.09288277477025986,0.9933714866638184],"rotationconfidence":1},"3":{"id":3,"position":[251.8288791179657,-510.2214217185974,2879.892826080322],"positionconfidence":1,"rotation":[0.9965733289718628,-0.03281378000974655,-0.07592489570379257,0.05347362905740738,0.9559097290039062,0.2887508869171143,0.0631023421883583,-0.2918214499950409,0.9543889164924622],"rotationconfidence":1},"4":{"id":4,"position":[245.9165155887604,-546.3753342628479,2815.008401870728],"positionconfidence":1,"rotation":[0.9951521754264832,-0.0894731879234314,-0.04082483425736427,0.07934772223234177,0.4852087497711182,0.8707906603813171,-0.05810385569930077,-0.8698086142539978,0.4899560511112213],"rotationconfidence":1},"6":{"id":6,"position":[102.9546186327934,-309.9823296070099,2946.533918380737],"positionconfidence":1,"rotation":[0.2160862237215042,0.9755171537399292,0.04090326279401779,0.1262259483337402,0.01363028958439827,-0.9919078946113586,-0.9681806564331055,0.2195006906986237,-0.120190255343914],"rotationconfidence":1},"7":{"id":7,"position":[56.62650987505913,-519.1296935081482,2937.764406204224],"positionconfidence":1,"rotation":[0.003159117652103305,0.4909581243991852,0.8711774349212646,0.2502324283123016,0.8430774211883545,-0.4760295748710632,-0.9681806564331055,0.2195006906986237,-0.120190255343914],"rotationconfidence":1},"8":{"id":8,"position":[55.86391314864159,-637.6447677612305,2727.466106414795],"positionconfidence":1,"rotation":[-0.2928899228572846,0.819582462310791,0.4924430251121521,0,0.5150289535522461,-0.8571727275848389,-0.9561461210250854,-0.2510572671890259,-0.1508467942476273],"rotationconfidence":1},"9":{"id":9,"position":[72.52758741378784,-684.2740774154663,2699.449062347412],"positionconfidence":0.5,"rotation":[-0.2928899228572846,0.819582462310791,0.4924430251121521,0,0.5150289535522461,-0.8571727275848389,-0.9561461210250854,-0.2510572671890259,-0.1508467942476273],"rotationconfidence":0.5},"12":{"id":12,"position":[426.5146851539612,-313.1134212017059,2924.183368682861],"positionconfidence":1,"rotation":[0.1937704682350159,-0.9705007076263428,-0.143462061882019,-0.137395977973938,0.1179465129971504,-0.983468770980835,0.9713780283927917,0.210278332233429,-0.1104883477091789],"rotationconfidence":1},"13":{"id":13,"position":[469.9366390705109,-530.5925607681274,2892.035007476807],"positionconfidence":1,"rotation":[-0.05472699552774429,-0.2545108795166016,-0.9655201435089111,-0.2311484515666962,0.9439317584037781,-0.2357183694839478,0.9713780283927917,0.210278332233429,-0.1104883477091789],"rotationconfidence":1},"14":{"id":14,"position":[458.5229158401489,-583.6727023124695,2690.66858291626],"positionconfidence":1,"rotation":[-0.1138353198766708,-0.4503807723522186,-0.8855499625205994,0,-0.8913440108299255,0.4533275365829468,-0.9934996366500854,0.05160468444228172,0.1014664322137833],"rotationconfidence":1},"15":{"id":15,"position":[450.6072998046875,-614.990234375,2629.091262817383],"positionconfidence":0.5,"rotation":[-0.1138353198766708,-0.4503807723522186,-0.8855499625205994,0,-0.8913440108299255,0.4533275365829468,-0.9934996366500854,0.05160468444228172,0.1014664322137833],"rotationconfidence":0.5},"17":{"id":17,"position":[169.0729707479477,-606.3358783721924,2780.65037727356],"positionconfidence":1,"rotation":[0.90204918384552,-0.3965125381946564,-0.1705444604158402,0.4299904108047485,0.7910526394844055,0.4351370334625244,-0.03762763738632202,-0.465847373008728,0.8840647339820862],"rotationconfidence":1},"18":{"id":18,"position":[45.07150873541832,-834.4611525535583,2655.16471862793],"positionconfidence":1,"rotation":[0.9013969898223877,-0.432993620634079,0,0.4248684346675873,0.8844820857048035,0.1928163170814514,-0.08348823338747025,-0.1738040447235107,0.9812347888946533],"rotationconfidence":1},"19":{"id":19,"position":[-105.1514521241188,-1147.192120552063,2586.989641189575],"positionconfidence":0.5,"rotation":[0.598905086517334,-0.800819993019104,0,0.7190814018249512,0.5377756953239441,-0.4401355683803558,0.3524693846702576,0.2635994255542755,0.8979313969612122],"rotationconfidence":0.5},"20":{"id":20,"position":[-137.7464234828949,-1171.568751335144,2503.952503204346],"positionconfidence":0.5,"rotation":[0.598905086517334,-0.800819993019104,0,0.7190814018249512,0.5377756953239441,-0.4401355683803558,0.3524693846702576,0.2635994255542755,0.8979313969612122],"rotationconfidence":0.5},"21":{"id":21,"position":[315.3816759586334,-615.2465343475342,2782.182216644287],"positionconfidence":1,"rotation":[0.9482081532478333,0.2323706448078156,0.2165754437446594,-0.3146123588085175,0.7810671925544739,0.539400577545166,-0.0438191220164299,-0.5796014070510864,0.8137210607528687],"rotationconfidence":1},"22":{"id":22,"position":[407.4775576591492,-843.8868522644043,2624.284505844116],"positionconfidence":1,"rotation":[0.9323678612709045,0.3372012078762054,0.1303279250860214,-0.3604638278484345,0.8397358655929565,0.4060905575752258,0.0274931937456131,-0.4256042838096619,0.9044915437698364],"rotationconfidence":1},"23":{"id":23,"position":[537.5712513923645,-1146.952867507935,2477.723836898804],"positionconfidence":0.5,"rotation":[0.4864547252655029,0.8737058043479919,0,-0.8566854596138,0.4769782721996307,-0.1964226365089417,-0.1716156005859375,0.09555071592330933,0.9805193543434143],"rotationconfidence":0.5},"24":{"id":24,"position":[553.1396865844727,-1155.620932579041,2388.774156570435],"positionconfidence":0.5,"rotation":[0.4864547252655029,0.8737058043479919,0,-0.8566854596138,0.4769782721996307,-0.1964226365089417,-0.1716156005859375,0.09555071592330933,0.9805193543434143],"rotationconfidence":0.5}},"skeletonTracked":true,"frameCount":1},{"position":[232.5076162815094,-583.1078886985779,2695.107698440552],"positionTracked":true,"id":4959,"skeleton":{"1":{"id":1,"position":[276.2547135353088,-12.1668977662921,2989.118576049805],"positionconfidence":1,"rotation":[0.9994374513626099,-0.0335366502404213,0,0.03341535851359367,0.9958227276802063,0.08497308939695358,-0.002849712735041976,-0.08492528647184372,0.9963831901550293],"rotationconfidence":1},"2":{"id":2,"position":[269.7507739067078,-205.9930711984634,2972.579479217529],"positionconfidence":1,"rotation":[0.9967437982559204,-0.02696192264556885,-0.07599177956581116,0.03341535851359367,0.9958227276802063,0.08497308939695358,0.07338330894708633,-0.0872357040643692,0.9934811592102051],"rotationconfidence":1},"3":{"id":3,"position":[252.4288594722748,-509.934663772583,2879.715204238892],"positionconfidence":1,"rotation":[0.9961870908737183,-0.03197268396615982,-0.0811726376414299,0.05442292615771294,0.954940140247345,0.2917659878730774,0.06818647682666779,-0.2950711846351624,0.9530391693115234],"rotationconfidence":1},"4":{"id":4,"position":[246.1841553449631,-546.0813641548157,2814.84842300415],"positionconfidence":1,"rotation":[0.9949634075164795,-0.08894626796245575,-0.04621992260217667,0.08379866182804108,0.4850582480430603,0.8704575300216675,-0.05500459298491478,-0.8699465394020081,0.490068793296814],"rotationconfidence":1},"6":{"id":6,"position":[103.8428843021393,-309.6618056297302,2947.638511657715],"positionconfidence":1,"rotation":[0.2108400464057922,0.9766488671302795,0.04127224162220955,0.1452525556087494,0.01045124419033527,-0.9893393516540527,-0.9666685461997986,0.2145872712135315,-0.1396572142839432],"rotationconfidence":1},"7":{"id":7,"position":[58.70993807911873,-518.7256932258606,2938.803672790527],"positionconfidence":1,"rotation":[-0.001858452218584716,0.5395747423171997,0.8419355750083923,0.2560241520404816,0.8141322135925293,-0.5211911201477051,-0.9666685461997986,0.2145872712135315,-0.1396572142839432],"rotationconfidence":1},"8":{"id":8,"position":[59.17923897504807,-654.9804210662842,2726.196050643921],"positionconfidence":0.5,"rotation":[-0.2877225577831268,0.8286716341972351,0.4801239371299744,0,0.5013229846954346,-0.8652603030204773,-0.9577138423919678,-0.2489549070596695,-0.1442419290542603],"rotationconfidence":0.5},"9":{"id":9,"position":[76.33298635482788,-704.3850421905518,2697.571516036987],"positionconfidence":0.5,"rotation":[-0.2877225577831268,0.8286716341972351,0.4801239371299744,0,0.5013229846954346,-0.8652603030204773,-0.9577138423919678,-0.2489549070596695,-0.1442419290542603],"rotationconfidence":0.5},"12":{"id":12,"position":[426.9589483737946,-313.0393028259277,2923.475027084351],"positionconfidence":1,"rotation":[0.1955620050430298,-0.9695866107940674,-0.1471646279096603,-0.1284876614809036,0.1234366968274117,-0.9839991927146912,0.9722378253936768,0.2113416641950607,-0.1004403829574585],"rotationconfidence":1},"13":{"id":13,"position":[470.7063138484955,-529.9365520477295,2890.554189682007],"positionconfidence":1,"rotation":[-0.05045003443956375,-0.229822188615799,-0.9719241261482239,-0.228491485118866,0.9500086307525635,-0.212779626250267,0.9722378253936768,0.2113416641950607,-0.1004403829574585],"rotationconfidence":1},"14":{"id":14,"position":[460.3671729564667,-577.0359039306641,2691.369771957398],"positionconfidence":1,"rotation":[-0.1120419502258301,-0.4356986284255981,-0.8930919766426086,0,-0.8987509608268738,0.4384593963623047,-0.9937034249305725,0.04912584647536278,0.1006978079676628],"rotationconfidence":1},"15":{"id":15,"position":[452.6751935482025,-606.9477796554565,2630.056619644165],"positionconfidence":0.5,"rotation":[-0.1120419502258301,-0.4356986284255981,-0.8930919766426086,0,-0.8987509608268738,0.4384593963623047,-0.9937034249305725,0.04912584647536278,0.1006978079676628],"rotationconfidence":0.5},"17":{"id":17,"position":[169.2855060100555,-606.1059236526489,2780.782222747803],"positionconfidence":1,"rotation":[0.9023682475090027,-0.3946933746337891,-0.1730566620826721,0.4296749234199524,0.7928887605667114,0.4320958554744721,-0.03333068639039993,-0.4642677009105682,0.8850675225257874],"rotationconfidence":1},"18":{"id":18,"position":[45.25589197874069,-834.9805474281311,2656.053781509399],"positionconfidence":1,"rotation":[0.900875449180603,-0.4340775907039642,0,0.4258765876293182,0.8838552236557007,0.193465918302536,-0.08397921919822693,-0.1742886900901794,0.9811069369316101],"rotationconfidence":1},"19":{"id":19,"position":[-105.3443253040314,-1147.533059120178,2587.639570236206],"positionconfidence":0.5,"rotation":[0.5859764218330383,-0.8103280663490295,0,0.7257587313652039,0.524821400642395,-0.4447884559631348,0.3604245781898499,0.2606355547904968,0.8956356644630432],"rotationconfidence":0.5},"20":{"id":20,"position":[-138.5450959205627,-1171.541690826416,2505.137443542481],"positionconfidence":0.5,"rotation":[0.5859764218330383,-0.8103280663490295,0,0.7257587313652039,0.524821400642395,-0.4447884559631348,0.3604245781898499,0.2606355547904968,0.8956356644630432],"rotationconfidence":0.5},"21":{"id":21,"position":[315.6223297119141,-614.8327589035034,2781.715393066406],"positionconfidence":1,"rotation":[0.9485150575637817,0.2345382571220398,0.2128641605377197,-0.3142336308956146,0.7810792326927185,0.5396040081977844,-0.03970598801970482,-0.5787115693092346,0.8145651817321777],"rotationconfidence":1},"22":{"id":22,"position":[407.6227843761444,-843.5149788856506,2623.73161315918],"positionconfidence":1,"rotation":[0.932898759841919,0.3392251133918762,0.1209389716386795,-0.3583689332008362,0.8411553502082825,0.4050053954124451,0.03565953671932221,-0.42116978764534,0.906280517578125],"rotationconfidence":1},"23":{"id":23,"position":[536.9565486907959,-1147.08423614502,2477.566957473755],"positionconfidence":0.5,"rotation":[0.5222141742706299,0.8528143167495728,0,-0.8369611501693726,0.5125066041946411,-0.1919192671775818,-0.1636715084314346,0.1002229675650597,0.9814107418060303],"rotationconfidence":0.5},"24":{"id":24,"position":[551.7884492874146,-1156.166434288025,2388.631582260132],"positionconfidence":0.5,"rotation":[0.5222141742706299,0.8528143167495728,0,-0.8369611501693726,0.5125066041946411,-0.1919192671775818,-0.1636715084314346,0.1002229675650597,0.9814107418060303],"rotationconfidence":0.5}},"skeletonTracked":true,"frameCount":2},{"position":[236.6676181554794,-583.9945077896118,2694.655895233154],"positionTracked":true,"id":4959,"skeleton":{"1":{"id":1,"position":[276.1933207511902,-11.88403833657503,2989.035606384277],"positionconfidence":1,"rotation":[0.9995682239532471,-0.02938435040414333,0,0.02928901091217995,0.9963250756263733,0.08048955351114273,-0.002365133259445429,-0.08045479655265808,0.9967555403709412],"rotationconfidence":1},"2":{"id":2,"position":[270.5036997795105,-205.4280191659927,2973.399877548218],"positionconfidence":1,"rotation":[0.9965057373046875,-0.02280293405056,-0.08035243302583694,0.02928901091217995,0.9963250756263733,0.08048955351114273,0.07822173833847046,-0.08256173133850098,0.993511438369751],"rotationconfidence":1},"3":{"id":3,"position":[252.948135137558,-509.6774697303772,2879.595756530762],"positionconfidence":1,"rotation":[0.9958434700965881,-0.03106303513050079,-0.08562185615301132,0.05505635216832161,0.9541627168655396,0.2941809296607971,0.07255902141332626,-0.2976721525192261,0.9519068002700806],"rotationconfidence":1},"4":{"id":4,"position":[246.4218288660049,-545.806348323822,2814.731597900391],"positionconfidence":1,"rotation":[0.9948220252990723,-0.08779893815517426,-0.05119061097502708,0.08756201714277267,0.4847332239151001,0.8702681660652161,-0.05159482359886169,-0.8702442049980164,0.4899111092090607],"rotationconfidence":1},"6":{"id":6,"position":[104.6314314007759,-309.4065487384796,2948.612689971924],"positionconfidence":1,"rotation":[0.2071119397878647,0.9773775339126587,0.04287000373005867,0.1650829762220383,0.008276913315057755,-0.9862449765205383,-0.9642884731292725,0.2113402187824249,-0.15963414311409],"rotationconfidence":1},"7":{"id":7,"position":[60.32710522413254,-518.4821486473083,2939.442157745361],"positionconfidence":1,"rotation":[-0.007098209578543901,0.5818864107131958,0.8132390379905701,0.2647590637207031,0.7853301763534546,-0.5596061944961548,-0.9642884731292725,0.2113402187824249,-0.15963414311409],"rotationconfidence":1},"8":{"id":8,"position":[62.18399852514267,-670.7037687301636,2726.698637008667],"positionconfidence":1,"rotation":[-0.2877457439899445,0.8052747249603271,0.5183964967727661,0,0.5412893295288086,-0.8408364057540894,-0.9577068090438843,-0.2419470995664597,-0.1557537019252777],"rotationconfidence":1},"9":{"id":9,"position":[78.60630750656128,-716.6626453399658,2697.112560272217],"positionconfidence":0.5,"rotation":[-0.2877457439899445,0.8052747249603271,0.5183964967727661,0,0.5412893295288086,-0.8408364057540894,-0.9577068090438843,-0.2419470995664597,-0.1557537019252777],"rotationconfidence":0.5},"12":{"id":12,"position":[427.3609817028046,-312.9312098026276,2922.910451889038],"positionconfidence":1,"rotation":[0.1970042735338211,-0.9692505598068237,-0.1474539339542389,-0.1114999428391457,0.1272753775119782,-0.9855803847312927,0.9740415811538696,0.2106046378612518,-0.08299759030342102],"rotationconfidence":1},"13":{"id":13,"position":[471.3594913482666,-529.4015407562256,2889.978408813477],"positionconfidence":1,"rotation":[-0.03554057702422142,-0.2198228091001511,-0.974892258644104,-0.2235615998506546,0.9525353908538818,-0.2066315412521362,0.9740415811538696,0.2106046378612518,-0.08299759030342102],"rotationconfidence":1},"14":{"id":14,"position":[464.1694724559784,-573.8726854324341,2692.753314971924],"positionconfidence":1,"rotation":[-0.1139907985925674,-0.4050737023353577,-0.9071502089500427,0,-0.9131019115447998,0.4077313244342804,-0.9934818148612976,0.04647761955857277,0.1040852144360542],"rotationconfidence":1},"15":{"id":15,"position":[456.4477801322937,-601.3122200965881,2631.303310394287],"positionconfidence":0.5,"rotation":[-0.1139907985925674,-0.4050737023353577,-0.9071502089500427,0,-0.9131019115447998,0.4077313244342804,-0.9934818148612976,0.04647761955857277,0.1040852144360542],"rotationconfidence":0.5},"17":{"id":17,"position":[169.5279777050018,-605.8754920959473,2781.028270721436],"positionconfidence":1,"rotation":[0.9026920795440674,-0.3925211429595947,-0.1762787401676178,0.4293349981307983,0.7944023013114929,0.4296468198299408,-0.02860921248793602,-0.463521420955658,0.8856237530708313],"rotationconfidence":1},"18":{"id":18,"position":[45.47352716326714,-835.4145288467407,2656.883716583252],"positionconfidence":1,"rotation":[0.9003294110298157,-0.4352091550827026,0,0.4270255863666534,0.8833998441696167,0.1930127292871475,-0.08400090783834457,-0.1737750321626663,0.9811962842941284],"rotationconfidence":1},"19":{"id":19,"position":[-105.5700331926346,-1147.882580757141,2588.613033294678],"positionconfidence":0.5,"rotation":[0.5722038745880127,-0.8201113343238831,0,0.7324427962303162,0.511036217212677,-0.4498549997806549,0.3689312338829041,0.2574087977409363,0.8931016325950623],"rotationconfidence":0.5},"20":{"id":20,"position":[-139.4292265176773,-1171.506643295288,2506.647348403931],"positionconfidence":0.5,"rotation":[0.5722038745880127,-0.8201113343238831,0,0.7324427962303162,0.511036217212677,-0.4498549997806549,0.3689312338829041,0.2574087977409363,0.8931016325950623],"rotationconfidence":0.5},"21":{"id":21,"position":[315.8137500286102,-614.3997311592102,2781.29243850708],"positionconfidence":1,"rotation":[0.9487424492835999,0.2371915876865387,0.208872526884079,-0.3140912353992462,0.7810713052749634,0.5396983027458191,-0.03513244912028313,-0.5776397585868835,0.8155353665351868],"rotationconfidence":1},"22":{"id":22,"position":[407.7887833118439,-843.1200981140137,2623.253107070923],"positionconfidence":1,"rotation":[0.9334236979484558,0.3407545685768127,0.1122789233922958,-0.3561803102493286,0.8425470590591431,0.404041975736618,0.04307887330651283,-0.4171338975429535,0.9078234434127808],"rotationconfidence":1},"23":{"id":23,"position":[536.3289713859558,-1147.182822227478,2477.440357208252],"positionconfidence":0.5,"rotation":[0.5556552410125732,0.8314127922058105,0,-0.8165947794914246,0.5457519888877869,-0.1879569888114929,-0.1562698483467102,0.1044392958283424,0.9821773171424866],"rotationconfidence":0.5},"24":{"id":24,"position":[550.4767298698425,-1156.638145446777,2388.519763946533],"positionconfidence":0.5,"rotation":[0.5556552410125732,0.8314127922058105,0,-0.8165947794914246,0.5457519888877869,-0.1879569888114929,-0.1562698483467102,0.1044392958283424,0.9821773171424866],"rotationconfidence":0.5}},"skeletonTracked":true,"frameCount":3},{"position":[233.528807759285,-584.2574834823608,2693.804502487183],"positionTracked":true,"id":4959,"skeleton":{"1":{"id":1,"position":[276.1710584163666,-11.64549309760332,2989.020109176636],"positionconfidence":1,"rotation":[0.9996435046195984,-0.02669645845890045,0,0.02661629021167755,0.9966416954994202,0.07744026929140091,-0.002067380817607045,-0.0774126648902893,0.9969969391822815],"rotationconfidence":1},"2":{"id":2,"position":[271.006166934967,-205.0438225269318,2973.992824554443],"positionconfidence":1,"rotation":[0.9962151646614075,-0.02003272995352745,-0.08458257466554642,0.02661629021167755,0.9966416954994202,0.07744026929140091,0.08274717628955841,-0.07939843833446503,0.9934026598930359],"rotationconfidence":1},"3":{"id":3,"position":[253.481388092041,-509.4078183174133,2879.543542861939],"positionconfidence":1,"rotation":[0.995546817779541,-0.02954275533556938,-0.08951881527900696,0.05490849912166596,0.9536308646202087,0.2959277331829071,0.07662538439035416,-0.299525260925293,0.9510063529014587],"rotationconfidence":1},"4":{"id":4,"position":[246.7462420463562,-545.4707145690918,2814.660549163818],"positionconfidence":1,"rotation":[0.9947588443756104,-0.0858447328209877,-0.05554669722914696,0.09036030620336533,0.4838283360004425,0.8704855442047119,-0.04785154014825821,-0.8709424734115601,0.48904949426651],"rotationconfidence":1},"6":{"id":6,"position":[105.527475476265,-309.0540170669556,2949.630260467529],"positionconfidence":1,"rotation":[0.2051138430833817,0.9776920080184937,0.04523913934826851,0.1807976812124252,0.007577212527394295,-0.9834910035133362,-0.961894154548645,0.2099067568778992,-0.1752102673053742],"rotationconfidence":1},"7":{"id":7,"position":[61.61667406558991,-518.3584690093994,2939.945459365845],"positionconfidence":1,"rotation":[-0.01052202936261892,0.6119135022163391,0.7908546328544617,0.2732192575931549,0.7625620365142822,-0.5863873958587646,-0.961894154548645,0.2099067568778992,-0.1752102673053742],"rotationconfidence":1},"8":{"id":8,"position":[64.36635553836823,-678.2674789428711,2733.274459838867],"positionconfidence":1,"rotation":[-0.2729779779911041,0.7795984745025635,0.5636571049690247,0,0.5859097838401794,-0.8103763461112976,-0.9620203971862793,-0.2212148904800415,-0.1599404662847519],"rotationconfidence":1},"9":{"id":9,"position":[80.38097620010376,-724.0036725997925,2700.206756591797],"positionconfidence":0.5,"rotation":[-0.2729779779911041,0.7795984745025635,0.5636571049690247,0,0.5859097838401794,-0.8103763461112976,-0.9620203971862793,-0.2212148904800415,-0.1599404662847519],"rotationconfidence":0.5},"12":{"id":12,"position":[427.7803301811218,-312.7886056900024,2922.489166259766],"positionconfidence":1,"rotation":[0.1970258802175522,-0.9691725969314575,-0.1479368507862091,-0.09269239753484726,0.1318040639162064,-0.9869325160980225,0.9760065674781799,0.2081638723611832,-0.06386611610651016],"rotationconfidence":1},"13":{"id":13,"position":[471.7457592487335,-529.0550589561462,2889.477729797363],"positionconfidence":1,"rotation":[-0.01229774672538042,-0.2401451468467712,-0.9706590175628662,-0.2173932790756226,0.9481549859046936,-0.2318232953548431,0.9760065674781799,0.2081638723611832,-0.06386611610651016],"rotationconfidence":1},"14":{"id":14,"position":[469.2706167697907,-577.3885846138,2694.115161895752],"positionconfidence":1,"rotation":[-0.1207836270332336,-0.3425483405590057,-0.9317038059234619,0,-0.9385752081871033,0.3450746834278107,-0.9926788806915283,0.04167937114834786,0.1133645176887512],"rotationconfidence":1},"15":{"id":15,"position":[461.2826406955719,-600.0428795814514,2632.497310638428],"positionconfidence":0.5,"rotation":[-0.1207836270332336,-0.3425483405590057,-0.9317038059234619,0,-0.9385752081871033,0.3450746834278107,-0.9926788806915283,0.04167937114834786,0.1133645176887512],"rotationconfidence":0.5},"17":{"id":17,"position":[169.9171513319016,-605.5694222450256,2781.353235244751],"positionconfidence":1,"rotation":[0.9028539657592773,-0.3904239237308502,-0.1800667345523834,0.4293002784252167,0.7956523299217224,0.4273624122142792,-0.0235819835215807,-0.4631485342979431,0.885966956615448],"rotationconfidence":1},"18":{"id":18,"position":[45.76530680060387,-835.6687426567078,2657.761812210083],"positionconfidence":1,"rotation":[0.8997967839241028,-0.4363091289997101,0,0.4281416833400726,0.8829531669616699,0.1925835311412811,-0.08402594923973083,-0.173286035656929,0.9812805652618408],"rotationconfidence":1},"19":{"id":19,"position":[-105.7078689336777,-1148.050665855408,2589.627265930176],"positionconfidence":0.5,"rotation":[0.5595253109931946,-0.8288133144378662,0,0.7387932538986206,0.4987534880638123,-0.4532433450222015,0.3756541013717651,0.2536011040210724,0.8913868069648743],"rotationconfidence":0.5},"20":{"id":20,"position":[-140.1023864746094,-1171.270132064819,2508.012771606445],"positionconfidence":0.5,"rotation":[0.5595253109931946,-0.8288133144378662,0,0.7387932538986206,0.4987534880638123,-0.4532433450222015,0.3756541013717651,0.2536011040210724,0.8913868069648743],"rotationconfidence":0.5},"21":{"id":21,"position":[316.1469697952271,-613.8482093811035,2780.917644500732],"positionconfidence":1,"rotation":[0.949133038520813,0.2396895438432694,0.2041943371295929,-0.3134245574474335,0.7813489437103271,0.5396840572357178,-0.03019041195511818,-0.5762314796447754,0.8167287111282349],"rotationconfidence":1},"22":{"id":22,"position":[407.9352915287018,-842.6710963249207,2622.867822647095],"positionconfidence":1,"rotation":[0.9339540600776672,0.3413019180297852,0.1060320138931274,-0.3541299104690552,0.8437607884407043,0.4033110439777374,0.04818517714738846,-0.4142231047153473,0.9088990092277527],"rotationconfidence":1},"23":{"id":23,"position":[535.7282757759094,-1147.154569625855,2477.327108383179],"positionconfidence":0.5,"rotation":[0.5795654654502869,0.8149257898330688,0,-0.8008610606193542,0.5695627927780151,-0.1849861592054367,-0.1507499665021896,0.1072115749120712,0.982741117477417],"rotationconfidence":0.5},"24":{"id":24,"position":[549.3678450584412,-1156.854867935181,2388.410568237305],"positionconfidence":0.5,"rotation":[0.5795654654502869,0.8149257898330688,0,-0.8008610606193542,0.5695627927780151,-0.1849861592054367,-0.1507499665021896,0.1072115749120712,0.982741117477417],"rotationconfidence":0.5}},"skeletonTracked":true,"frameCount":4},{"position":[232.3712259531021,-582.991361618042,2690.618276596069],"positionTracked":true,"id":4959,"skeleton":{"1":{"id":1,"position":[276.197612285614,-11.34997047483921,2989.044666290283],"positionconfidence":1,"rotation":[0.9996888041496277,-0.02494586072862148,0,0.02487457729876041,0.9968322515487671,0.07554406672716141,-0.001884511788375676,-0.07552056014537811,0.9971425533294678],"rotationconfidence":1},"2":{"id":2,"position":[271.3719308376312,-204.7359645366669,2974.38907623291],"positionconfidence":1,"rotation":[0.9957686066627502,-0.01801878027617931,-0.09011456370353699,0.02487457729876041,0.9968322515487671,0.07554406672716141,0.08846787363290787,-0.0774659588932991,0.9930622577667236],"rotationconfidence":1},"3":{"id":3,"position":[253.9270520210266,-509.1995000839233,2879.469394683838],"positionconfidence":1,"rotation":[0.9951499104499817,-0.02758161723613739,-0.09442377090454102,0.05461879074573517,0.9532556533813477,0.2971873879432678,0.08181308954954147,-0.3009033501148224,0.9501388669013977],"rotationconfidence":1},"4":{"id":4,"position":[246.9402849674225,-545.2399253845215,2814.566850662231],"positionconfidence":1,"rotation":[0.9945598244667053,-0.08540418744087219,-0.05963949486613274,0.09369928389787674,0.4833368360996246,0.8704056739807129,-0.04551032185554504,-0.8712586164474487,0.4887096583843231],"rotationconfidence":1},"6":{"id":6,"position":[106.0830950737,-308.836817741394,2950.509786605835],"positionconfidence":1,"rotation":[0.2036596089601517,0.9778257608413696,0.04878205433487892,0.1289825588464737,0.02259449288249016,-0.9913894534111023,-0.9705082178115845,0.2081979811191559,-0.1215208619832993],"rotationconfidence":1},"7":{"id":7,"position":[62.46992573142052,-518.2356238365173,2940.063238143921],"positionconfidence":1,"rotation":[0.002619900507852435,0.5131734013557434,0.8582809567451477,0.2410536408424377,0.832650363445282,-0.4985844492912293,-0.9705082178115845,0.2081979811191559,-0.1215208619832993],"rotationconfidence":1},"8":{"id":8,"position":[61.82022392749786,-645.4960703849792,2727.22053527832],"positionconfidence":1,"rotation":[-0.244160920381546,0.8834077715873718,0.399970144033432,0,0.4124531447887421,-0.9109787940979004,-0.9697346687316895,-0.2224254161119461,-0.1007049381732941],"rotationconfidence":1},"9":{"id":9,"position":[80.06159961223602,-711.4958763122559,2697.338581085205],"positionconfidence":0.5,"rotation":[-0.244160920381546,0.8834077715873718,0.399970144033432,0,0.4124531447887421,-0.9109787940979004,-0.9697346687316895,-0.2224254161119461,-0.1007049381732941],"rotationconfidence":0.5},"12":{"id":12,"position":[427.9255568981171,-312.8542900085449,2921.5247631073],"positionconfidence":1,"rotation":[0.1978200674057007,-0.9693141579627991,-0.1459352523088455,-0.08862995356321335,0.1305806040763855,-0.9874681234359741,0.976223349571228,0.2082752734422684,-0.06007881462574005],"rotationconfidence":1},"13":{"id":13,"position":[472.0114469528198,-528.8742184638977,2889.001846313477],"positionconfidence":1,"rotation":[-0.007267974317073822,-0.2455528676509857,-0.9693560004234314,-0.2166454046964645,0.9467446208000183,-0.2382007092237473,0.976223349571228,0.2082752734422684,-0.06007881462574005],"rotationconfidence":1},"14":{"id":14,"position":[470.5474674701691,-578.3356428146362,2693.745613098145],"positionconfidence":1,"rotation":[-0.1135666742920876,-0.3056766092777252,-0.9453381896018982,0,-0.951494038105011,0.307667076587677,-0.9935302734375,0.03494072705507278,0.108058013021946],"rotationconfidence":1},"15":{"id":15,"position":[463.2098376750946,-598.0856418609619,2632.66658782959],"positionconfidence":0.5,"rotation":[-0.1135666742920876,-0.3056766092777252,-0.9453381896018982,0,-0.951494038105011,0.307667076587677,-0.9935302734375,0.03494072705507278,0.108058013021946],"rotationconfidence":0.5},"17":{"id":17,"position":[170.1584458351135,-605.3159236907959,2781.553983688355],"positionconfidence":1,"rotation":[0.9030120372772217,-0.3888522684574127,-0.1826556921005249,0.4291523396968842,0.7967221140861511,0.4255139529705048,-0.0199362263083458,-0.4626313447952271,0.8863265514373779],"rotationconfidence":1},"18":{"id":18,"position":[45.97745463252068,-835.858166217804,2658.425807952881],"positionconfidence":1,"rotation":[0.8993284106254578,-0.4372738599777222,0,0.4291039407253265,0.882525622844696,0.1924017369747162,-0.08413224667310715,-0.1730323433876038,0.981316328048706],"rotationconfidence":1},"19":{"id":19,"position":[-105.8610305190086,-1148.139953613281,2590.344429016113],"positionconfidence":0.5,"rotation":[0.545879065990448,-0.8378638625144958,0,0.7454051971435547,0.4856410622596741,-0.4566438496112824,0.3826054632663727,0.2492723762989044,0.8896495699882507],"rotationconfidence":0.5},"20":{"id":20,"position":[-140.8081501722336,-1170.908451080322,2509.083986282349],"positionconfidence":0.5,"rotation":[0.545879065990448,-0.8378638625144958,0,0.7454051971435547,0.4856410622596741,-0.4566438496112824,0.3826054632663727,0.2492723762989044,0.8896495699882507],"rotationconfidence":0.5},"21":{"id":21,"position":[316.2699341773987,-613.5010719299316,2780.56812286377],"positionconfidence":1,"rotation":[0.9492600560188293,0.2417095899581909,0.201201006770134,-0.3133549094200134,0.7812951803207397,0.5398022532463074,-0.02672199159860611,-0.5754600763320923,0.8173932433128357],"rotationconfidence":1},"22":{"id":22,"position":[408.0342352390289,-842.2991633415222,2622.489929199219],"positionconfidence":1,"rotation":[0.9343051910400391,0.3426772952079773,0.09821426868438721,-0.3522084355354309,0.8449018597602844,0.4026040732860565,0.05498185753822327,-0.4107469618320465,0.9100900292396545],"rotationconfidence":1},"23":{"id":23,"position":[535.1121425628662,-1147.14241027832,2477.229118347168],"positionconfidence":0.5,"rotation":[0.6072587370872498,0.7945041060447693,0,-0.7814080715179443,0.5972491502761841,-0.1808172315359116,-0.1436600387096405,0.1098028421401978,0.9835167527198792],"rotationconfidence":0.5},"24":{"id":24,"position":[548.1104254722595,-1157.077312469482,2388.241052627564],"positionconfidence":0.5,"rotation":[0.6072587370872498,0.7945041060447693,0,-0.7814080715179443,0.5972491502761841,-0.1808172315359116,-0.1436600387096405,0.1098028421401978,0.9835167527198792],"rotationconfidence":0.5}},"skeletonTracked":true,"frameCount":5},{"position":[232.141301035881,-583.9389562606812,2691.55764579773],"positionTracked":true,"id":4959,"skeleton":{"1":{"id":1,"position":[276.2380838394165,-11.0812820494175,2989.075660705566],"positionconfidence":1,"rotation":[0.9997207522392273,-0.02363245561718941,0,0.02356751263141632,0.99697345495224,0.0740833654999733,-0.001750771887600422,-0.07406267523765564,0.9972519874572754],"rotationconfidence":1},"2":{"id":2,"position":[271.6659307479858,-204.4964879751205,2974.703311920166],"positionconfidence":1,"rotation":[0.9955179691314697,-0.01661497168242931,-0.09310048073530197,0.02356751263141632,0.99697345495224,0.0740833654999733,0.09158782660961151,-0.07594548165798187,0.9928967356681824],"rotationconfidence":1},"3":{"id":3,"position":[254.2596757411957,-509.0369582176209,2879.414558410645],"positionconfidence":1,"rotation":[0.9949221611022949,-0.02648326754570007,-0.09710109978914261,0.05446698516607285,0.9529563188552856,0.2981739044189453,0.08463647961616516,-0.301948606967926,0.94955974817276],"rotationconfidence":1},"4":{"id":4,"position":[247.1053004264832,-545.0433492660522,2814.4850730896],"positionconfidence":1,"rotation":[0.994430422782898,-0.08484993129968643,-0.06251996010541916,0.09591760486364365,0.4827321469783783,0.8704996109008789,-0.04368143528699875,-0.8716480135917664,0.4881820976734161],"rotationconfidence":1},"6":{"id":6,"position":[106.4763441681862,-308.6961209774017,2951.063632965088],"positionconfidence":1,"rotation":[0.2025493085384369,0.977935254573822,0.05115079507231712,0.1630904227495194,0.01781698875129223,-0.9864502549171448,-0.9655958414077759,0.2081470191478729,-0.1558830589056015],"rotationconfidence":1},"7":{"id":7,"position":[63.09584528207779,-518.1429982185364,2940.10853767395],"positionconfidence":1,"rotation":[-0.006312360055744648,0.5805032253265381,0.8142334818840027,0.2599709033966065,0.7872044444084167,-0.5592175722122192,-0.9655958414077759,0.2081470191478729,-0.1558830589056015],"rotationconfidence":1},"8":{"id":8,"position":[64.59640711545944,-656.139075756073,2746.550559997559],"positionconfidence":1,"rotation":[-0.2308471351861954,0.8049660921096802,0.5465703010559082,0,0.5617429614067078,-0.8273118138313293,-0.9729899764060974,-0.1909825652837753,-0.1296767592430115],"rotationconfidence":1},"9":{"id":9,"position":[81.78969472646713,-716.0922288894653,2705.8424949646],"positionconfidence":0.5,"rotation":[-0.2308471351861954,0.8049660921096802,0.5465703010559082,0,0.5617429614067078,-0.8273118138313293,-0.9729899764060974,-0.1909825652837753,-0.1296767592430115],"rotationconfidence":0.5},"12":{"id":12,"position":[428.1158447265625,-312.8391206264496,2921.077728271484],"positionconfidence":1,"rotation":[0.1978009939193726,-0.9693548679351807,-0.145691454410553,-0.1540725231170654,0.1160359680652618,-0.9812224507331848,0.9680581092834473,0.2165338099002838,-0.1263989061117172],"rotationconfidence":1},"13":{"id":13,"position":[472.1812605857849,-528.7886261940002,2888.621091842651],"positionconfidence":1,"rotation":[-0.07201077044010162,-0.2427729517221451,-0.9674067497253418,-0.2401625066995621,0.9456080198287964,-0.2194255590438843,0.9680581092834473,0.2165338099002838,-0.1263989061117172],"rotationconfidence":1},"14":{"id":14,"position":[457.5240015983582,-578.2032608985901,2691.712617874146],"positionconfidence":1,"rotation":[-0.03427697718143463,-0.274284303188324,-0.9610375761985779,0,-0.9616026282310486,0.2744455635547638,-0.9994123578071594,0.00940716452896595,0.03296083211898804],"rotationconfidence":1},"15":{"id":15,"position":[455.376148223877,-595.3903794288635,2631.492376327515],"positionconfidence":0.5,"rotation":[-0.03427697718143463,-0.274284303188324,-0.9610375761985779,0,-0.9616026282310486,0.2744455635547638,-0.9994123578071594,0.00940716452896595,0.03296083211898804],"rotationconfidence":0.5},"17":{"id":17,"position":[170.3551262617111,-605.0956845283508,2781.717777252197],"positionconfidence":1,"rotation":[0.9031392931938171,-0.3875340223312378,-0.1848154664039612,0.4290132522583008,0.797563374042511,0.4240758717060089,-0.01694177463650703,-0.4622878432273865,0.886568009853363],"rotationconfidence":1},"18":{"id":18,"position":[46.14965617656708,-836.0016942024231,2658.941745758057],"positionconfidence":1,"rotation":[0.8989150524139404,-0.43812295794487,0,0.4299767315387726,0.8822011351585388,0.1919405460357666,-0.08409356325864792,-0.1725382506847382,0.981406569480896],"rotationconfidence":1},"19":{"id":19,"position":[-106.0139387845993,-1148.202061653137,2591.016292572022],"positionconfidence":0.5,"rotation":[0.5352756381034851,-0.8446773886680603,0,0.750383734703064,0.4755213260650635,-0.4591336846351624,0.3878198862075806,0.2457630932331085,0.888367235660553],"rotationconfidence":0.5},"20":{"id":20,"position":[-141.3840800523758,-1170.616269111633,2509.994983673096],"positionconfidence":0.5,"rotation":[0.5352756381034851,-0.8446773886680603,0,0.750383734703064,0.4755213260650635,-0.4591336846351624,0.3878198862075806,0.2457630932331085,0.888367235660553],"rotationconfidence":0.5},"21":{"id":21,"position":[316.3665533065796,-613.2239103317261,2780.269622802734],"positionconfidence":1,"rotation":[0.9493200182914734,0.2434100806713104,0.1988545656204224,-0.3134016990661621,0.781145453453064,0.5399917364120483,-0.02389492467045784,-0.5749463438987732,0.8178422451019287],"rotationconfidence":1},"22":{"id":22,"position":[408.1407189369202,-841.9685959815979,2622.142553329468],"positionconfidence":1,"rotation":[0.9348055720329285,0.3430455327033997,0.09196934103965759,-0.3500302135944367,0.8460257053375244,0.402143269777298,0.06014502421021462,-0.4081178307533264,0.9109458327293396],"rotationconfidence":1},"23":{"id":23,"position":[534.4029068946838,-1147.14527130127,2477.082252502441],"positionconfidence":0.5,"rotation":[0.6307138204574585,0.7760155200958252,0,-0.7636528611183167,0.620665967464447,-0.1777868568897247,-0.1379653513431549,0.1121326312422752,0.9840690493583679],"rotationconfidence":0.5},"24":{"id":24,"position":[546.8869209289551,-1157.291769981384,2388.037204742432],"positionconfidence":0.5,"rotation":[0.6307138204574585,0.7760155200958252,0,-0.7636528611183167,0.620665967464447,-0.1777868568897247,-0.1379653513431549,0.1121326312422752,0.9840690493583679],"rotationconfidence":0.5}},"skeletonTracked":true,"frameCount":6},{"position":[222.4202305078507,-590.0285243988037,2690.445184707642],"positionTracked":true,"id":4959,"skeleton":{"1":{"id":1,"position":[277.4075567722321,-11.48434355854988,2988.780736923218],"positionconfidence":1,"rotation":[0.999597430229187,-0.02837055921554565,0,0.0282945241779089,0.9969183802604675,0.07316489517688751,-0.002075728960335255,-0.07313544303178787,0.997319757938385],"rotationconfidence":1},"2":{"id":2,"position":[271.9244956970215,-204.6724110841751,2974.602460861206],"positionconfidence":1,"rotation":[0.9962830543518066,-0.02216744422912598,-0.08323966711759567,0.0282945241779089,0.9969183802604675,0.07316489517688751,0.08136127889156342,-0.07524817436933517,0.9938401579856873],"rotationconfidence":1},"3":{"id":3,"position":[254.4281780719757,-508.9720487594605,2879.343748092651],"positionconfidence":1,"rotation":[0.9957132935523987,-0.02984460070729256,-0.08754699677228928,0.05478883907198906,0.9528990387916565,0.2982978820800781,0.07452086359262466,-0.3018157482147217,0.9504493474960327],"rotationconfidence":1},"4":{"id":4,"position":[247.3091781139374,-544.9526906013489,2814.348220825195],"positionconfidence":1,"rotation":[0.9944986701011658,-0.08419336378574371,-0.06231974065303803,0.09538999944925308,0.4821173548698425,0.8708980679512024,-0.04327841848134995,-0.8720517754554749,0.4874963164329529],"rotationconfidence":1},"6":{"id":6,"position":[106.3124760985375,-309.3932271003723,2949.957370758057],"positionconfidence":1,"rotation":[0.2407429814338684,0.9618798494338989,0.1297307461500168,0.280223548412323,0.05908749252557755,-0.9581146240234375,-0.9292564988136292,0.2670129537582398,-0.2553164660930634],"rotationconfidence":1},"7":{"id":7,"position":[51.81803181767464,-527.1238088607788,2920.591592788696],"positionconfidence":1,"rotation":[-0.03474005311727524,0.6248799562454224,0.7799475789070129,0.367798238992691,0.7336410880088806,-0.5713977217674255,-0.9292564988136292,0.2670129537582398,-0.2553164660930634],"rotationconfid