{"motiondata":[{"position":[91.9753685593605,-393.2768702507019,2110.012054443359],"positionTracked":true,"id":4952,"skeleton":{"1":{"id":1,"position":[127.7892738580704,207.7277153730393,2362.818956375122],"positionconfidence":1,"rotation":[0.99929279088974,0.03760348632931709,0,-0.03736001998186112,0.9928228259086609,0.1136093512177467,0.004272107500582933,-0.1135290041565895,0.9935255646705627],"rotationconfidence":1},"2":{"id":2,"position":[134.9355578422546,17.8189892321825,2341.087579727173],"positionconfidence":1,"rotation":[0.9988319277763367,0.04058640077710152,-0.02621901035308838,-0.03736001998186112,0.9928228259086609,0.1136093512177467,0.03064182586967945,-0.1124971061944962,0.993179440498352],"rotationconfidence":1},"3":{"id":3,"position":[123.1170892715454,-321.1568295955658,2271.407842636108],"positionconfidence":1,"rotation":[0.9989455342292786,-0.02722951583564282,-0.03696710988879204,0.03413126990199089,0.9789487719535828,0.2012323290109634,0.03070944547653198,-0.2022818475961685,0.9788457751274109],"rotationconfidence":1},"4":{"id":4,"position":[119.0295591950417,-369.3423569202423,2208.309888839722],"positionconfidence":1,"rotation":[0.9986470341682434,-0.03739676624536514,-0.03613455966114998,0.05141687393188477,0.6061238050460815,0.7937065958976746,-0.007780042011290789,-0.7944906949996948,0.6072266101837158],"rotationconfidence":1},"6":{"id":6,"position":[-36.4648699760437,-108.2235723733902,2335.484027862549],"positionconfidence":1,"rotation":[0.3022313416004181,0.9494491219520569,-0.08486782014369965,0.03566281124949455,-0.1002313792705536,-0.9943247437477112,-0.9525672197341919,0.2974894940853119,-0.06415309011936188],"rotationconfidence":1},"7":{"id":7,"position":[-111.7065474390984,-344.5926606655121,2356.612205505371],"positionconfidence":1,"rotation":[0.07562750577926636,0.4355892539024353,0.8969628810882568,0.2947814166545868,0.8495656847953796,-0.4374264478683472,-0.9525672197341919,0.2974894940853119,-0.06415309011936188],"rotationconfidence":1},"8":{"id":8,"position":[-127.6044398546219,-436.1592233181,2168.0588722229],"positionconfidence":1,"rotation":[0.6172469854354858,0.273617148399353,0.7376583218574524,0,0.9375787973403931,-0.3477729856967926,-0.786769449710846,0.2146618217229843,0.5787177085876465],"rotationconfidence":1},"9":{"id":9,"position":[-164.4721180200577,-452.5021612644196,2123.999118804932],"positionconfidence":1,"rotation":[0.6172469854354858,0.273617148399353,0.7376583218574524,0,0.9375787973403931,-0.3477729856967926,-0.786769449710846,0.2146618217229843,0.5787177085876465],"rotationconfidence":1},"12":{"id":12,"position":[310.7987940311432,-106.2866374850273,2324.989557266235],"positionconfidence":1,"rotation":[0.2898356020450592,-0.9532786011695862,-0.08517754077911377,-0.4237138330936432,-0.04800516739487648,-0.9045231342315674,0.8581736087799072,0.2982538938522339,-0.4178309440612793],"rotationconfidence":1},"13":{"id":13,"position":[380.3938031196594,-335.1868689060211,2304.536819458008],"positionconfidence":1,"rotation":[-0.2202246636152268,-0.5213311314582825,-0.8244484066963196,-0.463723212480545,0.7995365262031555,-0.3817097544670105,0.8581736087799072,0.2982538938522339,-0.4178309440612793],"rotationconfidence":1},"14":{"id":14,"position":[334.2193067073822,-444.4943368434906,2131.674766540527],"positionconfidence":1,"rotation":[-0.1566965878009796,-0.1300676763057709,-0.9790447354316711,0,-0.9912903904914856,0.1316945403814316,-0.9876468181610107,0.02063608542084694,0.1553318202495575],"rotationconfidence":1},"15":{"id":15,"position":[327.2542953491211,-450.275719165802,2088.157176971436],"positionconfidence":1,"rotation":[-0.1566965878009796,-0.1300676763057709,-0.9790447354316711,0,-0.9912903904914856,0.1316945403814316,-0.9876468181610107,0.02063608542084694,0.1553318202495575],"rotationconfidence":1},"17":{"id":17,"position":[39.50010240077972,-440.2106404304504,2182.579517364502],"positionconfidence":1,"rotation":[0.7834099531173706,-0.5741695761680603,-0.2379036396741867,0.6213688254356384,0.7316046953201294,0.2804553806781769,0.01302248518913984,-0.3675374686717987,0.929917573928833],"rotationconfidence":1},"18":{"id":18,"position":[-144.094243645668,-656.3761234283447,2099.714040756226],"positionconfidence":1,"rotation":[0.5374268293380737,-0.8433104157447815,0,0.7860119938850403,0.50091153383255,0.3623157441616058,-0.3055446445941925,-0.1947181969881058,0.9320554137229919],"rotationconfidence":1},"19":{"id":19,"position":[-352.6447415351868,-789.2816662788391,2003.581762313843],"positionconfidence":1,"rotation":[-0.2587094008922577,-0.9659551978111267,0,0.9010116457939148,-0.2413157224655151,-0.3604785203933716,0.348206102848053,-0.09325917810201645,0.9327675104141235],"rotationconfidence":1},"20":{"id":20,"position":[-382.4077248573303,-781.3103199005127,1923.853278160095],"positionconfidence":1,"rotation":[-0.2587094008922577,-0.9659551978111267,0,0.9010116457939148,-0.2413157224655151,-0.3604785203933716,0.348206102848053,-0.09325917810201645,0.9327675104141235],"rotationconfidence":1},"21":{"id":21,"position":[192.4804598093033,-444.7031617164612,2178.661584854126],"positionconfidence":1,"rotation":[0.9261254072189331,0.3362922668457031,0.1708777844905853,-0.3771149814128876,0.8149617910385132,0.4400244951248169,0.008717972785234451,-0.4719584286212921,0.8815776705741882],"rotationconfidence":1},"22":{"id":22,"position":[311.4325106143951,-701.7636895179749,2039.866209030151],"positionconfidence":1,"rotation":[0.9276689887046814,0.3626596331596375,0.08892884105443954,-0.3632380366325378,0.8212554454803467,0.4399973750114441,0.0865359902381897,-0.440474271774292,0.8935849666595459],"rotationconfidence":1},"23":{"id":23,"position":[432.0112466812134,-974.3836522102356,1893.8068151474],"positionconfidence":0.5,"rotation":[0.5447596907615662,0.8385921716690063,0,-0.8289178013801575,0.5384750962257385,-0.1514591872692108,-0.1270124912261963,0.0825088620185852,0.9884635806083679],"rotationconfidence":0.5},"24":{"id":24,"position":[442.7582323551178,-981.3650250434875,1810.169339179993],"positionconfidence":0.5,"rotation":[0.5447596907615662,0.8385921716690063,0,-0.8289178013801575,0.5384750962257385,-0.1514591872692108,-0.1270124912261963,0.0825088620185852,0.9884635806083679],"rotationconfidence":0.5}},"skeletonTracked":true,"frameCount":1},{"position":[87.65168488025665,-398.0610370635986,2108.486652374268],"positionTracked":true,"id":4952,"skeleton":{"1":{"id":1,"position":[128.1126439571381,207.7151089906693,2361.807107925415],"positionconfidence":1,"rotation":[0.9993481040000916,0.03610425814986229,0,-0.03587555885314941,0.993017852306366,0.1123763099312782,0.004057263489812613,-0.1123030558228493,0.9936657547950745],"rotationconfidence":1},"2":{"id":2,"position":[134.9744647741318,17.78328977525234,2340.313196182251],"positionconfidence":1,"rotation":[0.9989160895347595,0.03896946460008621,-0.02545644901692867,-0.03587555885314941,0.993017852306366,0.1123763099312782,0.02965795435011387,-0.1113412454724312,0.9933395981788635],"rotationconfidence":1},"3":{"id":3,"position":[123.0183839797974,-321.1901187896729,2270.561456680298],"positionconfidence":1,"rotation":[0.9989622831344604,-0.02781246975064278,-0.03607058525085449,0.0345270074903965,0.9788941740989685,0.201430469751358,0.02970700152218342,-0.2024668306112289,0.9788385033607483],"rotationconfidence":1},"4":{"id":4,"position":[118.9526468515396,-369.4105446338654,2207.516431808472],"positionconfidence":1,"rotation":[0.9986599683761597,-0.037300243973732,-0.0358736552298069,0.05115686729550362,0.6067302823066711,0.793259859085083,-0.007823152467608452,-0.7940321564674377,0.607825517654419],"rotationconfidence":1},"6":{"id":6,"position":[-36.41653805971146,-108.2293167710304,2334.571599960327],"positionconfidence":1,"rotation":[0.3036981523036957,0.9489482641220093,-0.0852331593632698,0.0367535762488842,-0.1010602042078972,-0.9942012429237366,-0.9520591497421265,0.2988044321537018,-0.06556903570890427],"rotationconfidence":1},"7":{"id":7,"position":[-111.994095146656,-344.3821668624878,2355.782508850098],"positionconfidence":1,"rotation":[0.07482600212097168,0.435287356376648,0.8971766829490662,0.2966217398643494,0.8492590188980103,-0.436777651309967,-0.9520591497421265,0.2988044321537018,-0.06556903570890427],"rotationconfidence":1},"8":{"id":8,"position":[-127.6990920305252,-435.7432723045349,2167.476892471314],"positionconfidence":1,"rotation":[0.6385570168495178,0.2367479503154755,0.7322536110877991,0,0.9515044093132019,-0.3076348304748535,-0.7695744633674622,0.1964423805475235,0.607589840888977],"rotationconfidence":1},"9":{"id":9,"position":[-165.7578945159912,-449.8537480831146,2123.833656311035],"positionconfidence":1,"rotation":[0.6385570168495178,0.2367479503154755,0.7322536110877991,0,0.9515044093132019,-0.3076348304748535,-0.7695744633674622,0.1964423805475235,0.607589840888977],"rotationconfidence":1},"12":{"id":12,"position":[310.7990622520447,-106.4249202609062,2324.40710067749],"positionconfidence":1,"rotation":[0.2891142964363098,-0.9534716010093689,-0.08546871691942215,-0.4236347079277039,-0.04736835137009621,-0.9045937657356262,0.8584558963775635,0.2977385222911835,-0.4176184833049774],"rotationconfidence":1},"13":{"id":13,"position":[380.2416324615479,-335.4399502277374,2303.878307342529],"positionconfidence":1,"rotation":[-0.2201793789863586,-0.5214650630950928,-0.8243756294250488,-0.4632218182086945,0.7996410727500916,-0.3820988833904266,0.8584558963775635,0.2977385222911835,-0.4176184833049774],"rotationconfidence":1},"14":{"id":14,"position":[334.1918289661408,-444.5026814937592,2131.462812423706],"positionconfidence":1,"rotation":[-0.1625751405954361,-0.1388135105371475,-0.976882815361023,0,-0.9900543689727783,0.1406851708889008,-0.9866961240768433,0.02287191152572632,0.1609582304954529],"rotationconfidence":1},"15":{"id":15,"position":[326.8292248249054,-450.7891833782196,2087.222337722778],"positionconfidence":1,"rotation":[-0.1625751405954361,-0.1388135105371475,-0.976882815361023,0,-0.9900543689727783,0.1406851708889008,-0.9866961240768433,0.02287191152572632,0.1609582304954529],"rotationconfidence":1},"17":{"id":17,"position":[39.4485667347908,-440.2253925800324,2181.824684143066],"positionconfidence":1,"rotation":[0.7797011733055115,-0.5777599811553955,-0.2413705140352249,0.6260116696357727,0.727439820766449,0.2809640467166901,0.01325274724513292,-0.3701687157154083,0.9288700819015503],"rotationconfidence":1},"18":{"id":18,"position":[-147.1917927265167,-657.1057438850403,2098.057508468628],"positionconfidence":1,"rotation":[0.5407264828681946,-0.8411985039710999,0,0.7850881218910217,0.5046584010124207,0.3591051697731018,-0.3020787239074707,-0.1941776722669601,0.9332970976829529],"rotationconfidence":1},"19":{"id":19,"position":[-377.7519166469574,-805.3109049797058,1992.597579956055],"positionconfidence":0.5,"rotation":[-0.278863787651062,-0.9603306651115417,0,0.8970624804496765,-0.2604917883872986,-0.356963574886322,0.3428030610084534,-0.0995442196726799,0.9341183304786682],"rotationconfidence":0.5},"20":{"id":20,"position":[-407.2554707527161,-796.7435717582703,1912.202119827271],"positionconfidence":0.5,"rotation":[-0.278863787651062,-0.9603306651115417,0,0.8970624804496765,-0.2604917883872986,-0.356963574886322,0.3428030610084534,-0.0995442196726799,0.9341183304786682],"rotationconfidence":0.5},"21":{"id":21,"position":[192.349836230278,-444.7961449623108,2177.821636199951],"positionconfidence":1,"rotation":[0.9260143041610718,0.3367709815502167,0.1705367416143417,-0.3773811161518097,0.8151260614395142,0.4394917786121368,0.008999133482575417,-0.4713329970836639,0.8819093704223633],"rotationconfidence":1},"22":{"id":22,"position":[311.3786280155182,-701.8929123878479,2039.202690124512],"positionconfidence":1,"rotation":[0.9312312006950378,0.3538425862789154,0.0872000977396965,-0.3563496768474579,0.8340299725532532,0.4211992621421814,0.07631073892116547,-0.4233076274394989,0.9027664065361023],"rotationconfidence":1},"23":{"id":23,"position":[430.0769865512848,-979.7042608261108,1898.903250694275],"positionconfidence":0.5,"rotation":[0.5874696969985962,0.8092461824417114,0,-0.7991089224815369,0.5801105499267578,-0.1577864140272141,-0.1276880502700806,0.0926947295665741,0.98747318983078],"rotationconfidence":0.5},"24":{"id":24,"position":[440.8945441246033,-987.5572323799133,1815.245866775513],"positionconfidence":0.5,"rotation":[0.5874696969985962,0.8092461824417114,0,-0.7991089224815369,0.5801105499267578,-0.1577864140272141,-0.1276880502700806,0.0926947295665741,0.98747318983078],"rotationconfidence":0.5}},"skeletonTracked":true,"frameCount":2},{"position":[89.68433737754822,-396.7112898826599,2109.37762260437],"positionTracked":true,"id":4952,"skeleton":{"1":{"id":1,"position":[128.5034716129303,207.6447606086731,2360.742092132568],"positionconfidence":1,"rotation":[0.9994162917137146,0.03416310250759125,0,-0.03395281732082367,0.9932645559310913,0.1107831597328186,0.003784696338698268,-0.1107184961438179,0.9938446879386902],"rotationconfidence":1},"2":{"id":2,"position":[134.9934488534927,17.78527908027172,2339.566230773926],"positionconfidence":1,"rotation":[0.9990043044090271,0.03693998977541924,-0.02502341009676457,-0.03395281732082367,0.9932645559310913,0.1107831597328186,0.02894718945026398,-0.1098232120275497,0.9935296177864075],"rotationconfidence":1},"3":{"id":3,"position":[122.8883266448975,-321.2330043315888,2269.742965698242],"positionconfidence":1,"rotation":[0.9989715814590454,-0.02838895842432976,-0.03535064682364464,0.03495100140571594,0.978844165802002,0.2016000300645828,0.0288795568048954,-0.2026282399892807,0.9788296818733215],"rotationconfidence":1},"4":{"id":4,"position":[118.8527643680573,-369.5012629032135,2206.766605377197],"positionconfidence":1,"rotation":[0.9986770749092102,-0.03725700452923775,-0.03544016927480698,0.05079441890120506,0.6075381636619568,0.792664647102356,-0.008001052774488926,-0.7934162020683289,0.6086269617080688],"rotationconfidence":1},"6":{"id":6,"position":[-36.34385392069817,-108.2750037312508,2333.615064620972],"positionconfidence":1,"rotation":[0.3051950931549072,0.9484207034111023,-0.08575677871704102,0.03754175826907158,-0.1019659265875816,-0.9940792322158813,-0.9515495300292969,0.3001686036586762,-0.06672487407922745],"rotationconfidence":1},"7":{"id":7,"position":[-112.2849807143211,-344.2687690258026,2354.953765869141],"positionconfidence":1,"rotation":[0.07442984730005264,0.4353784024715424,0.8971653580665588,0.2983514368534088,0.8487309813499451,-0.4366256296634674,-0.9515495300292969,0.3001686036586762,-0.06672487407922745],"rotationconfidence":1},"8":{"id":8,"position":[-127.8769224882126,-435.4740381240845,2167.011022567749],"positionconfidence":1,"rotation":[0.6552305221557617,0.2146199941635132,0.7243004441261292,0,0.9587935209274292,-0.2841034829616547,-0.7554288506507874,0.1861532777547836,0.6282307505607605],"rotationconfidence":1},"9":{"id":9,"position":[-166.8887585401535,-448.2523202896118,2123.886823654175],"positionconfidence":1,"rotation":[0.6552305221557617,0.2146199941635132,0.7243004441261292,0,0.9587935209274292,-0.2841034829616547,-0.7554288506507874,0.1861532777547836,0.6282307505607605],"rotationconfidence":1},"12":{"id":12,"position":[310.9605610370636,-106.9485321640968,2323.642730712891],"positionconfidence":1,"rotation":[0.2877897620201111,-0.9539265632629395,-0.08485991507768631,-0.4231001436710358,-0.04715032875537872,-0.9048552513122559,0.8591642379760742,0.2963123023509979,-0.417175829410553],"rotationconfidence":1},"13":{"id":13,"position":[380.0674676895142,-336.0147476196289,2303.265333175659],"positionconfidence":1,"rotation":[-0.220889538526535,-0.5206317901611328,-0.8247122168540955,-0.4615673720836639,0.8007130026817322,-0.3818559348583221,0.8591642379760742,0.2963123023509979,-0.417175829410553],"rotationconfidence":1},"14":{"id":14,"position":[333.9994847774506,-444.5959627628326,2131.266117095947],"positionconfidence":1,"rotation":[-0.1691630035638809,-0.1417186111211777,-0.9753458499908447,0,-0.9896080493927002,0.1437909156084061,-0.9855879545211792,0.02432410232722759,0.1674050688743591],"rotationconfidence":1},"15":{"id":15,"position":[326.294869184494,-451.0506093502045,2086.843490600586],"positionconfidence":1,"rotation":[-0.1691630035638809,-0.1417186111211777,-0.9753458499908447,0,-0.9896080493927002,0.1437909156084061,-0.9855879545211792,0.02432410232722759,0.1674050688743591],"rotationconfidence":1},"17":{"id":17,"position":[39.3470898270607,-440.2567446231842,2181.144237518311],"positionconfidence":1,"rotation":[0.7776286005973816,-0.579769492149353,-0.2432302832603455,0.6285743117332458,0.7253462076187134,0.2806548774242401,0.01371103059500456,-0.3711335957050324,0.9284782409667969],"rotationconfidence":1},"18":{"id":18,"position":[-149.0972936153412,-657.712996006012,2097.004890441895],"positionconfidence":1,"rotation":[0.540101170539856,-0.8416001200675964,0,0.7853677272796631,0.50401371717453,0.3593991696834564,-0.3024703860282898,-0.1941119134426117,0.9331839680671692],"rotationconfidence":1},"19":{"id":19,"position":[-392.132967710495,-813.6823773384094,1985.787153244019],"positionconfidence":0.5,"rotation":[-0.2978270947933197,-0.9546198844909668,0,0.8927265405654907,-0.2785173058509827,-0.3542138636112213,0.3381395637989044,-0.1054944694042206,0.9351643919944763],"rotationconfidence":0.5},"20":{"id":20,"position":[-421.3270843029022,-804.5742511749268,1905.047416687012],"positionconfidence":0.5,"rotation":[-0.2978270947933197,-0.9546198844909668,0,0.8927265405654907,-0.2785173058509827,-0.3542138636112213,0.3381395637989044,-0.1054944694042206,0.9351643919944763],"rotationconfidence":0.5},"21":{"id":21,"position":[192.2067552804947,-444.9772238731384,2177.000045776367],"positionconfidence":1,"rotation":[0.9257664680480957,0.3375194370746613,0.170403003692627,-0.3779798746109009,0.8149945735931396,0.4392209947109222,0.00936809927225113,-0.4710249602794647,0.8820701837539673],"rotationconfidence":1},"22":{"id":22,"position":[311.4745020866394,-702.1405696868896,2038.408279418945],"positionconfidence":1,"rotation":[0.9335333704948425,0.3464872539043427,0.09198912233114243,-0.3525717556476593,0.8409440517425537,0.41049525141716,0.06487366557121277,-0.4156437814235687,0.9072109460830688],"rotationconfidence":1},"23":{"id":23,"position":[428.9550185203552,-982.3517203330994,1901.627063751221],"positionconfidence":0.5,"rotation":[0.5663242340087891,0.8241825699806213,0,-0.8137691020965576,0.559168815612793,-0.1584619283676148,-0.1306015551090241,0.0897408276796341,0.9873651266098022],"rotationconfidence":0.5},"24":{"id":24,"position":[440.0871098041534,-990.0009632110596,1817.466974258423],"positionconfidence":0.5,"rotation":[0.5663242340087891,0.8241825699806213,0,-0.8137691020965576,0.559168815612793,-0.1584619283676148,-0.1306015551090241,0.0897408276796341,0.9873651266098022],"rotationconfidence":0.5}},"skeletonTracked":true,"frameCount":3},{"position":[64.59739804267883,-388.2462084293366,2068.582534790039],"positionTracked":true,"id":4952,"skeleton":{"1":{"id":1,"position":[88.4089320898056,229.3220460414887,2342.587471008301],"positionconfidence":1,"rotation":[0.9767286777496338,0.2144786566495895,0,-0.2120285481214523,0.9655709862709045,0.1507199853658676,0.03232622146606445,-0.1472125351428986,0.9885764718055725],"rotationconfidence":1},"2":{"id":2,"position":[129.563570022583,41.90519824624062,2313.332796096802],"positionconfidence":1,"rotation":[0.6768396496772766,0.2563401460647583,-0.6900562644004822,-0.2120285481214523,0.9655709862709045,0.1507199853658676,0.7049339413642883,0.04429838061332703,0.7078881859779358],"rotationconfidence":1},"3":{"id":3,"position":[124.1393983364105,-323.6387670040131,2267.376184463501],"positionconfidence":1,"rotation":[0.713480532169342,0.07696951180696487,-0.696434736251831,0.01472113840281963,0.9920820593833923,0.1247257068753243,0.7005204558372498,-0.09924166649580002,0.7066981196403503],"rotationconfidence":1},"4":{"id":4,"position":[96.94398939609528,-389.3252611160278,2218.769550323486],"positionconfidence":1,"rotation":[0.9025120735168457,-0.05786316841840744,-0.4267598092556,0.3157796263694763,0.7627190351486206,0.5643961429595947,0.2928400337696075,-0.644136369228363,0.706635057926178],"rotationconfidence":1},"6":{"id":6,"position":[-9.638880379498005,-64.64453786611557,2396.993637084961],"positionconfidence":0.5,"rotation":[0.2698805928230286,0.8970349431037903,0.3499897718429565,0.1840154677629471,0.3087295293807983,-0.9331797957420349,-0.9451469779014587,0.3162506222724915,-0.08174819499254227],"rotationconfidence":0.5},"7":{"id":7,"position":[-70.70014625787735,-267.6013112068176,2317.80743598938],"positionconfidence":0.5,"rotation":[-0.08080650120973587,0.01611444167792797,0.9965996146202087,0.3164925873279572,0.9485388994216919,0.01032459083944559,-0.9451469779014587,0.3162506222724915,-0.08174819499254227],"rotationconfidence":0.5},"8":{"id":8,"position":[-54.13223430514336,-270.9052860736847,2113.472700119019],"positionconfidence":0.5,"rotation":[-0.2753750681877136,0.1790579110383987,0.9445140957832336,0,0.9825006127357483,-0.1862592697143555,-0.9613368511199951,-0.05129116028547287,-0.2705561816692352],"rotationconfidence":0.5},"9":{"id":9,"position":[-40.46135023236275,-279.7945439815521,2066.582679748535],"positionconfidence":0.5,"rotation":[-0.2753750681877136,0.1790579110383987,0.9445140957832336,0,0.9825006127357483,-0.1862592697143555,-0.9613368511199951,-0.05129116028547287,-0.2705561816692352],"rotationconfidence":0.5},"12":{"id":12,"position":[201.3998329639435,-69.39354538917542,2187.132835388184],"positionconfidence":1,"rotation":[-0.315104752779007,0.2924458384513855,-0.9028756618499756,-0.9474470615386963,-0.1523202210664749,0.2813229560852051,-0.0552545003592968,0.9440730810165405,0.3250737488269806],"rotationconfidence":1},"13":{"id":13,"position":[111.0375672578812,14.47085104882717,1928.216099739075],"positionconfidence":1,"rotation":[-0.4517605900764465,0.2667027711868286,-0.8513412475585938,-0.8904263973236084,-0.1938959509134293,0.4117584824562073,-0.0552545003592968,0.9440730810165405,0.3250737488269806],"rotationconfidence":1},"14":{"id":14,"position":[14.39391635358334,71.5256929397583,1746.091485023499],"positionconfidence":1,"rotation":[-0.6014021039009094,0.234952986240387,-0.7636180520057678,0,-0.9557812809944153,-0.2940784990787506,-0.7989464402198792,-0.1768594235181809,0.5748088955879211],"rotationconfidence":1},"15":{"id":15,"position":[-27.62447856366634,87.9412442445755,1692.739486694336],"positionconfidence":1,"rotation":[-0.6014021039009094,0.234952986240387,-0.7636180520057678,0,-0.9557812809944153,-0.2940784990787506,-0.7989464402198792,-0.1768594235181809,0.5748088955879211],"rotationconfidence":1},"17":{"id":17,"position":[36.05583682656288,-445.2964663505554,2221.958637237549],"positionconfidence":1,"rotation":[0.7450752258300781,-0.384772539138794,-0.5448054075241089,0.5884203314781189,0.7637960910797119,0.2652867436408997,0.3140451908111572,-0.5182331204414368,0.7954935431480408],"rotationconfidence":1},"18":{"id":18,"position":[-133.4665268659592,-665.3441190719604,2145.530223846436],"positionconfidence":1,"rotation":[0.6202788949012756,-0.7843813300132751,0,0.7362051010131836,0.5821816921234131,0.3450601100921631,-0.2706587016582489,-0.2140334993600845,0.9385805726051331],"rotationconfidence":1},"19":{"id":19,"position":[-383.3507001399994,-862.9493713378906,2028.409242630005],"positionconfidence":0.5,"rotation":[-0.04067768901586533,-0.9991723299026489,0,0.6984589695930481,-0.0284352321177721,-0.715084969997406,0.7144930958747864,-0.02908800356090069,0.6990375518798828],"rotationconfidence":0.5},"20":{"id":20,"position":[-442.710280418396,-860.5327606201172,1970.333695411682],"positionconfidence":0.5,"rotation":[-0.04067768901586533,-0.9991723299026489,0,0.6984589695930481,-0.0284352321177721,-0.715084969997406,0.7144930958747864,-0.02908800356090069,0.6990375518798828],"rotationconfidence":0.5},"21":{"id":21,"position":[148.7288475036621,-436.7907643318176,2183.018684387207],"positionconfidence":1,"rotation":[0.8594576120376587,0.4843309223651886,-0.1635728180408478,-0.3885416686534882,0.8268267512321472,0.4066852331161499,0.3322166204452515,-0.2859738767147064,0.8988053202629089],"rotationconfidence":1},"22":{"id":22,"position":[273.5649645328522,-702.4452686309814,2052.353143692017],"positionconfidence":1,"rotation":[0.6416811347007751,0.7326151132583618,-0.2269806563854218,-0.5117154121398926,0.6293905377388,0.5848203897476196,0.5713077187538147,-0.2591187059879303,0.7787584662437439],"rotationconfidence":1},"23":{"id":23,"position":[432.2505593299866,-897.6225256919861,1870.997309684753],"positionconfidence":0.5,"rotation":[0.5126935243606567,-0.8585716485977173,0,0.8339129686355591,0.4979686737060547,-0.237941712141037,0.2042900174856186,0.1219911873340607,0.9712794423103333],"rotationconfidence":0.5},"24":{"id":24,"position":[415.2504503726959,-907.7740907669067,1790.17174243927],"positionconfidence":0.5,"rotation":[0.5126935243606567,-0.8585716485977173,0,0.8339129686355591,0.4979686737060547,-0.237941712141037,0.2042900174856186,0.1219911873340607,0.9712794423103333],"rotationconfidence":0.5}},"skeletonTracked":true,"frameCount":4},{"position":[61.41377240419388,-391.2078142166138,2068.874359130859],"positionTracked":true,"id":4952,"skeleton":{"1":{"id":1,"position":[50.45206844806671,224.2833524942398,2334.477424621582],"positionconfidence":1,"rotation":[0.9938015937805176,0.1111680269241333,0,-0.1105491816997528,0.9882693886756897,0.1053684651851654,0.01171360444277525,-0.1047153472900391,0.9944332242012024],"rotationconfidence":1},"2":{"id":2,"position":[74.07689094543457,13.0860572680831,2311.959743499756],"positionconfidence":1,"rotation":[0.6018051505088806,0.1509349197149277,-0.7842507362365723,-0.1105491816997528,0.9882693886756897,0.1053684651851654,0.7909547686576843,0.02328699454665184,0.6114313006401062],"rotationconfidence":1},"3":{"id":3,"position":[123.8184720277786,-324.1389989852905,2267.259359359741],"positionconfidence":1,"rotation":[0.5949540138244629,0.1912388801574707,-0.7806775569915771,-0.1446850150823593,0.980897843837738,0.1300215125083923,0.7906301617622375,0.03559552878141403,0.6112585663795471],"rotationconfidence":1},"4":{"id":4,"position":[88.38488906621933,-392.8564190864563,2224.731206893921],"positionconfidence":1,"rotation":[0.7775281071662903,-0.01181025803089142,-0.6287372708320618,0.401559978723526,0.7787574529647827,0.4819609820842743,0.4839417636394501,-0.6272139549255371,0.610248327255249],"rotationconfidence":1},"6":{"id":6,"position":[-46.73332720994949,-59.75528061389923,2439.828157424927],"positionconfidence":0.5,"rotation":[0.1816794574260712,0.7920836806297302,0.5827487111091614,0.168706476688385,0.5587181448936462,-0.8120173215866089,-0.9687778949737549,0.2458403259515762,-0.03212203457951546],"rotationconfidence":0.5},"7":{"id":7,"position":[-89.49586749076843,-246.1908310651779,2302.664518356323],"positionconfidence":0.5,"rotation":[-0.06457437574863434,-0.125106155872345,0.9900396466255188,0.2393729984760284,0.9612028002738953,0.1370750665664673,-0.9687778949737549,0.2458403259515762,-0.03212203457951546],"rotationconfidence":0.5},"8":{"id":8,"position":[-75.85354149341583,-219.7602391242981,2093.503475189209],"positionconfidence":0.5,"rotation":[-0.5271289944648743,0.386943131685257,0.756577730178833,0,0.8903164863586426,-0.4553422927856445,-0.8497852087020874,-0.2400241196155548,-0.4693116247653961],"rotationconfidence":0.5},"9":{"id":9,"position":[-45.96450924873352,-241.7005151510239,2050.604343414307],"positionconfidence":0.5,"rotation":[-0.5271289944648743,0.386943131685257,0.756577730178833,0,0.8903164863586426,-0.4553422927856445,-0.8497852087020874,-0.2400241196155548,-0.4693116247653961],"rotationconfidence":0.5},"12":{"id":12,"position":[175.6847351789475,-57.9291507601738,2152.03595161438],"positionconfidence":1,"rotation":[-0.3005417585372925,0.3625349998474121,-0.8821808099746704,-0.8768396377563477,0.2589028775691986,0.4051190912723541,0.3752690255641937,0.8952863216400146,0.240073949098587],"rotationconfidence":1},"13":{"id":13,"position":[87.46309578418732,48.49010705947876,1893.078804016113],"positionconfidence":1,"rotation":[-0.431102454662323,0.3978647589683533,-0.8098483681678772,-0.8205631375312805,0.2004145383834839,0.5352664589881897,0.3752690255641937,0.8952863216400146,0.240073949098587],"rotationconfidence":1},"14":{"id":14,"position":[-7.664300501346588,136.2832486629486,1714.377045631409],"positionconfidence":1,"rotation":[-0.4956114292144775,0.4232849776744843,-0.7584187984466553,0,-0.8732067942619324,-0.4873498976230621,-0.868544340133667,-0.2415361851453781,0.4327712655067444],"rotationconfidence":1},"15":{"id":15,"position":[-38.54779154062271,162.6597940921783,1667.11699962616],"positionconfidence":1,"rotation":[-0.4956114292144775,0.4232849776744843,-0.7584187984466553,0,-0.8732067942619324,-0.4873498976230621,-0.868544340133667,-0.2415361851453781,0.4327712655067444],"rotationconfidence":1},"17":{"id":17,"position":[34.03174132108688,-451.1566162109375,2248.971223831177],"positionconfidence":1,"rotation":[0.6527702808380127,-0.2348000109195709,-0.7202498912811279,0.572333812713623,0.775739848613739,0.26582270860672,0.4963113367557526,-0.5857445001602173,0.6407638788223267],"rotationconfidence":1},"18":{"id":18,"position":[-127.2886544466019,-669.809877872467,2174.045324325562],"positionconfidence":1,"rotation":[0.6558329463005066,-0.7549059987068176,0,0.7069273591041565,0.6141510009765625,0.3508164286613464,-0.2648334205150604,-0.2300769686698914,0.9364441633224487],"rotationconfidence":1},"19":{"id":19,"position":[-378.4727454185486,-888.0288600921631,2049.393892288208],"positionconfidence":0.5,"rotation":[0.0920143872499466,-0.9957577586174011,0,0.5626884698867798,0.05199601501226425,-0.8250322937965393,0.8215321898460388,0.07591482996940613,0.5650857090950012],"rotationconfidence":0.5},"20":{"id":20,"position":[-449.0974247455597,-894.5550322532654,2000.815153121948],"positionconfidence":0.5,"rotation":[0.0920143872499466,-0.9957577586174011,0,0.5626884698867798,0.05199601501226425,-0.8250322937965393,0.8215321898460388,0.07591482996940613,0.5650857090950012],"rotationconfidence":0.5},"21":{"id":21,"position":[138.616219162941,-434.1694116592407,2183.492660522461],"positionconfidence":1,"rotation":[0.7523511648178101,0.5063925981521606,-0.4213482737541199,-0.3771807253360748,0.8555202484130859,0.354710727930069,0.5400949120521545,-0.1079426035284996,0.8346532583236694],"rotationconfidence":1},"22":{"id":22,"position":[249.2232024669647,-685.0478649139404,2079.474925994873],"positionconfidence":1,"rotation":[0.4839464724063873,0.8441810011863708,-0.2305522412061691,-0.5168898701667786,0.4883408546447754,0.7030988931655884,0.7061308026313782,-0.2210921049118042,0.6726794242858887],"rotationconfidence":1},"23":{"id":23,"position":[424.651563167572,-850.7869243621826,1840.848684310913],"positionconfidence":0.5,"rotation":[-0.02582629770040512,-0.9996665120124817,0,0.8944687843322754,-0.02310852333903313,-0.4465328752994537,0.4463838934898377,-0.01153228897601366,0.894767165184021],"rotationconfidence":0.5},"24":{"id":24,"position":[384.0644359588623,-849.738359451294,1759.492635726929],"positionconfidence":0.5,"rotation":[-0.02582629770040512,-0.9996665120124817,0,0.8944687843322754,-0.02310852333903313,-0.4465328752994537,0.4463838934898377,-0.01153228897601366,0.894767165184021],"rotationconfidence":0.5}},"skeletonTracked":true,"frameCount":5},{"position":[62.78777867555618,-393.7804400920868,2068.620204925537],"positionTracked":true,"id":4952,"skeleton":{"1":{"id":1,"position":[40.34240171313286,225.4953682422638,2332.095623016357],"positionconfidence":0.5,"rotation":[0.9999999403953552,0.0005107951001264155,0,-0.0005101406131871045,0.9987185597419739,0.05060509964823723,0.00002584883623057976,-0.05060509592294693,0.9987187385559082],"rotationconfidence":0.5},"2":{"id":2,"position":[40.45705124735832,1.042301766574383,2320.722579956055],"positionconfidence":1,"rotation":[0.573112964630127,0.04176167771220207,-0.8184114694595337,-0.0005101406131871045,0.9987185597419739,0.05060509964823723,0.8194761872291565,-0.02858493663370609,0.572399914264679],"rotationconfidence":1},"3":{"id":3,"position":[119.5350363850594,-322.1946358680725,2270.764350891113],"positionconfidence":1,"rotation":[0.5310268998146057,0.2548145055770874,-0.8081335425376892,-0.2350024729967117,0.9605894088745117,0.1484649181365967,0.8141155242919922,0.1110745221376419,0.5699808597564697],"rotationconfidence":1},"4":{"id":4,"position":[80.03050088882446,-388.896107673645,2231.974601745606],"positionconfidence":1,"rotation":[0.7044520378112793,-0.004475307650864124,-0.7097375392913818,0.4557236135005951,0.7694669961929321,0.4474778473377228,0.5441170334815979,-0.6386709213256836,0.5440921187400818],"rotationconfidence":1},"6":{"id":6,"position":[-65.05150347948074,-54.65105921030045,2462.363243103027],"positionconfidence":0.5,"rotation":[0.1577655225992203,0.7259976863861084,0.6693560481071472,0.2075137197971344,0.6383340358734131,-0.7412610054016113,-0.9654263854026794,0.2558459639549255,-0.04994736239314079],"rotationconfidence":0.5},"7":{"id":7,"position":[-103.6780253052712,-232.4006855487824,2298.481464385986],"positionconfidence":0.5,"rotation":[-0.1025405079126358,-0.1965673565864563,0.9751136302947998,0.2396608591079712,0.946522057056427,0.2160058915615082,-0.9654263854026794,0.2558459639549255,-0.04994736239314079],"rotationconfidence":0.5},"8":{"id":8,"position":[-81.40452951192856,-189.7030025720596,2086.670637130737],"positionconfidence":0.5,"rotation":[-0.6406415104866028,0.3625262379646301,0.6768701076507568,0,0.8815248012542725,-0.4721376597881317,-0.7678400874137878,-0.3024709820747376,-0.5647413730621338],"rotationconfidence":0.5},"9":{"id":9,"position":[-40.27144983410835,-212.9793912172318,2043.211460113525],"positionconfidence":0.5,"rotation":[-0.6406415104866028,0.3625262379646301,0.6768701076507568,0,0.8815248012542725,-0.4721376597881317,-0.7678400874137878,-0.3024709820747376,-0.5647413730621338],"rotationconfidence":0.5},"12":{"id":12,"position":[163.3731573820114,-51.54510959982872,2135.494232177734],"positionconfidence":1,"rotation":[-0.2630534470081329,0.4094664752483368,-0.8735788464546204,-0.1751451045274735,0.8701552152633667,0.4606017172336578,0.9487502574920654,0.2741659581661224,-0.1571813076734543],"rotationconfidence":1},"13":{"id":13,"position":[89.53385800123215,63.39243799448013,1890.28000831604],"positionconfidence":1,"rotation":[-0.2864863276481628,0.5361780524253845,-0.7940016388893127,-0.1334110498428345,0.7983395457267761,0.5872438549995422,0.9487502574920654,0.2741659581661224,-0.1571813076734543],"rotationconfidence":1},"14":{"id":14,"position":[31.03756718337536,172.8720963001251,1728.156566619873],"positionconfidence":1,"rotation":[-0.6697953343391418,0.2668465375900269,-0.6929410099983215,0,-0.9331963062286377,-0.3593671321868897,-0.7425458431243896,-0.24070243537426,0.6250505447387695],"rotationconfidence":1},"15":{"id":15,"position":[-29.12360802292824,196.8403160572052,1665.916442871094],"positionconfidence":1,"rotation":[-0.6697953343391418,0.2668465375900269,-0.6929410099983215,0,-0.9331963062286377,-0.3593671321868897,-0.7425458431243896,-0.24070243537426,0.6250505447387695],"rotationconfidence":1},"17":{"id":17,"position":[30.53593635559082,-452.6123106479645,2262.219190597534],"positionconfidence":1,"rotation":[0.6092840433120728,-0.1678246557712555,-0.7749888896942139,0.5648910403251648,0.7777503132820129,0.2756857573986054,0.5564809441566467,-0.6057552099227905,0.5686734318733215],"rotationconfidence":1},"18":{"id":18,"position":[-127.7968436479569,-670.6072092056274,2184.947490692139],"positionconfidence":1,"rotation":[0.6880709528923035,-0.725643515586853,0,0.6816847920417786,0.6463883519172668,0.3427653610706329,-0.2487254589796066,-0.2358468919992447,0.9394211769104004],"rotationconfidence":1},"19":{"id":19,"position":[-374.7271597385407,-904.7518968582153,2060.78577041626],"positionconfidence":0.5,"rotation":[0.121160127222538,-0.9926329851150513,0,0.51009202003479,0.06226149201393127,-0.8578633069992065,0.8515434265136719,0.1039388328790665,0.5138777494430542],"rotationconfidence":0.5},"20":{"id":20,"position":[-450.192928314209,-913.9631986618042,2015.244722366333],"positionconfidence":0.5,"rotation":[0.121160127222538,-0.9926329851150513,0,0.51009202003479,0.06226149201393127,-0.8578633069992065,0.8515434265136719,0.1039388328790665,0.5138777494430542],"rotationconfidence":0.5},"21":{"id":21,"position":[132.9063624143601,-432.3627948760986,2183.613538742065],"positionconfidence":1,"rotation":[0.6934953927993774,0.4950900971889496,-0.5234023928642273,-0.3811191916465759,0.8686087727546692,0.3166497051715851,0.6114019751548767,-0.0201164148747921,0.791064441204071],"rotationconfidence":1},"22":{"id":22,"position":[240.3506189584732,-677.2390007972717,2094.3443775177],"positionconfidence":1,"rotation":[0.4460258483886719,0.8701208233833313,-0.2096437215805054,-0.5016158819198608,0.4370110332965851,0.7465941309928894,0.7412437200546265,-0.2278396636247635,0.6313846707344055],"rotationconfidence":1},"23":{"id":23,"position":[418.6711609363556,-832.593023777008,1828.935980796814],"positionconfidence":0.5,"rotation":[-0.1291923224925995,-0.9916194677352905,0,0.8369089961051941,-0.10903599858284,-0.5363714098930359,0.5318764448165894,-0.06929507851600647,0.8439820408821106],"rotationconfidence":0.5},"24":{"id":24,"position":[367.2484755516052,-825.8934617042542,1747.3384141922],"positionconfidence":0.5,"rotation":[-0.1291923224925995,-0.9916194677352905,0,0.8369089961051941,-0.10903599858284,-0.5363714098930359,0.5318764448165894,-0.06929507851600647,0.8439820408821106],"rotationconfidence":0.5}},"skeletonTracked":true,"frameCount":6},{"position":[63.03772330284119,-385.4800462722778,2067.92950630188],"positionTracked":true,"id":4952,"skeleton":{"1":{"id":1,"position":[33.59212726354599,226.7454564571381,2331.242322921753],"positionconfidence":1,"rotation":[0.9998261332511902,-0.01864785887300968,0,0.01862998865544796,0.998867928981781,0.04376819729804993,-0.0008161831647157669,-0.04376058652997017,0.9990416765213013],"rotationconfidence":1},"2":{"id":2,"position":[29.32881936430931,-1.836634706705809,2321.226358413696],"positionconfidence":1,"rotation":[0.5783910155296326,0.02494045533239842,-0.8153783082962036,0.01862998865544796,0.998867928981781,0.04376819729804993,0.8155469298362732,-0.04050562530755997,0.5772716403007507],"rotationconfidence":1},"3":{"id":3,"position":[115.9573867917061,-320.3054070472717,2273.683547973633],"positionconfidence":1,"rotation":[0.5276332497596741,0.2640562653541565,-0.8073893785476685,-0.2597967982292175,0.9550794363021851,0.1425796300172806,0.8087700009346008,0.1345274150371552,0.572532594203949],"rotationconfidence":1},"4":{"id":4,"position":[75.30079036951065,-385.6968581676483,2236.244440078735],"positionconfidence":1,"rotation":[0.667445719242096,0.01131735555827618,-0.7445724606513977,0.4748524129390717,0.7637454271316528,0.4372734725475311,0.5736125707626343,-0.6454183459281921,0.5043845176696777],"rotationconfidence":1},"6":{"id":6,"position":[-73.55360686779022,-50.50227418541908,2472.914457321167],"positionconfidence":0.5,"rotation":[0.1554864794015884,0.6891030073165894,0.7077860236167908,0.2322050780057907,0.6709274649620056,-0.7042282223701477,-0.9601588249206543,0.2738494575023651,-0.05569305643439293],"rotationconfidence":0.5},"7":{"id":7,"position":[-112.5492304563522,-223.3275920152664,2295.403480529785],"positionconfidence":0.5,"rotation":[-0.1225898861885071,-0.2336555272340775,0.9645605087280273,0.2511313855648041,0.9329586625099182,0.257917582988739,-0.9601588249206543,0.2738494575023651,-0.05569305643439293],"rotationconfidence":0.5},"8":{"id":8,"position":[-85.46