{"motiondata":[{"position":[148.8605737686157,-470.7734882831574,2413.606882095337],"positionTracked":true,"id":4943,"skeleton":{"1":{"id":1,"position":[198.5731273889542,142.6679044961929,2654.249668121338],"positionconfidence":1,"rotation":[0.9999085664749146,-0.01352752838283777,0,0.01352006755769253,0.9993571043014526,0.03320850059390068,-0.0004492289444897324,-0.03320546448230743,0.9994485974311829],"rotationconfidence":1},"2":{"id":2,"position":[195.8467215299606,-58.85868147015572,2647.552967071533],"positionconfidence":1,"rotation":[0.9956536293029785,-0.01651578582823277,0.09165918081998825,0.01352006755769253,0.9993571043014526,0.03320850059390068,-0.09214869886636734,-0.03182491660118103,0.9952365756034851],"rotationconfidence":1},"3":{"id":3,"position":[181.1181306838989,-371.8225657939911,2597.239017486572],"positionconfidence":1,"rotation":[0.9950084686279297,-0.05968381837010384,0.0799739882349968,0.04641492292284966,0.9862582683563232,0.1585567891597748,-0.08833828568458557,-0.1540533751249313,0.9841055870056152],"rotationconfidence":1},"4":{"id":4,"position":[182.1804046630859,-415.2793288230896,2535.630226135254],"positionconfidence":1,"rotation":[0.9988483786582947,-0.02936938218772411,0.03793856501579285,-0.01408838853240013,0.5763444900512695,0.8170853853225708,-0.04586297646164894,-0.8166789412498474,0.5752670168876648],"rotationconfidence":1},"6":{"id":6,"position":[9.865510277450085,-171.3775396347046,2638.5657787323],"positionconfidence":1,"rotation":[0.4086249768733978,0.9124830365180969,-0.02001094073057175,0.3547363877296448,-0.1789816170930862,-0.9176751375198364,-0.8409445285797119,0.3678863346576691,-0.3968272507190704],"rotationconfidence":1},"7":{"id":7,"position":[-77.87993550300598,-367.3181533813477,2642.862796783447],"positionconfidence":1,"rotation":[-0.4079379141330719,0.05081050470471382,0.911594808101654,0.3555262684822083,0.9284815192222595,0.1073459684848785,-0.8409445285797119,0.3678863346576691,-0.3968272507190704],"rotationconfidence":1},"8":{"id":8,"position":[36.59344837069511,-381.5763294696808,2387.05587387085],"positionconfidence":1,"rotation":[-0.8198820948600769,0.005706648342311382,0.5725039839744568,0,0.9999503493309021,-0.009967380203306675,-0.5725324153900146,-0.00817207619547844,-0.8198413848876953],"rotationconfidence":1},"9":{"id":9,"position":[86.97241544723511,-381.9269835948944,2351.877450942993],"positionconfidence":0.5,"rotation":[-0.8198820948600769,0.005706648342311382,0.5725039839744568,0,0.9999503493309021,-0.009967380203306675,-0.5725324153900146,-0.00817207619547844,-0.8198413848876953],"rotationconfidence":0.5},"12":{"id":12,"position":[385.5205774307251,-162.8589630126953,2673.619985580444],"positionconfidence":1,"rotation":[0.2646107077598572,-0.9628070592880249,0.05462347716093063,-0.5238202214241028,-0.1910588294267654,-0.8301257491111755,0.8096872568130493,0.1910473108291626,-0.5548940300941467],"rotationconfidence":1},"13":{"id":13,"position":[448.7351775169373,-392.870306968689,2686.66934967041],"positionconfidence":1,"rotation":[-0.2948219180107117,-0.6851353645324707,-0.666085422039032,-0.5074313282966614,0.7029157876968384,-0.4984204471111298,0.8096872568130493,0.1910473108291626,-0.5548940300941467],"rotationconfidence":1},"14":{"id":14,"position":[363.5545372962952,-590.8212065696716,2494.222402572632],"positionconfidence":0.5,"rotation":[-0.3596669137477875,-0.2465911358594894,-0.8999068737030029,0,-0.9644470810890198,0.2642763257026672,-0.9330807328224182,0.09505145251750946,0.3468796908855438],"rotationconfidence":0.5},"15":{"id":15,"position":[333.7738513946533,-611.2391352653503,2419.709444046021],"positionconfidence":0.5,"rotation":[-0.3596669137477875,-0.2465911358594894,-0.8999068737030029,0,-0.9644470810890198,0.2642763257026672,-0.9330807328224182,0.09505145251750946,0.3468796908855438],"rotationconfidence":0.5},"17":{"id":17,"position":[99.11003708839417,-492.2741055488586,2505.478382110596],"positionconfidence":1,"rotation":[0.8950440287590027,-0.4305697381496429,-0.1162149459123612,0.4444575011730194,0.8396769762039185,0.3120899498462677,-0.03679347038269043,-0.3309868276119232,0.9429177641868591],"rotationconfidence":1},"18":{"id":18,"position":[-52.77998372912407,-779.2274355888367,2398.823976516724],"positionconfidence":1,"rotation":[0.6621624231338501,-0.7493604421615601,0,0.6972839832305908,0.6161457300186157,0.3662777841091156,-0.2744740843772888,-0.2425353825092316,0.9305055737495422],"rotationconfidence":1},"19":{"id":19,"position":[-326.8043100833893,-1021.365404129028,2254.881143569946],"positionconfidence":0.5,"rotation":[-0.1518750488758087,-0.9883997440338135,0,0.9367383718490601,-0.143936887383461,-0.3190668821334839,0.3153656125068665,-0.0484582930803299,0.9477323293685913],"rotationconfidence":0.5},"20":{"id":20,"position":[-358.790248632431,-1016.450524330139,2158.757448196411],"positionconfidence":0.5,"rotation":[-0.1518750488758087,-0.9883997440338135,0,0.9367383718490601,-0.143936887383461,-0.3190668821334839,0.3153656125068665,-0.0484582930803299,0.9477323293685913],"rotationconfidence":0.5},"21":{"id":21,"position":[258.9081823825836,-498.3607828617096,2509.57727432251],"positionconfidence":1,"rotation":[0.9722414016723633,0.1893345415592194,0.1374744474887848,-0.2305544018745422,0.8753841519355774,0.4249086081981659,-0.03989306464791298,-0.4448090791702271,0.8947365283966064],"rotationconfidence":1},"22":{"id":22,"position":[338.1158709526062,-799.1017699241638,2363.598585128784],"positionconfidence":1,"rotation":[0.7135559916496277,0.5036609768867493,0.4869941473007202,-0.695752739906311,0.4278172850608826,0.5769754648208618,0.08225551247596741,-0.750531792640686,0.6556950807571411],"rotationconfidence":1},"23":{"id":23,"position":[615.1740550994873,-969.4644212722778,2133.839130401611],"positionconfidence":0.5,"rotation":[-0.7849413752555847,0.6195700764656067,0,-0.5355924963951111,-0.67854905128479,-0.5027046799659729,-0.3114607632160187,-0.3945936560630798,0.8644582629203796],"rotationconfidence":0.5},"24":{"id":24,"position":[646.8909382820129,-929.2818903923035,2045.809030532837],"positionconfidence":0.5,"rotation":[-0.7849413752555847,0.6195700764656067,0,-0.5355924963951111,-0.67854905128479,-0.5027046799659729,-0.3114607632160187,-0.3945936560630798,0.8644582629203796],"rotationconfidence":0.5}},"skeletonTracked":true,"frameCount":1},{"position":[149.5697796344757,-469.7247743606567,2413.644075393677],"positionTracked":true,"id":4943,"skeleton":{"1":{"id":1,"position":[198.7534910440445,141.5639668703079,2652.526378631592],"positionconfidence":1,"rotation":[0.9998610019683838,-0.01667455025017262,0,0.01666802726686001,0.9994699358940125,0.02796549536287785,-0.0004663120489567518,-0.0279616080224514,0.9996089339256287],"rotationconfidence":1},"2":{"id":2,"position":[195.4002976417542,-59.50457230210304,2646.900415420532],"positionconfidence":1,"rotation":[0.9945214986801147,-0.01945920661091805,0.1027044281363487,0.01666802726686001,0.9994699358940125,0.02796549536287785,-0.1031941697001457,-0.02610040456056595,0.9943186640739441],"rotationconfidence":1},"3":{"id":3,"position":[180.68927526474,-372.4932968616486,2596.946001052856],"positionconfidence":1,"rotation":[0.9939965605735779,-0.06119523197412491,0.09069693088531494,0.04636439681053162,0.9864394664764404,0.1574402004480362,-0.09910163283348083,-0.1522899270057678,0.9833548069000244],"rotationconfidence":1},"4":{"id":4,"position":[182.1494847536087,-416.0765111446381,2535.354137420654],"positionconfidence":1,"rotation":[0.9986662268638611,-0.02791770733892918,0.04343114793300629,-0.01934911869466305,0.5775176286697388,0.8161488175392151,-0.04786726087331772,-0.8159007430076599,0.5762072205543518],"rotationconfidence":1},"6":{"id":6,"position":[9.661555290222168,-171.8769520521164,2634.986639022827],"positionconfidence":1,"rotation":[0.4096222519874573,0.912124752998352,-0.01542826648801565,0.3594732880592346,-0.1769320070743561,-0.9162280559539795,-0.8384440541267395,0.3697613477706909,-0.4003597795963287],"rotationconfidence":1},"7":{"id":7,"position":[-78.1867504119873,-367.4928247928619,2638.295412063599],"positionconfidence":1,"rotation":[-0.4124754369258881,0.04959116131067276,0.9096180200576782,0.3561958968639374,0.9278023838996887,0.1109380573034287,-0.8384440541267395,0.3697613477706909,-0.4003597795963287],"rotationconfidence":1},"8":{"id":8,"position":[37.35100850462914,-381.3837170600891,2383.503913879395],"positionconfidence":1,"rotation":[-0.7093110680580139,0.03251903504133225,0.704145073890686,0,0.998935341835022,-0.0461331233382225,-0.7048956155776978,-0.03272273391485214,-0.7085558772087097],"rotationconfidence":1},"9":{"id":9,"position":[86.20449155569077,-383.6234509944916,2335.006237030029],"positionconfidence":0.5,"rotation":[-0.7093110680580139,0.03251903504133225,0.704145073890686,0,0.998935341835022,-0.0461331233382225,-0.7048956155776978,-0.03272273391485214,-0.7085558772087097],"rotationconfidence":0.5},"12":{"id":12,"position":[385.0856125354767,-163.1065756082535,2674.179792404175],"positionconfidence":1,"rotation":[0.2531621158123016,-0.9664046764373779,0.04439479857683182,-0.5175869464874268,-0.1740725785493851,-0.8377364873886108,0.8173204064369202,0.1891049891710281,-0.5442670583724976],"rotationconfidence":1},"13":{"id":13,"position":[445.5124139785767,-393.7759399414063,2684.776306152344],"positionconfidence":1,"rotation":[-0.2910713255405426,-0.6797035336494446,-0.6732611656188965,-0.4972572922706604,0.7086906433105469,-0.500492513179779,0.8173204064369202,0.1891049891710281,-0.5442670583724976],"rotationconfidence":1},"14":{"id":14,"position":[361.7684245109558,-589.3331170082092,2491.072654724121],"positionconfidence":0.5,"rotation":[-0.3592126965522766,-0.2344005554914475,-0.903339684009552,0,-0.9679444432258606,0.2511643171310425,-0.933255672454834,0.09022141247987747,0.3476979434490204],"rotationconfidence":0.5},"15":{"id":15,"position":[332.9103887081146,-608.1641316413879,2418.501138687134],"positionconfidence":0.5,"rotation":[-0.3592126965522766,-0.2344005554914475,-0.903339684009552,0,-0.9679444432258606,0.2511643171310425,-0.933255672454834,0.09022141247987747,0.3476979434490204],"rotationconfidence":0.5},"17":{"id":17,"position":[99.29147362709045,-492.9186403751373,2504.985332489014],"positionconfidence":1,"rotation":[0.894701361656189,-0.4321916997432709,-0.1127825751900673,0.4448866546154022,0.8397550582885742,0.3112672865390778,-0.03981740027666092,-0.3286667168140411,0.9436063170433044],"rotationconfidence":1},"18":{"id":18,"position":[-52.87646874785423,-780.1464200019836,2398.520231246948],"positionconfidence":1,"rotation":[0.6587466597557068,-0.7523648142814636,0,0.699451208114624,0.6124172210693359,0.368392676115036,-0.2771656811237335,-0.2426774501800537,0.9296702742576599],"rotationconfidence":1},"19":{"id":19,"position":[-327.7837634086609,-1020.846486091614,2253.729820251465],"positionconfidence":0.5,"rotation":[-0.1617732048034668,-0.9868279099464417,0,0.936815083026886,-0.1535744816064835,-0.3143125176429749,0.3101724088191986,-0.05084734782576561,0.94931960105896],"rotationconfidence":0.5},"20":{"id":20,"position":[-359.2723309993744,-1015.684485435486,2157.355308532715],"positionconfidence":0.5,"rotation":[-0.1617732048034668,-0.9868279099464417,0,0.936815083026886,-0.1535744816064835,-0.3143125176429749,0.3101724088191986,-0.05084734782576561,0.94931960105896],"rotationconfidence":0.5},"21":{"id":21,"position":[258.8455080986023,-499.0271627902985,2509.59038734436],"positionconfidence":1,"rotation":[0.9720197916030884,0.1883936375379562,0.1403044760227203,-0.2309565842151642,0.8754668235778809,0.4245195388793945,-0.04285513609647751,-0.4450456500053406,0.894481897354126],"rotationconfidence":1},"22":{"id":22,"position":[338.2499516010284,-800.0186085700989,2363.637685775757],"positionconfidence":1,"rotation":[0.7132424712181091,0.4921265840530396,0.4990958273410797,-0.6970345377922058,0.4231594204902649,0.5788600444793701,0.07367531210184097,-0.7607545852661133,0.6448444724082947],"rotationconfidence":1},"23":{"id":23,"position":[615.8789396286011,-968.5630798339844,2133.077621459961],"positionconfidence":0.5,"rotation":[-0.7900604605674744,0.6130290031433105,0,-0.52469402551651,-0.6762159466743469,-0.5171347260475159,-0.3170185685157776,-0.4085676670074463,0.8559040427207947],"rotationconfidence":0.5},"24":{"id":24,"position":[648.4673023223877,-926.5637993812561,2045.093774795532],"positionconfidence":0.5,"rotation":[-0.7900604605674744,0.6130290031433105,0,-0.52469402551651,-0.6762159466743469,-0.5171347260475159,-0.3170185685157776,-0.4085676670074463,0.8559040427207947],"rotationconfidence":0.5}},"skeletonTracked":true,"frameCount":2},{"position":[148.8657146692276,-473.3926057815552,2411.470890045166],"positionTracked":true,"id":4943,"skeleton":{"1":{"id":1,"position":[198.9425718784332,140.5574679374695,2650.887250900269],"positionconfidence":1,"rotation":[0.9998117685317993,-0.01940134167671204,0,0.01939589902758598,0.9995313286781311,0.02368919551372528,-0.0004596021899487823,-0.02368473634123802,0.999719500541687],"rotationconfidence":1},"2":{"id":2,"position":[195.0481534004211,-60.13408303260803,2646.130800247192],"positionconfidence":1,"rotation":[0.9935002326965332,-0.02192618511617184,0.1116997748613358,0.01939589902758598,0.9995313286781311,0.02368919551372528,-0.1121668070554733,-0.02136869728565216,0.9934596419334412],"rotationconfidence":1},"3":{"id":3,"position":[180.2939474582672,-373.1428682804108,2596.561670303345],"positionconfidence":1,"rotation":[0.9930766224861145,-0.0625557079911232,0.09942537546157837,0.04650615900754929,0.9866228699684143,0.1562449336051941,-0.1078693643212318,-0.150539293885231,0.9827013611793518],"rotationconfidence":1},"4":{"id":4,"position":[182.1164637804031,-416.8452322483063,2534.997701644898],"positionconfidence":1,"rotation":[0.9984800815582275,-0.02646304480731487,0.04834392666816711,-0.0241327490657568,0.5786824226379395,0.8151958584785461,-0.04954834282398224,-0.8151234984397888,0.5771642327308655],"rotationconfidence":1},"6":{"id":6,"position":[9.544950909912586,-172.2474992275238,2632.009983062744],"positionconfidence":1,"rotation":[0.4103894233703613,0.9118204712867737,-0.01279942039400339,0.3628378808498383,-0.1761497706174851,-0.9150518178939819,-0.8366177082061768,0.3708835244178772,-0.4031330645084381],"rotationconfidence":1},"7":{"id":7,"position":[-78.3432275056839,-367.5211668014526,2634.751081466675],"positionconfidence":1,"rotation":[-0.4157821238040924,0.04920018464326859,0.9081323742866516,0.3566455543041229,0.9273751378059387,0.1130449920892716,-0.8366177082061768,0.3708835244178772,-0.4031330645084381],"rotationconfidence":1},"8":{"id":8,"position":[38.02071139216423,-381.2907040119171,2380.594253540039],"positionconfidence":1,"rotation":[-0.6257550716400146,0.04792937636375427,0.7785456776618958,0,0.998110294342041,-0.06144636869430542,-0.7800195217132568,-0.03845037519931793,-0.6245725750923157],"rotationconfidence":1},"9":{"id":9,"position":[85.31216531991959,-384.9129676818848,2321.755647659302],"positionconfidence":0.5,"rotation":[-0.6257550716400146,0.04792937636375427,0.7785456776618958,0,0.998110294342041,-0.06144636869430542,-0.7800195217132568,-0.03845037519931793,-0.6245725750923157],"rotationconfidence":0.5},"12":{"id":12,"position":[384.7224116325378,-163.3095443248749,2674.561738967896],"positionconfidence":1,"rotation":[0.2438083589076996,-0.9692116975784302,0.034442238509655,-0.5114486813545227,-0.1586683839559555,-0.8445380926132202,0.8240010142326355,0.1882899850606918,-0.5343866944313049],"rotationconfidence":1},"13":{"id":13,"position":[442.8977072238922,-394.5738673210144,2682.780027389526],"positionconfidence":1,"rotation":[-0.2892421185970306,-0.6712167263031006,-0.6825005412101746,-0.4871973097324371,0.7169482707977295,-0.4986218810081482,0.8240010142326355,0.1882899850606918,-0.5343866944313049],"rotationconfidence":1},"14":{"id":14,"position":[360.2689206600189,-586.3226652145386,2487.807750701904],"positionconfidence":0.5,"rotation":[-0.3590927124023438,-0.222334012389183,-0.906432569026947,0,-0.9712105393409729,0.238223060965538,-0.9333019256591797,0.0855441614985466,0.3487546145915985],"rotationconfidence":0.5},"15":{"id":15,"position":[332.2407603263855,-603.676438331604,2417.058229446411],"positionconfidence":0.5,"rotation":[-0.3590927124023438,-0.222334012389183,-0.906432569026947,0,-0.9712105393409729,0.238223060965538,-0.9333019256591797,0.0855441614985466,0.3487546145915985],"rotationconfidence":0.5},"17":{"id":17,"position":[99.45076704025269,-493.5327172279358,2504.487991333008],"positionconfidence":1,"rotation":[0.8943607807159424,-0.4335988759994507,-0.1100499778985977,0.4453491866588593,0.8397836089134216,0.3105280697345734,-0.04222646355628967,-0.3267347812652588,0.9441723227500916],"rotationconfidence":1},"18":{"id":18,"position":[-52.97709628939629,-780.9620499610901,2398.204803466797],"positionconfidence":1,"rotation":[0.6556299924850464,-0.7550823092460632,0,0.7013700008392334,0.6089921593666077,0.3704168200492859,-0.2796951830387116,-0.2428563833236694,0.9288656115531921],"rotationconfidence":1},"19":{"id":19,"position":[-328.6945819854736,-1020.36464214325,2252.589225769043],"positionconfidence":0.5,"rotation":[-0.1707004457712174,-0.9853229522705078,0,0.9368246793746948,-0.1622984558343887,-0.3098687529563904,0.3053207993507385,-0.05289473757147789,0.9507793188095093],"rotationconfidence":0.5},"20":{"id":20,"position":[-359.7122430801392,-1014.991044998169,2155.999183654785],"positionconfidence":0.5,"rotation":[-0.1707004457712174,-0.9853229522705078,0,0.9368246793746948,-0.1622984558343887,-0.3098687529563904,0.3053207993507385,-0.05289473757147789,0.9507793188095093],"rotationconfidence":0.5},"21":{"id":21,"position":[258.7664127349854,-499.6775090694428,2509.486675262451],"positionconfidence":1,"rotation":[0.9718310832977295,0.1876941919326782,0.1425308585166931,-0.2312979996204376,0.8756365776062012,0.4239831566810608,-0.04522606730461121,-0.4450071454048157,0.8943842053413391],"rotationconfidence":1},"22":{"id":22,"position":[338.3391499519348,-800.9200692176819,2363.625049591065],"positionconfidence":1,"rotation":[0.7123836874961853,0.4820670485496521,0.5100204944610596,-0.698615550994873,0.418082594871521,0.5806403160095215,0.06667686998844147,-0.7699469327926636,0.6346147656440735],"rotationconfidence":1},"23":{"id":23,"position":[616.6807413101196,-967.4920439720154,2132.28702545166],"positionconfidence":0.5,"rotation":[-0.7953782081604004,0.6061133742332458,0,-0.5138375163078308,-0.6742883324623108,-0.5303829908370972,-0.3214722573757172,-0.421855092048645,0.8477581143379211],"rotationconfidence":0.5},"24":{"id":24,"position":[649.9861478805542,-923.7866997718811,2044.456958770752],"positionconfidence":0.5,"rotation":[-0.7953782081604004,0.6061133742332458,0,-0.5138375163078308,-0.6742883324623108,-0.5303829908370972,-0.3214722573757172,-0.421855092048645,0.8477581143379211],"rotationconfidence":0.5}},"skeletonTracked":true,"frameCount":3},{"position":[150.4322737455368,-464.302659034729,2407.588005065918],"positionTracked":true,"id":4943,"skeleton":{"1":{"id":1,"position":[200.5558907985687,139.9879902601242,2648.057222366333],"positionconfidence":1,"rotation":[0.9995858669281006,-0.02877526357769966,0,0.0287702176719904,0.9994105696678162,0.01872558332979679,-0.0005388336139731109,-0.01871782913804054,0.9998245239257812],"rotationconfidence":1},"2":{"id":2,"position":[194.779559969902,-60.66833436489105,2644.297599792481],"positionconfidence":1,"rotation":[0.9910948872566223,-0.03095738030970097,0.1295082122087479,0.0287702176719904,0.9994105696678162,0.01872558332979679,-0.1300115883350372,-0.01483285240828991,0.9914014935493469],"rotationconfidence":1},"3":{"id":3,"position":[179.5893609523773,-374.4597733020783,2594.593286514282],"positionconfidence":1,"rotation":[0.9909084439277649,-0.06649448722600937,0.1169577613472939,0.04775792360305786,0.9865590929985046,0.1562701612710953,-0.1257768422365189,-0.1492637544870377,0.9807653427124023],"rotationconfidence":1},"4":{"id":4,"position":[182.0752024650574,-418.5092449188232,2532.957792282105],"positionconfidence":1,"rotation":[0.9976997375488281,-0.02925874292850494,0.06114910542964935,-0.03279522806406021,0.581136167049408,0.8131452202796936,-0.05932756885886192,-0.8132802248001099,0.578839898109436],"rotationconfidence":1},"6":{"id":6,"position":[10.42540092021227,-172.1361428499222,2624.945402145386],"positionconfidence":1,"rotation":[0.4158987104892731,0.9090421795845032,-0.02589600533246994,0.3636233508586884,-0.1923277825117111,-0.911475658416748,-0.8335503339767456,0.3696651458740234,-0.4105378389358521],"rotationconfidence":1},"7":{"id":7,"position":[-78.87649536132812,-367.3259615898132,2630.505800247192],"positionconfidence":1,"rotation":[-0.4234564304351807,0.04972111433744431,0.9045509696006775,0.3547933697700501,0.9278336763381958,0.1150920316576958,-0.8335503339767456,0.3696651458740234,-0.4105378389358521],"rotationconfidence":1},"8":{"id":8,"position":[39.44437950849533,-381.2188804149628,2377.758979797363],"positionconfidence":1,"rotation":[-0.5782745480537415,0.05630724132061005,0.8138967752456665,0,0.9976155161857605,-0.06901732832193375,-0.8158422112464905,-0.03991096466779709,-0.5768956542015076],"rotationconfidence":1},"9":{"id":9,"position":[86.0045775771141,-385.7524991035461,2312.227487564087],"positionconfidence":0.5,"rotation":[-0.5782745480537415,0.05630724132061005,0.8138967752456665,0,0.9976155161857605,-0.06901732832193375,-0.8158422112464905,-0.03991096466779709,-0.5768956542015076],"rotationconfidence":0.5},"12":{"id":12,"position":[384.0494155883789,-164.2524898052216,2674.060106277466],"positionconfidence":1,"rotation":[0.2316052615642548,-0.9725750684738159,0.02137421630322933,-0.5084688067436218,-0.1397577822208405,-0.8496630191802979,0.8293482065200806,0.1859182864427567,-0.5268926620483398],"rotationconfidence":1},"13":{"id":13,"position":[439.0405118465424,-395.17542719841,2679.135084152222],"positionconfidence":1,"rotation":[-0.2786340415477753,-0.6797654628753662,-0.6784408092498779,-0.4842979907989502,0.7094739079475403,-0.5119590759277344,0.8293482065200806,0.1859182864427567,-0.5268926620483398],"rotationconfidence":1},"14":{"id":14,"position":[361.0253632068634,-585.5039358139038,2489.177465438843],"positionconfidence":0.5,"rotation":[-0.3572645783424377,-0.2095121592283249,-0.910201370716095,0,-0.9745163321495056,0.2243163138628006,-0.9340031147003174,0.08014027029275894,0.3481601774692535],"rotationconfidence":0.5},"15":{"id":15,"position":[334.1730237007141,-601.2510657310486,2420.76587677002],"positionconfidence":0.5,"rotation":[-0.3572645783424377,-0.2095121592283249,-0.910201370716095,0,-0.9745163321495056,0.2243163138628006,-0.9340031147003174,0.08014027029275894,0.3481601774692535],"rotationconfidence":0.5},"17":{"id":17,"position":[99.91291165351868,-494.7687089443207,2501.220703125],"positionconfidence":1,"rotation":[0.8924336433410645,-0.4413600564002991,-0.09361422061920166,0.447672426700592,0.8404096961021423,0.3054520487785339,-0.05614004656672478,-0.3145042061805725,0.9475945830345154],"rotationconfidence":1},"18":{"id":18,"position":[-53.22658270597458,-782.2555303573608,2396.731853485107],"positionconfidence":1,"rotation":[0.65241539478302,-0.7578616738319397,0,0.703275740146637,0.6054244041442871,0.3726452887058258,-0.2824135720729828,-0.2431195229291916,0.9279739260673523],"rotationconfidence":1},"19":{"id":19,"position":[-329.6066820621491,-1020.181059837341,2250.286102294922],"positionconfidence":0.5,"rotation":[-0.1808257699012756,-0.983515202999115,0,0.9374456405639648,-0.1723555773496628,-0.3024720251560211,0.2974857985973358,-0.05469472706317902,0.9531582593917847],"rotationconfidence":0.5},"20":{"id":20,"position":[-359.891951084137,-1014.612913131714,2153.250694274902],"positionconfidence":0.5,"rotation":[-0.1808257699012756,-0.983515202999115,0,0.9374456405639648,-0.1723555773496628,-0.3024720251560211,0.2974857985973358,-0.05469472706317902,0.9531582593917847],"rotationconfidence":0.5},"21":{"id":21,"position":[258.5360705852509,-501.1615753173828,2508.496522903442],"positionconfidence":1,"rotation":[0.9709821343421936,0.1820671260356903,0.1550649255514145,-0.2317742109298706,0.8762166500091553,0.4225221872329712,-0.05894307419657707,-0.4462015926837921,0.8929892778396606],"rotationconfidence":1},"22":{"id":22,"position":[338.3353054523468,-802.8405904769897,2363.023281097412],"positionconfidence":1,"rotation":[0.7048299312591553,0.4504149556159973,0.5480337738990784,-0.7080324292182922,0.3991497159004211,0.5825543999671936,0.04364369064569473,-0.7986274361610413,0.6002410650253296],"rotationconfidence":1},"23":{"id":23,"position":[620.673418045044,-962.0072841644287,2130.7213306427],"positionconfidence":0.5,"rotation":[-0.8199163675308228,0.5724833011627197,0,-0.4669808745384216,-0.6688147187232971,-0.5784596800804138,-0.3311585187911987,-0.4742885828018189,0.8157109022140503],"rotationconfidence":0.5},"24":{"id":24,"position":[655.6396484375,-911.9282960891724,2044.592380523682],"positionconfidence":0.5,"rotation":[-0.8199163675308228,0.5724833011627197,0,-0.4669808745384216,-0.6688147187232971,-0.5784596800804138,-0.3311585187911987,-0.4742885828018189,0.8157109022140503],"rotationconfidence":0.5}},"skeletonTracked":true,"frameCount":4},{"position":[150.9774327278137,-464.2662107944489,2408.287048339844],"positionTracked":true,"id":4943,"skeleton":{"1":{"id":1,"position":[202.1106332540512,139.8199945688248,2646.044492721558],"positionconfidence":1,"rotation":[0.9993263483047485,-0.03669810295104981,0,0.03669245168566704,0.999172568321228,0.01754636690020561,-0.0006439184071496129,-0.01753454655408859,0.9998460412025452],"rotationconfidence":1},"2":{"id":2,"position":[194.7342306375504,-61.04689463973045,2642.51708984375],"positionconfidence":1,"rotation":[0.9891215562820435,-0.03881501406431198,0.1418870091438294,0.03669245168566704,0.999172568321228,0.01754636690020561,-0.1424506604671478,-0.01214930694550276,0.9897273182868958],"rotationconfidence":1},"3":{"id":3,"position":[179.067462682724,-375.4705488681793,2592.844009399414],"positionconfidence":1,"rotation":[0.9891456961631775,-0.06972013413906097,0.129344567656517,0.0491570457816124,0.9865556359291077,0.1558574140071869,-0.1384720206260681,-0.1478074938058853,0.9792745113372803],"rotationconfidence":1},"4":{"id":4,"position":[182.105302810669,-419.8010563850403,2531.17823600769],"positionconfidence":1,"rotation":[0.9967585206031799,-0.0334661565721035,0.07316157221794128,-0.03996780887246132,0.5832411050796509,0.8113151788711548,-0.06982243806123734,-0.8116095066070557,0.5800129771232605],"rotationconfidence":1},"6":{"id":6,"position":[11.1215403303504,-171.8984991312027,2619.851589202881],"positionconfidence":1,"rotation":[0.4200233817100525,0.906848132610321,-0.03474154323339462,0.3657086491584778,-0.2041726112365723,-0.9080588817596436,-0.8305646777153015,0.3687006235122681,-0.4173994064331055],"rotationconfidence":1},"7":{"id":7,"position":[-79.28705960512161,-367.0944571495056,2627.329587936401],"positionconfidence":1,"rotation":[-0.430603563785553,0.05015953630208969,0.9011463522911072,0.3531897962093353,0.928193986415863,0.1171030625700951,-0.8305646777153015,0.3687006235122681,-0.4173994064331055],"rotationconfidence":1},"8":{"id":8,"position":[40.97059369087219,-381.1028599739075,2375.660181045532],"positionconfidence":1,"rotation":[-0.5485908389091492,0.06092488765716553,0.8338682651519775,0,0.9973415732383728,-0.07286873459815979,-0.8360909819602966,-0.0399751216173172,-0.5471324324607849],"rotationconfidence":1},"9":{"id":9,"position":[86.91611886024475,-386.2054347991943,2305.822134017944],"positionconfidence":0.5,"rotation":[-0.5485908389091492,0.06092488765716553,0.8338682651519775,0,0.9973415732383728,-0.07286873459815979,-0.8360909819602966,-0.0399751216173172,-0.5471324324607849],"rotationconfidence":0.5},"12":{"id":12,"position":[383.5681080818176,-165.1120930910111,2673.540830612183],"positionconfidence":1,"rotation":[0.2230199277400971,-0.9747357964515686,0.01233537122607231,-0.5051011443138123,-0.1263717263936997,-0.8537580966949463,0.8337475061416626,0.1841744631528854,-0.5205236077308655],"rotationconfidence":1},"13":{"id":13,"position":[436.2946152687073,-395.5597281455994,2676.457166671753],"positionconfidence":1,"rotation":[-0.2700125575065613,-0.6863136887550354,-0.6753271818161011,-0.4816204905509949,0.703600287437439,-0.5224829316139221,0.8337475061416626,0.1841744631528854,-0.5205236077308655],"rotationconfidence":1},"14":{"id":14,"position":[362.0322048664093,-584.3187570571899,2490.719795227051],"positionconfidence":0.5,"rotation":[-0.3559965789318085,-0.1994954794645309,-0.9129446744918823,0,-0.9769471883773804,0.213481217622757,-0.9344872832298279,0.07599858194589615,0.347789853811264],"rotationconfidence":0.5},"15":{"id":15,"position":[336.0191881656647,-598.8960862159729,2424.010038375855],"positionconfidence":0.5,"rotation":[-0.3559965789318085,-0.1994954794645309,-0.9129446744918823,0,-0.9769471883773804,0.213481217622757,-0.9344872832298279,0.07599858194589615,0.347789853811264],"rotationconfidence":0.5},"17":{"id":17,"position":[100.3635004162788,-495.646595954895,2498.136520385742],"positionconfidence":1,"rotation":[0.8903623223304749,-0.448753833770752,-0.0766485407948494,0.4497815370559692,0.841080904006958,0.3004654943943024,-0.07036741077899933,-0.3019982278347015,0.9507079124450684],"rotationconfidence":1},"18":{"id":18,"position":[-53.43310907483101,-783.2426428794861,2395.39647102356],"positionconfidence":1,"rotation":[0.6501603126525879,-0.7597971558570862,0,0.7042872309684753,0.6026603579521179,0.3752066195011139,-0.2850809097290039,-0.243944451212883,0.9269412755966187],"rotationconfidence":1},"19":{"id":19,"position":[-330.2385210990906,-1020.105719566345,2247.929334640503],"positionconfidence":0.5,"rotation":[-0.1888170689344406,-0.9820122718811035,0,0.9384409785270691,-0.180439367890358,-0.2945676743984222,0.2892690896987915,-0.05561940371990204,0.9556306004524231],"rotationconfidence":0.5},"20":{"id":20,"position":[-359.7625195980072,-1014.428973197937,2150.393724441528],"positionconfidence":0.5,"rotation":[-0.1888170689344406,-0.9820122718811035,0,0.9384409785270691,-0.180439367890358,-0.2945676743984222,0.2892690896987915,-0.05561940371990204,0.9556306004524231],"rotationconfidence":0.5},"21":{"id":21,"position":[258.3886682987213,-502.4204254150391,2507.681131362915],"positionconfidence":1,"rotation":[0.9699949026107788,0.175875261425972,0.1678627282381058,-0.2319009900093079,0.8766573071479797,0.4215375781059265,-0.07302005589008331,-0.4478168189525604,0.8911387324333191],"rotationconfidence":1},"22":{"id":22,"position":[338.2891118526459,-804.4687509536743,2362.442255020142],"positionconfidence":1,"rotation":[0.6973377466201782,0.4326357543468475,0.5714422464370728,-0.7159769535064697,0.3836307227611542,0.5832704901695251,0.03312086686491966,-0.8158760070800781,0.577277421951294],"rotationconfidence":1},"23":{"id":23,"position":[624.0285634994507,-957.5720429420471,2129.664659500122],"positionconfidence":0.5,"rotation":[-0.8332521319389343,0.5528931021690369,0,-0.438929408788681,-0.6615001559257507,-0.6080777049064636,-0.3362019956111908,-0.5066820979118347,0.7938775420188904],"rotationconfidence":0.5},"24":{"id":24,"position":[659.8730683326721,-903.5516381263733,2045.024633407593],"positionconfidence":0.5,"rotation":[-0.8332521319389343,0.5528931021690369,0,-0.438929408788681,-0.6615001559257507,-0.6080777049064636,-0.3362019956111908,-0.5066820979118347,0.7938775420188904],"rotationconfidence":0.5}},"skeletonTracked":true,"frameCount":5},{"position":[148.5248804092407,-466.8800234794617,2405.24172782898],"positionTracked":true,"id":4943,"skeleton":{"1":{"id":1,"position":[203.4956812858582,139.6577209234238,2644.264936447144],"positionconfidence":1,"rotation":[0.9990467429161072,-0.04365523904561997,0,0.0436490885913372,0.9989060163497925,0.01677938364446163,-0.0007325080223381519,-0.01676338911056519,0.9998593330383301],"rotationconfidence":1},"2":{"id":2,"position":[194.7128772735596,-61.33606657385826,2640.888690948486],"positionconfidence":1,"rotation":[0.9875583052635193,-0.04568082094192505,0.1504720151424408,0.0436490885913372,0.9989060163497925,0.01677938364446163,-0.1510738879442215,-0.01000265311449766,0.9884718656539917],"rotationconfidence":1},"3":{"id":3,"position":[178.6178201436997,-376.2997686862946,2591.251611709595],"positionconfidence":1,"rotation":[0.9877958297729492,-0.07222523540258408,0.137995570898056,0.05041410773992539,0.9865521788597107,0.1554768681526184,-0.1473692059516907,-0.146622508764267,0.9781534671783447],"rotationconfidence":1},"4":{"id":4,"position":[182.1237951517105,-420.8483695983887,2529.597520828247],"positionconfidence":1,"rotation":[0.9958961009979248,-0.03633978217840195,0.08288944512605667,-0.0460432656109333,0.5850478410720825,0.8096907734870911,-0.07791826874017715,-0.8101842999458313,0.5809735655784607],"rotationconfidence":1},"6":{"id":6,"position":[11.66258286684752,-171.6463416814804,2616.174697875977],"positionconfidence":1,"rotation":[0.4231500625610352,0.9051567316055298,-0.0404384545981884,0.3684217035770416,-0.2126645892858505,-0.9050077795982361,-0.8277737498283386,0.3680557012557983,-0.4234684407711029],"rotationconfidence":1},"7":{"id":7,"position":[-79.61056381464005,-366.8879568576813,2624.897241592407],"positionconfidence":1,"rotation":[-0.4371157288551331,0.0501149594783783,0.8980079293251038,0.3517390489578247,0.9284521341323853,0.1193990856409073,-0.8277737498283386,0.3680557012557983,-0.4234684407711029],"rotationconfidence":1},"8":{"id":8,"position":[42.48936846852303,-380.8866143226624,2374.055862426758],"positionconfidence":1,"rotation":[-0.5278030633926392,0.06367961317300797,0.8469762802124023,0,0.9971855282783508,-0.07497304677963257,-0.8493667244911194,-0.03957100212574005,-0.5263175964355469],"rotationconfidence":1},"9":{"id":9,"position":[87.81001716852188,-386.3545656204224,2301.328897476196],"positionconfidence":0.5,"rotation":[-0.5278030633926392,0.06367961317300797,0.8469762802124023,0,0.9971855282783508,-0.07497304677963257,-0.8493667244911194,-0.03957100212574005,-0.5263175964355469],"rotationconfidence":0.5},"12":{"id":12,"position":[383.1896185874939,-165.8647209405899,2673.015832901001],"positionconfidence":1,"rotation":[0.2170918881893158,-0.9761311411857605,0.006252575665712357,-0.5008903741836548,-0.1168913990259171,-0.8575810790061951,0.8378424644470215,0.183042049407959,-0.514310896396637],"rotationconfidence":1},"13":{"id":13,"position":[434.3227446079254,-395.7795202732086,2674.488544464111],"positionconfidence":1,"rotation":[-0.2629601657390595,-0.6902944445610046,-0.6740516424179077,-0.4784057438373566,0.6999923586845398,-0.5302252173423767,0.8378424644470215,0.183042049407959,-0.514310896396637],"rotationconfidence":1},"14":{"id":14,"position":[363.0639910697937,-582.8402638435364,2491.82939529419],"positionconfidence":0.5,"rotation":[-0.3552986085414887,-0.1924041360616684,-0.9147369265556335,0,-0.9785869121551514,0.205834224820137,-0.9347529411315918,0.07313261181116104,0.3476905822753906],"rotationconfidence":0.5},"15":{"id":15,"position":[337.5729024410248,-596.644401550293,2426.201105117798],"positionconfidence":0.5,"rotation":[-0.3552986085414887,-0.1924041360616684,-0.9147369265556335,0,-0.9785869121551514,0.205834224820137,-0.9347529411315918,0.07313261181116104,0.3476905822753906],"rotationconfidence":0.5},"17":{"id":17,"position":[100.7039248943329,-496.301531791687,2495.720148086548],"positionconfidence":1,"rotation":[0.8886362910270691,-0.4540253579616547,-0.0647023543715477,0.4515070021152496,0.8413789868354797,0.2970231771469116,-0.08041686564683914,-0.293159157037735,0.9526755809783936],"rotationconfidence":1},"18":{"id":18,"position":[-53.68519946932793,-784.0042114257812,2394.155502319336],"positionconfidence":1,"rotation":[0.6488394141197205,-0.76092529296875,0,0.7043419480323792,0.6005908846855164,0.3784086108207703,-0.2879406809806824,-0.2455264180898666,0.9256386160850525],"rotationconfidence":1},"19":{"id":19,"position":[-330.6357264518738,-1020.159363746643,2245.363473892212],"positionconfidence":0.5,"rotation":[-0.1947977244853973,-0.9808434844017029,0,0.9398537278175354,-0.1866570711135864,-0.2860667407512665,0.2805866599082947,-0.05572514235973358,0.9582096934318542],"rotationconfidence":0.5},"20":{"id":20,"position":[-359.3560755252838,-1014.455437660217,2147.282838821411],"positionconfidence":0.5,"rotation":[-0.1947977244853973,-0.9808434844017029,0,0.9398537278175354,-0.1866570711135864,-0.2860667407512665,0.2805866599082947,-0.05572514235973358,0.9582096934318542],"rotationconfidence":0.5},"21":{"id":21,"position":[258.2499086856842,-503.5068988800049,2506.801605224609],"positionconfidence":1,"rotation":[0.969139039516449,0.1715978384017944,0.1769852340221405,-0.232083797454834,0.8771601915359497,0.4203891456127167,-0.08310654014348984,-0.4484909474849701,0.8899153470993042],"rotationconfidence":1},"22":{"id":22,"position":[338.2475078105927,-805.8576583862305,2361.896514892578],"positionconfidence":1,"rotation":[0.6908766627311707,0.4232514500617981,0.5861292481422424,-0.7223590016365051,0.3707253336906433,0.583746612071991,0.02977863885462284,-0.8266926407814026,0.561864972114563],"rotationconfidence":1},"23":{"id":23,"position":[626.7505288124084,-953.9216756820679,2128.753900527954],"positionconfidence":0.5,"rotation":[-0.8423721194267273,0.5388962030410767,0,-0.4199479222297669,-0.6564388871192932,-0.6266829371452332,-0.3377170860767365,-0.5279002785682678,0.7792742252349854],"rotationconfidence":0.5},"24":{"id":24,"position":[662.9242897033691,-897.3768949508667,2045.283794403076],"positionconfidence":0.5,"rotation":[-0.8423721194267273,0.5388962030410767,0,-0.4199479222297669,-0.6564388871192932,-0.6266829371452332,-0.3377170860767365,-0.5279002785682678,0.7792742252349854],"rotationconfidence":0.5}},"skeletonTracked":true,"frameCount":6},{"position":[147.7204263210297,-464.9733901023865,2402.156829833984],"positionTracked":true,"id":4943,"skeleton":{"1":{"id":1,"position":[206.9439142942429,139.3790990114212,2641.236305236816],"positionconfidence":1,"rotation":[0.9981268048286438,-0.0611795112490654,0,0.06117277219891548,0.9980168342590332,0.01483754068613052,-0.0009077534778043628,-0.01480974722653627,0.9998898506164551],"rotationconfidence":1},"2":{"id":2,"position":[194.6136504411697,-61.785738915205,2638.245582580566],"positionconfidence":1,"rotation":[0.9836217761039734,-0.06280221045017242,0.1689491420984268,0.06117277219891548,0.9980168342590332,0.01483754068613052,-0.1695459485054016,-0.004259441047906876,0.9855130314826965],"rotationconfidence":1},"3":{"id":3,"position":[177.9298335313797,-376.9333362579346,2589.040279388428],"positionconfidence":1,"rotation":[0.9846534729003906,-0.07661023736000061,0.1568074226379395,0.05223456770181656,0.9866806864738464,0.1540545374155045,-0.1665210127830505,-0.143499568104744,0.9755402207374573],"rotationconfidence":1},"4":{"id":4,"position":[182.171180844307,-421.6131865978241,2527.656316757202],"positionconfidence":1,"rotation":[0.9939526319503784,-0.04391906037926674,0.1006451025605202,-0.05577694252133369,0.5875740051269531,0.8072457909584045,-0.09458991885185242,-0.8079776763916016,0.5815710425376892],"rotationconfidence":1},"6":{"id":6,"position":[13.44000920653343,-169.9585020542145,2609.002351760864],"positionconfidence":1,"rotation":[0.436392217874527,0.8995488882064819,-0.01932724751532078,0.4405719637870789,-0.2323623597621918,-0.8671240210533142,-0.7845114469528198,0.3698911666870117,-0.4977172017097473],"rotationconfidence":1},"7":{"id":7,"position":[-80.74050396680832,-364.0957176685333,2613.173484802246],"positionconfidence":1,"rotation":[-0.5086489319801331,0.07526572793722153,0.8576778769493103,0.35470