{"motiondata":[{"position":[86.05727553367615,-414.2037034034729,2207.304000854492],"positionTracked":true,"id":4410,"skeleton":{"1":{"id":1,"position":[133.4376782178879,196.93623483181,2487.558841705322],"positionconfidence":1,"rotation":[0.9999982118606567,0.001860248274169862,0,-0.001843191916123033,0.9908294081687927,0.1351064741611481,0.0002513315994292498,-0.135106235742569,0.9908310770988464],"rotationconfidence":1},"2":{"id":2,"position":[133.8024735450745,0.8362374501302838,2460.819244384766],"positionconfidence":1,"rotation":[0.9999959468841553,0.0021216229069978,-0.001916873385198414,-0.001843191916123033,0.9908294081687927,0.1351064741611481,0.002185939345508814,-0.135102391242981,0.9908292293548584],"rotationconfidence":1},"3":{"id":3,"position":[121.8223720788956,-335.6675505638123,2378.01194190979],"positionconfidence":1,"rotation":[0.9994016885757446,-0.03394170850515366,-0.006659080274403095,0.03454970940947533,0.9704514741897583,0.2388100028038025,-0.001643305877223611,-0.2388972043991089,0.9710435271263123],"rotationconfidence":1},"4":{"id":4,"position":[119.6189075708389,-379.1930973529816,2308.988332748413],"positionconfidence":1,"rotation":[0.9951260089874268,-0.09458822011947632,0.02787856757640839,0.02699305303394795,0.5332000851631165,0.8455584049224854,-0.09484472125768661,-0.8406846523284912,0.5331544876098633],"rotationconfidence":1},"6":{"id":6,"position":[-36.11624985933304,-116.4447888731957,2452.656269073486],"positionconfidence":1,"rotation":[0.3130937814712524,0.948293149471283,0.05208029970526695,0.3010596036911011,-0.04709137976169586,-0.952441930770874,-0.9007416367530823,0.3138829171657562,-0.3002367913722992],"rotationconfidence":1},"7":{"id":7,"position":[-112.2223064303398,-346.9535410404205,2439.996719360352],"positionconfidence":1,"rotation":[-0.1770938634872437,0.3657745718955994,0.9136995077133179,0.3966136574745178,0.8761773109436035,-0.2738816440105438,-0.9007416367530823,0.3138829171657562,-0.3002367913722992],"rotationconfidence":1},"8":{"id":8,"position":[-64.75178897380829,-445.0004696846008,2195.076942443848],"positionconfidence":0.5,"rotation":[-0.1534403115510941,0.361568421125412,0.9196327328681946,0,0.9306536316871643,-0.3659014701843262,-0.9881579875946045,-0.05614403635263443,-0.1427997797727585],"rotationconfidence":0.5},"9":{"id":9,"position":[-52.86941304802895,-473.0002284049988,2123.860836029053],"positionconfidence":0.5,"rotation":[-0.1534403115510941,0.361568421125412,0.9196327328681946,0,0.9306536316871643,-0.3659014701843262,-0.9881579875946045,-0.05614403635263443,-0.1427997797727585],"rotationconfidence":0.5},"12":{"id":12,"position":[308.502584695816,-128.6952793598175,2450.225591659546],"positionconfidence":1,"rotation":[0.3111532032489777,-0.948004961013794,-0.06685850024223328,-0.3598967492580414,-0.0524292103946209,-0.9315177202224731,0.8795782923698425,0.3139069378376007,-0.35749751329422],"rotationconfidence":1},"13":{"id":13,"position":[381.5982341766357,-351.3992130756378,2434.519290924072],"positionconfidence":1,"rotation":[-0.2137475460767746,-0.4105809926986694,-0.8864170908927917,-0.4250341653823853,0.8560874462127686,-0.2940412759780884,0.8795782923698425,0.3139069378376007,-0.35749751329422],"rotationconfidence":1},"14":{"id":14,"position":[333.9269161224365,-442.969560623169,2236.824989318848],"positionconfidence":1,"rotation":[0.02750783041119576,-0.278130829334259,-0.9601491689682007,0,-0.9605126976966858,0.2782361209392548,-0.9996215105056763,-0.007653672248125076,-0.02642161957919598],"rotationconfidence":1},"15":{"id":15,"position":[335.7518017292023,-461.4209234714508,2173.128128051758],"positionconfidence":1,"rotation":[0.02750783041119576,-0.278130829334259,-0.9601491689682007,0,-0.9605126976966858,0.2782361209392548,-0.9996215105056763,-0.007653672248125076,-0.02642161957919598],"rotationconfidence":1},"17":{"id":17,"position":[40.9868024289608,-445.0549185276032,2273.877620697022],"positionconfidence":1,"rotation":[0.777411699295044,-0.6171882748603821,-0.1212834268808365,0.6246771812438965,0.7350428104400635,0.2636103332042694,-0.07354870438575745,-0.2806967794895172,0.9569743871688843],"rotationconfidence":1},"18":{"id":18,"position":[-156.8455696105957,-677.8395771980286,2190.393447875977],"positionconfidence":1,"rotation":[0.6619688868522644,-0.7495313286781311,0,0.6938151121139526,0.6127616167068481,0.3783435225486755,-0.2835803329944611,-0.2504516541957855,0.9256652593612671],"rotationconfidence":1},"19":{"id":19,"position":[-414.0864312648773,-905.0288200378418,2050.11773109436],"positionconfidence":0.5,"rotation":[-0.2767734229564667,-0.9609351754188538,0,0.9142239093780518,-0.2633194029331207,-0.3079890608787537,0.2959575355052948,-0.08524318784475327,0.9513897895812988],"rotationconfidence":0.5},"20":{"id":20,"position":[-441.678911447525,-897.0814943313599,1961.418509483337],"positionconfidence":0.5,"rotation":[-0.2767734229564667,-0.9609351754188538,0,0.9142239093780518,-0.2633194029331207,-0.3079890608787537,0.2959575355052948,-0.08524318784475327,0.9513897895812988],"rotationconfidence":0.5},"21":{"id":21,"position":[192.2188103199005,-456.9600522518158,2282.008647918701],"positionconfidence":1,"rotation":[0.9510464072227478,0.2149220556020737,0.2220790386199951,-0.2968451976776123,0.8352058529853821,0.4629405438899994,-0.08598559349775314,-0.5062010884284973,0.8581182360649109],"rotationconfidence":1},"22":{"id":22,"position":[285.0473821163178,-718.1432247161865,2137.239217758179],"positionconfidence":1,"rotation":[0.6485310792922974,0.6811558604240417,0.3397559821605682,-0.6883524656295776,0.3342792689800263,0.6437610387802124,0.3249282240867615,-0.6513708829879761,0.6856657862663269],"rotationconfidence":1},"23":{"id":23,"position":[540.8165454864502,-842.350423336029,1898.038744926453],"positionconfidence":0.5,"rotation":[-0.7531672716140747,0.6578291654586792,0,-0.6186313629150391,-0.7082886099815369,-0.3400331735610962,-0.223683699965477,-0.2561018168926239,0.9404134154319763],"rotationconfidence":0.5},"24":{"id":24,"position":[561.6140365600586,-818.5387849807739,1810.601711273193],"positionconfidence":0.5,"rotation":[-0.7531672716140747,0.6578291654586792,0,-0.6186313629150391,-0.7082886099815369,-0.3400331735610962,-0.223683699965477,-0.2561018168926239,0.9404134154319763],"rotationconfidence":0.5}},"skeletonTracked":true,"frameCount":1},{"position":[85.15015244483948,-414.7898554801941,2207.655429840088],"positionTracked":true,"id":4410,"skeleton":{"1":{"id":1,"position":[133.0875605344772,196.7090666294098,2487.303256988525],"positionconfidence":1,"rotation":[0.9999967217445374,0.002541287569329143,0,-0.002517843851819634,0.9907716512680054,0.1355181485414505,0.0003443905734457076,-0.1355177015066147,0.9907748103141785],"rotationconfidence":1},"2":{"id":2,"position":[133.586049079895,0.5538090481422842,2460.47306060791],"positionconfidence":1,"rotation":[0.9999953508377075,0.002722116420045495,-0.001322064781561494,-0.002517843851819634,0.9907716512680054,0.1355181485414505,0.001678760512731969,-0.1355141848325729,0.9907739162445068],"rotationconfidence":1},"3":{"id":3,"position":[121.5976998209953,-336.0278308391571,2377.92181968689],"positionconfidence":1,"rotation":[0.9994001984596252,-0.03406696766614914,-0.006236637011170387,0.03457201644778252,0.9706345796585083,0.2380613684654236,-0.002056533005088568,-0.2381341904401779,0.9712302088737488],"rotationconfidence":1},"4":{"id":4,"position":[119.4316297769547,-379.5675337314606,2308.934450149536],"positionconfidence":1,"rotation":[0.9951270222663879,-0.09443578124046326,0.0283557865768671,0.0265427939593792,0.5335309505462646,0.845363974571228,-0.09496129304170609,-0.8404918909072876,0.5334376096725464],"rotationconfidence":1},"6":{"id":6,"position":[-36.51332855224609,-116.7538240551949,2452.392101287842],"positionconfidence":1,"rotation":[0.3129911720752716,0.9483590722084045,0.05149423331022263,0.2382028698921204,-0.02589861303567886,-0.9708701372146606,-0.9193997979164124,0.3161398470401764,-0.2340078800916672],"rotationconfidence":1},"7":{"id":7,"position":[-112.5792562961578,-347.2325503826141,2439.877510070801],"positionconfidence":1,"rotation":[-0.1192727014422417,0.3428444266319275,0.9317894577980042,0.3748040795326233,0.8845977783203125,-0.2775042355060577,-0.9193997979164124,0.3161398470401764,-0.2340078800916672],"rotationconfidence":1},"8":{"id":8,"position":[-83.79755169153214,-429.9643635749817,2215.027332305908],"positionconfidence":1,"rotation":[-0.1848769932985306,0.3628707528114319,0.9133156538009644,0,0.9293357133865356,-0.3692357242107391,-0.9827616810798645,-0.06826318800449371,-0.1718127876520157],"rotationconfidence":1},"9":{"id":9,"position":[-68.25575977563858,-460.4693055152893,2138.248920440674],"positionconfidence":0.5,"rotation":[-0.1848769932985306,0.3628707528114319,0.9133156538009644,0,0.9293357133865356,-0.3692357242107391,-0.9827616810798645,-0.06826318800449371,-0.1718127876520157],"rotationconfidence":0.5},"12":{"id":12,"position":[308.2724809646606,-128.876730799675,2450.149774551392],"positionconfidence":1,"rotation":[0.3111091256141663,-0.9480213522911072,-0.06683222949504852,-0.3580392003059387,-0.051774762570858,-0.9322699308395386,0.8803516626358032,0.3139662742614746,-0.3555364310741425],"rotationconfidence":1},"13":{"id":13,"position":[381.3787400722504,-351.6483902931213,2434.445142745972],"positionconfidence":1,"rotation":[-0.2130309790372849,-0.4079954028129578,-0.8877823948860168,-0.4237909615039825,0.8573009967803955,-0.2922948896884918,0.8803516626358032,0.3139662742614746,-0.3555364310741425],"rotationconfidence":1},"14":{"id":14,"position":[333.8933885097504,-442.5919950008392,2236.555337905884],"positionconfidence":1,"rotation":[0.02672242932021618,-0.2922006845474243,-0.955983579158783,0,-0.9563252329826355,0.2923050820827484,-0.9996429681777954,-0.007811102084815502,-0.02555533312261105],"rotationconfidence":1},"15":{"id":15,"position":[335.6681168079376,-461.9980454444885,2173.065185546875],"positionconfidence":1,"rotation":[0.02672242932021618,-0.2922006845474243,-0.955983579158783,0,-0.9563252329826355,0.2923050820827484,-0.9996429681777954,-0.007811102084815502,-0.02555533312261105],"rotationconfidence":1},"17":{"id":17,"position":[40.75326025485992,-445.4613327980042,2273.781538009644],"positionconfidence":1,"rotation":[0.7766963243484497,-0.6181683540344238,-0.1208746433258057,0.6255004405975342,0.7343881130218506,0.2634831666946411,-0.07410803437232971,-0.280253529548645,0.9570610523223877],"rotationconfidence":1},"18":{"id":18,"position":[-157.2877019643784,-677.977442741394,2190.359592437744],"positionconfidence":1,"rotation":[0.6697025895118713,-0.7426294684410095,0,0.68777996301651,0.6202393174171448,0.3771762549877167,-0.2801021933555603,-0.2525959014892578,0.9261415600776672],"rotationconfidence":1},"19":{"id":19,"position":[-412.5662446022034,-908.1873893737793,2050.365686416626],"positionconfidence":0.5,"rotation":[-0.2548503875732422,-0.966980516910553,0,0.921744167804718,-0.242928221821785,-0.3022804260253906,0.2922992706298828,-0.0770362839102745,0.953218936920166],"rotationconfidence":0.5},"20":{"id":20,"position":[-439.7292137145996,-901.0285139083862,1961.784362792969],"positionconfidence":0.5,"rotation":[-0.2548503875732422,-0.966980516910553,0,0.921744167804718,-0.242928221821785,-0.3022804260253906,0.2922992706298828,-0.0770362839102745,0.953218936920166],"rotationconfidence":0.5},"21":{"id":21,"position":[192.0801848173142,-457.3270380496979,2282.024621963501],"positionconfidence":1,"rotation":[0.9508392214775085,0.2150247246026993,0.2228659093379974,-0.29737189412117,0.8348604440689087,0.4632256925106049,-0.08645696192979813,-0.5067271590232849,0.8577603101730347],"rotationconfidence":1},"22":{"id":22,"position":[285.0269377231598,-718.2715535163879,2137.238502502441],"positionconfidence":1,"rotation":[0.6479532122612,0.6804221868515015,0.342319130897522,-0.6892377734184265,0.3324812650680542,0.643744945526123,0.3242036402225494,-0.6530559062957764,0.6844049692153931],"rotationconfidence":1},"23":{"id":23,"position":[541.1604642868042,-841.8277502059937,1898.010969161987],"positionconfidence":0.5,"rotation":[-0.7538155913352966,0.6570860147476196,0,-0.6173171997070312,-0.7081924080848694,-0.3426119983196259,-0.2251255810260773,-0.2582662701606751,0.9394770264625549],"rotationconfidence":0.5},"24":{"id":24,"position":[562.1000528335571,-817.8056478500366,1810.627460479736],"positionconfidence":0.5,"rotation":[-0.7538155913352966,0.6570860147476196,0,-0.6173171997070312,-0.7081924080848694,-0.3426119983196259,-0.2251255810260773,-0.2582662701606751,0.9394770264625549],"rotationconfidence":0.5}},"skeletonTracked":true,"frameCount":2},{"position":[84.54543352127075,-411.1114740371704,2206.036567687988],"positionTracked":true,"id":4410,"skeleton":{"1":{"id":1,"position":[132.8199952840805,196.6066211462021,2487.097501754761],"positionconfidence":1,"rotation":[0.9999956488609314,0.002929673530161381,0,-0.002902621170505881,0.9907617568969727,0.1355824768543243,0.0003972123959101737,-0.1355818808078766,0.9907659292221069],"rotationconfidence":1},"2":{"id":2,"position":[133.3947628736496,0.419194286223501,2460.249900817871],"positionconfidence":1,"rotation":[0.9999951720237732,0.00301128881983459,-0.0005964100710116327,-0.002902621170505881,0.9907617568969727,0.1355824768543243,0.0009991783881559968,-0.1355801075696945,0.9907658100128174],"rotationconfidence":1},"3":{"id":3,"position":[121.3946789503098,-336.2510502338409,2377.862453460693],"positionconfidence":1,"rotation":[0.9993976354598999,-0.03424406424164772,-0.005630683619529009,0.0346011221408844,0.970757246017456,0.237556517124176,-0.002668874571099877,-0.2376082688570023,0.9713574051856995],"rotationconfidence":1},"4":{"id":4,"position":[119.2697137594223,-379.8055946826935,2308.898687362671],"positionconfidence":1,"rotation":[0.995130181312561,-0.09424944967031479,0.02886116877198219,0.02604328468441963,0.5337985754013062,0.8452105522155762,-0.09506667405366898,-0.8403428196907043,0.5336536169052124],"rotationconfidence":1},"6":{"id":6,"position":[-36.9451604783535,-116.9426515698433,2452.121019363403],"positionconfidence":1,"rotation":[0.3129110634326935,0.9484260082244873,0.0507408119738102,0.2234112024307251,-0.02157432772219181,-0.9744855165481567,-0.9231328368186951,0.3162633776664734,-0.2186398804187775],"rotationconfidence":1},"7":{"id":7,"position":[-112.9195690155029,-347.2192585468292,2439.801216125488],"positionconfidence":1,"rotation":[-0.1058615073561668,0.3376076817512512,0.9353151321411133,0.3696204125881195,0.8865656852722168,-0.2781766057014465,-0.9231328368186951,0.3162633776664734,-0.2186398804187775],"rotationconfidence":1},"8":{"id":8,"position":[-88.15599232912064,-426.19389295578,2221.00830078125],"positionconfidence":0.5,"rotation":[-0.1196555644273758,0.3481950461864471,0.9297541975975037,0,0.9364824295043945,-0.350714772939682,-0.9928156137466431,-0.04196497425436974,-0.1120553314685822],"rotationconfidence":0.5},"9":{"id":9,"position":[-79.88019287586212,-450.2762854099274,2156.703233718872],"positionconfidence":1,"rotation":[-0.1196555644273758,0.3481950461864471,0.9297541975975037,0,0.9364824295043945,-0.350714772939682,-0.9928156137466431,-0.04196497425436974,-0.1120553314685822],"rotationconfidence":1},"12":{"id":12,"position":[308.0675601959229,-128.9671361446381,2450.127601623535],"positionconfidence":1,"rotation":[0.3102853000164032,-0.9482776522636414,-0.06702573597431183,-0.3627497851848602,-0.05293427780270577,-0.9303818941116333,0.8787124752998352,0.3129974007606506,-0.3604122698307037],"rotationconfidence":1},"13":{"id":13,"position":[381.0224831104279,-351.9281446933746,2434.368371963501],"positionconfidence":1,"rotation":[-0.22481569647789,-0.3946918845176697,-0.890885055065155,-0.4210965037345886,0.863858163356781,-0.2764539420604706,0.8787124752998352,0.3129974007606506,-0.3604122698307037],"rotationconfidence":1},"14":{"id":14,"position":[329.6375274658203,-442.1408176422119,2230.743408203125],"positionconfidence":1,"rotation":[0.3605455458164215,-0.2761210799217224,-0.8909344673156738,0,-0.9551781415939331,0.2960316836833954,-0.9327417016029358,-0.1067329049110413,-0.3443852365016937],"rotationconfidence":1},"15":{"id":15,"position":[351.8325686454773,-459.1387212276459,2175.897836685181],"positionconfidence":1,"rotation":[0.3605455458164215,-0.2761210799217224,-0.8909344673156738,0,-0.9551781415939331,0.2960316836833954,-0.9327417016029358,-0.1067329049110413,-0.3443852365016937],"rotationconfidence":1},"17":{"id":17,"position":[40.55333510041237,-445.7305669784546,2273.700952529907],"positionconfidence":1,"rotation":[0.7751694917678833,-0.6200222969055176,-0.1211792156100273,0.6273329854011536,0.7328019738197327,0.2635420858860016,-0.07460162043571472,-0.2803095579147339,0.9570063352584839],"rotationconfidence":1},"18":{"id":18,"position":[-158.4144681692123,-678.149402141571,2190.114736557007],"positionconfidence":1,"rotation":[0.6713172793388367,-0.7411700487136841,0,0.6862065196037292,0.6215338706970215,0.3779104650020599,-0.2800959050655365,-0.2536978125572205,0.9258421659469604],"rotationconfidence":1},"19":{"id":19,"position":[-412.720650434494,-908.4880948066711,2050.06217956543],"positionconfidence":0.5,"rotation":[-0.2545807957649231,-0.9670515656471252,0,0.9219494462013245,-0.2427074611186981,-0.3018315732479096,0.2918866574764252,-0.07684051245450974,0.9533612132072449],"rotationconfidence":0.5},"20":{"id":20,"position":[-439.8161172866821,-901.3550877571106,1961.562871932983],"positionconfidence":0.5,"rotation":[-0.2545807957649231,-0.9670515656471252,0,0.9219494462013245,-0.2427074611186981,-0.3018315732479096,0.2918866574764252,-0.07684051245450974,0.9533612132072449],"rotationconfidence":0.5},"21":{"id":21,"position":[191.9521689414978,-457.5644731521606,2282.036781311035],"positionconfidence":1,"rotation":[0.9494523406028748,0.2179753482341766,0.2258912175893784,-0.3016341626644135,0.8327799439430237,0.4642136096954346,-0.08693056553602219,-0.5088852643966675,0.8564338088035583],"rotationconfidence":1},"22":{"id":22,"position":[286.8833243846893,-719.6593284606934,2135.938167572022],"positionconfidence":1,"rotation":[0.6537814140319824,0.6784919500350952,0.3349904119968414,-0.6839783787727356,0.3405456840991974,0.645137369632721,0.3236409723758698,-0.6509050130844116,0.6867162585258484],"rotationconfidence":1},"23":{"id":23,"position":[539.9997234344482,-845.6833362579346,1897.19545841217],"positionconfidence":0.5,"rotation":[-0.744282603263855,0.6678649187088013,0,-0.6292321681976318,-0.701229453086853,-0.3351781070232391,-0.2238536775112152,-0.249467208981514,0.9421548247337341],"rotationconfidence":0.5},"24":{"id":24,"position":[560.7679486274719,-822.5387930870056,1809.786200523377],"positionconfidence":0.5,"rotation":[-0.744282603263855,0.6678649187088013,0,-0.6292321681976318,-0.701229453086853,-0.3351781070232391,-0.2238536775112152,-0.249467208981514,0.9421548247337341],"rotationconfidence":0.5}},"skeletonTracked":true,"frameCount":3},{"position":[85.94359457492828,-410.742312669754,2206.684589385986],"positionTracked":true,"id":4410,"skeleton":{"1":{"id":1,"position":[132.6014697551727,196.5418606996536,2486.936569213867],"positionconfidence":1,"rotation":[0.9999950528144836,0.003162788692861795,0,-0.003133625956252217,0.9907745122909546,0.1354846209287643,0.0004285092290956527,-0.1354839503765106,0.9907795190811157],"rotationconfidence":1},"2":{"id":2,"position":[133.2219541072846,0.3601672360673547,2460.10947227478],"positionconfidence":1,"rotation":[0.9999950528144836,0.003139225766062737,0.0001723115856293589,-0.003133625956252217,0.9907745122909546,0.1354846209287643,0.0002545948373153806,-0.1354844719171524,0.9907793998718262],"rotationconfidence":1},"3":{"id":3,"position":[121.200904250145,-336.4054560661316,2377.813816070557],"positionconfidence":1,"rotation":[0.9993938207626343,-0.03445976972579956,-0.004968638997524977,0.03465443104505539,0.9708320498466492,0.2372429221868515,-0.003351622493937612,-0.2372712939977646,0.9714377522468567],"rotationconfidence":1},"4":{"id":4,"position":[119.121290743351,-379.9696862697601,2308.868885040283],"positionconfidence":1,"rotation":[0.9951416850090027,-0.09397362917661667,0.02936225570738316,0.02549118548631668,0.5339953303337097,0.8451032042503357,-0.09509669989347458,-0.8402487635612488,0.5337963700294495],"rotationconfidence":1},"6":{"id":6,"position":[-37.32944279909134,-117.0952767133713,2451.879978179932],"positionconfidence":1,"rotation":[0.3129735887050629,0.9484463334083557,0.0499710738658905,0.2164701819419861,-0.02000479213893414,-0.9760842323303223,-0.9247638583183289,0.3163058161735535,-0.2115713208913803],"rotationconfidence":1},"7":{"id":7,"position":[-113.239698112011,-347.1364378929138,2439.759731292725],"positionconfidence":1,"rotation":[-0.09930918365716934,0.3361119031906128,0.9365716576576233,0.367354691028595,0.8871185779571533,-0.2794120609760284,-0.9247638583183289,0.3163058161735535,-0.2115713208913803],"rotationconfidence":1},"8":{"id":8,"position":[-90.5098021030426,-424.0657687187195,2225.397109985352],"positionconfidence":0.5,"rotation":[-0.1099720150232315,0.3563125133514404,0.9278725981712341,0,0.9335348010063171,-0.3584868609905243,-0.993934690952301,-0.03942352160811424,-0.102662704885006],"rotationconfidence":0.5},"9":{"id":9,"position":[-83.43850076198578,-446.9769895076752,2165.734052658081],"positionconfidence":1,"rotation":[-0.1099720150232315,0.3563125133514404,0.9278725981712341,0,0.9335348010063171,-0.3584868609905243,-0.993934690952301,-0.03942352160811424,-0.102662704885006],"rotationconfidence":1},"12":{"id":12,"position":[307.8904151916504,-128.9999186992645,2450.1633644104],"positionconfidence":1,"rotation":[0.309396505355835,-0.9485418796539307,-0.06739587336778641,-0.3623999655246735,-0.0520893968641758,-0.9305660128593445,0.8791701197624207,0.31233811378479,-0.3598677814006805],"rotationconfidence":1},"13":{"id":13,"position":[380.684494972229,-352.1706163883209,2434.306621551514],"positionconfidence":1,"rotation":[-0.2264324575662613,-0.390664279460907,-0.8922498822212219,-0.4192711412906647,0.8659251928329468,-0.2727368772029877,0.8791701197624207,0.31233811378479,-0.3598677814006805],"rotationconfidence":1},"14":{"id":14,"position":[328.7471234798431,-441.7782425880432,2229.649066925049],"positionconfidence":1,"rotation":[0.4094675481319428,-0.2728164494037628,-0.8705788254737854,0,-0.9542422890663147,0.2990343868732452,-0.9123246073722839,-0.1224448755383492,-0.3907312452793121],"rotationconfidence":1},"15":{"id":15,"position":[354.0730774402618,-458.6521983146668,2175.802946090698],"positionconfidence":1,"rotation":[0.4094675481319428,-0.2728164494037628,-0.8705788254737854,0,-0.9542422890663147,0.2990343868732452,-0.9123246073722839,-0.1224448755383492,-0.3907312452793121],"rotationconfidence":1},"17":{"id":17,"position":[40.38511216640472,-445.9207355976105,2273.635387420654],"positionconfidence":1,"rotation":[0.7732940912246704,-0.6221905946731567,-0.1220455318689346,0.6295991539955139,0.7307484149932861,0.2638402283191681,-0.07497432082891464,-0.2808658480644226,0.9568141102790833],"rotationconfidence":1},"18":{"id":18,"position":[-159.8996073007584,-678.3825159072876,2189.703941345215],"positionconfidence":1,"rotation":[0.6704862117767334,-0.7419219613075256,0,0.6865761876106262,0.6204693913459778,0.3789866864681244,-0.2811785340309143,-0.2541053593158722,0.9254021048545837],"rotationconfidence":1},"19":{"id":19,"position":[-413.5900437831879,-907.6464176177979,2049.668073654175],"positionconfidence":0.5,"rotation":[-0.2623495161533356,-0.964972972869873,0,0.9196832180023193,-0.2500364780426025,-0.3027616739273071,0.2921568155288696,-0.07942936569452286,0.9530662894248962],"rotationconfidence":0.5},"20":{"id":20,"position":[-440.6803548336029,-900.2813100814819,1961.294770240784],"positionconfidence":0.5,"rotation":[-0.2623495161533356,-0.964972972869873,0,0.9196832180023193,-0.2500364780426025,-0.3027616739273071,0.2921568155288696,-0.07942936569452286,0.9530662894248962],"rotationconfidence":0.5},"21":{"id":21,"position":[191.8262094259262,-457.7224850654602,2282.037734985352],"positionconfidence":1,"rotation":[0.949130117893219,0.218543216586113,0.2266953885555267,-0.3025707006454468,0.8323351740837097,0.4644018411636353,-0.08719468116760254,-0.5093691945075989,0.8561192154884338],"rotationconfidence":1},"22":{"id":22,"position":[287.1384024620056,-719.9147343635559,2135.74743270874],"positionconfidence":1,"rotation":[0.6546515226364136,0.6777555346488953,0.3347815573215485,-0.6834449768066406,0.3414288461208344,0.6452357172966003,0.3230080008506775,-0.65120929479599,0.6867255568504333],"rotationconfidence":1},"23":{"id":23,"position":[539.8973822593689,-846.1856245994568,1897.119402885437],"positionconfidence":0.5,"rotation":[-0.7425087094306946,0.6698362827301025,0,-0.6311428546905518,-0.6996172666549683,-0.334954172372818,-0.2243644893169403,-0.2487064301967621,0.942234456539154],"rotationconfidence":0.5},"24":{"id":24,"position":[560.6994032859802,-823.1267333030701,1809.759855270386],"positionconfidence":0.5,"rotation":[-0.7425087094306946,0.6698362827301025,0,-0.6311428546905518,-0.6996172666549683,-0.334954172372818,-0.2243644893169403,-0.2487064301967621,0.942234456539154],"rotationconfidence":0.5}},"skeletonTracked":true,"frameCount":4},{"position":[83.49716663360596,-414.9200618267059,2204.367637634277],"positionTracked":true,"id":4410,"skeleton":{"1":{"id":1,"position":[132.440596818924,196.5119540691376,2486.811637878418],"positionconfidence":1,"rotation":[0.9999949336051941,0.003181401407346129,0,-0.003152140183374286,0.9907974004745483,0.1353162229061127,0.0004304952162783593,-0.1353155374526978,0.9908024072647095],"rotationconfidence":1},"2":{"id":2,"position":[133.0646574497223,0.3538996097631753,2460.021734237671],"positionconfidence":1,"rotation":[0.9999949336051941,0.003064873395487666,0.0008532272768206894,-0.003152140183374286,0.9907974004745483,0.1353162229061127,-0.0004306482733227313,-0.135318249464035,0.9908021092414856],"rotationconfidence":1},"3":{"id":3,"position":[121.0187673568726,-336.5023732185364,2377.767086029053],"positionconfidence":1,"rotation":[0.9993892908096313,-0.03467210382223129,-0.004364714026451111,0.03471811860799789,0.9708719253540039,0.237070620059967,-0.003982157912105322,-0.2370773404836655,0.9714826345443726],"rotationconfidence":1},"4":{"id":4,"position":[118.97923797369,-380.070835351944,2308.836460113525],"positionconfidence":1,"rotation":[0.9951658844947815,-0.0936041921377182,0.02971858158707619,0.02500316873192787,0.534118115901947,0.8450400829315186,-0.09497252106666565,-0.8402119874954224,0.5338764786720276],"rotationconfidence":1},"6":{"id":6,"position":[-37.6695841550827,-117.2043308615685,2451.671600341797],"positionconfidence":1,"rotation":[0.3131349384784699,0.9484319686889648,0.04922530800104141,0.2068590968847275,-0.01752570457756519,-0.9782136678695679,-0.9269065856933594,0.3164956271648407,-0.2016797214746475],"rotationconfidence":1},"7":{"id":7,"position":[-113.5350689291954,-346.9878733158112,2439.745426177979],"positionconfidence":1,"rotation":[-0.08901404589414597,0.3366532325744629,0.9374119639396667,0.3645829260349274,0.8868456482887268,-0.2838735282421112,-0.9269065856933594,0.3164956271648407,-0.2016797214746475],"rotationconfidence":1},"8":{"id":8,"position":[-93.57860684394836,-422.4636852741242,2229.582786560059],"positionconfidence":1,"rotation":[-0.09570865333080292,0.357489824295044,0.9289999604225159,0,0.933284342288971,-0.3591384887695313,-0.9954094886779785,-0.03437266126275063,-0.08932338654994965],"rotationconfidence":1},"9":{"id":9,"position":[-87.53648400306702,-445.032149553299,2170.934677124023],"positionconfidence":1,"rotation":[-0.09570865333080292,0.357489824295044,0.9289999604225159,0,0.933284342288971,-0.3591384887695313,-0.9954094886779785,-0.03437266126275063,-0.08932338654994965],"rotationconfidence":1},"12":{"id":12,"position":[307.7219724655151,-128.9820075035095,2450.213193893433],"positionconfidence":1,"rotation":[0.3085140287876129,-0.9488070011138916,-0.06770769506692886,-0.3616985678672791,-0.05118082463741303,-0.9308892488479614,0.8797689080238342,0.3116821646690369,-0.3589721620082855],"rotationconfidence":1},"13":{"id":13,"position":[380.3673982620239,-352.3964583873749,2434.270143508911],"positionconfidence":1,"rotation":[-0.227313295006752,-0.3873876631259918,-0.8934537172317505,-0.4175349771976471,0.8676319718360901,-0.2699621319770813,0.8797689080238342,0.3116821646690369,-0.3589721620082855],"rotationconfidence":1},"14":{"id":14,"position":[328.125,-441.4280354976654,2228.931665420532],"positionconfidence":1,"rotation":[0.4380650520324707,-0.2729051113128662,-0.8565171957015991,0,-0.9528046250343323,0.3035843670368195,-0.8989432454109192,-0.1329897046089172,-0.4173904061317444],"rotationconfidence":1},"15":{"id":15,"position":[355.367511510849,-458.3995342254639,2175.666332244873],"positionconfidence":1,"rotation":[0.4380650520324707,-0.2729051113128662,-0.8565171957015991,0,-0.9528046250343323,0.3035843670368195,-0.8989432454109192,-0.1329897046089172,-0.4173904061317444],"rotationconfidence":1},"17":{"id":17,"position":[40.23550450801849,-446.0394084453583,2273.581981658936],"positionconfidence":1,"rotation":[0.7715795636177063,-0.6240784525871277,-0.1232528164982796,0.631685733795166,0.7287960052490234,0.2642530500888825,-0.07508845627307892,-0.2817492485046387,0.9565454125404358],"rotationconfidence":1},"18":{"id":18,"position":[-161.3428592681885,-678.6068081855774,2189.255714416504],"positionconfidence":1,"rotation":[0.6699877977371216,-0.7423720359802246,0,0.6867099404335022,0.6197529435157776,0.3799152374267578,-0.2820384502410889,-0.2545385658740997,0.9250211715698242],"rotationconfidence":1},"19":{"id":19,"position":[-414.2337143421173,-906.8397879600525,2049.346446990967],"positionconfidence":0.5,"rotation":[-0.2690491080284119,-0.9631264805793762,0,0.9176976680755615,-0.2563585937023163,-0.3034986257553101,0.2923075556755066,-0.08165603131055832,0.9528319239616394],"rotationconfidence":0.5},"20":{"id":20,"position":[-441.3134753704071,-899.2750644683838,1961.074829101563],"positionconfidence":0.5,"rotation":[-0.2690491080284119,-0.9631264805793762,0,0.9176976680755615,-0.2563585937023163,-0.3034986257553101,0.2923075556755066,-0.08165603131055832,0.9528319239616394],"rotationconfidence":0.5},"21":{"id":21,"position":[191.6910409927368,-457.8069448471069,2282.005071640015],"positionconfidence":1,"rotation":[0.9488938450813293,0.2191388458013535,0.2271092236042023,-0.3033102154731751,0.8320593237876892,0.4644138514995575,-0.08719722926616669,-0.5095639824867249,0.8560029864311218],"rotationconfidence":1},"22":{"id":22,"position":[287.3117327690125,-720.1195359230042,2135.595321655273],"positionconfidence":1,"rotation":[0.6552793979644775,0.677153468132019,0.3347714245319367,-0.6832137703895569,0.3422445952892304,0.6450484991073608,0.3222231268882752,-0.6514074206352234,0.6869063973426819],"rotationconfidence":1},"23":{"id":23,"position":[539.8375988006592,-846.6181755065918,1897.175908088684],"positionconfidence":0.5,"rotation":[-0.7406072020530701,0.6719381809234619,0,-0.6331302523612976,-0.6978332996368408,-0.3349252343177795,-0.2250490635633469,-0.2480480670928955,0.942244827747345],"rotationconfidence":0.5},"24":{"id":24,"position":[560.6849789619446,-823.6402869224548,1809.891223907471],"positionconfidence":0.5,"rotation":[-0.7406072020530701,0.6719381809234619,0,-0.6331302523612976,-0.6978332996368408,-0.3349252343177795,-0.2250490635633469,-0.2480480670928955,0.942244827747345],"rotationconfidence":0.5}},"skeletonTracked":true,"frameCount":5},{"position":[83.61990004777908,-414.2100512981415,2204.107046127319],"positionTracked":true,"id":4410,"skeleton":{"1":{"id":1,"position":[132.3238015174866,196.541965007782,2486.743211746216],"positionconfidence":1,"rotation":[0.9999953508377075,0.003056626301258802,0,-0.003028528532013297,0.9908030033111572,0.1352782994508743,0.0004134952032472938,-0.1352776736021042,0.9908076524734497],"rotationconfidence":1},"2":{"id":2,"position":[132.923424243927,0.3714567283168435,2459.959268569946],"positionconfidence":1,"rotation":[0.9999945163726807,0.002829879289492965,0.001660717418417335,-0.003028528532013297,0.9908030033111572,0.1352782994508743,-0.001262622536160052,-0.1352825909852982,0.9908061623573303],"rotationconfidence":1},"3":{"id":3,"position":[120.83949893713,-336.5551233291626,2377.716779708862],"positionconfidence":1,"rotation":[0.9993823766708374,-0.03495211154222488,-0.003649783786386251,0.0348210483789444,0.9708878397941589,0.2369900047779083,-0.004739770665764809,-0.2369707375764847,0.9715052843093872],"rotationconfidence":1},"4":{"id":4,"position":[118.8404634594917,-380.1234364509583,2308.797836303711],"positionconfidence":1,"rotation":[0.9952016472816467,-0.09313014149665833,0.03000741824507713,0.02451003342866898,0.5341880321502686,0.8450103402137756,-0.09472552686929703,-0.8402201533317566,0.533907413482666],"rotationconfidence":1},"6":{"id":6,"position":[-37.99492120742798,-117.3006966710091,2451.425313949585],"positionconfidence":1,"rotation":[0.3132698833942413,0.9484350681304932,0.04830010235309601,0.1949425786733627,-0.01444624923169613,-0.9807082414627075,-0.9294403195381165,0.3166421055793762,-0.1894159466028214],"rotationconfidence":1},"7":{"id":7,"position":[-113.8021424412727,-346.809595823288,2439.737319946289],"positionconfidence":1,"rotation":[-0.0767461284995079,0.3362282514572144,0.9386482834815979,0.3609025478363037,0.8869544863700867,-0.2882030308246613,-0.9294403195381165,0.3166421055793762,-0.1894159466028214],"rotationconfidence":1},"8":{"id":8,"position":[-96.84701263904572,-421.0907816886902,2232.366561889648],"positionconfidence":1,"rotation":[-0.09513828903436661,0.356408029794693,0.9294740557670593,0,0.9337093234062195,-0.3580320477485657,-0.9954640865325928,-0.03406255692243576,-0.08883150666952133],"rotationconfidence":1},"9":{"id":9,"position":[-90.87080508470535,-443.4789121150971,2173.980712890625],"positionconfidence":0.5,"rotation":[-0.09513828903436661,0.356408029794693,0.9294740557670593,0,0.9337093234062195,-0.3580320477485657,-0.9954640865325928,-0.03406255692243576,-0.08883150666952133],"rotationconfidence":0.5},"12":{"id":12,"position":[307.5211346149445,-128.8983672857285,2450.282096862793],"positionconfidence":1,"rotation":[0.3072372674942017,-0.9491688013076782,-0.06843815743923187,-0.3622246086597443,-0.05013932660222054,-0.9307412505149841,0.8799991607666016,0.310748428106308,-0.3592169880867004],"rotationconfidence":1},"13":{"id":13,"position":[379.955381155014,-352.6743650436401,2434.147119522095],"positionconfidence":1,"rotation":[-0.2273151129484177,-0.3885153234004974,-0.8929634094238281,-0.4170482754707336,0.8674625158309937,-0.2712553441524506,0.8799991607666016,0.310748428106308,-0.3592169880867004],"rotationconfidence":1},"14":{"id":14,"position":[327.5935053825378,-442.1685934066773,2228.453636169434],"positionconfidence":1,"rotation":[0.4499501585960388,-0.2187167108058929,-0.8658567667007446,0,-0.9695460796356201,0.2449087798595429,-0.8930536508560181,-0.1101967468857765,-0.4362474083900452],"rotationconfidence":1},"15":{"id":15,"position":[355.6388020515442,-455.8011591434479,2174.484968185425],"positionconfidence":1,"rotation":[0.4499501585960388,-0.2187167108058929,-0.8658567667007446,0,-0.9695460796356201,0.2449087798595429,-0.8930536508560181,-0.1101967468857765,-0.4362474083900452],"rotationconfidence":1},"17":{"id":17,"position":[40.1015542447567,-446.1061060428619,2273.530960083008],"positionconfidence":1,"rotation":[0.7723773121833801,-0.6230427026748657,-0.1234947666525841,0.6307180523872375,0.7293702363967896,0.2649788558483124,-0.0750197321176529,-0.282554030418396,0.9563133120536804],"rotationconfidence":1},"18":{"id":18,"position":[-160.7636958360672,-678.3891916275024,2189.142942428589],"positionconfidence":1,"rotation":[0.6725061535835266,-0.7400915026664734,0,0.6842235326766968,0.6217400431632996,0.3811526596546173,-0.2820878326892853,-0.2563275098800659,0.9245120286941528],"rotationconfidence":1},"19":{"id":19,"position":[-412.9476249217987,-907.5435996055603,2048.661708831787],"positionconfidence":0.5,"rotation":[-0.2704849541187286,-0.9627242088317871,0,0.9181898236274719,-0.2579726874828339,-0.3006286025047302,0.2894224226474762,-0.08131551742553711,0.9537413120269775],"rotationconfidence":0.5},"20":{"id":20,"position":[-439.7166669368744,-900.0226259231567,1960.448980331421],"positionconfidence":0.5,"rotation":[-0.2704849541187286,-0.9627242088317871,0,0.9181898236274719,-0.2579726874828339,-0.3006286025047302,0.2894224226474762,-0.08131551742553711,0.9537413120269775],"rotationconfidence":0.5},"21":{"id":21,"position":[191.5450990200043,-457.8320384025574,2281.946659088135],"positionconfidence":1,"rotation":[0.9491086602210999,0.2187799066305161,0.2265572100877762,-0.3026919960975647,0.8323688507080078,0.4642625153064728,-0.08700785785913467,-0.5092126131057739,0.8562313914299011],"rotationconfidence":1},"22":{"id":22,"position":[287.0299816131592,-720.4046845436096,2135.493993759155],"positionconfidence":1,"rotation":[0.6532620787620544,0.6772894263267517,0.3384195566177368,-0.6860478520393372,0.3404229283332825,0.6430012583732605,0.3202921748161316,-0.6522203683853149,0.6870383620262146],"rotationconfidence":1},"23":{"id":23,"position":[540.2941107749939,-846.0765480995178,1898.121118545532],"positionconfidence":0.5,"rotation":[-0.7389076948165894,0.6738067269325256,0,-0.6340205073356628,-0.6952774524688721,-0.3385370075702667,-0.2281084805727005,-0.2501475811004639,0.9409530758857727],"rotationconfidence":0.5},"24":{"id":24,"position":[561.376690864563,-822.9570388793945,1811.154961585999],"positionconfidence":0.5,"rotation":[-0.7389076948165894,0.6738067269325256,0,-0.6340205073356628,-0.6952774524688721,-0.3385370075702667,-0.2281084805727005,-0.2501475811004639,0.9409530758857727],"rotationconfidence":0.5}},"skeletonTracked":true,"frameCount":6},{"position":[84.73879843950272,-414.290726184845,2204.31923866272],"positionTracked":true,"id":4410,"skeleton":{"1":{"id":1,"position":[132.2664469480515,196.6888308525085,2486.724853515625],"positionconfidence":1,"rotation":[0.9999962449073792,0.002723321551457048,0,-0.002698474796488881,0.9908726215362549,0.1347744315862656,0.0003670341102406383,-0.134773924946785,0.9908762574195862],"rotationconfidence":1},"2":{"id":2,"position":[132.8007429838181,0.4967780550941825,2460.039615631104],"positionconfidence":1,"rotation":[0.9999939799308777,0.002378480974584818,0.002535249339416623,-0.002698474796488881,0.9908726215362549,0.1347744315862656,-0.002191550796851516,-0.1347804665565491,0.9908730983734131],"rotationconfidence":1},"3":{"id":3,"position":[120.6612288951874,-336.5475833415985,2377.668857574463],"positionconfidence":1,"rotation":[0.9993727207183838,-0.03530062362551689,-0.002841095207259059,0.03496645018458366,0.9708168506622314,0.2372593283653259,-0.005617219489067793,-0.2372098565101624,0.9714422225952148],"rotationconfidence":1},"4":{"id":4,"position":[118.6958476901054,-380.1007866859436,2308.752059936523],"positionconfidence":1,"rotation":[0.9952771067619324,-0.09233367443084717,0.02996843121945858,0.02410056442022324,0.5340728759765625,0.8450949192047119,-0.0940360352396965,-0.8403813242912292,0.5337757468223572],"rotationconfidence":1},"6":{"id":6,"position":[-38.30127790570259,-117.345966398716,2451.165437698364],"positionconfidence":1,"rotation":[0.3134328126907349,0.9484255313873291,0.04742198437452316,0.162459060549736,-0.004352958407253027,-0.9867056608200073,-0.9356104731559753,0.3169700801372528,-0.1554446816444397],"rotationconfidence":1},"7":{"id":7,"position":[-114.0569299459457,-346.5772271156311,2439.703702926636],"positionconfidence":1,"rotation":[-0.04306790605187416,0.3345431983470917,0.94139581918