{"motiondata":[{"position":[341.9703245162964,-521.1266875267029,2746.29282951355],"positionTracked":true,"id":4425,"skeleton":{"1":{"id":1,"position":[392.4265503883362,90.2695283293724,3046.757221221924],"positionconfidence":1,"rotation":[0.9982737302780151,-0.05873293429613113,0,0.05794630944728851,0.9849036335945129,0.1631164401769638,-0.009580306708812714,-0.1628348529338837,0.986606776714325],"rotationconfidence":1},"2":{"id":2,"position":[380.907416343689,-105.519250035286,3014.331340789795],"positionconfidence":1,"rotation":[0.9912099838256836,-0.03729521855711937,-0.1269324123859406,0.05794630944728851,0.9849036335945129,0.1631164401769638,0.1189327463507652,-0.1690379083156586,0.9784075021743774],"rotationconfidence":1},"3":{"id":3,"position":[360.5280518531799,-404.4726192951202,2935.681581497192],"positionconfidence":1,"rotation":[0.9909231662750244,-0.03328544646501541,-0.1302431225776672,0.06578295677900314,0.9649974703788757,0.2538751065731049,0.1172339245676994,-0.2601384818553925,0.958427906036377],"rotationconfidence":1},"4":{"id":4,"position":[350.9509265422821,-440.1788115501404,2872.033834457398],"positionconfidence":1,"rotation":[0.988824725151062,0.0005211869720369577,-0.1490816026926041,0.1301152259111404,0.4851058125495911,0.8647209405899048,0.07277103513479233,-0.8744553327560425,0.4796168208122253],"rotationconfidence":1},"6":{"id":6,"position":[200.736328959465,-198.7304091453552,3009.486675262451],"positionconfidence":1,"rotation":[0.3882637619972229,0.8581182360649109,0.3359825313091278,0.4646520614624023,0.1325577944517136,-0.8755152225494385,-0.7958327531814575,0.4960458278656006,-0.3472590446472168],"rotationconfidence":1},"7":{"id":7,"position":[114.9096637964249,-388.4195685386658,2935.216903686523],"positionconfidence":1,"rotation":[-0.3935956656932831,0.01202694699168205,0.9192049503326416,0.4601442515850067,0.8682130575180054,0.1856700479984283,-0.7958327531814575,0.4960458278656006,-0.3472590446472168],"rotationconfidence":1},"8":{"id":8,"position":[203.7647813558579,-391.1346793174744,2727.704286575317],"positionconfidence":1,"rotation":[0.1542798578739166,-0.5651503205299377,0.8104336857795715,0,0.8202544450759888,0.5719987750053406,-0.9880270957946777,-0.0882478877902031,0.1265487372875214],"rotationconfidence":1},"9":{"id":9,"position":[200.8321434259415,-380.3919851779938,2712.299108505249],"positionconfidence":1,"rotation":[0.1542798578739166,-0.5651503205299377,0.8104336857795715,0,0.8202544450759888,0.5719987750053406,-0.9880270957946777,-0.0882478877902031,0.1265487372875214],"rotationconfidence":1},"12":{"id":12,"position":[552.1692633628845,-196.01771235466,2967.236042022705],"positionconfidence":1,"rotation":[0.3429770767688751,-0.8772242665290833,-0.3359228670597076,-0.5592429041862488,0.09664026647806168,-0.8233517408370972,0.7547279000282288,0.4702533185482025,-0.4574360847473145],"rotationconfidence":1},"13":{"id":13,"position":[624.1958737373352,-380.2384436130524,2896.690845489502],"positionconfidence":1,"rotation":[-0.4918743968009949,-0.05576783418655396,-0.8688783645629883,-0.4341031610965729,0.880767822265625,0.1892160326242447,0.7547279000282288,0.4702533185482025,-0.4574360847473145],"rotationconfidence":1},"14":{"id":14,"position":[499.6542036533356,-394.35875415802,2676.692485809326],"positionconfidence":0.5,"rotation":[-0.3918691575527191,0.1052285730838776,-0.9139834046363831,0,-0.9934375286102295,-0.1143762692809105,-0.9200210571289062,-0.04482053220272064,0.3892975151538849],"rotationconfidence":0.5},"15":{"id":15,"position":[491.2908375263214,-392.1129405498505,2657.186031341553],"positionconfidence":1,"rotation":[-0.3918691575527191,0.1052285730838776,-0.9139834046363831,0,-0.9934375286102295,-0.1143762692809105,-0.9200210571289062,-0.04482053220272064,0.3892975151538849],"rotationconfidence":1},"17":{"id":17,"position":[271.6317772865295,-512.765645980835,2848.376274108887],"positionconfidence":1,"rotation":[0.9449543356895447,-0.2088275402784348,-0.2518971562385559,0.2967578768730164,0.8712578415870667,0.3909532129764557,0.1378255933523178,-0.4441854357719421,0.8852701783180237],"rotationconfidence":1},"18":{"id":18,"position":[167.751282453537,-817.7506327629089,2711.522579193115],"positionconfidence":1,"rotation":[0.9293779730796814,-0.3691294193267822,0,0.3567391633987427,0.8981823325157166,0.2569158971309662,-0.09483521431684494,-0.2387719750404358,0.9664338231086731],"rotationconfidence":1},"19":{"id":19,"position":[76.30765438079834,-1047.983407974243,2645.666837692261],"positionconfidence":1,"rotation":[0.3052056431770325,-0.9522864818572998,0,0.8921838998794556,0.2859429121017456,-0.3496350646018982,0.3329527378082275,0.1067105978727341,0.9368860125541687],"rotationconfidence":1},"20":{"id":20,"position":[42.58029907941818,-1058.792948722839,2550.762414932251],"positionconfidence":1,"rotation":[0.3052056431770325,-0.9522864818572998,0,0.8921838998794556,0.2859429121017456,-0.3496350646018982,0.3329527378082275,0.1067105978727341,0.9368860125541687],"rotationconfidence":1},"21":{"id":21,"position":[419.6916222572327,-513.209342956543,2825.10256767273],"positionconfidence":1,"rotation":[0.9741277694702148,0.2170742601156235,-0.06288080662488937,-0.1751550287008286,0.9009891152381897,0.3969122767448425,0.1428143531084061,-0.3756293654441834,0.9157001376152039],"rotationconfidence":1},"22":{"id":22,"position":[479.2647361755371,-819.6505904197693,2690.106153488159],"positionconfidence":1,"rotation":[0.9337217211723328,0.3559212684631348,0.0385211668908596,-0.3379154801368713,0.8406879901885986,0.4231511354446411,0.1182242035865784,-0.4081223011016846,0.9052399396896362],"rotationconfidence":1},"23":{"id":23,"position":[585.6813192367554,-1084.400653839111,2556.847095489502],"positionconfidence":0.5,"rotation":[0.5820175409317017,0.8131762146949768,0,-0.8112043142318726,0.5806061625480652,-0.06959939002990723,-0.05659656599164009,0.04050806909799576,0.997575044631958],"rotationconfidence":0.5},"24":{"id":24,"position":[591.1210179328918,-1088.29402923584,2460.96658706665],"positionconfidence":0.5,"rotation":[0.5820175409317017,0.8131762146949768,0,-0.8112043142318726,0.5806061625480652,-0.06959939002990723,-0.05659656599164009,0.04050806909799576,0.997575044631958],"rotationconfidence":0.5}},"skeletonTracked":true,"frameCount":1},{"position":[339.0028774738312,-519.9469327926636,2744.860410690308],"positionTracked":true,"id":4425,"skeleton":{"1":{"id":1,"position":[393.0495977401733,89.97791260480881,3045.076131820679],"positionconfidence":1,"rotation":[0.9983175992965698,-0.05798247456550598,0,0.05732889473438263,0.9870645403862,0.1497233510017395,-0.00868133082985878,-0.1494714617729187,0.9887279868125916],"rotationconfidence":1},"2":{"id":2,"position":[381.9616734981537,-100.9292528033257,3016.118288040161],"positionconfidence":1,"rotation":[0.9913912415504456,-0.03860225901007652,-0.1251137107610703,0.05732889473438263,0.9870645403862,0.1497233510017395,0.117715634405613,-0.1556070297956467,0.9807800650596619],"rotationconfidence":1},"3":{"id":3,"position":[360.6697916984558,-404.6244025230408,2935.956239700317],"positionconfidence":1,"rotation":[0.9909840226173401,-0.03536703437566757,-0.1292272210121155,0.06763246655464172,0.9646705389022827,0.2546302378177643,0.1156561821699143,-0.2610744535923004,0.9583650827407837],"rotationconfidence":1},"4":{"id":4,"position":[351.294755935669,-440.4668211936951,2872.456312179565],"positionconfidence":1,"rotation":[0.9897379279136658,-0.005938983522355557,-0.1427711993455887,0.1275212913751602,0.4875364005565643,0.8637399077415466,0.06447642296552658,-0.8730824589729309,0.4832906126976013],"rotationconfidence":1},"6":{"id":6,"position":[200.9397745132446,-198.7093836069107,3008.789539337158],"positionconfidence":1,"rotation":[0.39023557305336,0.8573471307754517,0.3356666266918182,0.4767153859138489,0.1237542703747749,-0.8703029751777649,-0.7876919507980347,0.4996406435966492,-0.3604172468185425],"rotationconfidence":1},"7":{"id":7,"position":[114.7631853818893,-388.0392611026764,2934.663534164429],"positionconfidence":1,"rotation":[-0.4122160375118256,0.007327768485993147,0.9110565781593323,0.4578419625759125,0.8662016987800598,0.2001878619194031,-0.7876919507980347,0.4996406435966492,-0.3604172468185425],"rotationconfidence":1},"8":{"id":8,"position":[207.3293924331665,-389.6847665309906,2730.078935623169],"positionconfidence":1,"rotation":[0.2686041295528412,-0.5453938245773315,0.793975830078125,0,0.8242669701576233,0.5662012696266174,-0.9632507562637329,-0.1520839929580689,0.2214015126228333],"rotationconfidence":1},"9":{"id":9,"position":[201.5223652124405,-377.8937458992004,2712.913751602173],"positionconfidence":1,"rotation":[0.2686041295528412,-0.5453938245773315,0.793975830078125,0,0.8242669701576233,0.5662012696266174,-0.9632507562637329,-0.1520839929580689,0.2214015126228333],"rotationconfidence":1},"12":{"id":12,"position":[552.675187587738,-196.6741383075714,2966.896295547485],"positionconfidence":1,"rotation":[0.3362260162830353,-0.8780067563056946,-0.3406701683998108,-0.5513675212860107,0.1097423806786537,-0.8270130157470703,0.7635089755058289,0.4658977687358856,-0.4472061693668366],"rotationconfidence":1},"13":{"id":13,"position":[622.4636435508728,-378.9168298244476,2896.185398101807],"positionconfidence":1,"rotation":[-0.4806491732597351,-0.05253619700670242,-0.8753378391265869,-0.4313124716281891,0.8832775950431824,0.183821514248848,0.7635089755058289,0.4658977687358856,-0.4472061693668366],"rotationconfidence":1},"14":{"id":14,"position":[500.000536441803,-392.3023641109467,2673.160791397095],"positionconfidence":1,"rotation":[-0.4504832923412323,0.2333772778511047,-0.8617422580718994,0,-0.9652295112609863,-0.2614037394523621,-0.8927847743034363,-0.1177580207586289,0.434819757938385],"rotationconfidence":1},"15":{"id":15,"position":[492.4376606941223,-388.3843421936035,2658.693552017212],"positionconfidence":1,"rotation":[-0.4504832923412323,0.2333772778511047,-0.8617422580718994,0,-0.9652295112609863,-0.2614037394523621,-0.8927847743034363,-0.1177580207586289,0.434819757938385],"rotationconfidence":1},"17":{"id":17,"position":[272.3714113235474,-513.0097270011902,2848.893165588379],"positionconfidence":1,"rotation":[0.9459334015846252,-0.215913787484169,-0.2420564889907837,0.2989243566989899,0.8699794411659241,0.3921480476856232,0.125913992524147,-0.4433024823665619,0.8874844312667847],"rotationconfidence":1},"18":{"id":18,"position":[167.6210016012192,-817.8718090057373,2711.474895477295],"positionconfidence":1,"rotation":[0.9294049143791199,-0.3690616488456726,0,0.3566562235355377,0.8981644511222839,0.2570928633213043,-0.09488311409950256,-0.2389433681964874,0.966386616230011],"rotationconfidence":1},"19":{"id":19,"position":[76.21558755636215,-1048.057317733765,2645.586013793945],"positionconfidence":1,"rotation":[0.3533255755901337,-0.9355003833770752,0,0.8778374791145325,0.3315470814704895,-0.345655620098114,0.3233609795570374,0.1221289709210396,0.938361406326294],"rotationconfidence":1},"20":{"id":20,"position":[44.62412744760513,-1059.988975524902,2553.910732269287],"positionconfidence":1,"rotation":[0.3533255755901337,-0.9355003833770752,0,0.8778374791145325,0.3315470814704895,-0.345655620098114,0.3233609795570374,0.1221289709210396,0.938361406326294],"rotationconfidence":1},"21":{"id":21,"position":[420.6066429615021,-513.969898223877,2827.382326126099],"positionconfidence":1,"rotation":[0.9764639139175415,0.20964315533638,-0.05067635327577591,-0.1720308661460877,0.8987596035003662,0.4032822549343109,0.1300912201404572,-0.385072648525238,0.9136713743209839],"rotationconfidence":1},"22":{"id":22,"position":[479.2043268680573,-820.10817527771,2690.015077590942],"positionconfidence":1,"rotation":[0.9337278604507446,0.3556697964668274,0.04063655063509941,-0.3383720219135284,0.8398135900497437,0.4245204031467438,0.116861954331398,-0.4101367890834808,0.9045060276985168],"rotationconfidence":1},"23":{"id":23,"position":[585.6771469116211,-1084.365606307983,2556.434631347656],"positionconfidence":0.5,"rotation":[0.5651993751525879,0.8249543309211731,0,-0.8228603601455688,0.563764750957489,-0.07120385766029358,-0.05873993411660194,0.04024437442421913,0.99746173620224],"rotationconfidence":0.5},"24":{"id":24,"position":[591.3186073303223,-1088.230729103088,2460.637092590332],"positionconfidence":0.5,"rotation":[0.5651993751525879,0.8249543309211731,0,-0.8228603601455688,0.563764750957489,-0.07120385766029358,-0.05873993411660194,0.04024437442421913,0.99746173620224],"rotationconfidence":0.5}},"skeletonTracked":true,"frameCount":2},{"position":[341.8495059013367,-522.6389765739441,2743.750810623169],"positionTracked":true,"id":4425,"skeleton":{"1":{"id":1,"position":[393.6272263526917,89.9578109383583,3043.838262557983],"positionconfidence":1,"rotation":[0.9983516335487366,-0.05739439278841019,0,0.05681909620761871,0.9883445501327515,0.1412324011325836,-0.008105947636067867,-0.1409996002912521,0.9899764657020569],"rotationconfidence":1},"2":{"id":2,"position":[382.797509431839,-98.42060506343842,3016.919374465942],"positionconfidence":1,"rotation":[0.9916237592697144,-0.03943207487463951,-0.1229936555027962,0.05681909620761871,0.9883445501327515,0.1412324011325836,0.1159910261631012,-0.1470377892255783,0.9823064804077148],"rotationconfidence":1},"3":{"id":3,"position":[361.1350357532501,-404.9670398235321,2936.378002166748],"positionconfidence":1,"rotation":[0.991176962852478,-0.03656976670026779,-0.1274005174636841,0.06818746775388718,0.9649233222007751,0.2535219192504883,0.1136605069041252,-0.2599722445011139,0.958903431892395],"rotationconfidence":1},"4":{"id":4,"position":[351.9881963729858,-440.897673368454,2873.179912567139],"positionconfidence":1,"rotation":[0.9903528094291687,-0.008888689801096916,-0.1382830142974854,0.1248353347182274,0.4903784394264221,0.8625224828720093,0.06014431640505791,-0.8714642524719238,0.4867573380470276],"rotationconfidence":1},"6":{"id":6,"position":[201.5052735805512,-198.4393447637558,3007.949113845825],"positionconfidence":1,"rotation":[0.3952704966068268,0.8561811447143555,0.3327385783195496,0.484719455242157,0.1132818832993507,-0.8673028349876404,-0.7802616953849792,0.5041041374206543,-0.3702307343482971],"rotationconfidence":1},"7":{"id":7,"position":[114.3244206905365,-387.2786462306976,2934.560298919678],"positionconfidence":1,"rotation":[-0.42215695977211,0.01229674369096756,0.9064393639564514,0.4614924788475037,0.863555371761322,0.2032163888216019,-0.7802616953849792,0.5041041374206543,-0.3702307343482971],"rotationconfidence":1},"8":{"id":8,"position":[208.6709886789322,-390.0268077850342,2731.982946395874],"positionconfidence":1,"rotation":[0.2946025133132935,-0.501329779624939,0.81355881690979,0,0.8513413667678833,0.5246120691299438,-0.9556199312210083,-0.1545520275831223,0.2508073151111603],"rotationconfidence":1},"9":{"id":9,"position":[201.524943113327,-377.866268157959,2712.248802185059],"positionconfidence":1,"rotation":[0.2946025133132935,-0.501329779624939,0.81355881690979,0,0.8513413667678833,0.5246120691299438,-0.9556199312210083,-0.1545520275831223,0.2508073151111603],"rotationconfidence":1},"12":{"id":12,"position":[553.2588362693787,-197.1315145492554,2966.609716415405],"positionconfidence":1,"rotation":[0.3358016610145569,-0.875711977481842,-0.3469379842281342,-0.5486621856689453,0.1175419092178345,-0.8277401924133301,0.7656416296958923,0.4683082103729248,-0.4409991800785065],"rotationconfidence":1},"13":{"id":13,"position":[622.8665113449097,-378.6561489105225,2894.693613052368],"positionconfidence":1,"rotation":[-0.4798405170440674,-0.04080346971750259,-0.8764063715934753,-0.4284226000308991,0.882622480392456,0.1934724152088165,0.7656416296958923,0.4683082103729248,-0.4409991800785065],"rotationconfidence":1},"14":{"id":14,"position":[499.0334510803223,-389.1863524913788,2668.518304824829],"positionconfidence":1,"rotation":[-0.5253533124923706,-0.0008974123047664762,-0.8508837223052979,0,-0.9999994039535522,0.00105468207038939,-0.8508841395378113,0.0005540807032957673,0.5253530144691467],"rotationconfidence":1},"15":{"id":15,"position":[467.0015871524811,-389.2410695552826,2616.63818359375],"positionconfidence":1,"rotation":[-0.5253533124923706,-0.0008974123047664762,-0.8508837223052979,0,-0.9999994039535522,0.00105468207038939,-0.8508841395378113,0.0005540807032957673,0.5253530144691467],"rotationconfidence":1},"17":{"id":17,"position":[273.7049758434296,-513.5220885276794,2850.026845932007],"positionconfidence":1,"rotation":[0.9457226991653442,-0.2213415652513504,-0.2379424571990967,0.3023043572902679,0.8678787350654602,0.3942064344882965,0.1192509084939957,-0.4447409510612488,0.8876850008964539],"rotationconfidence":1},"18":{"id":18,"position":[167.6566600799561,-817.973792552948,2711.739301681519],"positionconfidence":1,"rotation":[0.9292647838592529,-0.3694142401218414,0,0.356953889131546,0.8979206681251526,0.2575312256813049,-0.09513570368289948,-0.2393147051334381,0.9662699103355408],"rotationconfidence":1},"19":{"id":19,"position":[76.20213180780411,-1048.028469085693,2645.757675170898],"positionconfidence":1,"rotation":[0.3868598937988281,-0.922138512134552,0,0.8663495779037476,0.363455057144165,-0.3425474762916565,0.3158762156963348,0.1325178742408752,0.9395005106925964],"rotationconfidence":1},"20":{"id":20,"position":[46.08842730522156,-1060.661911964417,2556.191444396973],"positionconfidence":1,"rotation":[0.3868598937988281,-0.922138512134552,0,0.8663495779037476,0.363455057144165,-0.3425474762916565,0.3158762156963348,0.1325178742408752,0.9395005106925964],"rotationconfidence":1},"21":{"id":21,"position":[421.572744846344,-514.7581696510315,2829.543113708496],"positionconfidence":1,"rotation":[0.9779027104377747,0.2043937742710114,-0.04392669349908829,-0.1690597832202911,0.8967456817626953,0.4089816510677338,0.1229843720793724,-0.392518013715744,0.9114847779273987],"rotationconfidence":1},"22":{"id":22,"position":[479.2157113552094,-820.5143809318542,2690.095901489258],"positionconfidence":1,"rotation":[0.9338474273681641,0.3551567494869232,0.04233984276652336,-0.338439017534256,0.8391253352165222,0.4258259236812592,0.1157065182924271,-0.4119859039783478,0.9038139581680298],"rotationconfidence":1},"23":{"id":23,"position":[585.6379866600037,-1084.377646446228,2556.19478225708],"positionconfidence":0.5,"rotation":[0.5538918972015381,0.8325886726379395,0,-0.8303850293159485,0.5524258613586426,-0.07270719856023788,-0.06053518503904343,0.04027192294597626,0.9973532557487488],"rotationconfidence":0.5},"24":{"id":24,"position":[591.4486050605774,-1088.243246078491,2460.461378097534],"positionconfidence":0.5,"rotation":[0.5538918972015381,0.8325886726379395,0,-0.8303850293159485,0.5524258613586426,-0.07270719856023788,-0.06053518503904343,0.04027192294597626,0.9973532557487488],"rotationconfidence":0.5}},"skeletonTracked":true,"frameCount":3},{"position":[342.1055674552918,-521.2295055389404,2743.842124938965],"positionTracked":true,"id":4425,"skeleton":{"1":{"id":1,"position":[394.2430317401886,90.24019539356232,3042.656660079956],"positionconfidence":1,"rotation":[0.9983252882957458,-0.05784941837191582,0,0.05733112618327141,0.989380955696106,0.1335605829954147,-0.007726402021944523,-0.1333369016647339,0.9910405874252319],"rotationconfidence":1},"2":{"id":2,"position":[383.4265470504761,-96.42321616411209,3017.458200454712],"positionconfidence":1,"rotation":[0.9917389750480652,-0.04106301069259644,-0.1215220242738724,0.05733112618327141,0.989380955696106,0.1335605829954147,0.1147471815347672,-0.1394242346286774,0.9835618734359741],"rotationconfidence":1},"3":{"id":3,"position":[361.6518378257752,-405.1907360553742,2936.833620071411],"positionconfidence":1,"rotation":[0.991352915763855,-0.03704020753502846,-0.1258872449398041,0.0680752694606781,0.9653140902519226,0.2520603239536285,0.1121843755245209,-0.2584505379199982,0.9594885110855103],"rotationconfidence":1},"4":{"id":4,"position":[352.6937663555145,-441.2844181060791,2873.921394348145],"positionconfidence":1,"rotation":[0.9907259941101074,-0.009652229957282543,-0.1355318427085877,0.1225759536027908,0.493880569934845,0.8608466982841492,0.05862745642662048,-0.8694761991500854,0.4904834926128388],"rotationconfidence":1},"6":{"id":6,"position":[202.0116597414017,-198.1680244207382,3007.30037689209],"positionconfidence":1,"rotation":[0.3996399939060211,0.8551125526428223,0.3302579820156097,0.4934225678443909,0.1029617413878441,-0.8636741042137146,-0.7725425362586975,0.5081155300140381,-0.3807842135429382],"rotationconfidence":1},"7":{"id":7,"position":[114.1784340143204,-386.1054182052612,2934.715986251831],"positionconfidence":1,"rotation":[-0.4264872074127197,0.02904783561825752,0.904026985168457,0.4704111218452454,0.8607988953590393,0.1942640841007233,-0.7725425362586975,0.5081155300140381,-0.3807842135429382],"rotationconfidence":1},"8":{"id":8,"position":[208.9007049798966,-392.55690574646,2733.932733535767],"positionconfidence":1,"rotation":[0.2777900695800781,-0.4676620662212372,0.8391214609146118,0,0.8735009431838989,0.4868225455284119,-0.9606418013572693,-0.1352344751358032,0.2426498830318451],"rotationconfidence":1},"9":{"id":9,"position":[201.1541426181793,-379.5154988765717,2710.532665252686],"positionconfidence":1,"rotation":[0.2777900695800781,-0.4676620662212372,0.8391214609146118,0,0.8735009431838989,0.4868225455284119,-0.9606418013572693,-0.1352344751358032,0.2426498830318451],"rotationconfidence":1},"12":{"id":12,"position":[553.8037419319153,-197.4620074033737,2966.358661651611],"positionconfidence":1,"rotation":[0.3401001989841461,-0.8649374842643738,-0.3690730929374695,-0.6131550073623657,0.09360864013433456,-0.7843968272209167,0.7130026817321777,0.4930725693702698,-0.4985044598579407],"rotationconfidence":1},"13":{"id":13,"position":[629.1368007659912,-389.0478610992432,2884.608030319214],"positionconfidence":1,"rotation":[-0.5512256622314453,-0.04521390050649643,-0.8331301808357239,-0.4333329796791077,0.8688125014305115,0.2395566254854202,0.7130026817321777,0.4930725693702698,-0.4985044598579407],"rotationconfidence":1},"14":{"id":14,"position":[494.4389760494232,-400.0963568687439,2681.023836135864],"positionconfidence":1,"rotation":[-0.2638782560825348,0.08152283728122711,-0.961104691028595,0,-0.9964218735694885,-0.08451850712299347,-0.9645559191703796,-0.02230259589850903,0.2629340589046478],"rotationconfidence":1},"15":{"id":15,"position":[481.4068973064423,-396.0702121257782,2633.558034896851],"positionconfidence":1,"rotation":[-0.2638782560825348,0.08152283728122711,-0.961104691028595,0,-0.9964218735694885,-0.08451850712299347,-0.9645559191703796,-0.02230259589850903,0.2629340589046478],"rotationconfidence":1},"17":{"id":17,"position":[274.8106420040131,-514.0523314476013,2851.260662078857],"positionconfidence":1,"rotation":[0.9452330470085144,-0.2244008928537369,-0.2370202541351318,0.3049623370170593,0.8659942746162415,0.3962977826595306,0.1163286045193672,-0.4468759894371033,0.8870002031326294],"rotationconfidence":1},"18":{"id":18,"position":[167.7556335926056,-818.0539011955261,2712.142944335938],"positionconfidence":1,"rotation":[0.9291211366653442,-0.3697754740715027,0,0.3572718501091003,0.8977037072181702,0.2578463852405548,-0.09534526616334915,-0.2395705282688141,0.9661858677864075],"rotationconfidence":1},"19":{"id":19,"position":[76.25454664230347,-1047.965288162231,2646.105766296387],"positionconfidence":1,"rotation":[0.411606639623642,-0.9113616347312927,0,0.8569051623344421,0.3870119452476502,-0.3404930830001831,0.3103123009204865,0.1401492059230804,0.940247118473053],"rotationconfidence":1},"20":{"id":20,"position":[47.13131114840508,-1061.118483543396,2557.862281799316],"positionconfidence":1,"rotation":[0.411606639623642,-0.9113616347312927,0,0.8569051623344421,0.3870119452476502,-0.3404930830001831,0.3103123009204865,0.1401492059230804,0.940247118473053],"rotationconfidence":1},"21":{"id":21,"position":[422.3578572273254,-515.4033303260803,2831.229448318481],"positionconfidence":1,"rotation":[0.9786650538444519,0.2013331204652786,-0.04098331928253174,-0.1668716222047806,0.8952487111091614,0.4131386876106262,0.1198687702417374,-0.3974854648113251,0.909745454788208],"rotationconfidence":1},"22":{"id":22,"position":[479.2956709861755,-820.868730545044,2690.263509750366],"positionconfidence":1,"rotation":[0.9340164065361023,0.3545614182949066,0.0435834638774395,-0.338247537612915,0.8385363817214966,0.4271363019943237,0.1148997321724892,-0.4136943221092224,0.9031362533569336],"rotationconfidence":1},"23":{"id":23,"position":[585.5985879898071,-1084.400177001953,2556.02502822876],"positionconfidence":0.5,"rotation":[0.5466729998588562,0.8373462557792664,0,-0.8350576162338257,0.5451788306236267,-0.07388553023338318,-0.06186776608228684,0.0403912179172039,0.9972667694091797],"rotationconfidence":0.5},"24":{"id":24,"position":[591.5347337722778,-1088.275671005249,2460.338354110718],"positionconfidence":0.5,"rotation":[0.5466729998588562,0.8373462557792664,0,-0.8350576162338257,0.5451788306236267,-0.07388553023338318,-0.06186776608228684,0.0403912179172039,0.9972667694091797],"rotationconfidence":0.5}},"skeletonTracked":true,"frameCount":4},{"position":[341.1120772361755,-517.6697373390198,2744.069337844849],"positionTracked":true,"id":4425,"skeleton":{"1":{"id":1,"position":[394.6649134159088,90.36245942115784,3041.384220123291],"positionconfidence":1,"rotation":[0.9982979893684387,-0.05831936746835709,0,0.05785511434078217,0.9903509616851807,0.1259273588657379,-0.007344003766775131,-0.1257130354642868,0.9920394420623779],"rotationconfidence":1},"2":{"id":2,"position":[383.8394582271576,-94.94528919458389,3017.821550369263],"positionconfidence":1,"rotation":[0.9918795228004456,-0.0427120178937912,-0.1197945848107338,0.05785511434078217,0.9903509616851807,0.1259273588657379,0.1132600754499435,-0.1318355053663254,0.9847800135612488],"rotationconfidence":1},"3":{"id":3,"position":[362.1774911880493,-405.2995145320892,2937.263488769531],"positionconfidence":1,"rotation":[0.9915984272956848,-0.03704101964831352,-0.1239371225237846,0.0674050971865654,0.965722918510437,0.2506708800792694,0.1104038059711456,-0.2569188475608826,0.9601060152053833],"rotationconfidence":1},"4":{"id":4,"position":[353.3576726913452,-441.652238368988,2874.543905258179],"positionconfidence":1,"rotation":[0.990964949131012,-0.009620117954909801,-0.1337766051292419,0.1207734793424606,0.4977931380271912,0.8588456511497498,0.05833087489008904,-0.8672425150871277,0.4944573640823364],"rotationconfidence":1},"6":{"id":6,"position":[202.7381211519241,-197.7760642766953,3006.356954574585],"positionconfidence":1,"rotation":[0.4018791019916534,0.8527528643608093,0.3336253166198731,0.5087204575538635,0.0950213298201561,-0.8556719422340393,-0.7613781690597534,0.513598620891571,-0.3956257104873657],"rotationconfidence":1},"7":{"id":7,"position":[114.6164312958717,-384.762704372406,2933.201551437378],"positionconfidence":1,"rotation":[-0.4286446571350098,0.05902083218097687,0.9015433192253113,0.4863815605640411,0.8559982776641846,0.1752141267061234,-0.7613781690597534,0.513598620891571,-0.3956257104873657],"rotationconfidence":1},"8":{"id":8,"position":[208.114966750145,-397.6366817951202,2736.551523208618],"positionconfidence":1,"rotation":[0.2127897292375565,-0.4660238921642304,0.8588027358055115,0,0.8789320588111877,0.4769469499588013,-0.9770979285240173,-0.1014894098043442,0.187027707695961],"rotationconfidence":1},"9":{"id":9,"position":[200.8771449327469,-381.7853629589081,2707.340240478516],"positionconfidence":1,"rotation":[0.2127897292375565,-0.4660238921642304,0.8588027358055115,0,0.8789320588111877,0.4769469499588013,-0.9770979285240173,-0.1014894098043442,0.187027707695961],"rotationconfidence":1},"12":{"id":12,"position":[554.3640851974487,-197.8267282247543,2965.909481048584],"positionconfidence":1,"rotation":[0.3357063233852387,-0.8642880916595459,-0.3745764791965485,-0.6162225604057312,0.09925411641597748,-0.7812929153442383,0.7124403119087219,0.4931073784828186,-0.4992734789848328],"rotationconfidence":1},"13":{"id":13,"position":[629.0717720985413,-390.1643753051758,2882.551670074463],"positionconfidence":1,"rotation":[-0.5516862869262695,-0.04611436277627945,-0.832775890827179,-0.4336716234683991,0.8687454462051392,0.2391868531703949,0.7124403119087219,0.4931073784828186,-0.4992734789848328],"rotationconfidence":1},"14":{"id":14,"position":[496.0213303565979,-401.2857973575592,2681.710720062256],"positionconfidence":0.5,"rotation":[-0.2609837651252747,0.02122340351343155,-0.9651098251342773,0,-0.9997583031654358,-0.02198534645140171,-0.965343177318573,-0.0057378183118999,0.2609206736087799],"rotationconfidence":0.5},"15":{"id":15,"position":[481.9584488868713,-400.1421928405762,2629.706621170044],"positionconfidence":1,"rotation":[-0.2609837651252747,0.02122340351343155,-0.9651098251342773,0,-0.9997583031654358,-0.02198534645140171,-0.965343177318573,-0.0057378183118999,0.2609206736087799],"rotationconfidence":1},"17":{"id":17,"position":[275.6753265857697,-514.5087242126465,2852.276563644409],"positionconfidence":1,"rotation":[0.944707453250885,-0.226174458861351,-0.2374294847249985,0.3069526553153992,0.8646689653396606,0.3976525068283081,0.1153590679168701,-0.448544979095459,0.8862841725349426],"rotationconfidence":1},"18":{"id":18,"position":[167.8968966007233,-818.114697933197,2712.651252746582],"positionconfidence":1,"rotation":[0.9290421009063721,-0.3699739873409271,0,0.3574828803539276,0.897675633430481,0.2576514482498169,-0.0953243300318718,-0.2393690496683121,0.9662378430366516],"rotationconfidence":1},"19":{"id":19,"position":[76.39985531568527,-1047.873020172119,2646.705865859985],"positionconfidence":1,"rotation":[0.4309922456741333,-0.9023556113243103,0,0.8489383459091187,0.4054785370826721,-0.3389554023742676,0.305858314037323,0.1460871398448944,0.9408023953437805],"rotationconfidence":1},"20":{"id":20,"position":[47.95790463685989,-1061.457753181458,2559.2200756073],"positionconfidence":1,"rotation":[0.4309922456741333,-0.9023556113243103,0,0.8489383459091187,0.4054785370826721,-0.3389554023742676,0.305858314037323,0.1460871398448944,0.9408023953437805],"rotationconfidence":1},"21":{"id":21,"position":[423.0449497699738,-515.948474407196,2832.366228103638],"positionconfidence":1,"rotation":[0.9790708422660828,0.1995235085487366,-0.04013306275010109,-0.1652164310216904,0.8943490982055664,0.4157440662384033,0.1188436970114708,-0.4004122912883759,0.9085957407951355],"rotationconfidence":1},"22":{"id":22,"position":[479.4339537620544,-821.193277835846,2690.471172332764],"positionconfidence":1,"rotation":[0.9342284798622131,0.3538731634616852,0.0446200892329216,-0.3378952443599701,0.838028073310852,0.4284107387065888,0.1142101734876633,-0.4153104424476624,0.902481734752655],"rotationconfidence":1},"23":{"id":23,"position":[585.5742692947388,-1084.436297416687,2555.897951126099],"positionconfidence":0.5,"rotation":[0.541506826877594,0.840696394443512,0,-0.8383327126502991,0.5399843454360962,-0.07493483275175095,-0.06299743801355362,0.0405777171254158,0.9971884489059448],"rotationconfidence":0.5},"24":{"id":24,"position":[591.6167497634888,-1088.328361511231,2460.251331329346],"positionconfidence":0.5,"rotation":[0.541506826877594,0.840696394443512,0,-0.8383327126502991,0.5399843454360962,-0.07493483275175095,-0.06299743801355362,0.0405777171254158,0.9971884489059448],"rotationconfidence":0.5}},"skeletonTracked":true,"frameCount":5},{"position":[342.4557149410248,-519.6677446365356,2741.221904754639],"positionTracked":true,"id":4425,"skeleton":{"1":{"id":1,"position":[394.8505520820618,90.63435345888138,3039.973735809326],"positionconfidence":1,"rotation":[0.9983092546463013,-0.05812544375658035,0,0.05771978199481964,0.9913419485092163,0.1179388910531998,-0.006855250336229801,-0.1177394837141037,0.9930208325386047],"rotationconfidence":1},"2":{"id":2,"position":[384.1054439544678,-93.91376376152039,3018.018245697022],"positionconfidence":1,"rotation":[0.992106020450592,-0.04378416761755943,-0.117510512471199,0.05771978199481964,0.9913419485092163,0.1179388910531998,0.1113292425870895,-0.1237905621528626,0.9860435128211975],"rotationconfidence":1},"3":{"id":3,"position":[362.6271188259125,-405.3614139556885,2937.619686126709],"positionconfidence":1,"rotation":[0.9919013977050781,-0.03704291954636574,-0.1214878633618355,0.06662552058696747,0.9661071300506592,0.2493954300880432,0.1081319525837898,-0.2554698586463928,0.9607509970664978],"rotationconfidence":1},"4":{"id":4,"position":[353.9362549781799,-441.97878241539,2875.051259994507],"positionconfidence":1,"rotation":[0.9911651611328125,-0.009154655039310455,-0.1323169320821762,0.1190286800265312,0.5015056133270264,0.8569271564483643,0.05851281806826592,-0.8651059865951538,0.4981646239757538],"rotationconfidence":1},"6":{"id":6,"position":[203.6066949367523,-197.2003728151321,3005.274295806885],"positionconfidence":1,"rotation":[0.4055181741714478,0.8520970344543457,0.3308862745761871,0.5190051794052124,0.08334531635046005,-0.8506981134414673,-0.7524551153182983,0.5167052149772644,-0.4084447026252747],"rotationconfidence":1},"7":{"id":7,"position":[115.0706708431244,-383.2371234893799,2933.032512664795],"positionconfidence":1,"rotation":[-0.4275274276733398,0.08856774866580963,0.8996532559394836,0.5010305643081665,0.8515700101852417,0.1542623937129974,-0.7524551153182983,0.5167052149772644,-0.4084447026252747],"rotationconfidence":1},"8":{"id":8,"position":[207.397386431694,-402.3637771606445,2738.747835159302],"positionconfidence":1,"rotation":[0.1737729460000992,-0.4593048691749573,0.8711153864860535,0,0.8845734596252441,0.4664007723331451,-0.9847856760025024,-0.08104783296585083,0.1537149399518967],"rotationconfidence":1},"9":{"id":9,"position":[200.4562616348267,-384.0174674987793,2703.952312469482],"positionconfidence":1,"rotation":[0.1737729460000992,-0.4593048691749573,0.8711153864860535,0,0.8845734596252441,0.4664007723331451,-0.9847856760025024,-0.08104783296585083,0.1537149399518967],"rotationconfidence":1},"12":{"id":12,"position":[554.8845529556274,-198.0902850627899,2965.501546859741],"positionconfidence":1,"rotation":[0.3293910026550293,-0.8647271990776062,-0.3791416585445404,-0.6160532832145691,0.1074746549129486,-0.7803381085395813,0.7155277132987976,0.4906078279018402,-0.4973168969154358],"rotationconfidence":1},"13":{"id":13,"position":[628.3647418022156,-390.9927010536194,2880.92303276062],"positionconfidence":1,"rotation":[-0.5477137565612793,-0.04790213331580162,-0.8352934122085571,-0.4336240291595459,0.8700628876686096,0.2344373464584351,0.7155277132987976,0.4906078279018402,-0.4973168969154358],"rotationconfidence":1},"14":{"id":14,"position":[497.8464245796204,-402.4076163768768,2681.875467300415],"positionconfidence":0.5,"rotation":[-0.1546606123447418,-0.06289706379175186,-0.9859635829925537,0,-0.9979714155197144,0.0636630728840828,-0.9879676699638367,0.009846169501543045,0.1543468683958054],"rotationconfidence":0.5},"15":{"id":15,"position":[491.2852346897125,-405.0759077072144,2640.047788619995],"positionconfidence":1,"rotation":[-0.1546606123447418,-0.06289706379175186,-0.9859635829925537,0,-0.9979714155197144,0.0636630728840828,-0.9879676699638367,0.009846169501543045,0.1543468683958054],"rotationconfidence":1},"17":{"id":17,"position":[276.3654291629791,-514.8904919624329,2853.088140487671],"positionconfidence":1,"rotation":[0.9442299008369446,-0.2273436039686203,-0.2382116913795471,0.3085040748119354,0.8636959195137024,0.398565798997879,0.1151310652494431,-0.4498269855976105,0.8856638669967651],"rotationconfidence":1},"18":{"id":18,"position":[168.0518686771393,-818.1279301643372,2713.154554367065],"positionconfidence":1,"rotation":[0.9289002418518066,-0.3703299462795258,0,0.3577785193920136,0.897417426109314,0.2581402361392975,-0.09559705853462219,-0.2397865206003189,0.9661073684692383],"rotationconfidence":1},"19":{"id":19,"position":[76.51673257350922,-1047.725915908814,2647.111177444458],"positionconfidence":1,"rotation":[0.4450121223926544,-0.8955245018005371,0,0.842883288860321,0.4188531637191773,-0.3378013074398041,0.3025093674659729,0.1503256857395172,0.9412174224853516],"rotationconfidence":1},"20":{"id":20,"position":[48.54029044508934,-1061.628222465515,2560.066223144531],"positionconfidence":1,"rotation":[0.4450121223926544,-0.8955245018005371,0,0.842883288860321,0.4188531637191773,-0.3378013074398041,0.3025093674659729,0.1503256857395172,0.9412174224853516],"rotationconfidence":1},"21":{"id":21,"position":[423.5809147357941,-516.3926482200623,2833.188056945801],"positionconfidence":1,"rotation":[0.9792883992195129,0.1984784454107285,-0.04000511020421982,-0.164090022444725,0.8937587141990662,0.4174562990665436,0.1186110004782677,-0.4022457003593445,0.9078159332275391],"rotationconfidence":1},"22":{"id":22,"position":[479.5920252799988,-821.471631526947,2690.691947937012],"positionconfidence":1,"rotation":[0.9344691038131714,0.3531090617179871,0.04562271013855934,-0.3374902307987213,0.8376458287239075,0.4294760823249817,0.113436222076416,-0.4167293608188629,0.9019250273704529],"rotationconfidence":1},"23":{"id":23,"position":[585.5622887611389,-1084.488272666931,2555.838584899902],"positionconfidence":0.5,"rotation":[0.5379749536514282,0.8429608941078186,0,-0.8405163884162903,0.5364148616790771,-0.07610184699296951,-0.064150869846344,0.04094088450074196,0.9971001148223877],"rotationconfidence":0.5},"24":{"id":24,"position":[591.7133092880249,-1088.413834571838,2460.232973098755],"positionconfidence":0.5,"rotation":[0.5379749536514282,0.8429608941078186,0,-0.8405163884162903,0.5364148616790771,-0.07610184699296951,-0.064150869846344,0.04094088450074196,0.9971001148223877],"rotationconfidence":0.5}},"skeletonTracked":true,"frameCount":6},{"position":[343.3840870857239,-518.4880495071411,2742.57755279541],"positionTracked":true,"id":4425,"skeleton":{"1":{"id":1,"position":[394.8448896408081,91.01706743240356,3038.371324539185],"positionconfidence":1,"rotation":[0.998361349105835,-0.05722390487790108,0,0.05688261985778809,0.9924071431159973,0.1090531423687935,-0.006240446586161852,-0.1088744401931763,0.9940359592437744],"rotationconfidence":1},"2":{"id":2,"position":[384.2901885509491,-93.12634915113449,3018.136262893677],"positionconfidence":1,"rotation":[0.9923708438873291,-0.04423461109399796,-0.1150806844234467,0.05688261985778809,0.9924071431159973,0.1090531423687935,0.1093829497694969,-0.1147672384977341,0.9873519539833069],"rotationconfidence":1},"3":{"id":3,"position":[363.016813993454,-405.3907990455627,2937.910318374634],"positionconfidence":1,"rotation":[0.9922069311141968,-0.03702926635742188,-0.1189723089337349,0.06584012508392334,0.9664442539215088,0.2482956498861313,0.1057858839631081,-0.2541937828063965,0.9613505601882935],"rotationconfidence":1},"4":{"id":4,"position":[354.4289767742157,-442.2737956047058,2875.439405441284],"positionconfidence":1,"rotation":[0.9913457632064819,-0.008995923213660717,-0.1309684664011002,0.1175564751029015,0.5048809051513672,0.8551466464996338,0.05843063816428185,-0.863142192363739,0.5015690326690674],"rotationconfidence":1},"6":{"id":6,"position":[204.5264542102814,-196.5173035860062,3004.17971611023],"positionconfidence":1,"rotation":[0.3969615995883942,0.8523773550987244,0.340403139591217,0.5249970555305481,0.09334710985422134,-0.8459693789482117,-0.7528608441352844,0.5145280361175537,-0.4104404151439667],"rotationconfidence":1},"7":{"id":7,"position":[117.3714324831963,-383.6612701416016,2929.442405700684],"positionconfidence":1,"rotation":[-0.423570841550827,0.0985487774014473,0.900486409664154,0.5037739276885986,0.8517915606498718,0.143745556473732,-0.7528608441352844,0.5145280361175537,-0.4104404151439667],"rotationconfidence":1},"8":{"id":8,"position":[207.1359604597092,-404.5460522174835,2738.608360290527],"positionconfidence":1,"rotation":[0.1656559556722641,-0.4429534077644348,0.8811075091362,0,0.8