{"motiondata":[{"position":[124.1641119122505,-441.2383437156677,2442.570447921753],"positionTracked":true,"id":4156,"skeleton":{"1":{"id":1,"position":[184.6223175525665,164.3579304218292,2674.977540969849],"positionconfidence":1,"rotation":[0.9996492266654968,-0.0264864843338728,0,0.02647043578326702,0.9990435242652893,0.03480483219027519,-0.0009218576597049832,-0.03479262441396713,0.9993941783905029],"rotationconfidence":1},"2":{"id":2,"position":[179.6844303607941,-22.00711704790592,2668.484926223755],"positionconfidence":1,"rotation":[0.9996448159217834,-0.02656282857060432,0.002194757107645273,0.02647043578326702,0.9990435242652893,0.03480483219027519,-0.003117172513157129,-0.03473437204957008,0.9993917942047119],"rotationconfidence":1},"3":{"id":3,"position":[155.7517051696777,-364.9469316005707,2617.106199264526],"positionconfidence":1,"rotation":[0.9976117610931396,-0.06890664249658585,-0.004763389471918345,0.06885290145874023,0.9866156578063965,0.1478132754564285,-0.005485681816935539,-0.1477882415056229,0.9890038371086121],"rotationconfidence":1},"4":{"id":4,"position":[151.270717382431,-415.20094871521,2553.795099258423],"positionconfidence":1,"rotation":[0.9984488487243652,-0.0391300693154335,-0.03960748761892319,0.05535104125738144,0.6207587122917175,0.782045304775238,-0.006014794111251831,-0.7830245494842529,0.6219617128372192],"rotationconfidence":1},"6":{"id":6,"position":[-9.773928672075272,-131.6426247358322,2640.995502471924],"positionconfidence":1,"rotation":[0.4667695760726929,0.8795695304870605,0.09210606664419174,0.3102162480354309,-0.06530953198671341,-0.9484199285507202,-0.8281859159469604,0.4712664186954498,-0.303341269493103],"rotationconfidence":1},"7":{"id":7,"position":[-120.7196637988091,-340.7061398029327,2619.102954864502],"positionconfidence":1,"rotation":[-0.216954916715622,0.2294664978981018,0.9488286375999451,0.5167577266693115,0.8516178727149963,-0.08779735863208771,-0.8281859159469604,0.4712664186954498,-0.303341269493103],"rotationconfidence":1},"8":{"id":8,"position":[-72.41436839103699,-391.7971551418304,2407.84502029419],"positionconfidence":1,"rotation":[-0.6237698793411255,-0.7768206596374512,0.08637570589780807,0,0.1105102598667145,0.9938749670982361,-0.781607985496521,0.6199492812156677,-0.06893297284841537],"rotationconfidence":1},"9":{"id":9,"position":[-60.67712232470512,-377.1800100803375,2406.219720840454],"positionconfidence":1,"rotation":[-0.6237698793411255,-0.7768206596374512,0.08637570589780807,0,0.1105102598667145,0.9938749670982361,-0.781607985496521,0.6199492812156677,-0.06893297284841537],"rotationconfidence":1},"12":{"id":12,"position":[359.1598570346832,-139.4526809453964,2641.87479019165],"positionconfidence":1,"rotation":[0.3629146218299866,-0.9113450050354004,-0.1942763328552246,-0.4786279499530792,-0.003428204450756311,-0.8780112266540527,0.7995051145553589,0.4116291701793671,-0.4374393224716187],"rotationconfidence":1},"13":{"id":13,"position":[447.5879371166229,-361.511766910553,2594.537258148193],"positionconfidence":1,"rotation":[-0.4240009784698486,-0.1290874034166336,-0.8964148759841919,-0.4254584312438965,0.9021629691123962,0.07132513076066971,0.7995051145553589,0.4116291701793671,-0.4374393224716187],"rotationconfidence":1},"14":{"id":14,"position":[354.4056117534638,-389.8811936378479,2397.532939910889],"positionconfidence":1,"rotation":[-0.3697688281536102,0.6747410297393799,-0.6387452483177185,0,-0.6874706149101257,-0.726212203502655,-0.9291237592697144,-0.2685306370258331,0.254205197095871],"rotationconfidence":1},"15":{"id":15,"position":[338.9008343219757,-361.5886270999908,2370.749711990356],"positionconfidence":1,"rotation":[-0.3697688281536102,0.6747410297393799,-0.6387452483177185,0,-0.6874706149101257,-0.726212203502655,-0.9291237592697144,-0.2685306370258331,0.254205197095871],"rotationconfidence":1},"17":{"id":17,"position":[62.60408461093903,-490.9587204456329,2531.560897827148],"positionconfidence":1,"rotation":[0.8814798593521118,-0.4456942677497864,-0.1560450047254562,0.4714063405990601,0.8499363660812378,0.2353387326002121,0.02773920446634293,-0.281006932258606,0.9593048095703125],"rotationconfidence":1},"18":{"id":18,"position":[-85.56324988603592,-758.1015229225159,2457.591772079468],"positionconfidence":1,"rotation":[0.8866116404533386,-0.4625147581100464,0,0.4219833016395569,0.8089153170585632,0.4093728065490723,-0.1893409639596939,-0.362954705953598,0.9123672246932983],"rotationconfidence":1},"19":{"id":19,"position":[-237.0937764644623,-1048.5759973526,2310.589551925659],"positionconfidence":0.5,"rotation":[0.3565025925636292,-0.9342942237854004,0,0.9197289347648621,0.350944846868515,-0.1758867502212524,0.164330005645752,0.06270409375429153,0.9844104051589966],"rotationconfidence":0.5},"20":{"id":20,"position":[-252.9316246509552,-1054.619312286377,2215.713739395142],"positionconfidence":0.5,"rotation":[0.3565025925636292,-0.9342942237854004,0,0.9197289347648621,0.350944846868515,-0.1758867502212524,0.164330005645752,0.06270409375429153,0.9844104051589966],"rotationconfidence":0.5},"21":{"id":21,"position":[227.9442548751831,-497.562974691391,2524.845361709595],"positionconfidence":1,"rotation":[0.9728147387504578,0.2211963832378388,0.0685817301273346,-0.2305207997560501,0.896562397480011,0.3782008290290833,0.02216885611414909,-0.3837288916110992,0.9231796264648438],"rotationconfidence":1},"22":{"id":22,"position":[307.7333569526672,-807.886004447937,2393.940448760986],"positionconfidence":1,"rotation":[0.8421863317489624,0.5025050640106201,0.1954759210348129,-0.5246756672859192,0.6802259087562561,0.5118671655654907,0.1242480576038361,-0.5336489677429199,0.8365291357040405],"rotationconfidence":1},"23":{"id":23,"position":[479.935497045517,-1031.140804290772,2225.942134857178],"positionconfidence":0.5,"rotation":[-0.1284473091363907,0.9917163848876953,0,-0.9691093564033508,-0.1255192458629608,-0.212302029132843,-0.2105433791875839,-0.02726962044835091,0.9772041440010071],"rotationconfidence":0.5},"24":{"id":24,"position":[500.2052783966065,-1028.515458106995,2131.863117218018],"positionconfidence":0.5,"rotation":[-0.1284473091363907,0.9917163848876953,0,-0.9691093564033508,-0.1255192458629608,-0.212302029132843,-0.2105433791875839,-0.02726962044835091,0.9772041440010071],"rotationconfidence":0.5}},"skeletonTracked":true,"frameCount":1},{"position":[122.8324919939041,-443.5498416423798,2440.674543380737],"positionTracked":true,"id":4156,"skeleton":{"1":{"id":1,"position":[184.7831904888153,164.1891598701477,2674.70383644104],"positionconfidence":1,"rotation":[0.9995924830436707,-0.02854347974061966,0,0.028526421636343,0.9989951252937317,0.03456800803542137,-0.0009866912150755525,-0.03455392271280289,0.9994022846221924],"rotationconfidence":1},"2":{"id":2,"position":[179.4628947973251,-22.12757244706154,2668.256759643555],"positionconfidence":1,"rotation":[0.9995868802070618,-0.0286300927400589,0.002507692202925682,0.028526421636343,0.9989951252937317,0.03456800803542137,-0.003494857577607036,-0.034482192248106,0.9993991851806641],"rotationconfidence":1},"3":{"id":3,"position":[155.6961983442307,-364.9647235870361,2617.125749588013],"positionconfidence":1,"rotation":[0.9976400136947632,-0.0685308501124382,-0.004218287765979767,0.06840461492538452,0.9867439270019531,0.1471637934446335,-0.005922889802604914,-0.1471050381660461,0.9891030788421631],"rotationconfidence":1},"4":{"id":4,"position":[151.2504518032074,-415.2241349220276,2553.825616836548],"positionconfidence":1,"rotation":[0.9984694719314575,-0.03927162662148476,-0.03894420713186264,0.05492059141397476,0.6208803057670593,0.7819790840148926,-0.006529900245368481,-0.7829211354255676,0.6220868825912476],"rotationconfidence":1},"6":{"id":6,"position":[-9.88329853862524,-131.6058337688446,2640.801906585693],"positionconfidence":1,"rotation":[0.468159407377243,0.8784408569335938,0.09575142711400986,0.3216618001461029,-0.06848932057619095,-0.9443742036819458,-0.8230190277099609,0.4729173183441162,-0.3146248161792755],"rotationconfidence":1},"7":{"id":7,"position":[-121.3398352265358,-340.7396674156189,2618.005990982056],"positionconfidence":1,"rotation":[-0.2223739326000214,0.2414279878139496,0.9445964097976685,0.5226752161979675,0.8473851680755615,-0.09353534132242203,-0.8230190277099609,0.4729173183441162,-0.3146248161792755],"rotationconfidence":1},"8":{"id":8,"position":[-71.74041122198105,-394.5890069007874,2407.318353652954],"positionconfidence":1,"rotation":[-0.541182816028595,-0.838966965675354,0.05705713480710983,0,0.06785207241773605,0.9976954460144043,-0.840904951095581,0.5399356484413147,-0.03672037646174431],"rotationconfidence":1},"9":{"id":9,"position":[-60.61666831374168,-377.3444592952728,2406.145572662354],"positionconfidence":1,"rotation":[-0.541182816028595,-0.838966965675354,0.05705713480710983,0,0.06785207241773605,0.9976954460144043,-0.840904951095581,0.5399356484413147,-0.03672037646174431],"rotationconfidence":1},"12":{"id":12,"position":[359.1525554656982,-139.6544575691223,2641.814708709717],"positionconfidence":1,"rotation":[0.3618647158145905,-0.9116666316986084,-0.1947247534990311,-0.4793443977832794,-0.002811370650306344,-0.8776223063468933,0.7995516657829285,0.4109208285808563,-0.4380196928977966],"rotationconfidence":1},"13":{"id":13,"position":[447.2874701023102,-361.6978228092194,2594.388008117676],"positionconfidence":1,"rotation":[-0.4254617393016815,-0.1272307336330414,-0.8959880471229553,-0.4239097237586975,0.9027493596076965,0.07310354709625244,0.7995516657829285,0.4109208285808563,-0.4380196928977966],"rotationconfidence":1},"14":{"id":14,"position":[353.6991477012634,-389.6846175193787,2397.298574447632],"positionconfidence":1,"rotation":[-0.3579586744308472,0.680450975894928,-0.6394155025482178,0,-0.6847914457321167,-0.7287390232086182,-0.9337374567985535,-0.2608584463596344,0.2451270371675491],"rotationconfidence":1},"15":{"id":15,"position":[338.8764262199402,-361.5078032016754,2370.820999145508],"positionconfidence":1,"rotation":[-0.3579586744308472,0.680450975894928,-0.6394155025482178,0,-0.6847914457321167,-0.7287390232086182,-0.9337374567985535,-0.2608584463596344,0.2451270371675491],"rotationconfidence":1},"17":{"id":17,"position":[62.60428577661514,-490.9783005714417,2531.567096710205],"positionconfidence":1,"rotation":[0.8820528388023376,-0.4448422789573669,-0.1552357524633408,0.470368355512619,0.8503952026367188,0.23575758934021,0.0271367859095335,-0.2809686362743378,0.9593331813812256],"rotationconfidence":1},"18":{"id":18,"position":[-85.16965061426163,-758.1439018249512,2457.499980926514],"positionconfidence":1,"rotation":[0.8857908844947815,-0.4640845358371735,0,0.4234564602375031,0.8082447648048401,0.4091760814189911,-0.1898922920227051,-0.3624444305896759,0.9124554395675659],"rotationconfidence":1},"19":{"id":19,"position":[-237.2176647186279,-1048.355579376221,2310.579538345337],"positionconfidence":0.5,"rotation":[0.3551967442035675,-0.9347916841506958,0,0.9201849699020386,0.3496465682983398,-0.1760881692171097,0.1646057218313217,0.06254593282938004,0.9843743443489075],"rotationconfidence":0.5},"20":{"id":20,"position":[-253.0782818794251,-1054.38220500946,2215.729951858521],"positionconfidence":0.5,"rotation":[0.3551967442035675,-0.9347916841506958,0,0.9201849699020386,0.3496465682983398,-0.1760881692171097,0.1646057218313217,0.06254593282938004,0.9843743443489075],"rotationconfidence":0.5},"21":{"id":21,"position":[227.9492765665054,-497.6190626621246,2524.945020675659],"positionconfidence":1,"rotation":[0.9729646444320679,0.2202679067850113,0.06944002211093903,-0.229955330491066,0.8959977030754089,0.3798797726631165,0.02145722322165966,-0.3855776786804199,0.9224258661270142],"rotationconfidence":1},"22":{"id":22,"position":[308.0979585647583,-809.9102973937988,2392.541646957398],"positionconfidence":1,"rotation":[0.839326024055481,0.5069344639778137,0.1963400095701218,-0.528986394405365,0.67833411693573,0.5099374055862427,0.1253207176923752,-0.5318649411201477,0.8375049233436584],"rotationconfidence":1},"23":{"id":23,"position":[480.4759323596954,-1030.95543384552,2226.371049880981],"positionconfidence":0.5,"rotation":[-0.1230652704834938,0.9923985600471497,0,-0.9693641066551208,-0.120208814740181,-0.2142029851675034,-0.2125747352838516,-0.02636094950139523,0.976789116859436],"rotationconfidence":0.5},"24":{"id":24,"position":[500.921905040741,-1028.419971466065,2132.421016693115],"positionconfidence":0.5,"rotation":[-0.1230652704834938,0.9923985600471497,0,-0.9693641066551208,-0.120208814740181,-0.2142029851675034,-0.2125747352838516,-0.02636094950139523,0.976789116859436],"rotationconfidence":0.5}},"skeletonTracked":true,"frameCount":2},{"position":[122.6165369153023,-442.8071081638336,2441.079139709473],"positionTracked":true,"id":4156,"skeleton":{"1":{"id":1,"position":[184.9511116743088,164.0256345272064,2674.432516098023],"positionconfidence":1,"rotation":[0.9995320439338684,-0.03059013746678829,0,0.03057200275361538,0.9989395141601562,0.03442766144871712,-0.001053146901540458,-0.03441154956817627,0.9994072318077087],"rotationconfidence":1},"2":{"id":2,"position":[179.2499870061874,-22.25849032402039,2668.012380599976],"positionconfidence":1,"rotation":[0.9995246529579163,-0.03069158457219601,0.002950172405689955,0.03057200275361538,0.9989395141601562,0.03442766144871712,-0.004003683105111122,-0.03432109951972961,0.9994028806686401],"rotationconfidence":1},"3":{"id":3,"position":[155.6330323219299,-364.9905920028687,2617.131233215332],"positionconfidence":1,"rotation":[0.9976640939712524,-0.06821862608194351,-0.003558781696483493,0.0680031031370163,0.9868692755699158,0.146508127450943,-0.006482530385255814,-0.1464079022407532,0.9892030954360962],"rotationconfidence":1},"4":{"id":4,"position":[151.227280497551,-415.2537286281586,2553.844451904297],"positionconfidence":1,"rotation":[0.9984925389289856,-0.03939333558082581,-0.03822406008839607,0.05443345755338669,0.6210055351257324,0.7819138169288635,-0.007064839359372854,-0.78281569480896,0.6222136616706848],"rotationconfidence":1},"6":{"id":6,"position":[-9.992163628339767,-131.5812766551971,2640.562534332275],"positionconfidence":1,"rotation":[0.4688623249530792,0.8775831460952759,0.1000791192054749,0.3295782506465912,-0.06869980692863464,-0.9416253566741943,-0.81947922706604,0.4744766354560852,-0.321443110704422],"rotationconfidence":1},"7":{"id":7,"position":[-121.8679919838905,-340.9824967384338,2616.682529449463],"positionconfidence":1,"rotation":[-0.2263802886009216,0.2472762912511826,0.9421286582946777,0.526503324508667,0.8448232412338257,-0.09522562474012375,-0.81947922706604,0.4744766354560852,-0.321443110704422],"rotationconfidence":1},"8":{"id":8,"position":[-71.35877758264542,-396.1539566516876,2406.477928161621],"positionconfidence":1,"rotation":[-0.5005002021789551,-0.8655441403388977,0.01824705488979816,0,0.02107691392302513,0.9997777938842773,-0.8657364249229431,0.5003889799118042,-0.01054899953305721],"rotationconfidence":1},"9":{"id":9,"position":[-60.5749674141407,-377.5048851966858,2406.084775924683],"positionconfidence":1,"rotation":[-0.5005002021789551,-0.8655441403388977,0.01824705488979816,0,0.02107691392302513,0.9997777938842773,-0.8657364249229431,0.5003889799118042,-0.01054899953305721],"rotationconfidence":1},"12":{"id":12,"position":[359.1480255126953,-139.8536860942841,2641.757249832153],"positionconfidence":1,"rotation":[0.360095351934433,-0.9121670722961426,-0.1956595778465271,-0.4812225103378296,-0.00194207695312798,-0.8765964508056641,0.7992223501205444,0.4098140299320221,-0.4396546185016632],"rotationconfidence":1},"13":{"id":13,"position":[446.8318223953247,-361.9678318500519,2594.113826751709],"positionconfidence":1,"rotation":[-0.4269168376922607,-0.12782022356987,-0.8952117562294006,-0.4230670928955078,0.9031692147254944,0.07279972732067108,0.7992223501205444,0.4098140299320221,-0.4396546185016632],"rotationconfidence":1},"14":{"id":14,"position":[352.7828752994537,-390.1263773441315,2396.900415420532],"positionconfidence":1,"rotation":[-0.3384433686733246,0.6969975829124451,-0.6321790814399719,0,-0.6718257665634155,-0.7407092452049255,-0.9409867525100708,-0.2506881356239319,0.2273749709129334],"rotationconfidence":1},"15":{"id":15,"position":[338.8561010360718,-361.445277929306,2370.886564254761],"positionconfidence":1,"rotation":[-0.3384433686733246,0.6969975829124451,-0.6321790814399719,0,-0.6718257665634155,-0.7407092452049255,-0.9409867525100708,-0.2506881356239319,0.2273749709129334],"rotationconfidence":1},"17":{"id":17,"position":[62.60126084089279,-491.0015463829041,2531.561136245728],"positionconfidence":1,"rotation":[0.8826062679290771,-0.4440158307552338,-0.154455304145813,0.469362199306488,0.8508424758911133,0.2361490577459335,0.02656320109963417,-0.2809220850467682,0.9593629837036133],"rotationconfidence":1},"18":{"id":18,"position":[-84.79219675064087,-758.1909894943237,2457.403421401978],"positionconfidence":1,"rotation":[0.884929895401001,-0.4657243192195892,0,0.4249715805053711,0.8074949979782104,0.4090853929519653,-0.1905210167169571,-0.3620118796825409,0.9124960899353027],"rotationconfidence":1},"19":{"id":19,"position":[-237.3700141906738,-1048.10643196106,2310.529232025147],"positionconfidence":0.5,"rotation":[0.3537834286689758,-0.935327410697937,0,0.9206904768943787,0.3482470512390137,-0.1762193143367767,0.1648227423429489,0.06234347447752953,0.9843509793281555],"rotationconfidence":0.5},"20":{"id":20,"position":[-253.2476484775543,-1054.112076759338,2215.705156326294],"positionconfidence":0.5,"rotation":[0.3537834286689758,-0.935327410697937,0,0.9206904768943787,0.3482470512390137,-0.1762193143367767,0.1648227423429489,0.06234347447752953,0.9843509793281555],"rotationconfidence":0.5},"21":{"id":21,"position":[227.9479801654816,-497.6892471313477,2525.024652481079],"positionconfidence":1,"rotation":[0.9730970859527588,0.2194325774908066,0.07022209465503693,-0.229455754160881,0.895527184009552,0.3812887072563171,0.02078136801719666,-0.3871438205242157,0.9217849969863892],"rotationconfidence":1},"22":{"id":22,"position":[308.37482213974,-811.5816712379456,2391.37864112854],"positionconfidence":1,"rotation":[0.8368334174156189,0.5107476711273193,0.197095513343811,-0.5327416062355042,0.6768203973770142,0.5080357193946838,0.126079797744751,-0.5301422476768494,0.8384824395179749],"rotationconfidence":1},"23":{"id":23,"position":[480.971485376358,-1030.856728553772,2226.786136627197],"positionconfidence":0.5,"rotation":[-0.1168011054396629,0.9931553602218628,0,-0.9697012901306152,-0.114042766392231,-0.2160409539937973,-0.2145622223615646,-0.02523382194340229,0.9763842821121216],"rotationconfidence":0.5},"24":{"id":24,"position":[501.5897750854492,-1028.43189239502,2132.960796356201],"positionconfidence":0.5,"rotation":[-0.1168011054396629,0.9931553602218628,0,-0.9697012901306152,-0.114042766392231,-0.2160409539937973,-0.2145622223615646,-0.02523382194340229,0.9763842821121216],"rotationconfidence":0.5}},"skeletonTracked":true,"frameCount":3},{"position":[125.7175505161285,-439.8824870586395,2442.234754562378],"positionTracked":true,"id":4156,"skeleton":{"1":{"id":1,"position":[185.1404756307602,163.874626159668,2674.155950546265],"positionconfidence":1,"rotation":[0.9994641542434692,-0.03273064270615578,0,0.03271139785647392,0.9988765120506287,0.03428852185606957,-0.001122285379096866,-0.03427014872431755,0.999411940574646],"rotationconfidence":1},"2":{"id":2,"position":[179.0413409471512,-22.36878871917725,2667.762756347656],"positionconfidence":1,"rotation":[0.9994529485702515,-0.03285929188132286,0.003758504986763001,0.03271139785647392,0.9988765120506287,0.03428852185606957,-0.004880978725850582,-0.03414681553840637,0.9994049072265625],"rotationconfidence":1},"3":{"id":3,"position":[155.5438488721848,-365.0153577327728,2617.118120193481],"positionconfidence":1,"rotation":[0.9976793527603149,-0.06804132461547852,-0.002543910406529903,0.06768389791250229,0.9869842529296875,0.1458805203437805,-0.007415104191750288,-0.1457141488790512,0.989298939704895],"rotationconfidence":1},"4":{"id":4,"position":[151.2005180120468,-415.2790606021881,2553.851366043091],"positionconfidence":1,"rotation":[0.9985293745994568,-0.03936963528394699,-0.03727201744914055,0.05367462337017059,0.621155858039856,0.781846821308136,-0.007629291620105505,-0.7826975584030151,0.6223555207252502],"rotationconfidence":1},"6":{"id":6,"position":[-10.11814083904028,-131.5247714519501,2640.255689620972],"positionconfidence":1,"rotation":[0.469398707151413,0.8765910863876343,0.1060797497630119,0.3364309370517731,-0.06647718697786331,-0.9393587708473206,-0.8163816332817078,0.4766223132610321,-0.326116681098938],"rotationconfidence":1},"7":{"id":7,"position":[-122.4305704236031,-341.2655889987946,2614.874124526978],"positionconfidence":1,"rotation":[-0.2297183275222778,0.2500925660133362,0.9405760169029236,0.5298588871955872,0.8427839875221252,-0.09468209743499756,-0.8163816332817078,0.4766223132610321,-0.326116681098938],"rotationconfidence":1},"8":{"id":8,"position":[-71.26002758741379,-396.9745635986328,2405.357599258423],"positionconfidence":1,"rotation":[-0.4877234995365143,-0.872528076171875,-0.02864742465317249,0,-0.03281498700380325,0.9994614720344543,-0.8729982376098633,0.4874608516693115,0.01600464060902596],"rotationconfidence":1},"9":{"id":9,"position":[-60.4993924498558,-377.7239918708801,2405.989646911621],"positionconfidence":1,"rotation":[-0.4877234995365143,-0.872528076171875,-0.02864742465317249,0,-0.03281498700380325,0.9994614720344543,-0.8729982376098633,0.4874608516693115,0.01600464060902596],"rotationconfidence":1},"12":{"id":12,"position":[359.1703176498413,-140.0497257709503,2641.767978668213],"positionconfidence":1,"rotation":[0.3560560047626495,-0.913425087928772,-0.1971766650676727,-0.480443686246872,0.002040283754467964,-0.8770231604576111,0.8014973402023315,0.4070016741752625,-0.4381228983402252],"rotationconfidence":1},"13":{"id":13,"position":[445.9047913551331,-362.5580966472626,2593.736171722412],"positionconfidence":1,"rotation":[-0.4258062541484833,-0.1259841769933701,-0.8960005044937134,-0.4198702573776245,0.9046974778175354,0.0723278746008873,0.8014973402023315,0.4070016741752625,-0.4381228983402252],"rotationconfidence":1},"14":{"id":14,"position":[352.0916402339935,-390.3147876262665,2396.3303565979],"positionconfidence":1,"rotation":[-0.3253426253795624,0.7114679217338562,-0.6228690147399902,0,-0.6587049961090088,-0.7524013519287109,-0.9455963373184204,-0.2447882294654846,0.2143048197031021],"rotationconfidence":1},"15":{"id":15,"position":[338.866114616394,-361.3928556442261,2371.010065078735],"positionconfidence":1,"rotation":[-0.3253426253795624,0.7114679217338562,-0.6228690147399902,0,-0.6587049961090088,-0.7524013519287109,-0.9455963373184204,-0.2447882294654846,0.2143048197031021],"rotationconfidence":1},"17":{"id":17,"position":[62.58831918239594,-491.0235106945038,2531.527757644653],"positionconfidence":1,"rotation":[0.8830174207687378,-0.4434433877468109,-0.1537473797798157,0.4686239659786224,0.8511129021644592,0.2366397529840469,0.02592003159224987,-0.2810067534446716,0.9593557715415955],"rotationconfidence":1},"18":{"id":18,"position":[-84.53682065010071,-758.2315802574158,2457.234382629395],"positionconfidence":1,"rotation":[0.8844110369682312,-0.4667088091373444,0,0.4259310960769653,0.8071374893188477,0.408793181180954,-0.1907873749732971,-0.361541211605072,0.912627100944519],"rotationconfidence":1},"19":{"id":19,"position":[-237.4293357133865,-1047.962188720703,2310.49370765686],"positionconfidence":0.5,"rotation":[0.3546962738037109,-0.9349815249443054,0,0.920350968837738,0.3491460084915161,-0.1762127727270126,0.1647557020187378,0.06250201910734177,0.9843520522117615],"rotationconfidence":0.5},"20":{"id":20,"position":[-253.2967031002045,-1053.98166179657,2215.692281723023],"positionconfidence":0.5,"rotation":[0.3546962738037109,-0.9349815249443054,0,0.920350968837738,0.3491460084915161,-0.1762127727270126,0.1647557020187378,0.06250201910734177,0.9843520522117615],"rotationconfidence":0.5},"21":{"id":21,"position":[227.9419153928757,-497.7555572986603,2525.088310241699],"positionconfidence":1,"rotation":[0.9726223945617676,0.2206573337316513,0.07291096448898315,-0.2315391749143601,0.8932855129241943,0.3852668702602387,0.01988165453076363,-0.3916009366512299,0.9199203252792358],"rotationconfidence":1},"22":{"id":22,"position":[310.0420534610748,-814.5005106925964,2388.478755950928],"positionconfidence":1,"rotation":[0.835701048374176,0.5135239362716675,0.1946712732315064,-0.5346935987472534,0.6799246072769165,0.5018020272254944,0.1253255605697632,-0.5234459638595581,0.8427916765213013],"rotationconfidence":1},"23":{"id":23,"position":[481.0453653335571,-1031.950950622559,2227.994680404663],"positionconfidence":0.5,"rotation":[-0.07908876985311508,0.9968675374984741,0,-0.973007321357727,-0.07719576358795166,-0.2174801081418991,-0.2167988717556,-0.01720023527741432,0.9760648012161255],"rotationconfidence":0.5},"24":{"id":24,"position":[501.8107891082764,-1030.303478240967,2134.505271911621],"positionconfidence":0.5,"rotation":[-0.07908876985311508,0.9968675374984741,0,-0.973007321357727,-0.07719576358795166,-0.2174801081418991,-0.2167988717556,-0.01720023527741432,0.9760648012161255],"rotationconfidence":0.5}},"skeletonTracked":true,"frameCount":4},{"position":[123.0322793126106,-439.359724521637,2443.541288375855],"positionTracked":true,"id":4156,"skeleton":{"1":{"id":1,"position":[185.4231804609299,164.1828417778015,2674.04055595398],"positionconfidence":1,"rotation":[0.9993771314620972,-0.0352899357676506,0,0.03526861965656281,0.9987735748291016,0.03474797680974007,-0.00122625392396003,-0.034726332873106,0.9993960857391357],"rotationconfidence":1},"2":{"id":2,"position":[178.8337677717209,-22.42300845682621,2667.548418045044],"positionconfidence":1,"rotation":[0.9993493556976318,-0.03550906851887703,0.00632693013176322,0.03526861965656281,0.9987735748291016,0.03474797680974007,-0.007553039118647575,-0.03450222685933113,0.999376118183136],"rotationconfidence":1},"3":{"id":3,"position":[155.3785055875778,-364.921510219574,2617.118120193481],"positionconfidence":1,"rotation":[0.9976609349250793,-0.0683559849858284,0.0002265629300381988,0.06759733706712723,0.9870700836181641,0.1453385502099991,-0.01015839353203774,-0.1449832767248154,0.9893819093704224],"rotationconfidence":1},"4":{"id":4,"position":[151.1612236499786,-415.2105450630188,2553.876638412476],"positionconfidence":1,"rotation":[0.9986014366149902,-0.03938132897019386,-0.03527644276618958,0.05212379992008209,0.621550977230072,0.7816376686096191,-0.00885582435876131,-0.7823832631111145,0.6227344274520874],"rotationconfidence":1},"6":{"id":6,"position":[-10.33610198646784,-131.3178539276123,2639.846324920654],"positionconfidence":1,"rotation":[0.4697959423065186,0.8754817843437195,0.1132405623793602,0.3464058935642242,-0.0648384541273117,-0.9358413815498352,-0.8119697570800781,0.4788816571235657,-0.3337329030036926],"rotationconfidence":1},"7":{"id":7,"position":[-123.0063363909721,-341.2829339504242,2612.688064575195],"positionconfidence":1,"rotation":[-0.2349277585744858,0.2552838325500488,0.9378907084465027,0.5343352556228638,0.8399420380592346,-0.09478015452623367,-0.8119697570800781,0.4788816571235657,-0.3337329030036926],"rotationconfidence":1},"8":{"id":8,"position":[-70.78879326581955,-398.0250358581543,2404.22248840332],"positionconfidence":1,"rotation":[-0.4604084193706513,-0.8848562836647034,-0.07108863443136215,0,-0.08008116483688354,0.9967883825302124,-0.8877073526382446,0.4589297771453857,0.03687004372477531],"rotationconfidence":1},"9":{"id":9,"position":[-60.37982925772667,-378.0201077461243,2405.829668045044],"positionconfidence":1,"rotation":[-0.4604084193706513,-0.8848562836647034,-0.07108863443136215,0,-0.08008116483688354,0.9967883825302124,-0.8877073526382446,0.4589297771453857,0.03687004372477531],"rotationconfidence":1},"12":{"id":12,"position":[359.4231903553009,-140.2623504400253,2642.332077026367],"positionconfidence":1,"rotation":[0.3518550097942352,-0.9143769145011902,-0.2002823948860169,-0.4821148216724396,0.006375799886882305,-0.8760849833488464,0.8023487329483032,0.4048139452934265,-0.4385912418365479],"rotationconfidence":1},"13":{"id":13,"position":[445.1417624950409,-363.0219697952271,2593.539476394653],"positionconfidence":1,"rotation":[-0.4257563054561615,-0.126805305480957,-0.8959084749221802,-0.4182919263839722,0.90556401014328,0.07061001658439636,0.8023487329483032,0.4048139452934265,-0.4385912418365479],"rotationconfidence":1},"14":{"id":14,"position":[351.2687981128693,-390.9806609153748,2396.004915237427],"positionconfidence":1,"rotation":[-0.3032863736152649,0.7339949011802673,-0.6076749563217163,0,-0.6377115249633789,-0.7702752947807312,-0.9528994560241699,-0.2336139976978302,0.1934092193841934],"rotationconfidence":1},"15":{"id":15,"position":[339.0664160251617,-361.4492118358612,2371.555805206299],"positionconfidence":1,"rotation":[-0.3032863736152649,0.7339949011802673,-0.6076749563217163,0,-0.6377115249633789,-0.7702752947807312,-0.9528994560241699,-0.2336139976978302,0.1934092193841934],"rotationconfidence":1},"17":{"id":17,"position":[62.56294250488281,-490.9659922122955,2531.432628631592],"positionconfidence":1,"rotation":[0.8835754990577698,-0.442948579788208,-0.1519564092159271,0.4676578640937805,0.8514738082885742,0.2372516840696335,0.0242966040968895,-0.2806934118270874,0.9594898819923401],"rotationconfidence":1},"18":{"id":18,"position":[-84.25663411617279,-758.283257484436,2456.948280334473],"positionconfidence":1,"rotation":[0.8838261961936951,-0.4678153097629547,0,0.427051305770874,0.8068123459815979,0.4082658588886261,-0.1909930258989334,-0.3608360588550568,0.91286301612854],"rotationconfidence":1},"19":{"id":19,"position":[-237.4784201383591,-1047.759532928467,2310.466527938843],"positionconfidence":0.5,"rotation":[0.3575929999351502,-0.9338775277137756,0,0.9193016290664673,0.3520117104053497,-0.1759892702102661,0.1643524318933487,0.06293252855539322,0.9843920469284058],"rotationconfidence":0.5},"20":{"id":20,"position":[-253.3029615879059,-1053.818941116333,2215.685129165649],"positionconfidence":0.5,"rotation":[0.3575929999351502,-0.9338775277137756,0,0.9193016290664673,0.3520117104053497,-0.1759892702102661,0.1643524318933487,0.06293252855539322,0.9843920469284058],"rotationconfidence":0.5},"21":{"id":21,"position":[227.939784526825,-497.750997543335,2525.259971618652],"positionconfidence":1,"rotation":[0.976618766784668,0.2064719349145889,0.05987557023763657,-0.21406190097332,0.9082838892936707,0.3594411313533783,0.0198304895311594,-0.3638540208339691,0.9312448501586914],"rotationconfidence":1},"22":{"id":22,"position":[297.8762686252594,-794.4977879524231,2407.82642364502],"positionconfidence":1,"rotation":[0.8377047181129456,0.5042330622673035,0.2097614407539368,-0.5315886735916138,0.6648398041725159,0.524787187576294,0.1251572966575623,-0.5511234998703003,0.8249840140342712],"rotationconfidence":1},"23":{"id":23,"position":[482.4627339839935,-1025.353789329529,2225.601673126221],"positionconfidence":0.5,"rotation":[-0.1746219098567963,0.984635591506958,0,-0.9596280455589294,-0.1701869070529938,-0.2239429950714111,-0.2205022275447846,-0.03910535201430321,0.974602222442627],"rotationconfidence":0.5},"24":{"id":24,"position":[503.6539435386658,-1021.595597267151,2131.938219070435],"positionconfidence":0.5,"rotation":[-0.1746219098567963,0.984635591506958,0,-0.9596280455589294,-0.1701869070529938,-0.2239429950714111,-0.2205022275447846,-0.03910535201430321,0.974602222442627],"rotationconfidence":0.5}},"skeletonTracked":true,"frameCount":5},{"position":[122.3328486084938,-441.3233399391174,2445.279359817505],"positionTracked":true,"id":4156,"skeleton":{"1":{"id":1,"position":[185.5522841215134,164.2597764730454,2673.946142196655],"positionconfidence":1,"rotation":[0.9993085861206055,-0.03717885166406632,0,0.03715577349066734,0.998688280582428,0.03522874414920807,-0.001309764222241938,-0.03520438820123673,0.9993791580200195],"rotationconfidence":1},"2":{"id":2,"position":[178.6044389009476,-22.48728275299072,2667.358636856079],"positionconfidence":1,"rotation":[0.9992611408233643,-0.03747758269309998,0.00851867813616991,0.03715577349066734,0.998688280582428,0.03522874414920807,-0.009827792644500732,-0.0348861962556839,0.9993429780006409],"rotationconfidence":1},"3":{"id":3,"position":[155.2135795354843,-364.8502230644226,2617.122888565064],"positionconfidence":1,"rotation":[0.9976445436477661,-0.0685446560382843,0.002615401521325111,0.06744407117366791,0.9871526956558228,0.1448473185300827,-0.01251031178981066,-0.1443297564983368,0.9894505143165588],"rotationconfidence":1},"4":{"id":4,"position":[151.1221826076508,-415.1664674282074,2553.901672363281],"positionconfidence":1,"rotation":[0.9986692070960999,-0.03942146152257919,-0.03325485438108444,0.05057128518819809,0.6219286918640137,0.7814392447471619,-0.01012332923710346,-0.7820810079574585,0.6230946183204651],"rotationconfidence":1},"6":{"id":6,"position":[-10.64344309270382,-131.0785710811615,2639.431715011597],"positionconfidence":1,"rotation":[0.4693804681301117,0.8747026920318604,0.1207362562417984,0.3626204431056976,-0.06627770513296127,-0.9295772314071655,-0.8051015138626099,0.4801067709922791,-0.3482945263385773],"rotationconfidence":1},"7":{"id":7,"position":[-123.5152706503868,-341.4181470870972,2610.398292541504],"positionconfidence":1,"rotation":[-0.2428363263607025,0.2689352631568909,0.9320431351661682,0.5411489009857178,0.8349679112434387,-0.09993281960487366,-0.8051015138626099,0.4801067709922791,-0.3482945263385773],"rotationconfidence":1},"8":{"id":8,"position":[-69.51705366373062,-401.2198448181152,2403.144836425781],"positionconfidence":1,"rotation":[-0.385081022977829,-0.9201064705848694,-0.0715305432677269,0,-0.07750772684812546,0.996991753578186,-0.9228827357292175,0.3839226067066193,0.02984675392508507],"rotationconfidence":1},"9":{"id":9,"position":[-59.82780456542969,-378.0685067176819,2404.944658279419],"positionconfidence":1,"rotation":[-0.385081022977829,-0.9201064705848694,-0.0715305432677269,0,-0.07750772684812546,0.996991753578186,-0.9228827357292175,0.3839226067066193,0.02984675392508507],"rotationconfidence":1},"12":{"id":12,"position":[359.4094514846802,-140.4481381177902,2642.743825912476],"positionconfidence":1,"rotation":[0.3441822826862335,-0.917338490486145,-0.2000716328620911,-0.4811874032020569,0.01063646469265223,-0.8765531182289124,0.80622398853302,0.3979659974575043,-0.4377508461475372],"rotationconfidence":1},"13":{"id":13,"position":[443.338930606842,-364.1428053379059,2593.955993652344],"positionconfidence":1,"rotation":[-0.4180790185928345,-0.140270322561264,-0.8975154757499695,-0.4185841083526611,0.9066129326820374,0.0532919354736805,0.80622398853302,0.3979659974575043,-0.4377508461475372],"rotationconfidence":1},"14":{"id":14,"position":[351.0697484016419,-395.1001763343811,2395.876169204712],"positionconfidence":1,"rotation":[-0.2731693983078003,0.7929263710975647,-0.5446522831916809,0,-0.5661867260932922,-0.8242770433425903,-0.9619659185409546,-0.2251672595739365,0.1546648889780045],"rotationconfidence":1},"15":{"id":15,"position":[339.5134508609772,-361.555814743042,2372.834920883179],"positionconfidence":1,"rotation":[-0.2731693983078003,0.7929263710975647,-0.5446522831916809,0,-0.5661867260932922,-0.8242770433425903,-0.9619659185409546,-0.2251672595739365,0.1546648889780045],"rotationconfidence":1},"17":{"id":17,"position":[62.53694742918015,-490.9296631813049,2531.348705291748],"positionconfidence":1,"rotation":[0.884202778339386,-0.4423715770244598,-0.1499755531549454,0.4665578603744507,0.851918637752533,0.2378199696540833,0.02256217785179615,-0.2802533805370331,0.9596608281135559],"rotationconfidence":1},"18":{"id":18,"position":[-83.90720933675766,-758.3316564559937,2456.701278686523],"positionconfidence":1,"rotation":[0.8830274939537048,-0.4693214297294617,0,0.4284536242485046,0.806134819984436,0.4081348776817322,-0.1915464401245117,-0.3603943288326263,0.912921667098999],"rotationconfidence":1},"19":{"id":19,"position":[-237.5683486461639,-1047.444820404053,2310.327291488648],"positionconfidence":0.5,"rotation":[0.3599849939346314,-0.9329580664634705,0,0.9184810519218445,0.3543989658355713,-0.1754818558692932,0.1637172251939774,0.06317084282636642,0.9844826459884644],"rotationconfidence":0.5},"20":{"id":20,"position":[-253.3254027366638,-1053.524732589722,2215.575218200684],"positionconfidence":0.5,"rotation":[0.3599849939346314,-0.9329580664634705,0,0.9184810519218445,0.3543989658355713,-0.1754818558692932,0.1637172251939774,0.06317084282636642,0.9844826459884644],"rotationconfidence":0.5},"21":{"id":21,"position":[227.9286235570908,-497.7569878101349,2525.466442108154],"positionconfidence":1,"rotation":[0.9747806787490845,0.2125679105520248,0.06795292347669601,-0.2224838733673096,0.9018813371658325,0.3702848553657532,0.01742520742118359,-0.3760649859905243,0.9264295101165771],"rotationconfidence":1},"22":{"id":22,"position":[303.3358156681061,-803.4346103668213,2399.964570999146],"positionconfidence":1,"rotation":[0.8342252969741821,0.5101236701011658,0.2093846797943115,-0.5374631285667419,0.6673039793968201,0.5155954957008362,0.1232942342758179,-0.542659342288971,0.8308545351028442],"rotationconfidence":1},"23":{"id":23,"position":[482.778787612915,-1026.227593421936,2227.822542190552],"positionconfidence":0.5,"rotation":[-0.1309463381767273,0.9913895130157471,0,-0.9652592539787292,-0.1274949610233307,-0.2280784845352173,-0.2261145859956741,-0.02986603602766991,0.9736427664756775],"rotationconfidence":0.5},"24":{"id":24,"position":[504.3943524360657,-1023.372530937195,2134.746551513672],"positionconfidence":0.5,"rotation":[-0.1309463381767273,0.9913895130157471,0,-0.9652592539787292,-0.1274949610233307,-0.2280784845352173,-0.2261145859956741,-0.02986603602766991,0.9736427664756775],"rotationconfidence":0.5}},"skeletonTracked":true,"frameCount":6},{"position":[119.2844659090042,-438.7144446372986,2445.030689239502],"positionTracked":true,"id":4156,"skeleton":{"1":{"id":1,"position":[185.6705695390701,164.2790287733078,2673.835754394531],"positionconfidence":1,"rotation":[0.9992440938949585,-0.03887518122792244,0,0.03885026276111603,0.9986035823822021,0.03579781204462051,-0.001391646452248097,-0.03577075153589249,0.9993590712547302],"rotationconfidence":1},"2":{"id":2,"position":[178.4025877714157,-22.5365124642849,2667.138814926148],"positionconfidence":1,"rotation":[0.9991425275802612,-0.03933457285165787,0.01292525604367256,0.03885026276111603,0.9986035823822021,0.03579781204462051,-0.01431529968976975,-0.03526496887207031,0.9992755055427551],"rotationconfidence":1},"3":{"id":3,"position":[154.980480670929,-364.7328615188599,2617.128372192383],"positionconfidence":1,"rotation":[0.9975672364234924,-0.0693349689245224,0.007219417486339808,0.06757214665412903,0.9872272610664368,0.1442787796258926,-0.0171307697892189,-0.1434399485588074,0.9895106554031372],"rotationconfidence":1},"4":{"id":4,"position":[151.0746777057648,-415.0970280170441,2553.932428359985],"positionconfidence":1,"rotation":[0.9987627863883972,-0.03942904248833656,-0.03030510991811752,0.04827673360705376,0.6225140690803528,0.7811181545257568,-0.01193338353186846,-0.7816147804260254,0.6236473917961121],"rotationconfidence":1},"6":{"id":6,"position":[-11.03931572288275,-130.6813806295395,2638.844966888428],"positionconfidence":1,"rotation":[0.4697578549385071,0.8738523721694946,0.1253379881381989,0.3717862069606781,-0.06705928593873978,-0.9258931279182434,-0.8006888031959534,0.4815444648265839,-0.3563878834247589],"rotationconfidence":1},"7":{"id":7,"position":[-124.0990087389946,-340.9971296787262,2608.679056167603],"positionconfidence":1,"rotation":[-0.2470821589231491,0.2764953076839447,0.9287092089653015,0.5457543730735779,0.8316641449928284,-0.1024056524038315,-0.8006888031959534,0.48154