{"motiondata":[{"position":[157.4046462774277,-386.9295120239258,2311.237812042236],"positionTracked":true,"id":4573,"skeleton":{"1":{"id":1,"position":[207.2378695011139,229.472279548645,2498.03614616394],"positionconfidence":1,"rotation":[0.9998041987419128,-0.01978705637156963,0,0.01968572288751602,0.9946839213371277,0.1010767892003059,-0.002000012202188373,-0.1010570004582405,0.9948787093162537],"rotationconfidence":1},"2":{"id":2,"position":[203.2196670770645,26.43978968262672,2477.404594421387],"positionconfidence":1,"rotation":[0.9994583129882812,-0.0222449041903019,0.02425471320748329,0.01968572288751602,0.9946839213371277,0.1010767892003059,-0.0263742133975029,-0.1005445495247841,0.9945828914642334],"rotationconfidence":1},"3":{"id":3,"position":[180.3261339664459,-309.0605735778809,2482.91540145874],"positionconfidence":1,"rotation":[0.9973454475402832,-0.06761176884174347,0.02703574858605862,0.06806953996419907,0.9975460767745972,-0.01638532988727093,-0.02586156129837036,0.01818214170634747,0.9995002150535583],"rotationconfidence":1},"4":{"id":4,"position":[177.1453022956848,-367.4285113811493,2430.454969406128],"positionconfidence":1,"rotation":[0.9929268956184387,-0.1045981049537659,0.05617267265915871,0.04049787297844887,0.7431318759918213,0.6679183840751648,-0.1116066947579384,-0.660919189453125,0.7421116232872009],"rotationconfidence":1},"6":{"id":6,"position":[27.20890566706657,-88.26357126235962,2478.733062744141],"positionconfidence":1,"rotation":[0.3236809074878693,0.8366847634315491,-0.4418023526668549,0.1180847212672234,-0.4990108013153076,-0.858512818813324,-0.9387686848640442,0.2257140874862671,-0.2603199481964111],"rotationconfidence":1},"7":{"id":7,"position":[-55.15581369400024,-301.1686503887177,2591.155290603638],"positionconfidence":1,"rotation":[-0.1644770503044128,0.3703172206878662,0.9142277240753174,0.3027550280094147,0.9010649919509888,-0.310517430305481,-0.9387686848640442,0.2257140874862671,-0.2603199481964111],"rotationconfidence":1},"8":{"id":8,"position":[-13.44617735594511,-395.0771689414978,2359.316825866699],"positionconfidence":1,"rotation":[0.1506944745779038,0.7275596261024475,0.6692893505096436,0,0.6770205497741699,-0.7359640002250671,-0.9885803461074829,0.1109057068824768,0.102023258805275],"rotationconfidence":1},"9":{"id":9,"position":[-24.52890947461128,-448.5850930213928,2310.094356536865],"positionconfidence":0.5,"rotation":[0.1506944745779038,0.7275596261024475,0.6692893505096436,0,0.6770205497741699,-0.7359640002250671,-0.9885803461074829,0.1109057068824768,0.102023258805275],"rotationconfidence":0.5},"12":{"id":12,"position":[371.3067770004273,-90.11951088905334,2487.670183181763],"positionconfidence":1,"rotation":[0.2239549309015274,-0.9319511651992798,0.2851513028144836,-0.2940849661827087,-0.3435660004615784,-0.8918948173522949,0.9291706681251526,0.1158855333924294,-0.351016104221344],"rotationconfidence":1},"13":{"id":13,"position":[425.4765808582306,-315.5381381511688,2556.642055511475],"positionconfidence":1,"rotation":[-0.2944539785385132,-0.3420282602310181,-0.8923640251159668,-0.2234695106744766,0.9325165748596191,-0.2836796641349793,0.9291706681251526,0.1158855333924294,-0.351016104221344],"rotationconfidence":1},"14":{"id":14,"position":[352.706640958786,-400.0653624534607,2336.107492446899],"positionconfidence":1,"rotation":[-0.3525941669940949,-0.3146684467792511,-0.8812837600708008,0,-0.9417675137519836,0.336264580488205,-0.9357762932777405,0.1185649260878563,0.3320617377758026],"rotationconfidence":1},"15":{"id":15,"position":[326.3721466064453,-423.5672652721405,2270.286321640015],"positionconfidence":0.5,"rotation":[-0.3525941669940949,-0.3146684467792511,-0.8812837600708008,0,-0.9417675137519836,0.336264580488205,-0.9357762932777405,0.1185649260878563,0.3320617377758026],"rotationconfidence":0.5},"17":{"id":17,"position":[94.24170106649399,-440.1843547821045,2410.12978553772],"positionconfidence":1,"rotation":[0.8643946647644043,-0.5017800331115723,-0.0322302058339119,0.4893954992294312,0.8248867988586426,0.2829378247261047,-0.1153862699866295,-0.2603432536125183,0.9585966467857361],"rotationconfidence":1},"18":{"id":18,"position":[-72.62857258319855,-721.4478254318237,2313.655853271484],"positionconfidence":1,"rotation":[0.7689216732978821,-0.6393429040908813,0,0.5441030263900757,0.6543790698051453,0.5251094698905945,-0.3357250094413757,-0.4037680625915527,0.8510346412658691],"rotationconfidence":1},"19":{"id":19,"position":[-274.033784866333,-963.6728167533875,2119.28129196167],"positionconfidence":0.5,"rotation":[0.1767164319753647,-0.9842618107795715,0,0.9640930891036987,0.1730952858924866,-0.2014017701148987,0.1982320696115494,0.0355910025537014,0.9795087575912476],"rotationconfidence":0.5},"20":{"id":20,"position":[-297.2691655158997,-967.844545841217,2004.470109939575],"positionconfidence":0.5,"rotation":[0.1767164319753647,-0.9842618107795715,0,0.9640930891036987,0.1730952858924866,-0.2014017701148987,0.1982320696115494,0.0355910025537014,0.9795087575912476],"rotationconfidence":0.5},"21":{"id":21,"position":[249.7720569372177,-447.7273225784302,2426.802396774292],"positionconfidence":1,"rotation":[0.9124786853790283,0.2851966917514801,0.2933347821235657,-0.392291247844696,0.8134551644325256,0.4294161200523377,-0.1161466464400291,-0.506905734539032,0.8541406989097595],"rotationconfidence":1},"22":{"id":22,"position":[384.1336965560913,-726.3396382331848,2279.725313186646],"positionconfidence":1,"rotation":[0.926166296005249,0.3700922727584839,0.07244034111499786,-0.2862561643123627,0.5648779273033142,0.773931622505188,0.2455061674118042,-0.7375258803367615,0.6291120648384094],"rotationconfidence":1},"23":{"id":23,"position":[492.2653734683991,-939.7191405296326,1987.376928329468],"positionconfidence":0.5,"rotation":[-0.9027621746063232,0.4301399886608124,0,-0.4280517995357513,-0.8983795642852783,-0.09841637313365936,-0.04233282059431076,-0.0888465866446495,0.995145320892334],"rotationconfidence":0.5},"24":{"id":24,"position":[497.2841441631317,-929.1859269142151,1869.397401809692],"positionconfidence":0.5,"rotation":[-0.9027621746063232,0.4301399886608124,0,-0.4280517995357513,-0.8983795642852783,-0.09841637313365936,-0.04233282059431076,-0.0888465866446495,0.995145320892334],"rotationconfidence":0.5}},"skeletonTracked":true,"frameCount":1},{"position":[156.5433144569397,-385.9754204750061,2310.03737449646],"positionTracked":true,"id":4573,"skeleton":{"1":{"id":1,"position":[207.2593867778778,229.517325758934,2497.891664505005],"positionconfidence":1,"rotation":[0.9998123049736023,-0.01937096565961838,0,0.0192707534879446,0.9946399331092834,0.1015875041484833,-0.001967848045751452,-0.1015684381127358,0.9948265552520752],"rotationconfidence":1},"2":{"id":2,"position":[203.3271640539169,26.55972540378571,2477.162599563599],"positionconfidence":1,"rotation":[0.9993385076522827,-0.02229631319642067,0.02873186208307743,0.0192707534879446,0.9946399331092834,0.1015875041484833,-0.03084288537502289,-0.1009666174650192,0.9944116473197937],"rotationconfidence":1},"3":{"id":3,"position":[180.3410798311234,-308.6508810520172,2482.165336608887],"positionconfidence":1,"rotation":[0.9971984028816223,-0.06791198253631592,0.03135671094059944,0.06840383261442184,0.9975466132164001,-0.01488754618912935,-0.03026873990893364,0.01699075661599636,0.999397337436676],"rotationconfidence":1},"4":{"id":4,"position":[177.2738099098206,-366.899847984314,2429.582834243774],"positionconfidence":1,"rotation":[0.9926125407218933,-0.1058295294642448,0.059332475066185,0.03905759379267693,0.7417229413986206,0.6695681214332581,-0.1148683503270149,-0.6623044013977051,0.7403770089149475],"rotationconfidence":1},"6":{"id":6,"position":[26.96450985968113,-87.8794863820076,2476.978302001953],"positionconfidence":1,"rotation":[0.3285831212997437,0.8360794186592102,-0.4393224716186523,0.1217173412442207,-0.4987566769123077,-0.8581531047821045,-0.9365992546081543,0.228501483798027,-0.2656484246253967],"rotationconfidence":1},"7":{"id":7,"position":[-56.57734721899033,-300.4516363143921,2588.675498962402],"positionconfidence":1,"rotation":[-0.1701519787311554,0.3661591112613678,0.9148638248443604,0.3063173294067383,0.902061402797699,-0.3040643632411957,-0.9365992546081543,0.228501483798027,-0.2656484246253967],"rotationconfidence":1},"8":{"id":8,"position":[-12.91523594409227,-394.4104611873627,2353.915452957153],"positionconfidence":1,"rotation":[0.1572055220603943,0.7455735206604004,0.6476159691810608,0,0.6557698845863342,-0.7549607753753662,-0.987565815448761,0.1186840012669563,0.1030906438827515],"rotationconfidence":1},"9":{"id":9,"position":[-24.31445196270943,-448.4731554985046,2306.955814361572],"positionconfidence":0.5,"rotation":[0.1572055220603943,0.7455735206604004,0.6476159691810608,0,0.6557698845863342,-0.7549607753753662,-0.987565815448761,0.1186840012669563,0.1030906438827515],"rotationconfidence":0.5},"12":{"id":12,"position":[371.3316023349762,-89.99801427125931,2487.444162368774],"positionconfidence":1,"rotation":[0.221090093255043,-0.933417022228241,0.2825807332992554,-0.292366623878479,-0.3398607969284058,-0.8938772082328796,0.9303982853889465,0.1150102242827416,-0.348039835691452],"rotationconfidence":1},"13":{"id":13,"position":[424.8300790786743,-315.8624470233917,2555.821895599365],"positionconfidence":1,"rotation":[-0.2926871180534363,-0.338505893945694,-0.8942862749099731,-0.2206656038761139,0.9339091777801514,-0.2812832891941071,0.9303982853889465,0.1150102242827416,-0.348039835691452],"rotationconfidence":1},"14":{"id":14,"position":[352.4084985256195,-399.6212780475617,2334.542512893677],"positionconfidence":1,"rotation":[-0.3533362448215485,-0.3208464980125427,-0.8787553906440735,0,-0.9393465518951416,0.3429692089557648,-0.9354963302612305,0.121183454990387,0.3319051861763001],"rotationconfidence":1},"15":{"id":15,"position":[326.2573778629303,-423.3677685260773,2269.504070281982],"positionconfidence":0.5,"rotation":[-0.3533362448215485,-0.3208464980125427,-0.8787553906440735,0,-0.9393465518951416,0.3429692089557648,-0.9354963302612305,0.121183454990387,0.3319051861763001],"rotationconfidence":0.5},"17":{"id":17,"position":[94.25950795412064,-439.6226704120636,2408.802032470703],"positionconfidence":1,"rotation":[0.8646206259727478,-0.5017433166503906,-0.02616874687373638,0.4881283640861511,0.8265402913093567,0.2802888751029968,-0.1190035492181778,-0.255117267370224,0.95955890417099],"rotationconfidence":1},"18":{"id":18,"position":[-72.3266676068306,-721.7004895210266,2313.146352767944],"positionconfidence":1,"rotation":[0.7659646272659302,-0.6428828239440918,0,0.5461220145225525,0.6506786942481995,0.5276058316230774,-0.3391887247562408,-0.4041274189949036,0.8494893312454224],"rotationconfidence":1},"19":{"id":19,"position":[-274.8183608055115,-962.9598259925842,2117.520093917847],"positionconfidence":0.5,"rotation":[0.1338234394788742,-0.9910051822662354,0,0.9713869094848633,0.1311742216348648,-0.1979915499687195,0.196210652589798,0.0264959093183279,0.9802036881446838],"rotationconfidence":0.5},"20":{"id":20,"position":[-297.8898882865906,-966.0753607749939,2002.262353897095],"positionconfidence":0.5,"rotation":[0.1338234394788742,-0.9910051822662354,0,0.9713869094848633,0.1311742216348648,-0.1979915499687195,0.196210652589798,0.0264959093183279,0.9802036881446838],"rotationconfidence":0.5},"21":{"id":21,"position":[249.9685734510422,-447.3326802253723,2426.063060760498],"positionconfidence":1,"rotation":[0.9120696783065796,0.2838750779628754,0.295877993106842,-0.3921594619750977,0.8146525025367737,0.4272612631320953,-0.1197489276528359,-0.5057234168052673,0.8543441891670227],"rotationconfidence":1},"22":{"id":22,"position":[384.3447268009186,-726.4789938926697,2279.659032821655],"positionconfidence":1,"rotation":[0.9262502789497375,0.3696348965167999,0.07369206100702286,-0.2869135141372681,0.5646893382072449,0.7738259434700012,0.2444199472665787,-0.7378997206687927,0.6290969252586365],"rotationconfidence":1},"23":{"id":23,"position":[492.7859306335449,-939.9077296257019,1987.185478210449],"positionconfidence":0.5,"rotation":[-0.9034731388092041,0.4286446869373322,0,-0.4264829754829407,-0.8989167809486389,-0.1003032550215721,-0.04299445822834969,-0.09062130004167557,0.9949568510055542],"rotationconfidence":0.5},"24":{"id":24,"position":[497.8815317153931,-929.1675090789795,1869.265556335449],"positionconfidence":0.5,"rotation":[-0.9034731388092041,0.4286446869373322,0,-0.4264829754829407,-0.8989167809486389,-0.1003032550215721,-0.04299445822834969,-0.09062130004167557,0.9949568510055542],"rotationconfidence":0.5}},"skeletonTracked":true,"frameCount":2},{"position":[155.2528887987137,-384.2788338661194,2309.37671661377],"positionTracked":true,"id":4573,"skeleton":{"1":{"id":1,"position":[207.2689682245255,229.5686304569244,2497.705936431885],"positionconfidence":1,"rotation":[0.9998180270195007,-0.01907404325902462,0,0.01897215843200684,0.9944775700569153,0.1032203063368797,-0.001968828495591879,-0.1032015234231949,0.9946584701538086],"rotationconfidence":1},"2":{"id":2,"position":[203.399270772934,26.72787196934223,2476.652383804321],"positionconfidence":1,"rotation":[0.9992037415504456,-0.02248353697359562,0.03296174854040146,0.01897215843200684,0.9944775700569153,0.1032203063368797,-0.03510047495365143,-0.1025127619504929,0.9941122531890869],"rotationconfidence":1},"3":{"id":3,"position":[180.2800744771957,-308.2537055015564,2481.348514556885],"positionconfidence":1,"rotation":[0.9970315098762512,-0.06831353902816772,0.03551652282476425,0.06884580105543137,0.9975293278694153,-0.01398443430662155,-0.03447344526648521,0.01638808473944664,0.9992712140083313],"rotationconfidence":1},"4":{"id":4,"position":[177.3214042186737,-366.4422929286957,2428.717136383057],"positionconfidence":1,"rotation":[0.9923508167266846,-0.1066666170954704,0.06214432045817375,0.03768249228596687,0.7411069273948669,0.670328676700592,-0.1175572797656059,-0.6628594398498535,0.7394575476646423],"rotationconfidence":1},"6":{"id":6,"position":[26.68127231299877,-87.5239148736,2475.14009475708],"positionconfidence":1,"rotation":[0.3335144221782684,0.838083803653717,-0.4317216873168945,0.1304207146167755,-0.4945544600486755,-0.8593056797981262,-0.9336801171302795,0.2302854061126709,-0.2742445468902588],"rotationconfidence":1},"7":{"id":7,"position":[-57.95327946543694,-300.2009093761444,2584.696292877197],"positionconfidence":1,"rotation":[-0.1785509884357452,0.3644718825817108,0.9139363765716553,0.3104206323623657,0.9022908806800842,-0.2991824746131897,-0.9336801171302795,0.2302854061126709,-0.2742445468902588],"rotationconfidence":1},"8":{"id":8,"position":[-12.00968958437443,-393.984466791153,2349.528074264526],"positionconfidence":1,"rotation":[0.1637310981750488,0.7554240226745605,0.6344500184059143,0,0.6431290507316589,-0.7657578587532043,-0.9865050911903381,0.1253783702850342,0.1053002253174782],"rotationconfidence":1},"9":{"id":9,"position":[-23.80537427961826,-448.4075009822846,2303.820371627808],"positionconfidence":0.5,"rotation":[0.1637310981750488,0.7554240226745605,0.6344500184059143,0,0.6431290507316589,-0.7657578587532043,-0.9865050911903381,0.1253783702850342,0.1053002253174782],"rotationconfidence":0.5},"12":{"id":12,"position":[371.2649047374725,-89.8585394024849,2487.066030502319],"positionconfidence":1,"rotation":[0.2195128947496414,-0.9339107871055603,0.2821787595748901,-0.2907366156578064,-0.3387117683887482,-0.8948445916175842,0.9312821626663208,0.1143902093172073,-0.34587362408638],"rotationconfidence":1},"13":{"id":13,"position":[424.4414567947388,-316.0965144634247,2555.423259735107],"positionconfidence":1,"rotation":[-0.2911863923072815,-0.3367946147918701,-0.89542156457901,-0.2189158350229263,0.9346038103103638,-0.2803419530391693,0.9312821626663208,0.1143902093172073,-0.34587362408638],"rotationconfidence":1},"14":{"id":14,"position":[352.3502945899963,-399.4792401790619,2333.737134933472],"positionconfidence":1,"rotation":[-0.3540344834327698,-0.3232305347919464,-0.8776000142097473,0,-0.9383763670921326,0.3456152081489563,-0.9352325201034546,0.1223597005009651,0.3322176039218903],"rotationconfidence":1},"15":{"id":15,"position":[326.2524604797363,-423.3063459396362,2269.044399261475],"positionconfidence":0.5,"rotation":[-0.3540344834327698,-0.3232305347919464,-0.8776000142097473,0,-0.9383763670921326,0.3456152081489563,-0.9352325201034546,0.1223597005009651,0.3322176039218903],"rotationconfidence":0.5},"17":{"id":17,"position":[94.22268718481064,-439.1540586948395,2407.612562179565],"positionconfidence":1,"rotation":[0.8648926019668579,-0.5015175342559814,-0.02099578268826008,0.486910879611969,0.8280692100524902,0.2778830826282501,-0.121977299451828,-0.2505621314048767,0.9603854417800903],"rotationconfidence":1},"18":{"id":18,"position":[-72.07443565130234,-721.9687104225159,2312.705755233765],"positionconfidence":1,"rotation":[0.7630500197410583,-0.6463394165039062,0,0.5475945472717285,0.6464746594429016,0.5312350988388062,-0.343358188867569,-0.4053589403629303,0.8472244143486023],"rotationconfidence":1},"19":{"id":19,"position":[-275.497704744339,-962.1244668960571,2115.359783172607],"positionconfidence":0.5,"rotation":[0.08817946165800095,-0.9961046576499939,0,0.977258563041687,0.08651112765073776,-0.1936017423868179,0.1928475797176361,0.01707169599831104,0.9810802340507507],"rotationconfidence":0.5},"20":{"id":20,"position":[-298.2510030269623,-964.1386866569519,1999.606132507324],"positionconfidence":0.5,"rotation":[0.08817946165800095,-0.9961046576499939,0,0.977258563041687,0.08651112765073776,-0.1936017423868179,0.1928475797176361,0.01707169599831104,0.9810802340507507],"rotationconfidence":0.5},"21":{"id":21,"position":[250.0637471675873,-446.993499994278,2425.360441207886],"positionconfidence":1,"rotation":[0.9115996360778809,0.283126026391983,0.2980363368988037,-0.3923373222351074,0.8156474828720093,0.4251948595046997,-0.1227088421583176,-0.5045382380485535,0.8546248078346252],"rotationconfidence":1},"22":{"id":22,"position":[384.5657110214233,-726.6156077384949,2279.59418296814],"positionconfidence":1,"rotation":[0.9263925552368164,0.369115948677063,0.07450100034475327,-0.2872115969657898,0.5646648406982422,0.7737332582473755,0.2435291856527329,-0.7381782531738281,0.6291157007217407],"rotationconfidence":1},"23":{"id":23,"position":[493.1678473949432,-940.1299953460693,1987.025618553162],"positionconfidence":0.5,"rotation":[-0.9052079916000366,0.4249687790870667,0,-0.4227596819400787,-0.9005025029182434,-0.1018304899334908,-0.04327478259801865,-0.09217777848243713,0.9948017597198486],"rotationconfidence":0.5},"24":{"id":24,"position":[498.294323682785,-929.2103052139282,1869.178056716919],"positionconfidence":0.5,"rotation":[-0.9052079916000366,0.4249687790870667,0,-0.4227596819400787,-0.9005025029182434,-0.1018304899334908,-0.04327478259801865,-0.09217777848243713,0.9948017597198486],"rotationconfidence":0.5}},"skeletonTracked":true,"frameCount":3},{"position":[155.5638164281845,-386.7968022823334,2308.75825881958],"positionTracked":true,"id":4573,"skeleton":{"1":{"id":1,"position":[207.2711437940598,229.5802980661392,2497.320175170898],"positionconfidence":1,"rotation":[0.9998168349266052,-0.01914179138839245,0,0.01903514377772808,0.9942464828491211,0.1054118722677231,-0.002017772058025003,-0.1053925678133965,0.9944287538528442],"rotationconfidence":1},"2":{"id":2,"position":[203.3915221691132,26.93932875990868,2475.835800170898],"positionconfidence":1,"rotation":[0.9989974498748779,-0.02318640798330307,0.03829686343669891,0.01903514377772808,0.9942464828491211,0.1054118722677231,-0.04052064195275307,-0.1045771986246109,0.9936909675598145],"rotationconfidence":1},"3":{"id":3,"position":[180.0971180200577,-307.8595101833344,2480.395555496216],"positionconfidence":1,"rotation":[0.9967940449714661,-0.06879793852567673,0.04084717109799385,0.06940310448408127,0.9974961876869202,-0.01358528807759285,-0.03981025889515877,0.01637665368616581,0.9990730285644531],"rotationconfidence":1},"4":{"id":4,"position":[177.278608083725,-366.0370409488678,2427.788496017456],"positionconfidence":1,"rotation":[0.9920745491981506,-0.1072530001401901,0.06545781344175339,0.03591093048453331,0.7412460446357727,0.6702720522880554,-0.1204090416431427,-0.6626092791557312,0.7392229437828064],"rotationconfidence":1},"6":{"id":6,"position":[26.30401775240898,-87.04376965761185,2472.616672515869],"positionconfidence":1,"rotation":[0.3369462192058563,0.8392015099525452,-0.4268583059310913,0.1369138807058334,-0.4922233521938324,-0.8596341013908386,-0.9315159320831299,0.2312076389789581,-0.2807511389255524],"rotationconfidence":1},"7":{"id":7,"position":[-59.1982901096344,-299.9966442584992,2580.934762954712],"positionconfidence":1,"rotation":[-0.1844285428524017,0.3650367558002472,0.9125427007675171,0.3134713172912598,0.9018265604972839,-0.2973962724208832,-0.9315159320831299,0.2312076389789581,-0.2807511389255524],"rotationconfidence":1},"8":{"id":8,"position":[-11.9075495749712,-393.5985267162323,2346.942663192749],"positionconfidence":1,"rotation":[0.1646921634674072,0.7585839033126831,0.630418062210083,0,0.6391456127166748,-0.769085705280304,-0.9863449931144714,0.1266623884439468,0.1052622720599175],"rotationconfidence":1},"9":{"id":9,"position":[-23.77479709684849,-448.2599198818207,2301.516532897949],"positionconfidence":0.5,"rotation":[0.1646921634674072,0.7585839033126831,0.630418062210083,0,0.6391456127166748,-0.769085705280304,-0.9863449931144714,0.1266623884439468,0.1052622720599175],"rotationconfidence":0.5},"12":{"id":12,"position":[371.001124382019,-89.68134224414825,2486.395120620728],"positionconfidence":1,"rotation":[0.218814492225647,-0.9337027668952942,0.2834066450595856,-0.2886577248573303,-0.3393860161304474,-0.8952618837356567,0.9320927858352661,0.1140887662768364,-0.3437831103801727],"rotationconfidence":1},"13":{"id":13,"position":[424.1039156913757,-316.2761330604553,2555.173397064209],"positionconfidence":1,"rotation":[-0.2896867692470551,-0.3349775075912476,-0.8965888619422913,-0.2174503207206726,0.935293436050415,-0.279180109500885,0.9320927858352661,0.1140887662768364,-0.3437831103801727],"rotationconfidence":1},"14":{"id":14,"position":[352.3261845111847,-399.2758691310883,2333.019256591797],"positionconfidence":1,"rotation":[-0.3545567691326141,-0.325300395488739,-0.8766237497329712,0,-0.9375309348106384,0.3479020297527313,-0.9350345730781555,0.1233510226011276,0.3324079513549805],"rotationconfidence":1},"15":{"id":15,"position":[326.2628614902496,-423.1885671615601,2268.579006195068],"positionconfidence":0.5,"rotation":[-0.3545567691326141,-0.325300395488739,-0.8766237497329712,0,-0.9375309348106384,0.3479020297527313,-0.9350345730781555,0.1233510226011276,0.3324079513549805],"rotationconfidence":0.5},"17":{"id":17,"position":[94.11537647247314,-438.7311637401581,2406.40926361084],"positionconfidence":1,"rotation":[0.8651819825172424,-0.5012168288230896,-0.01554810907691717,0.4855963587760925,0.82967609167099,0.2753795087337494,-0.1251249313354492,-0.2458034753799439,0.961209774017334],"rotationconfidence":1},"18":{"id":18,"position":[-71.84857130050659,-722.292423248291,2312.291860580444],"positionconfidence":1,"rotation":[0.7596310377120972,-0.6503542065620422,0,0.5489163994789124,0.6411490440368652,0.5363010168075562,-0.3487856090068817,-0.4073908925056458,0.8440268039703369],"rotationconfidence":1},"19":{"id":19,"position":[-276.2181758880615,-961.0015749931335,2112.619161605835],"positionconfidence":0.5,"rotation":[0.03097417578101158,-0.9995201826095581,0,0.9817047715187073,0.03042209334671497,-0.187963679432869,0.1878734976053238,0.005822020582854748,0.9821760654449463],"rotationconfidence":0.5},"20":{"id":20,"position":[-298.4739542007446,-961.6912603378296,1996.269106864929],"positionconfidence":0.5,"rotation":[0.03097417578101158,-0.9995201826095581,0,0.9817047715187073,0.03042209334671497,-0.187963679432869,0.1878734976053238,0.005822020582854748,0.9821760654449463],"rotationconfidence":0.5},"21":{"id":21,"position":[250.0666081905365,-446.6941952705383,2424.673795700073],"positionconfidence":1,"rotation":[0.9109984636306763,0.282474011182785,0.3004832863807678,-0.3927484750747681,0.816511869430542,0.4231511950492859,-0.1258189529180527,-0.5035044550895691,0.8547823429107666],"rotationconfidence":1},"22":{"id":22,"position":[384.7800195217133,-726.7591953277588,2279.532194137573],"positionconfidence":1,"rotation":[0.9265224933624268,0.3686665296554565,0.0751061663031578,-0.2874306440353394,0.5647664666175842,0.7735776901245117,0.2427747547626495,-0.7383249402046204,0.6292349100112915],"rotationconfidence":1},"23":{"id":23,"position":[493.5151338577271,-940.4105544090271,1986.887454986572],"positionconfidence":0.5,"rotation":[-0.908094584941864,0.4187652468681335,0,-0.4165225028991699,-0.9032312035560608,-0.1033564731478691,-0.04328209534287453,-0.09385744482278824,0.9946444034576416],"rotationconfidence":0.5},"24":{"id":24,"position":[498.6406266689301,-929.2958974838257,1869.101047515869],"positionconfidence":0.5,"rotation":[-0.908094584941864,0.4187652468681335,0,-0.4165225028991699,-0.9032312035560608,-0.1033564731478691,-0.04328209534287453,-0.09385744482278824,0.9946444034576416],"rotationconfidence":0.5}},"skeletonTracked":true,"frameCount":4},{"position":[154.7387093305588,-386.7088258266449,2305.981397628784],"positionTracked":true,"id":4573,"skeleton":{"1":{"id":1,"position":[207.1513384580612,229.6917736530304,2494.506120681763],"positionconfidence":1,"rotation":[0.9998146891593933,-0.01925297640264034,0,0.01914803870022297,0.9943652153015137,0.1042652577161789,-0.002007416449487209,-0.1042459383606911,0.9945496320724487],"rotationconfidence":1},"2":{"id":2,"position":[203.248918056488,27.03752741217613,2473.256587982178],"positionconfidence":1,"rotation":[0.9987003207206726,-0.02394909225404263,0.04499094560742378,0.01914803870022297,0.9943652153015137,0.1042652577161789,-0.04723448678851128,-0.1032682508230209,0.993531346321106],"rotationconfidence":1},"3":{"id":3,"position":[179.8106878995895,-307.4039816856384,2478.995323181152],"positionconfidence":1,"rotation":[0.9964712262153625,-0.06901469826698303,0.04777030646800995,0.06989999115467072,0.9974071979522705,-0.01711466908454895,-0.04646528139710426,0.02039341814815998,0.9987116456031799],"rotationconfidence":1},"4":{"id":4,"position":[177.1772503852844,-365.6502068042755,2426.573753356934],"positionconfidence":1,"rotation":[0.9918304085731506,-0.1071456298232079,0.06922541558742523,0.03358697891235352,0.7428749203681946,0.6685870289802551,-0.1230620220303536,-0.6607999801635742,0.7404047250747681],"rotationconfidence":1},"6":{"id":6,"position":[25.66640637814999,-86.66305243968964,2468.729972839356],"positionconfidence":1,"rotation":[0.3375180959701538,0.8380554914474487,-0.4286544620990753,0.1409250944852829,-0.4952309727668762,-0.8572551608085632,-0.9307102560997009,0.2289309203624725,-0.2852524220943451],"rotationconfidence":1},"7":{"id":7,"position":[-60.15341356396675,-299.7531592845917,2577.722787857056],"positionconfidence":1,"rotation":[-0.1892612874507904,0.3659309148788452,0.9111940860748291,0.3129831850528717,0.9020448923110962,-0.2972478866577148,-0.9307102560997009,0.2289309203624725,-0.2852524220943451],"rotationconfidence":1},"8":{"id":8,"position":[-11.76305208355188,-393.3144509792328,2344.748497009277],"positionconfidence":1,"rotation":[0.1651118248701096,0.7590441107749939,0.6297540664672852,0,0.6385177969932556,-0.7696070671081543,-0.9862748980522156,0.1270712316036224,0.1054268404841423],"rotationconfidence":1},"9":{"id":9,"position":[-23.68808723986149,-448.135644197464,2299.265146255493],"positionconfidence":0.5,"rotation":[0.1651118248701096,0.7590441107749939,0.6297540664672852,0,0.6385177969932556,-0.7696070671081543,-0.9862748980522156,0.1270712316036224,0.1054268404841423],"rotationconfidence":0.5},"12":{"id":12,"position":[370.5121576786041,-89.48259055614471,2484.83157157898],"positionconfidence":1,"rotation":[0.2177437394857407,-0.9331092834472656,0.2861725986003876,-0.2854973077774048,-0.3412772119045258,-0.8955563306808472,0.9333161115646362,0.1133002936840057,-0.3407111465930939],"rotationconfidence":1},"13":{"id":13,"position":[423.4881699085236,-316.5036141872406,2554.455995559692],"positionconfidence":1,"rotation":[-0.2874705493450165,-0.3327559530735016,-0.898128092288971,-0.2151318341493607,0.9361818432807922,-0.2779960036277771,0.9333161115646362,0.1133002936840057,-0.3407111465930939],"rotationconfidence":1},"14":{"id":14,"position":[352.119505405426,-399.1150259971619,2331.482887268066],"positionconfidence":1,"rotation":[-0.3553969860076904,-0.3280910551548004,-0.8752424716949463,0,-0.9363731741905212,0.3510063588619232,-0.9347156286239624,0.124746598303318,0.3327842056751251],"rotationconfidence":1},"15":{"id":15,"position":[326.1635601520538,-423.076719045639,2267.560720443726],"positionconfidence":0.5,"rotation":[-0.3553969860076904,-0.3280910551548004,-0.8752424716949463,0,-0.9363731741905212,0.3510063588619232,-0.9347156286239624,0.124746598303318,0.3327842056751251],"rotationconfidence":0.5},"17":{"id":17,"position":[93.94272416830063,-438.3910298347473,2405.081510543823],"positionconfidence":1,"rotation":[0.8655369877815247,-0.5007456541061401,-0.009965440258383751,0.4841791689395905,0.8314804434776306,0.2724163234233856,-0.1281252503395081,-0.2406115084886551,0.9621278643608093],"rotationconfidence":1},"18":{"id":18,"position":[-71.66767120361328,-722.7936387062073,2311.903238296509],"positionconfidence":1,"rotation":[0.7557787895202637,-0.6548271179199219,0,0.5502623319625854,0.6350936889648438,0.5420953035354614,-0.3549787104129791,-0.4097041189670563,0.8403170108795166],"rotationconfidence":1},"19":{"id":19,"position":[-277.0622372627258,-959.852933883667,2109.557151794434],"positionconfidence":0.5,"rotation":[-0.03271664306521416,-0.9994646906852722,0,0.9827616810798645,-0.0321698859333992,-0.1820564717054367,0.1819590032100678,-0.005956275854259729,0.983288049697876],"rotationconfidence":0.5},"20":{"id":20,"position":[-298.7105548381805,-959.1442942619324,1992.571830749512],"positionconfidence":0.5,"rotation":[-0.03271664306521416,-0.9994646906852722,0,0.9827616810798645,-0.0321698859333992,-0.1820564717054367,0.1819590032100678,-0.005956275854259729,0.983288049697876],"rotationconfidence":0.5},"21":{"id":21,"position":[250.0463426113129,-446.4198648929596,2423.861742019653],"positionconfidence":1,"rotation":[0.9102924466133118,0.2823323011398315,0.3027479350566864,-0.3934487998485565,0.8174490928649902,0.4206839203834534,-0.1287083625793457,-0.5020612478256226,0.8552010655403137],"rotationconfidence":1},"22":{"id":22,"position":[385.1040005683899,-727.0224690437317,2279.455184936523],"positionconfidence":1,"rotation":[0.9268552660942078,0.3678666949272156,0.07492334395647049,-0.2872692048549652,0.566474437713623,0.7723879814147949,0.2416936606168747,-0.7374150156974792,0.6307165622711182],"rotationconfidence":1},"23":{"id":23,"position":[493.8887357711792,-941.5382146835327,1986.962914466858],"positionconfidence":0.5,"rotation":[-0.9100657105445862,0.4144640266895294,0,-0.4122315049171448,-0.905163586139679,-0.103653572499752,-0.04296067729592323,-0.09433156251907349,0.9946134686470032],"rotationconfidence":0.5},"24":{"id":24,"position":[498.9755153656006,-930.3688406944275,1869.195222854614],"positionconfidence":0.5,"rotation":[-0.9100657105445862,0.4144640266895294,0,-0.4122315049171448,-0.905163586139679,-0.103653572499752,-0.04296067729592323,-0.09433156251907349,0.9946134686470032],"rotationconfidence":0.5}},"skeletonTracked":true,"frameCount":5},{"position":[151.5030562877655,-382.6484680175781,2301.841974258423],"positionTracked":true,"id":4573,"skeleton":{"1":{"id":1,"position":[206.8095952272415,229.5299172401428,2490.875482559204],"positionconfidence":1,"rotation":[0.9997822642326355,-0.02086695469915867,0,0.0207467582076788,0.9940233826637268,0.107177808880806,-0.002236474538221955,-0.1071544736623764,0.994239866733551],"rotationconfidence":1},"2":{"id":2,"position":[202.5873363018036,27.2320993244648,2469.06328201294],"positionconfidence":1,"rotation":[0.9984619617462158,-0.02611264586448669,0.04890687391161919,0.0207467582076788,0.9940233826637268,0.107177808880806,-0.05141327157616615,-0.1059983000159264,0.9930362701416016],"rotationconfidence":1},"3":{"id":3,"position":[179.208055138588,-307.0157170295715,2477.25510597229],"positionconfidence":1,"rotation":[0.9963017702102661,-0.06841319799423218,0.05198551714420319,0.06975462287664413,0.9972646832466125,-0.02444119565188885,-0.05017122253775597,0.02797703817486763,0.9983487725257874],"rotationconfidence":1},"4":{"id":4,"position":[176.7985969781876,-365.4261231422424,2425.166368484497],"positionconfidence":1,"rotation":[0.9917442798614502,-0.1056792661547661,0.07262995839118958,0.03077231533825398,0.7459865808486938,0.6652495861053467,-0.1244840696454048,-0.6575224995613098,0.7430800199508667],"rotationconfidence":1},"6":{"id":6,"position":[24.69096146523953,-86.03595197200775,2463.66286277771],"positionconfidence":1,"rotation":[0.3512444496154785,0.8321213722229004,-0.4291870594024658,0.1544380038976669,-0.5036066770553589,-0.850017249584198,-0.9234588146209717,0.2322809994220734,-0.305400162935257],"rotationconfidence":1},"7":{"id":7,"position":[-64.3158033490181,-296.8988716602325,2572.420597076416],"positionconfidence":1,"rotation":[-0.2040224522352219,0.3768374919891357,0.903531014919281,0.3249593079090118,0.8966821432113647,-0.3006033599376679,-0.9234588146209717,0.2322809994220734,-0.305400162935257],"rotationconfidence":1},"8":{"id":8,"position":[-12.57650554180145,-392.4633860588074,2343.288660049439],"positionconfidence":1,"rotation":[0.1607561260461807,0.7602119445800781,0.6294722557067871,0,0.6377668976783752,-0.7702293992042542,-0.9869941473007202,0.1238190978765488,0.1025249361991882],"rotationconfidence":1},"9":{"id":9,"position":[-24.23909679055214,-447.6155042648315,2297.621488571167],"positionconfidence":0.5,"rotation":[0.1607561260461807,0.7602119445800781,0.6294722557067871,0,0.6377668976783752,-0.7702293992042542,-0.9869941473007202,0.1238190978765488,0.1025249361991882],"rotationconfidence":0.5},"12":{"id":12,"position":[368.7535226345062,-89.91558849811554,2481.062173843384],"positionconfidence":1,"rotation":[0.2188015729188919,-0.9301956295967102,0.2947235405445099,-0.2448116093873978,-0.3447129130363464,-0.9062230587005615,0.9445597529411316,0.1261312961578369,-0.3031464219093323],"rotationconfidence":1},"13":{"id":13,"position":[422.0729470252991,-316.5935575962067,2552.88290977478],"positionconfidence":1,"rotation":[-0.2625577747821808,-0.2642338573932648,-0.9280322790145874,-0.1971554607152939,0.9561753869056702,-0.2164679169654846,0.9445597529411316,0.1261312961578369,-0.3031464219093323],"rotationconfidence":1},"14":{"id":14,"position":[352.9645502567291,-386.1431181430817,2308.613538742065],"positionconfidence":1,"rotation":[-0.3933871686458588,-0.4478585124015808,-0.8029130697250366,0,-0.87332683801651,0.4871347546577454,-0.9193729758262634,0.1916325688362122,0.3435555696487427],"rotationconfidence":1},"15":{"id":15,"position":[326.6251683235169,-416.1296486854553,2254.854202270508],"positionconfidence":0.5,"rotation":[-0.3933871686458588,-0.4478585124015808,-0.8029130697250366,0,-0.87332683801651,0.4871347546577454,-0.9193729758262634,0.1916325688362122,0.3435555696487427],"rotationconfidence":0.5},"17":{"id":17,"position":[93.60981732606888,-438.1678998470306,2403.87487411499],"positionconfidence":1,"rotation":[0.8669093251228333,-0.4984233379364014,-0.006508891936391592,0.4813787639141083,0.8337312936782837,0.2704932987689972,-0.1293935030698776,-0.2376264035701752,0.962699830532074],"rotationconfidence":1},"18":{"id":18,"position":[-71.26583158969879,-723.7268090248108,2311.22899055481],"positionconfidence":1,"rotation":[0.7524240016937256,-0.6586790084838867,0,0.5504496693611145,0.6287911534309387,0.5492056012153625,-0.3617502152919769,-0.4132354855537415,0.8356872200965881],"rotationconfidence":1},"19":{"id":19,"position":[-277.2314548492432,-959.0060114860535,2105.7288646698],"positionconfidence":0.5,"rotation":[-0.09466066211462021,-0.9955096244812012,0,0.9800171852111816,-0.09318752586841583,-0.1757340282201767,0.1749449074268341,-0.01663509756326675,0.9844377040863037],"rotationconfidence":0.5},"20":{"id":20,"position":[-298.1152236461639,-957.0202231407166,1988.213181495667],"positionconfidence":0.5,"rotation":[-0.09466066211462021,-0.9955096244812012,0,0.9800171852111816,-0.09318752586841583,-0.1757340282201767,0.1749449074268341,-0.01663509756326675,0.9844377040863037],"rotationconfidence":0.5},"21":{"id":21,"position":[249.7532665729523,-446.2727010250092,2422.861099243164],"positionconfidence":1,"rotation":[0.909477174282074,0.2838010191917419,0.3038227558135986,-0.3948852121829987,0.8182803392410278,0.417711615562439,-0.1300652027130127,-0.4998742640018463,0.8562760949134827],"rotationconfidence":1},"22":{"id":22,"position":[385.4025900363922,-727.3649573326111,2279.370546340942],"positionconfidence":1,"rotation":[0.9267113208770752,0.3693054914474487,0.0694226324558258,-0.2838088274002075,0.5667783617973328,0.7734435200691223,0.2462897002696991,-0.7364616394042969,0.6300520896911621],"rotationconfidence":1},"23":{"id":23,"position":[493.031769990921,-942.3050284385681,1986.056566238403],"positionconfidence":0.5,"rotation":[-0.9380332231521606,0.3465456664562225,0,-0.3446868360042572,-0.933001697063446,-0.1034354567527771,-0.03584510460495949,-0.09702587127685547,0.9946361184120178],"rotationconfidence":0.5},"24":{"id":24,"position":[497.2812831401825,-930.8024048805237,1868.140339851379],"positionconfidence":0.5,"rotation":[-0.9380332231521606,0.3465456664562225,0,-0.3446868360042572,-0.933001697063446,-0.1034354567527771,-0.03584510460495949,-0.09702587127685547,0.9946361184120178],"rotationconfidence":0.5}},"skeletonTracked":true,"frameCount":6},{"position":[150.9057879447937,-382.1762204170227,2299.250602722168],"positionTracked":true,"id":4573,"skeleton":{"1":{"id":1,"position":[206.2017321586609,229.801818728447,2488.270998001099],"positionconfidence":1,"rotation":[0.9997742772102356,-0.02125078625977039,0,0.02111649699509144,0.9934564232826233,0.112243615090847,-0.002385264961048961,-0.1122182756662369,0.9936808943748474],"rotationconfidence":1},"2":{"id":2,"position":[201.9096165895462,27.87298150360584,2465.456485748291],"positionconfidence":1,"rotation":[0.998591959476471,-0.02642323635518551,0.04600324854254723,0.02111649699509144,0.9934564232826233,0.112243615090847,-0.04866805300116539,-0.111114114522934,0.9926153421401978],"rotationconfidence":1},"3":{"id":3,"position":[178.710550069809,-306.6674172878265,2475.814580917358],"positionconfidence":1,"rotation":[0.9964984655380249,-0.06757894158363342,0.04923173412680626,0.06914696097373962,0.9971286058425903,-0.03087326139211655,-0.04700399190187454,0.03416938707232475,0.9983100891113281],"rotationconfidence":1},"4":{"id":4,"position":[176.4005273580551,-365.2557134628296,2423.983097076416],"positionconfidence":1,"rotation":[0.9917302131652832,-0.1047293618321419,0.07418262213468552,0.0295177698135376,0.7486488223075867,0.6623094081878662,-0.1248999610543251,-0.6546424627304077,0.7455489635467529],"rotationconfidence":1},"6":{"id":6,"position":[23.73971045017242,-85.26420593261719,2460.291862487793],"positionconfidence":1,"rotation":[0.3583671152591705,0.8278668522834778,-0.4315201044082642,0.1593621671199799,-0.5096827745437622,-0.8454746007919312,-0.9198786616325378,0.2342223078012466,-0.3145841658115387],"rotationconfidence":1},"7":{"id":7,"position":[-66.99639558792114,-294.8744297027588,2569.549798965454],"positionconfidence":1,"rotation":[-0.2104984670877457,0.3819426894187927,0.8998945355415344,0.3309285044670105,0.8940132856369019,-0.3020375072956085,-0.9198786616325378,0.2342223078012466,-0.3145841658115387],"rotationconfidence":1