{"motiondata":[{"position":[162.8293693065643,-374.5700716972351,2330.592632293701],"positionTracked":true,"id":4573,"skeleton":{"1":{"id":1,"position":[199.9567598104477,249.7103810310364,2508.828401565552],"positionconfidence":1,"rotation":[0.9998895525932312,-0.014859220944345,0,0.01478069741278887,0.9946056008338928,0.1026702150702477,-0.001525599393062294,-0.1026588752865791,0.9947153925895691],"rotationconfidence":1},"2":{"id":2,"position":[196.9584375619888,47.95074835419655,2488.001346588135],"positionconfidence":1,"rotation":[0.9998698830604553,-0.01403907779604197,-0.007942214608192444,0.01478069741278887,0.9946056008338928,0.1026702150702477,0.006457976531237364,-0.1027742549777031,0.9946837425231934],"rotationconfidence":1},"3":{"id":3,"position":[183.7681829929352,-288.3884608745575,2493.201971054077],"positionconfidence":1,"rotation":[0.9992122650146484,-0.03927402198314667,-0.005678051616996527,0.03918232023715973,0.9991126656532288,-0.01544871926307678,0.006279746536165476,0.01521407067775726,0.9998644590377808],"rotationconfidence":1},"4":{"id":4,"position":[180.4390847682953,-347.227931022644,2441.144466400147],"positionconfidence":1,"rotation":[0.9959959387779236,-0.08383044600486755,0.03105740807950497,0.04233715683221817,0.7482795119285583,0.6620311737060547,-0.07873799651861191,-0.6580654978752136,0.7488325238227844],"rotationconfidence":1},"6":{"id":6,"position":[23.97190220654011,-71.64748758077621,2497.538089752197],"positionconfidence":1,"rotation":[0.30609530210495,0.8469522595405579,-0.4347155094146729,0.1192509680986404,-0.4871484935283661,-0.8651390075683594,-0.9445024132728577,0.2129747271537781,-0.2501137256622315],"rotationconfidence":1},"7":{"id":7,"position":[-56.33768066763878,-293.8605844974518,2611.59348487854],"positionconfidence":1,"rotation":[-0.1291672587394714,0.4592761099338532,0.8788521885871887,0.3020445704460144,0.8623844981193542,-0.4062780439853668,-0.9445024132728577,0.2129747271537781,-0.2501137256622315],"rotationconfidence":1},"8":{"id":8,"position":[-24.75192025303841,-406.1691164970398,2396.684408187866],"positionconfidence":0.5,"rotation":[-0.1223886981606484,0.4971930682659149,0.8589644432067871,0,0.8654708862304688,-0.5009591579437256,-0.9924821257591248,-0.06131174042820931,-0.1059238538146019],"rotationconfidence":0.5},"9":{"id":9,"position":[-15.35820309072733,-444.330245256424,2330.756187438965],"positionconfidence":0.5,"rotation":[-0.1223886981606484,0.4971930682659149,0.8589644432067871,0,0.8654708862304688,-0.5009591579437256,-0.9924821257591248,-0.06131174042820931,-0.1059238538146019],"rotationconfidence":0.5},"12":{"id":12,"position":[370.7256317138672,-71.02765142917633,2495.35083770752],"positionconfidence":1,"rotation":[0.3007121682167053,-0.9088276624679565,0.2891443371772766,-0.3400614857673645,-0.3854261338710785,-0.8577905893325806,0.8910276293754578,0.1596212387084961,-0.4249596297740936],"rotationconfidence":1},"13":{"id":13,"position":[446.0817575454712,-298.7727820873261,2567.808151245117],"positionconfidence":1,"rotation":[-0.3274190425872803,-0.4224415421485901,-0.8451863527297974,-0.314430296421051,0.8922242522239685,-0.3241440653800964,0.8910276293754578,0.1596212387084961,-0.4249596297740936],"rotationconfidence":1},"14":{"id":14,"position":[367.3756122589111,-400.3207683563232,2364.639282226563],"positionconfidence":1,"rotation":[-0.3771719038486481,-0.2746666371822357,-0.8844769597053528,0,-0.9550110101699829,0.296570360660553,-0.926143229007721,0.1118580102920532,0.3602033257484436],"rotationconfidence":1},"15":{"id":15,"position":[339.1608595848084,-420.8675026893616,2298.475027084351],"positionconfidence":0.5,"rotation":[-0.3771719038486481,-0.2746666371822357,-0.8844769597053528,0,-0.9550110101699829,0.296570360660553,-0.926143229007721,0.1118580102920532,0.3602033257484436],"rotationconfidence":0.5},"17":{"id":17,"position":[96.65276855230331,-423.4919548034668,2421.493291854858],"positionconfidence":1,"rotation":[0.8569304347038269,-0.5136697888374329,-0.04258592054247856,0.5069485902786255,0.8250161409378052,0.2497026771306992,-0.09313064813613892,-0.2355667054653168,0.9673856496810913],"rotationconfidence":1},"18":{"id":18,"position":[-68.29095631837845,-691.923975944519,2340.248584747315],"positionconfidence":1,"rotation":[0.8159074783325195,-0.5781824588775635,0,0.5260229706764221,0.7423021793365479,0.4150749742984772,-0.2399890720844269,-0.3386627733707428,0.9097871780395508],"rotationconfidence":1},"19":{"id":19,"position":[-259.1432929039002,-961.2470269203186,2189.650535583496],"positionconfidence":0.5,"rotation":[0.610689103603363,-0.7918704748153687,0,0.762432336807251,0.5879864692687988,-0.2701277136802673,0.2139061540365219,0.1649640500545502,0.9628245234489441],"rotationconfidence":0.5},"20":{"id":20,"position":[-282.2842001914978,-979.0932536125183,2085.489749908447],"positionconfidence":0.5,"rotation":[0.610689103603363,-0.7918704748153687,0,0.762432336807251,0.5879864692687988,-0.2701277136802673,0.2139061540365219,0.1649640500545502,0.9628245234489441],"rotationconfidence":0.5},"21":{"id":21,"position":[257.5937509536743,-425.7408976554871,2436.439514160156],"positionconfidence":1,"rotation":[0.9126555919647217,0.3237287700176239,0.2495181858539581,-0.3988785743713379,0.8386543393135071,0.3708836436271668,-0.08919379115104675,-0.4380165636539459,0.8945311307907104],"rotationconfidence":1},"22":{"id":22,"position":[387.2055411338806,-698.2536315917969,2315.924406051636],"positionconfidence":1,"rotation":[0.9042990803718567,0.4217565655708313,0.06606470048427582,-0.3650123775005341,0.6836369633674622,0.6319860816001892,0.2213800102472305,-0.5956188440322876,0.7721586227416992],"rotationconfidence":1},"23":{"id":23,"position":[521.9685435295105,-950.6531953811646,2082.594394683838],"positionconfidence":0.5,"rotation":[0.5709040760993958,0.8210167288780212,0,-0.8139887452125549,0.5660170912742615,-0.1305643022060394,-0.1071954891085625,0.07453969120979309,0.9914398789405823],"rotationconfidence":0.5},"24":{"id":24,"position":[533.8836908340454,-958.9385390281677,1972.392439842224],"positionconfidence":0.5,"rotation":[0.5709040760993958,0.8210167288780212,0,-0.8139887452125549,0.5660170912742615,-0.1305643022060394,-0.1071954891085625,0.07453969120979309,0.9914398789405823],"rotationconfidence":0.5}},"skeletonTracked":true,"frameCount":1},{"position":[161.5595817565918,-379.792183637619,2329.856872558594],"positionTracked":true,"id":4573,"skeleton":{"1":{"id":1,"position":[200.6106227636337,249.3429034948349,2508.568286895752],"positionconfidence":1,"rotation":[0.9998723268508911,-0.0159768108278513,0,0.01589061878621578,0.9944782257080078,0.1037332266569138,-0.001657326123677194,-0.1037199795246124,0.9946051239967346],"rotationconfidence":1},"2":{"id":2,"position":[197.3941773176193,48.04897308349609,2487.571477890015],"positionconfidence":1,"rotation":[0.9998666644096375,-0.01541242469102144,-0.005409836769104004,0.01589061878621578,0.9944782257080078,0.1037332266569138,0.003781184321269393,-0.1038053557276726,0.9945905208587646],"rotationconfidence":1},"3":{"id":3,"position":[183.778315782547,-288.4615063667297,2492.635726928711],"positionconfidence":1,"rotation":[0.9991762042045593,-0.04047339782118797,-0.002977200085297227,0.04042427241802216,0.9990694522857666,-0.01503530237823725,0.003582959529012442,0.01490256655961275,0.9998825788497925],"rotationconfidence":1},"4":{"id":4,"position":[180.4676949977875,-347.3118543624878,2440.54126739502],"positionconfidence":1,"rotation":[0.9958429932594299,-0.08500050008296967,0.03273765742778778,0.04208514094352722,0.748115062713623,0.6622331142425537,-0.08078167587518692,-0.6581023931503296,0.7485824227333069],"rotationconfidence":1},"6":{"id":6,"position":[24.12074431777,-71.72119617462158,2496.233940124512],"positionconfidence":1,"rotation":[0.3108189404010773,0.8453960418701172,-0.4343928694725037,0.1243660822510719,-0.48927441239357,-0.8632169961929321,-0.9422975182533264,0.2142804563045502,-0.2572143375873566],"rotationconfidence":1},"7":{"id":7,"position":[-57.27140232920647,-293.099582195282,2609.985589981079],"positionconfidence":1,"rotation":[-0.1301255822181702,0.4734660089015961,0.871147096157074,0.3084520399570465,0.8543499112129211,-0.4182624816894531,-0.9422975182533264,0.2142804563045502,-0.2572143375873566],"rotationconfidence":1},"8":{"id":8,"position":[-25.61003342270851,-408.3004593849182,2398.023366928101],"positionconfidence":1,"rotation":[-0.1249777302145958,0.5056395530700684,0.8536447286605835,0,0.8603905439376831,-0.5096352696418762,-0.9921596050262451,-0.06369306147098541,-0.1075296550989151],"rotationconfidence":1},"9":{"id":9,"position":[-16.02881960570812,-447.0644891262054,2332.580089569092],"positionconfidence":0.5,"rotation":[-0.1249777302145958,0.5056395530700684,0.8536447286605835,0,0.8603905439376831,-0.5096352696418762,-0.9921596050262451,-0.06369306147098541,-0.1075296550989151],"rotationconfidence":0.5},"12":{"id":12,"position":[370.8533048629761,-71.08639180660248,2494.982004165649],"positionconfidence":1,"rotation":[0.2991637885570526,-0.9092854261398315,0.2893115282058716,-0.338177502155304,-0.3845524787902832,-0.8589270114898682,0.8922652006149292,0.159121185541153,-0.422544002532959],"rotationconfidence":1},"13":{"id":13,"position":[445.771187543869,-298.7935543060303,2567.432641983032],"positionconfidence":1,"rotation":[-0.3261592388153076,-0.4199899137020111,-0.8468936085700989,-0.3122229278087616,0.8934703469276428,-0.3228435516357422,0.8922652006149292,0.159121185541153,-0.422544002532959],"rotationconfidence":1},"14":{"id":14,"position":[367.3003315925598,-399.8391926288605,2363.677978515625],"positionconfidence":1,"rotation":[-0.3812173902988434,-0.2819656729698181,-0.8804366588592529,0,-0.9523531794548035,0.3049974143505096,-0.924485445022583,0.1162703186273575,0.3630535900592804],"rotationconfidence":1},"15":{"id":15,"position":[338.837593793869,-420.8915233612061,2297.942161560059],"positionconfidence":0.5,"rotation":[-0.3812173902988434,-0.2819656729698181,-0.8804366588592529,0,-0.9523531794548035,0.3049974143505096,-0.924485445022583,0.1162703186273575,0.3630535900592804],"rotationconfidence":0.5},"17":{"id":17,"position":[96.63146734237671,-423.5623776912689,2420.671463012695],"positionconfidence":1,"rotation":[0.8572515249252319,-0.5134673714637756,-0.03835200518369675,0.5059425830841064,0.8261711001396179,0.247918039560318,-0.09561251103878021,-0.2319320440292358,0.9680215120315552],"rotationconfidence":1},"18":{"id":18,"position":[-67.69420206546783,-691.8954253196716,2340.149879455566],"positionconfidence":1,"rotation":[0.8147516250610352,-0.5798100233078003,0,0.5271071195602417,0.7406933307647705,0.4165709614753723,-0.2415320128202438,-0.3394018709659576,0.9091030955314636],"rotationconfidence":1},"19":{"id":19,"position":[-259.1907382011414,-960.9872102737427,2188.8108253479],"positionconfidence":0.5,"rotation":[0.6047900915145874,-0.7963849306106567,0,0.7673320770263672,0.582726776599884,-0.2676398456096649,0.2131443321704865,0.1618659347295761,0.9635190963745117],"rotationconfidence":0.5},"20":{"id":20,"position":[-282.2511196136475,-978.499710559845,2084.566354751587],"positionconfidence":0.5,"rotation":[0.6047900915145874,-0.7963849306106567,0,0.7673320770263672,0.582726776599884,-0.2676398456096649,0.2131443321704865,0.1618659347295761,0.9635190963745117],"rotationconfidence":0.5},"21":{"id":21,"position":[257.5372755527496,-425.8624315261841,2436.013221740723],"positionconfidence":1,"rotation":[0.9122124910354614,0.3233789801597595,0.251583993434906,-0.3993605077266693,0.838975727558136,0.3696361184120178,-0.09154030680656433,-0.4376594126224518,0.8944689631462097],"rotationconfidence":1},"22":{"id":22,"position":[387.1988356113434,-698.255181312561,2316.002368927002],"positionconfidence":1,"rotation":[0.9039914011955261,0.4220376908779144,0.0684378445148468,-0.3663446307182312,0.6820651292800903,0.6329128742218018,0.2204340249300003,-0.5972196459770203,0.7711922526359558],"rotationconfidence":1},"23":{"id":23,"position":[522.5419998168945,-950.238823890686,2082.177639007568],"positionconfidence":0.5,"rotation":[0.5506897568702698,0.8347101211547852,0,-0.8276315927505493,0.5460197925567627,-0.1299556195735931,-0.1084752529859543,0.07156521081924438,0.9915198087692261],"rotationconfidence":0.5},"24":{"id":24,"position":[534.5908999443054,-958.1879377365112,1972.044467926025],"positionconfidence":0.5,"rotation":[0.5506897568702698,0.8347101211547852,0,-0.8276315927505493,0.5460197925567627,-0.1299556195735931,-0.1084752529859543,0.07156521081924438,0.9915198087692261],"rotationconfidence":0.5}},"skeletonTracked":true,"frameCount":2},{"position":[161.9195342063904,-378.4972429275513,2330.51872253418],"positionTracked":true,"id":4573,"skeleton":{"1":{"id":1,"position":[201.2620568275452,249.0243315696716,2508.28742980957],"positionconfidence":1,"rotation":[0.9998535513877869,-0.01711525022983551,0,0.01702126115560532,0.9943628311157227,0.1046559736132622,-0.001791213173419237,-0.1046406477689743,0.9945085048675537],"rotationconfidence":1},"2":{"id":2,"position":[197.8238672018051,48.16917702555656,2487.147569656372],"positionconfidence":1,"rotation":[0.9998538494110107,-0.01675687730312347,-0.00340503454208374,0.01702126115560532,0.9943628311157227,0.1046559736132622,0.001632132334634662,-0.1046986356377602,0.9945026636123657],"rotationconfidence":1},"3":{"id":3,"position":[183.7953329086304,-288.5124981403351,2492.106199264526],"positionconfidence":1,"rotation":[0.9991323351860046,-0.04164275154471397,-0.0008043873822316527,0.04162643104791641,0.9990249872207642,-0.01471358630806208,0.001416317070834339,0.01466733403503895,0.999891459941864],"rotationconfidence":1},"4":{"id":4,"position":[180.4992109537125,-347.3744690418243,2439.984083175659],"positionconfidence":1,"rotation":[0.9957093596458435,-0.08600258827209473,0.03415637463331223,0.04188677296042442,0.7480117678642273,0.6623623967170715,-0.08251424878835678,-0.6580896973609924,0.7484046220779419],"rotationconfidence":1},"6":{"id":6,"position":[24.2406502366066,-71.75866514444351,2495.065689086914],"positionconfidence":1,"rotation":[0.3145549595355988,0.8440473079681396,-0.4343262910842896,0.1285171806812286,-0.4912071228027344,-0.8615097403526306,-0.9404991269111633,0.2151737660169601,-0.2629862129688263],"rotationconfidence":1},"7":{"id":7,"position":[-58.0231323838234,-292.4975752830505,2608.652591705322],"positionconfidence":1,"rotation":[-0.1319751292467117,0.4818776547908783,0.8662428259849548,0.3131199181079865,0.8494082689285278,-0.4248079359531403,-0.9404991269111633,0.2151737660169601,-0.2629862129688263],"rotationconfidence":1},"8":{"id":8,"position":[-26.02641843259335,-409.3264043331146,2398.636341094971],"positionconfidence":0.5,"rotation":[-0.1283289641141892,0.5163824558258057,0.8466882109642029,0,0.8537472486495972,-0.5206876397132874,-0.9917317032814026,-0.06681930273771286,-0.1095604971051216],"rotationconfidence":0.5},"9":{"id":9,"position":[-16.20224118232727,-448.8578736782074,2333.818435668945],"positionconfidence":0.5,"rotation":[-0.1283289641141892,0.5163824558258057,0.8466882109642029,0,0.8537472486495972,-0.5206876397132874,-0.9917317032814026,-0.06681930273771286,-0.1095604971051216],"rotationconfidence":0.5},"12":{"id":12,"position":[370.9836006164551,-71.10914587974548,2494.565010070801],"positionconfidence":1,"rotation":[0.2979482114315033,-0.9095037579536438,0.289878785610199,-0.3375203311443329,-0.3844285905361176,-0.8592407703399658,0.8929204344749451,0.1581692695617676,-0.4215158522129059],"rotationconfidence":1},"13":{"id":13,"position":[445.5561935901642,-298.7461984157562,2567.117929458618],"positionconfidence":1,"rotation":[-0.3255174458026886,-0.4199692606925964,-0.8471506237983704,-0.3110168874263763,0.8936488628387451,-0.3235122859477997,0.8929204344749451,0.1581692695617676,-0.4215158522129059],"rotationconfidence":1},"14":{"id":14,"position":[367.2830164432526,-399.7310400009155,2363.41404914856],"positionconfidence":1,"rotation":[-0.3832269906997681,-0.2846321165561676,-0.8787044882774353,0,-0.9513349533081055,0.3081587553024292,-0.9236541986465454,0.1180947497487068,0.3645772337913513],"rotationconfidence":1},"15":{"id":15,"position":[338.6978507041931,-420.9619462490082,2297.870874404907],"positionconfidence":0.5,"rotation":[-0.3832269906997681,-0.2846321165561676,-0.8787044882774353,0,-0.9513349533081055,0.3081587553024292,-0.9236541986465454,0.1180947497487068,0.3645772337913513],"rotationconfidence":0.5},"17":{"id":17,"position":[96.61883860826492,-423.615962266922,2419.939756393433],"positionconfidence":1,"rotation":[0.8582452535629272,-0.5121235847473145,-0.03382894396781921,0.5038516521453857,0.8281650543212891,0.2455119788646698,-0.09771653264760971,-0.2277542650699616,0.9688030481338501],"rotationconfidence":1},"18":{"id":18,"position":[-66.6806697845459,-692.0261979103088,2340.368747711182],"positionconfidence":1,"rotation":[0.8125817179679871,-0.5828472971916199,0,0.5292117595672607,0.7378052473068237,0.4190207123756409,-0.2442250847816467,-0.3404885828495026,0.9079766869544983],"rotationconfidence":1},"19":{"id":19,"position":[-259.2718601226807,-960.5289101600647,2187.878370285034],"positionconfidence":0.5,"rotation":[0.5938282608985901,-0.8045917749404907,0,0.7759785056114197,0.5727102756500244,-0.264310896396637,0.212662398815155,0.156955286860466,0.9644375443458557],"rotationconfidence":0.5},"20":{"id":20,"position":[-282.297670841217,-977.5230884552002,2083.454847335815],"positionconfidence":0.5,"rotation":[0.5938282608985901,-0.8045917749404907,0,0.7759785056114197,0.5727102756500244,-0.264310896396637,0.212662398815155,0.156955286860466,0.9644375443458557],"rotationconfidence":0.5},"21":{"id":21,"position":[257.4910819530487,-425.9608387947083,2435.614585876465],"positionconfidence":1,"rotation":[0.9118278622627258,0.3231351375579834,0.2532855570316315,-0.3997779190540314,0.8393036723136902,0.3684385120868683,-0.09352806955575943,-0.4372105002403259,0.8944827914237976],"rotationconfidence":1},"22":{"id":22,"position":[387.1869742870331,-698.2476115226746,2316.085815429688],"positionconfidence":1,"rotation":[0.9036127924919128,0.4224518537521362,0.07084058225154877,-0.3678039014339447,0.6804380416870117,0.6338173747062683,0.2195546925067902,-0.5987809300422668,0.7702319622039795],"rotationconfidence":1},"23":{"id":23,"position":[523.1567621231079,-949.7920274734497,2081.776142120361],"positionconfidence":0.5,"rotation":[0.5299911499023438,0.8480032682418823,0,-0.8408611416816711,0.5255274176597595,-0.1295127868652344,-0.1098272427916527,0.06864061951637268,0.9915777444839478],"rotationconfidence":0.5},"24":{"id":24,"position":[535.3462100028992,-957.4102759361267,1971.723437309265],"positionconfidence":0.5,"rotation":[0.5299911499023438,0.8480032682418823,0,-0.8408611416816711,0.5255274176597595,-0.1295127868652344,-0.1098272427916527,0.06864061951637268,0.9915777444839478],"rotationconfidence":0.5}},"skeletonTracked":true,"frameCount":3},{"position":[162.4877899885178,-378.3185482025147,2330.583095550537],"positionTracked":true,"id":4573,"skeleton":{"1":{"id":1,"position":[201.8458396196365,248.7811744213104,2508.002281188965],"positionconfidence":1,"rotation":[0.9998376369476318,-0.01801920123398304,0,0.01791881956160069,0.9942677617073059,0.1054059341549873,-0.001899330760352314,-0.1053888201713562,0.9944292306900024],"rotationconfidence":1},"2":{"id":2,"position":[198.2326060533524,48.29243570566177,2486.747741699219],"positionconfidence":1,"rotation":[0.9998393654823303,-0.0178191214799881,-0.001887593069113791,0.01791881956160069,0.9942677617073059,0.1054059341549873,-0.000001468135906179668,-0.1054228395223618,0.9944274425506592],"rotationconfidence":1},"3":{"id":3,"position":[183.822363615036,-288.5448336601257,2491.628408432007],"positionconfidence":1,"rotation":[0.9990863800048828,-0.04272962361574173,0.0008497066446579993,0.0427374504506588,0.9989815354347229,-0.01447493024170399,-0.0002303329238202423,0.01449801772832871,0.9998948574066162],"rotationconfidence":1},"4":{"id":4,"position":[180.5370301008225,-347.417950630188,2439.487934112549],"positionconfidence":1,"rotation":[0.9955963492393494,-0.08683663606643677,0.03531761839985848,0.04173903912305832,0.7479628324508667,0.6624269485473633,-0.08393919467926025,-0.6580357551574707,0.7482935190200806],"rotationconfidence":1},"6":{"id":6,"position":[24.3291687220335,-71.76925987005234,2494.077682495117],"positionconfidence":1,"rotation":[0.3192511200904846,0.845564603805542,-0.4279010593891144,0.1377723664045334,-0.4881445169448853,-0.8618201017379761,-0.9376020431518555,0.216184064745903,-0.2723360955715179],"rotationconfidence":1},"7":{"id":7,"position":[-58.85840207338333,-292.0988500118256,2605.576276779175],"positionconfidence":1,"rotation":[-0.1363047510385513,0.4920224547386169,0.859845757484436,0.3198804259300232,0.8433138132095337,-0.4318543374538422,-0.9376020431518555,0.216184064745903,-0.2723360955715179],"rotationconfidence":1},"8":{"id":8,"position":[-26.07931382954121,-410.422295331955,2398.797273635864],"positionconfidence":0.5,"rotation":[-0.1338124126195908,0.5254983901977539,0.8402056694030762,0,0.8478305339813232,-0.5302672386169434,-0.99100661277771,-0.07095634192228317,-0.11345025151968],"rotationconfidence":0.5},"9":{"id":9,"position":[-15.82466438412666,-450.6936073303223,2334.408521652222],"positionconfidence":0.5,"rotation":[-0.1338124126195908,0.5254983901977539,0.8402056694030762,0,0.8478305339813232,-0.5302672386169434,-0.99100661277771,-0.07095634192228317,-0.11345025151968],"rotationconfidence":0.5},"12":{"id":12,"position":[371.1081147193909,-71.11065089702606,2494.148015975952],"positionconfidence":1,"rotation":[0.2970804274082184,-0.9095134735107422,0.2907378971576691,-0.3368957042694092,-0.3847433924674988,-0.859345018863678,0.8934453129768372,0.1573462188243866,-0.4207108914852142],"rotationconfidence":1},"13":{"id":13,"position":[445.4240798950195,-298.6294031143189,2566.877365112305],"positionconfidence":1,"rotation":[-0.3249804973602295,-0.4201313853263855,-0.8472763299942017,-0.3100695908069611,0.893717885017395,-0.3242299556732178,0.8934453129768372,0.1573462188243866,-0.4207108914852142],"rotationconfidence":1},"14":{"id":14,"position":[367.3108220100403,-399.6134102344513,2363.223552703857],"positionconfidence":1,"rotation":[-0.3850471079349518,-0.2867599427700043,-0.8772157430648804,0,-0.9505024552345276,0.3107171952724457,-0.9228969812393188,0.1196407601237297,0.3659882247447968],"rotationconfidence":1},"15":{"id":15,"position":[338.5912775993347,-421.0020005702972,2297.794580459595],"positionconfidence":0.5,"rotation":[-0.3850471079349518,-0.2867599427700043,-0.8772157430648804,0,-0.9505024552345276,0.3107171952724457,-0.9228969812393188,0.1196407601237297,0.3659882247447968],"rotationconfidence":0.5},"17":{"id":17,"position":[96.61579877138138,-423.6553609371185,2419.30890083313],"positionconfidence":1,"rotation":[0.859459400177002,-0.5103443264961243,-0.02963341772556305,0.5014380216598511,0.8303463459014893,0.2430737763643265,-0.09944532066583633,-0.2237713783979416,0.9695550203323364],"rotationconfidence":1},"18":{"id":18,"position":[-65.56230038404465,-692.2109723091125,2340.692520141602],"positionconfidence":1,"rotation":[0.8101604580879211,-0.5862083435058594,0,0.5316852331161499,0.7348076701164246,0.4211514592170715,-0.2468824982643127,-0.3412002623081207,0.9069904088973999],"rotationconfidence":1},"19":{"id":19,"position":[-259.3921720981598,-960.0906372070312,2187.158584594727],"positionconfidence":0.5,"rotation":[0.5829538106918335,-0.812505304813385,0,0.7841672301292419,0.5626218914985657,-0.2617985308170319,0.2127126902341843,0.1526164561510086,0.9651225805282593],"rotationconfidence":0.5},"20":{"id":20,"position":[-282.4361920356751,-976.6241908073425,2082.602977752686],"positionconfidence":0.5,"rotation":[0.5829538106918335,-0.812505304813385,0,0.7841672301292419,0.5626218914985657,-0.2617985308170319,0.2127126902341843,0.1526164561510086,0.9651225805282593],"rotationconfidence":0.5},"21":{"id":21,"position":[257.4593126773834,-426.037609577179,2435.256481170654],"positionconfidence":1,"rotation":[0.9115170240402222,0.3229560554027557,0.2546296715736389,-0.4001010954380035,0.8396338224411011,0.3673339486122131,-0.09516295045614243,-0.4367087185382843,0.8945555090904236],"rotationconfidence":1},"22":{"id":22,"position":[387.166827917099,-698.2358694076538,2316.171646118164],"positionconfidence":1,"rotation":[0.903178334236145,0.4229772090911865,0.07320629805326462,-0.3693561553955078,0.6788454055786133,0.6346218585968018,0.2187348306179047,-0.6002159118652344,0.7693477272987366],"rotationconfidence":1},"23":{"id":23,"position":[523.7943530082703,-949.3457078933716,2081.420421600342],"positionconfidence":0.5,"rotation":[0.5098250508308411,0.8602780699729919,0,-0.853054404258728,0.5055440664291382,-0.1293183714151382,-0.1112497672438622,0.06592974811792374,0.9916030764579773],"rotationconfidence":0.5},"24":{"id":24,"position":[536.1312031745911,-956.6568732261658,1971.458315849304],"positionconfidence":0.5,"rotation":[0.5098250508308411,0.8602780699729919,0,-0.853054404258728,0.5055440664291382,-0.1293183714151382,-0.1112497672438622,0.06592974811792374,0.9916030764579773],"rotationconfidence":0.5}},"skeletonTracked":true,"frameCount":4},{"position":[162.7797782421112,-375.706672668457,2330.473899841309],"positionTracked":true,"id":4573,"skeleton":{"1":{"id":1,"position":[202.3610025644302,248.6118674278259,2507.726430892944],"positionconfidence":1,"rotation":[0.999826192855835,-0.01864717714488506,0,0.01854184828698635,0.9941786527633667,0.1061373651027679,-0.001979162218049169,-0.10611891746521,0.9943516254425049],"rotationconfidence":1},"2":{"id":2,"position":[198.6274123191834,48.42385277152062,2486.35458946228],"positionconfidence":1,"rotation":[0.9998257756233215,-0.01866360381245613,0.0001539283111924306,0.01854184828698635,0.9941786527633667,0.1061373651027679,-0.002133937552571297,-0.1061160042881966,0.9943513870239258],"rotationconfidence":1},"3":{"id":3,"position":[183.836966753006,-288.5554730892181,2491.193771362305],"positionconfidence":1,"rotation":[0.9990355968475342,-0.04380611330270767,0.002981042023748159,0.04384452477097511,0.998935341835022,-0.01434518210589886,-0.002349461661651731,0.01446205005049706,0.9998926520347595],"rotationconfidence":1},"4":{"id":4,"position":[180.5785000324249,-347.4414348602295,2439.042329788208],"positionconfidence":1,"rotation":[0.9954880475997925,-0.08753024786710739,0.0366344265639782,0.04138942435383797,0.7479763627052307,0.6624336838722229,-0.08538465946912766,-0.657928466796875,0.7482242584228516],"rotationconfidence":1},"6":{"id":6,"position":[24.39909987151623,-71.70980423688889,2493.053436279297],"positionconfidence":1,"rotation":[0.3235694169998169,0.8469700813293457,-0.4218347668647766,0.155831441283226,-0.4874304831027985,-0.859143853187561,-0.9332842230796814,0.2122575491666794,-0.2897021472454071],"rotationconfidence":1},"7":{"id":7,"position":[-59.67411771416664,-291.7785048484802,2602.658987045288],"positionconfidence":1,"rotation":[-0.1754734665155411,0.4343143999576569,0.8835044503211975,0.3133523166179657,0.8753957748413086,-0.3680932223796845,-0.9332842230796814,0.2122575491666794,-0.2897021472454071],"rotationconfidence":1},"8":{"id":8,"position":[-15.92245697975159,-400.0682532787323,2382.370471954346],"positionconfidence":1,"rotation":[-0.1278717517852783,0.564699649810791,0.8153300285339355,0,0.8220787644386292,-0.5693738460540771,-0.9917907118797302,-0.07280682772397995,-0.1051206514239311],"rotationconfidence":1},"9":{"id":9,"position":[-6.426514592021704,-442.0036673545837,2321.822881698608],"positionconfidence":0.5,"rotation":[-0.1278717517852783,0.564699649810791,0.8153300285339355,0,0.8220787644386292,-0.5693738460540771,-0.9917907118797302,-0.07280682772397995,-0.1051206514239311],"rotationconfidence":0.5},"12":{"id":12,"position":[371.2502419948578,-71.12690061330795,2493.860006332398],"positionconfidence":1,"rotation":[0.2961870431900024,-0.9095842838287354,0.2914269268512726,-0.3363295197486877,-0.3848979771137238,-0.8594974875450134,0.8939550518989563,0.156556561589241,-0.4199218451976776],"rotationconfidence":1},"13":{"id":13,"position":[445.3139007091522,-298.5748648643494,2566.733360290527],"positionconfidence":1,"rotation":[-0.3245213329792023,-0.4200818836688995,-0.8474768996238708,-0.3090796172618866,0.8938798308372498,-0.3247283697128296,0.8939550518989563,0.156556561589241,-0.4199218451976776],"rotationconfidence":1},"14":{"id":14,"position":[367.3271834850311,-399.5260298252106,2363.073587417603],"positionconfidence":1,"rotation":[-0.3863373398780823,-0.2885127663612366,-0.8760729432106018,0,-0.9498192667961121,0.3127992749214172,-0.9223575592041016,0.1208460405468941,0.366950660943985],"rotationconfidence":1},"15":{"id":15,"position":[338.4997844696045,-421.0540354251862,2297.703504562378],"positionconfidence":0.5,"rotation":[-0.3863373398780823,-0.2885127663612366,-0.8760729432106018,0,-0.9498192667961121,0.3127992749214172,-0.9223575592041016,0.1208460405468941,0.366950660943985],"rotationconfidence":0.5},"17":{"id":17,"position":[96.62151336669922,-423.6722886562347,2418.73049736023],"positionconfidence":1,"rotation":[0.8607568144798279,-0.5083828568458557,-0.02539150975644589,0.498862087726593,0.8326210379600525,0.2405803203582764,-0.1011653989553452,-0.219748005270958,0.97029709815979],"rotationconfidence":1},"18":{"id":18,"position":[-64.39395248889923,-692.4136281013489,2341.079473495483],"positionconfidence":1,"rotation":[0.8077219724655151,-0.5895636677742004,0,0.5341035723686218,0.7317397594451904,0.4234268665313721,-0.249637097120285,-0.3420111835002899,0.9059303402900696],"rotationconfidence":1},"19":{"id":19,"position":[-259.4460844993591,-959.6415758132935,2186.445951461792],"positionconfidence":0.5,"rotation":[0.5739530324935913,-0.818888247013092,0,0.7909122109413147,0.5543448328971863,-0.2591520547866821,0.2122165560722351,0.1487411111593247,0.9658365845680237],"rotationconfidence":0.5},"20":{"id":20,"position":[-282.4464440345764,-975.7623672485352,2081.767082214356],"positionconfidence":0.5,"rotation":[0.5739530324935913,-0.818888247013092,0,0.7909122109413147,0.5543448328971863,-0.2591520547866821,0.2122165560722351,0.1487411111593247,0.9658365845680237],"rotationconfidence":0.5},"21":{"id":21,"position":[257.4391663074493,-426.0996878147125,2434.947967529297],"positionconfidence":1,"rotation":[0.9112333655357361,0.3226852118968964,0.2559844255447388,-0.4003547132015228,0.8399441838264465,0.3663466274738312,-0.09679799526929855,-0.4363118410110474,0.8945737481117249],"rotationconfidence":1},"22":{"id":22,"position":[387.1422708034515,-698.2167959213257,2316.262483596802],"positionconfidence":1,"rotation":[0.9030303955078125,0.4229266047477722,0.07529425621032715,-0.370437502861023,0.6779069304466248,0.634994626045227,0.2175136208534241,-0.6013112664222717,0.7688384652137756],"rotationconfidence":1},"23":{"id":23,"position":[524.2406725883484,-949.1091966629028,2081.251859664917],"positionconfidence":0.5,"rotation":[0.495084822177887,0.8688446879386902,0,-0.861495316028595,0.490896999835968,-0.129791796207428,-0.1127689108252525,0.06425794214010239,0.9915412068367004],"rotationconfidence":0.5},"24":{"id":24,"position":[536.7361903190613,-956.2293887138367,1971.382737159729],"positionconfidence":0.5,"rotation":[0.495084822177887,0.8688446879386902,0,-0.861495316028595,0.490896999835968,-0.129791796207428,-0.1127689108252525,0.06425794214010239,0.9915412068367004],"rotationconfidence":0.5}},"skeletonTracked":true,"frameCount":5},{"position":[162.2333377599716,-361.3170087337494,2311.848402023315],"positionTracked":true,"id":4573,"skeleton":{"1":{"id":1,"position":[193.9464956521988,256.9973468780518,2512.880563735962],"positionconfidence":1,"rotation":[0.9999969601631165,-0.002491216408088803,0,0.002470710314810276,0.9917656183242798,0.1280423402786255,-0.0003189811832271516,-0.1280419528484345,0.9917687773704529],"rotationconfidence":1},"2":{"id":2,"position":[193.4456676244736,55.96041306853294,2486.925601959229],"positionconfidence":1,"rotation":[0.990466296672821,0.0152088375762105,-0.1369137465953827,0.002470710314810276,0.9917656183242798,0.1280423402786255,0.1377337276935577,-0.1271598935127258,0.9822728633880615],"rotationconfidence":1},"3":{"id":3,"position":[183.7320625782013,-286.8126928806305,2490.207672119141],"positionconfidence":1,"rotation":[0.9901731014251709,-0.02936900593340397,-0.1367291808128357,0.02832562662661076,0.9995529651641846,-0.009570770896971226,0.1369491368532181,0.005603779572993517,0.9905622601509094],"rotationconfidence":1},"4":{"id":4,"position":[178.3997267484665,-345.3924953937531,2437.977075576782],"positionconfidence":1,"rotation":[0.9955253601074219,-0.09440115094184875,0.004241298884153366,0.06778602302074432,0.7446815371513367,0.6639688014984131,-0.06583783030509949,-0.6607102155685425,0.7477483153343201],"rotationconfidence":1},"6":{"id":6,"position":[17.56440103054047,-62.02923879027367,2502.907991409302],"positionconfidence":1,"rotation":[0.3034270107746124,0.8350816965103149,-0.458879679441452,0.1267015486955643,-0.5126675963401794,-0.8491869568824768,-0.9443932771682739,0.1995255202054977,-0.2613633573055267],"rotationconfidence":1},"7":{"id":7,"position":[-61.92664057016373,-280.8018326759338,2623.124122619629],"positionconfidence":1,"rotation":[-0.1541057229042053,0.4335865378379822,0.887836754322052,0.2904697358608246,0.8787446618080139,-0.3787281811237335,-0.9443932771682739,0.1995255202054977,-0.2613633573055267],"rotationconfidence":1},"8":{"id":8,"position":[-24.33358319103718,-386.5723609924316,2406.542301177979],"positionconfidence":1,"rotation":[-0.1619485020637512,0.5249738693237305,0.8355686664581299,0,0.8467464447021484,-0.5319966673851013,-0.9867991209030151,-0.08615606278181076,-0.1371293216943741],"rotationconfidence":1},"9":{"id":9,"position":[-9.700068272650242,-434.0085089206696,2331.041097640991],"positionconfidence":0.5,"rotation":[-0.1619485020637512,0.5249738693237305,0.8355686664581299,0,0.8467464447021484,-0.5319966673851013,-0.9867991209030151,-0.08615606278181076,-0.1371293216943741],"rotationconfidence":0.5},"12":{"id":12,"position":[353.7189364433289,-57.13918805122376,2456.405639648438],"positionconfidence":1,"rotation":[0.5085554122924805,-0.7529221177101135,-0.4177076816558838,-0.6133148670196533,0.02373158000409603,-0.7894818782806396,0.6043311953544617,0.6576815843582153,-0.4497095048427582],"rotationconfidence":1},"13":{"id":13,"position":[469.4369435310364,-228.4610271453857,2361.359357833862],"positionconfidence":1,"rotation":[-0.5631228089332581,-0.04671108350157738,-0.8250519633293152,-0.5636278986930847,0.7518463134765625,0.3421265482902527,0.6043311953544617,0.6576815843582153,-0.4497095048427582],"rotationconfidence":1},"14":{"id":14,"position":[335.1825475692749,-239.5974397659302,2164.658308029175],"positionconfidence":1,"rotation":[-0.6572785377502441,0.4914085268974304,-0.5714040994644165,0,-0.758184552192688,-0.6520400047302246,-0.7536478042602539,-0.4285719096660614,0.4983384311199188],"rotationconfidence":1},"15":{"id":15,"position":[286.9982421398163,-203.5728693008423,2122.769355773926],"positionconfidence":1,"rotation":[-0.6572785377502441,0.4914085268974304,-0.5714040994644165,0,-0.758184552192688,-0.6520400047302246,-0.7536478042602539,-0.4285719096660614,0.4983384311199188],"rotationconfidence":1},"17":{"id":17,"position":[94.45306658744812,-421.4428961277008,2418.906211853027],"positionconfidence":1,"rotation":[0.8669150471687317,-0.49684739112854,-0.04001237452030182,0.4917470514774323,0.8393611311912537,0.231641411781311,-0.08150559663772583,-0.2204893827438355,0.9719780087471008],"rotationconfidence":1},"18":{"id":18,"position":[-65.1259645819664,-693.827748298645,2343.735218048096],"positionconfidence":1,"rotation":[0.8064407706260681,-0.5913147926330566,0,0.5421184301376343,0.7393463253974915,0.3993425965309143,-0.236137181520462,-0.322046160697937,0.9168016910552979],"rotationconfidence":1},"19":{"id":19,"position":[-262.4538540840149,-962.9454016685486,2198.376893997192],"positionconfidence":0.5,"rotation":[0.4458436667919159,-0.8951108455657959,0,0.8440510034561157,0.4204114079475403,-0.3329147398471832,0.2979955971240997,0.1484279334545136,0.9429569840431213],"rotationconfidence":0.5},"20":{"id":20,"position":[-292.9292023181915,-978.1247973442078,2101.942777633667],"positionconfidence":0.5,"rotation":[0.4458436667919159,-0.8951108455657959,0,0.8440510034561157,0.4204114079475403,-0.3329147398471832,0.2979955971240997,0.1484279334545136,0.9429569840431213],"rotationconfidence":0.5},"21":{"id":21,"position":[253.7716329097748,-422.4599897861481,2432.035207748413],"positionconfidence":1,"rotation":[0.9171827435493469,0.3098652958869934,0.2505179047584534,-0.3913516104221344,0.818785548210144,0.4200406968593597,-0.07496439665555954,-0.4832946360111237,0.8722422122955322],"rotationconfidence":1},"22":{"id":22,"position":[378.6298334598541,-683.688223361969,2298.02393913269],"positionconfidence":1,"rotation":[0.8709756731987,0.4875754415988922,-0.06059371680021286,-0.3576071858406067,0.7136631608009338,0.6023304462432861,0.3369250297546387,-0.5029464364051819,0.7959437370300293],"rotationconfidence":1},"23":{"id":23,"position":[511.464536190033,-948.781430721283,2074.285745620728],"positionconfidence":0.5,"rotation":[0.9860904812812805,-0.1662097275257111,0,0.1654354333877564,0.9814967513084412,-0.09641221910715103,0.0160246454179287,0.09507115930318832,0.9953414797782898],"rotationconfidence":0.5},"24":{"id":24,"position":[509.6779465675354,-959.3809247016907,1963.315010070801],"positionconfidence":0.5,"rotation":[0.9860904812812805,-0.1662097275257111,0,0.1654354333877564,0.9814967513084412,-0.09641221910715103,0.0160246454179287,0.09507115930318832,0.9953414797782898],"rotationconfidence":0.5}},"skeletonTracked":true,"frameCount":6},{"position":[169.0303683280945,-366.559624671936,2281.147003173828],"positionTracked":true,"id":4573,"skeleton":{"1":{"id":1,"position":[173.0267405509949,269.8366641998291,2522.200584411621],"positionconfidence":1,"rotation":[0.9965206980705261,0.08334563672542572,0,-0.08218605071306229,0.9826561212539673,0.1662301123142242,0.0138545548543334,-0.1656517535448074,0.9860870242118835],"rotationconfidence":1},"2":{"id":2,"position":[190.1114583015442,65.56352227926254,2487.644910812378],"positionconfidence":1,"rotation":[0.8600698709487915,0.1542003303766251,-0.4863147437572479,-0.08218605071306229,0.9826561212539673,0.1662301123142242,0.5035128593444824,-0.1030012145638466,0.8578259944915771],"rotationconfidence":1},"3":{"id":3,"position":[190.1954561471939,-283.6189568042755,2486.088514328003],"positionconfidence":1,"rotation":[0.8622910976409912,0.002464615739881992,-0.5064070224761963,-0.0002405533159617335,0.9999899864196777,0.004457213450223208,0.5064129829406738,-0.003721598070114851,0.8622831702232361],"rotationconfidence":1},"4":{"id":4,"position":[177.3009896278381,-344.7034955024719,2437.703609466553],"positionconfidence":1,"rotation":[0.9786246418952942,-0.0482230968773365,-0.1999209672212601,0.1632513552904129,0.7733653783798218,0.6125807166099548,0.1250713914632797,-0.6321238875389099,0.7647067904472351],"rotationconfidence":1},"6":{"id":6,"position":[37.40198165178299,-31.03223070502281,2544.71755027771],"positionconfidence":1,"rotation":[0.194882333278656,0.9585263133049011,-0.2079617381095886,-0.03588283434510231,-0.2049175351858139,-0.9781212210655212,-0.9801700115203857,0.1980808079242706,-0.005540166050195694],"rotationconfidence":1},"7":{"id":7,"position":[-17.64535903930664,-301.7818927764893,2603.459358215332],"positionconfidence":1,"rotation":[0.07693221420049667,0.4061539471149445,0.9105605483055115,0.182614728808403,0.8920779228210449,-0.4133387207984924,-0.9801700115203857,0.1980808079242706,-0.00554016