{"motiondata":[{"position":[55.91804906725884,-452.922523021698,2715.126037597656],"positionTracked":true,"id":4141,"skeleton":{"1":{"id":1,"position":[74.57847148180008,184.2315942049027,2933.278799057007],"positionconfidence":1,"rotation":[0.9993046522140503,0.03728830814361572,0,-0.03727681189775467,0.9989966154098511,-0.02482417225837708,-0.0009256514022126794,0.02480691112577915,0.9996919631958008],"rotationconfidence":1},"2":{"id":2,"position":[81.97439461946487,-13.97479046136141,2938.204050064087],"positionconfidence":1,"rotation":[0.9992086291313171,0.03691693022847176,-0.01480112597346306,-0.03727681189775467,0.9989966154098511,-0.02482417225837708,0.01386984158307314,0.02535626478493214,0.9995821714401245],"rotationconfidence":1},"3":{"id":3,"position":[76.59347355365753,-337.1511101722717,2869.052648544312],"positionconfidence":1,"rotation":[0.9997203946113586,-0.01232817489653826,-0.02017663605511189,0.01627939753234386,0.977735161781311,0.2092101126909256,0.01714822836220264,-0.2094801068305969,0.9776625633239746],"rotationconfidence":1},"4":{"id":4,"position":[74.48387891054153,-384.7047686576843,2807.615756988525],"positionconfidence":1,"rotation":[0.998747706413269,0.01664870791137219,-0.04718109592795372,0.02714376337826252,0.6118640899658203,0.7904970645904541,0.04202917218208313,-0.7907877564430237,0.6106459498405457],"rotationconfidence":1},"6":{"id":6,"position":[-84.70803499221802,-131.3432455062866,2930.978775024414],"positionconfidence":1,"rotation":[0.1942974179983139,0.9786019921302795,0.0677243247628212,0.3368274569511414,-0.00171455112285912,-0.9415647983551025,-0.9213011264801025,0.2057550251483917,-0.3299531638622284],"rotationconfidence":1},"7":{"id":7,"position":[-133.0641210079193,-374.8944103717804,2914.123773574829],"positionconfidence":1,"rotation":[-0.2762020826339722,0.2510092854499817,0.9277428984642029,0.2737090587615967,0.9458643198013306,-0.1744251698255539,-0.9213011264801025,0.2057550251483917,-0.3299531638622284],"rotationconfidence":1},"8":{"id":8,"position":[-74.31578636169434,-428.284227848053,2716.792345046997],"positionconfidence":1,"rotation":[-0.3673725426197052,-0.4257035553455353,0.8269304037094116,0,0.8891018629074097,0.457709401845932,-0.9300738573074341,0.1681498736143112,-0.3266316056251526],"rotationconfidence":1},"9":{"id":9,"position":[-43.0196151137352,-392.0188844203949,2646.346807479858],"positionconfidence":0.5,"rotation":[-0.3673725426197052,-0.4257035553455353,0.8269304037094116,0,0.8891018629074097,0.457709401845932,-0.9300738573074341,0.1681498736143112,-0.3266316056251526],"rotationconfidence":0.5},"12":{"id":12,"position":[253.5583972930908,-126.1705905199051,2926.153898239136],"positionconfidence":1,"rotation":[0.2408372908830643,-0.9514565467834473,-0.1916455924510956,-0.7192463278770447,-0.04237976670265198,-0.6934614181518555,0.6516764163970947,0.3048516809940338,-0.6945381164550781],"rotationconfidence":1},"13":{"id":13,"position":[315.8926069736481,-372.4293410778046,2876.551628112793],"positionconfidence":1,"rotation":[-0.2416978925466538,-0.7844821214675903,-0.5711126923561096,-0.7189574241638184,0.5400490760803223,-0.4375464916229248,0.6516764163970947,0.3048516809940338,-0.6945381164550781],"rotationconfidence":1},"14":{"id":14,"position":[265.0721073150635,-537.3781323432922,2756.466865539551],"positionconfidence":1,"rotation":[-0.503948450088501,0.2327092289924622,-0.8317946791648865,0,-0.9630220532417297,-0.2694224119186401,-0.86373370885849,-0.1357749998569489,0.4853134751319885],"rotationconfidence":1},"15":{"id":15,"position":[225.6103456020355,-519.1558003425598,2691.333055496216],"positionconfidence":0.5,"rotation":[-0.503948450088501,0.2327092289924622,-0.8317946791648865,0,-0.9630220532417297,-0.2694224119186401,-0.86373370885849,-0.1357749998569489,0.4853134751319885],"rotationconfidence":0.5},"17":{"id":17,"position":[-2.554737729951739,-456.3322961330414,2784.906625747681],"positionconfidence":1,"rotation":[0.9128391742706299,-0.3784045279026032,-0.1534105837345123,0.4051125943660736,0.8863127827644348,0.2243514358997345,0.05107416212558746,-0.2669453024864197,0.9623573422431946],"rotationconfidence":1},"18":{"id":18,"position":[-150.3221243619919,-779.6204686164856,2703.073024749756],"positionconfidence":1,"rotation":[0.8599149584770203,-0.5104371905326843,0,0.4928489625453949,0.8302846550941467,0.2602448165416718,-0.132838636636734,-0.2237884104251862,0.9655426144599915],"rotationconfidence":1},"19":{"id":19,"position":[-281.8429172039032,-1001.1887550354,2633.62455368042],"positionconfidence":1,"rotation":[0.225880891084671,-0.9741549491882324,0,0.9594853520393372,0.2224793881177902,-0.1728896945714951,0.1684213429689407,0.03905247524380684,0.9849411845207214],"rotationconfidence":1},"20":{"id":20,"position":[-296.4869141578674,-1004.584312438965,2547.985315322876],"positionconfidence":1,"rotation":[0.225880891084671,-0.9741549491882324,0,0.9594853520393372,0.2224793881177902,-0.1728896945714951,0.1684213429689407,0.03905247524380684,0.9849411845207214],"rotationconfidence":1},"21":{"id":21,"position":[147.7240025997162,-454.0055692195892,2777.576446533203],"positionconfidence":1,"rotation":[0.9805377125740051,0.1962617188692093,0.005192217417061329,-0.1895649135112763,0.9395348429679871,0.2852005958557129,0.05109569430351257,-0.2806342244148254,0.9584537148475647],"rotationconfidence":1},"22":{"id":22,"position":[214.3290340900421,-784.1180562973022,2677.369117736816],"positionconfidence":1,"rotation":[0.6851492524147034,0.5327455401420593,-0.4967420995235443,-0.4437349438667297,0.8460829854011536,0.2953690588474274,0.5776416063308716,0.01804993860423565,0.8160909414291382],"rotationconfidence":1},"23":{"id":23,"position":[327.0737528800964,-999.0918636322021,2602.32138633728],"positionconfidence":1,"rotation":[0.9647460579872131,0.2631824612617493,0,-0.1467426717281342,0.5379135608673096,-0.8301298022270203,-0.2184756100177765,0.8008644580841064,0.5575700998306274],"rotationconfidence":1},"24":{"id":24,"position":[337.8758132457733,-1038.688898086548,2574.753522872925],"positionconfidence":1,"rotation":[0.9647460579872131,0.2631824612617493,0,-0.1467426717281342,0.5379135608673096,-0.8301298022270203,-0.2184756100177765,0.8008644580841064,0.5575700998306274],"rotationconfidence":1}},"skeletonTracked":true,"frameCount":1},{"position":[52.86142230033875,-467.9968357086182,2713.910341262817],"positionTracked":true,"id":4141,"skeleton":{"1":{"id":1,"position":[74.27983731031418,184.0611547231674,2933.588027954102],"positionconfidence":1,"rotation":[0.9992496967315674,0.03873105347156525,0,-0.03872132301330566,0.9989985823631287,-0.02241639792919159,-0.0008682106854394078,0.02239957824349403,0.9997487664222717],"rotationconfidence":1},"2":{"id":2,"position":[81.96058124303818,-14.09976277500391,2938.034534454346],"positionconfidence":1,"rotation":[0.9991654753684998,0.03841633349657059,-0.01388034224510193,-0.03872132301330566,0.9989985823631287,-0.02241639792919159,0.01300528645515442,0.02293515764176846,0.9996524453163147],"rotationconfidence":1},"3":{"id":3,"position":[76.56540721654892,-337.5458717346191,2869.112730026245],"positionconfidence":1,"rotation":[0.9997347593307495,-0.0125634390860796,-0.01929937303066254,0.01631185412406921,0.9779120087623596,0.2083792686462402,0.01625513099133968,-0.2086388170719147,0.9778576493263245],"rotationconfidence":1},"4":{"id":4,"position":[74.44737106561661,-385.1619958877564,2807.772874832153],"positionconfidence":1,"rotation":[0.9987715482711792,0.01599130034446716,-0.04690063372254372,0.02726577036082745,0.612968921661377,0.7896363735198975,0.04137594625353813,-0.7899451851844788,0.6117799878120422],"rotationconfidence":1},"6":{"id":6,"position":[-84.64328199625015,-131.5304636955261,2930.526733398438],"positionconfidence":1,"rotation":[0.2045461684465408,0.9759689569473267,0.0751359611749649,0.3552069962024689,-0.002479904796928167,-0.9347843527793884,-0.9121342301368713,0.2178953886032105,-0.3471782803535461],"rotationconfidence":1},"7":{"id":7,"position":[-135.304868221283,-373.2565045356751,2911.917209625244],"positionconfidence":1,"rotation":[-0.294680118560791,0.2401482611894608,0.9249282479286194,0.2849118709564209,0.9459652304649353,-0.1548380106687546,-0.9121342301368713,0.2178953886032105,-0.3471782803535461],"rotationconfidence":1},"8":{"id":8,"position":[-72.49163836240768,-424.4458675384522,2714.761972427368],"positionconfidence":1,"rotation":[-0.3760433495044708,-0.3877510130405426,0.841570258140564,0,0.9082326292991638,0.4184654951095581,-0.9266020059585571,0.157361164689064,-0.3415348529815674],"rotationconfidence":1},"9":{"id":9,"position":[-42.20438376069069,-393.2156562805176,2646.980285644531],"positionconfidence":0.5,"rotation":[-0.3760433495044708,-0.3877510130405426,0.841570258140564,0,0.9082326292991638,0.4184654951095581,-0.9266020059585571,0.157361164689064,-0.3415348529815674],"rotationconfidence":0.5},"12":{"id":12,"position":[253.4810304641724,-126.360148191452,2926.009178161621],"positionconfidence":1,"rotation":[0.2447991818189621,-0.9499236941337585,-0.1942120641469955,-0.7354191541671753,-0.05138137191534042,-0.675661563873291,0.6318480372428894,0.3082286715507507,-0.7111701965332031],"rotationconfidence":1},"13":{"id":13,"position":[316.6272640228272,-371.3940680027008,2875.911951065064],"positionconfidence":1,"rotation":[-0.2291325777769089,-0.8022424578666687,-0.5512760281562805,-0.7404500246047974,0.5112749338150024,-0.4362700879573822,0.6318480372428894,0.3082286715507507,-0.7111701965332031],"rotationconfidence":1},"14":{"id":14,"position":[268.3809995651245,-540.3146147727966,2759.835004806519],"positionconfidence":1,"rotation":[-0.5045114159584045,0.2369048744440079,-0.8302677273750305,0,-0.9616200923919678,-0.2743843793869019,-0.8634051084518433,-0.1384300589561462,0.4851483106613159],"rotationconfidence":1},"15":{"id":15,"position":[229.6536415815353,-522.1292972564697,2696.101903915405],"positionconfidence":0.5,"rotation":[-0.5045114159584045,0.2369048744440079,-0.8302677273750305,0,-0.9616200923919678,-0.2743843793869019,-0.8634051084518433,-0.1384300589561462,0.4851483106613159],"rotationconfidence":0.5},"17":{"id":17,"position":[-2.547100419178605,-456.86274766922,2785.174131393433],"positionconfidence":1,"rotation":[0.9127365350723267,-0.3787432312965393,-0.1531847268342972,0.40540412068367,0.8860664367675781,0.2247969955205917,0.05059149861335754,-0.2672821879386902,0.9622893333435059],"rotationconfidence":1},"18":{"id":18,"position":[-150.3366827964783,-779.8771858215332,2703.224658966065],"positionconfidence":1,"rotation":[0.8606698513031006,-0.509163498878479,0,0.4914886355400085,0.830793023109436,0.2611928880214691,-0.1329898834228516,-0.2248008400201798,0.9652865529060364],"rotationconfidence":1},"19":{"id":19,"position":[-281.3808917999268,-1001.389145851135,2633.583545684815],"positionconfidence":1,"rotation":[-0.43671715259552,-0.8995988368988037,0,0.8846796154975891,-0.4294745028018951,-0.1813656091690064,0.1631563007831574,-0.0792054682970047,0.9834157228469849],"rotationconfidence":1},"20":{"id":20,"position":[-297.6383566856384,-993.496835231781,2535.592555999756],"positionconfidence":1,"rotation":[-0.43671715259552,-0.8995988368988037,0,0.8846796154975891,-0.4294745028018951,-0.1813656091690064,0.1631563007831574,-0.0792054682970047,0.9834157228469849],"rotationconfidence":1},"21":{"id":21,"position":[147.6332098245621,-454.6313881874085,2777.89831161499],"positionconfidence":1,"rotation":[0.9804555177688599,0.1966528594493866,0.005880605429410934,-0.1901210397481918,0.9393545389175415,0.2854243218898773,0.05060553923249245,-0.2809638977050781,0.9583832025527954],"rotationconfidence":1},"22":{"id":22,"position":[214.3793702125549,-784.4123840332031,2677.693843841553],"positionconfidence":1,"rotation":[0.8727822303771973,0.4827580749988556,-0.07208207994699478,-0.4431846439838409,0.8456478714942932,0.2974341809749603,0.2045448124408722,-0.227649599313736,0.9520174264907837],"rotationconfidence":1},"23":{"id":23,"position":[326.6187906265259,-998.5782504081726,2602.36668586731],"positionconfidence":1,"rotation":[0.9129230976104736,0.4081317782402039,0,-0.3105217516422272,0.6945856213569641,-0.6489431262016296,-0.2648542821407318,0.5924350619316101,0.7608369588851929],"rotationconfidence":1},"24":{"id":24,"position":[341.8165445327759,-1032.573103904724,2558.708667755127],"positionconfidence":1,"rotation":[0.9129230976104736,0.4081317782402039,0,-0.3105217516422272,0.6945856213569641,-0.6489431262016296,-0.2648542821407318,0.5924350619316101,0.7608369588851929],"rotationconfidence":1}},"skeletonTracked":true,"frameCount":2},{"position":[54.1384369134903,-460.966944694519,2717.661380767822],"positionTracked":true,"id":4141,"skeleton":{"1":{"id":1,"position":[74.0358754992485,184.2297315597534,2934.654712677002],"positionconfidence":1,"rotation":[0.9992063641548157,0.03983397409319878,0,-0.03982848301529884,0.999068558216095,-0.0166008472442627,-0.0006612777360714972,0.01658767275512219,0.9998621940612793],"rotationconfidence":1},"2":{"id":2,"position":[81.94620162248611,-14.19505290687084,2937.951803207398],"positionconfidence":1,"rotation":[0.9991287589073181,0.03961273282766342,-0.01312857028096914,-0.03982848301529884,0.999068558216095,-0.0166008472442627,0.01245873793959618,0.01710927672684193,0.9997759461402893],"rotationconfidence":1},"3":{"id":3,"position":[76.47235691547394,-337.9240930080414,2869.372844696045],"positionconfidence":1,"rotation":[0.9997408986091614,-0.01293817069381475,-0.01872243173420429,0.01653936877846718,0.9781559705734253,0.2072131633758545,0.01563250087201595,-0.2074691355228424,0.9781165719032288],"rotationconfidence":1},"4":{"id":4,"position":[74.3563324213028,-385.5476081371307,2808.185815811157],"positionconfidence":1,"rotation":[0.9987631440162659,0.01607627049088478,-0.04705271497368813,0.02728066220879555,0.6139820218086243,0.7888484597206116,0.04157125949859619,-0.7891563773155212,0.6127840280532837],"rotationconfidence":1},"6":{"id":6,"position":[-84.62456613779068,-131.6745281219482,2930.254220962524],"positionconfidence":1,"rotation":[0.212490975856781,0.9739202857017517,0.07954208552837372,0.3686940670013428,-0.004524618852883577,-0.9295399188995361,-0.9049378037452698,0.2268455177545548,-0.3600400388240814],"rotationconfidence":1},"7":{"id":7,"position":[-137.0034366846085,-371.7451691627502,2910.64715385437],"positionconfidence":1,"rotation":[-0.3066481947898865,0.2390045076608658,0.9213271141052246,0.2950501143932343,0.944149374961853,-0.1467224508523941,-0.9049378037452698,0.2268455177545548,-0.3600400388240814],"rotationconfidence":1},"8":{"id":8,"position":[-71.59337401390076,-422.7263927459717,2714.12205696106],"positionconfidence":0.5,"rotation":[-0.3844117522239685,-0.3747653365135193,0.8436696529388428,0,0.9138914942741394,0.405958503484726,-0.9231616854667664,0.1560552269220352,-0.3513106405735016],"rotationconfidence":0.5},"9":{"id":9,"position":[-41.64829477667809,-393.5327529907227,2648.401498794556],"positionconfidence":0.5,"rotation":[-0.3844117522239685,-0.3747653365135193,0.8436696529388428,0,0.9138914942741394,0.405958503484726,-0.9231616854667664,0.1560552269220352,-0.3513106405735016],"rotationconfidence":0.5},"12":{"id":12,"position":[253.4124553203583,-126.4825165271759,2925.952911376953],"positionconfidence":1,"rotation":[0.2491525709629059,-0.9484328031539917,-0.1959545314311981,-0.7298483848571777,-0.05088280141353607,-0.6817126870155334,0.6365879774093628,0.3128675818443298,-0.7048897743225098],"rotationconfidence":1},"13":{"id":13,"position":[317.4645304679871,-370.3053593635559,2875.576972961426],"positionconfidence":1,"rotation":[-0.2375978231430054,-0.7899877429008484,-0.5652138590812683,-0.733691394329071,0.5272886157035828,-0.4285600483417511,0.6365879774093628,0.3128675818443298,-0.7048897743225098],"rotationconfidence":1},"14":{"id":14,"position":[267.9848670959473,-534.820020198822,2757.871389389038],"positionconfidence":1,"rotation":[-0.5062669515609741,0.1842904537916184,-0.8424552083015442,0,-0.976899266242981,-0.2137006223201752,-0.862376868724823,-0.1081895604729652,0.4945718050003052],"rotationconfidence":1},"15":{"id":15,"position":[232.207179069519,-521.7962861061096,2698.335409164429],"positionconfidence":0.5,"rotation":[-0.5062669515609741,0.1842904537916184,-0.8424552083015442,0,-0.976899266242981,-0.2137006223201752,-0.862376868724823,-0.1081895604729652,0.4945718050003052],"rotationconfidence":0.5},"17":{"id":17,"position":[-2.641166327521205,-457.3819935321808,2785.712242126465],"positionconfidence":1,"rotation":[0.9126970767974854,-0.3785040974617004,-0.1540080308914185,0.4054513573646545,0.8857709765434265,0.2258734852075577,0.05092182382941246,-0.2685968577861786,0.9619057178497314],"rotationconfidence":1},"18":{"id":18,"position":[-150.4479795694351,-780.2887558937073,2703.370332717896],"positionconfidence":1,"rotation":[0.8612408638000488,-0.508197009563446,0,0.4904440045356751,0.8311548829078674,0.2620046138763428,-0.1331499665975571,-0.2256490737199783,0.9650667309761047],"rotationconfidence":1},"19":{"id":19,"position":[-280.9321582317352,-1001.420140266419,2633.663177490234],"positionconfidence":1,"rotation":[-0.6444793939590454,-0.7646216750144958,0,0.747458815574646,-0.6300132870674133,-0.2106857001781464,0.1610948592424393,-0.1357825845479965,0.9775537848472595],"rotationconfidence":1},"20":{"id":20,"position":[-298.3238399028778,-986.7611527442932,2528.127193450928],"positionconfidence":1,"rotation":[-0.6444793939590454,-0.7646216750144958,0,0.747458815574646,-0.6300132870674133,-0.2106857001781464,0.1610948592424393,-0.1357825845479965,0.9775537848472595],"rotationconfidence":1},"21":{"id":21,"position":[147.5521475076675,-455.1629424095154,2778.380870819092],"positionconfidence":1,"rotation":[0.9803453683853149,0.1972067356109619,0.005680064670741558,-0.1906009614467621,0.9392890930175781,0.2853193283081055,0.05093167722225189,-0.2807941436767578,0.9584156274795532],"rotationconfidence":1},"22":{"id":22,"position":[214.3622487783432,-784.405767917633,2678.369760513306],"positionconfidence":1,"rotation":[-0.6853560209274292,-0.1035933271050453,-0.7208020687103271,-0.4438236355781555,0.8441652059555054,0.3006752133369446,0.577328085899353,0.5259785652160645,-0.6245308518409729],"rotationconfidence":1},"23":{"id":23,"position":[326.2237310409546,-997.1694946289062,2602.587461471558],"positionconfidence":1,"rotation":[0.9759403467178345,0.2180376946926117,0,-0.01458750478923321,0.06529391556978226,-0.9977595210075378,-0.2175491750240326,0.9737537503242493,0.06690359115600586],"rotationconfidence":1},"24":{"id":24,"position":[339.2488956451416,-1055.47034740448,2598.581790924072],"positionconfidence":1,"rotation":[0.9759403467178345,0.2180376946926117,0,-0.01458750478923321,0.06529391556978226,-0.9977595210075378,-0.2175491750240326,0.9737537503242493,0.06690359115600586],"rotationconfidence":1}},"skeletonTracked":true,"frameCount":3},{"position":[58.16620215773583,-467.6313996315002,2715.014457702637],"positionTracked":true,"id":4141,"skeleton":{"1":{"id":1,"position":[73.82457703351974,184.1652244329453,2935.232162475586],"positionconfidence":1,"rotation":[0.99917072057724,0.04071776568889618,0,-0.04071399569511414,0.9990782737731934,-0.01360248867422342,-0.00055386294843629,0.01359120849519968,0.9999075531959534],"rotationconfidence":1},"2":{"id":2,"position":[81.91200345754623,-14.29162546992302,2937.934160232544],"positionconfidence":1,"rotation":[0.9991040825843811,0.04055016115307808,-0.01211044285446405,-0.04071399569511414,0.9990782737731934,-0.01360248867422342,0.0115476967766881,0.01408336590975523,0.9998340606689453],"rotationconfidence":1},"3":{"id":3,"position":[76.31412893533707,-338.2524251937866,2869.731187820435],"positionconfidence":1,"rotation":[0.9997487664222717,-0.01350952964276075,-0.0178864598274231,0.01690640673041344,0.978409469127655,0.20598304271698,0.01471754815429449,-0.2062336951494217,0.9783921241760254],"rotationconfidence":1},"4":{"id":4,"position":[74.21860843896866,-385.8368396759033,2808.705568313599],"positionconfidence":1,"rotation":[0.9987650513648987,0.01623581908643246,-0.04695576429367065,0.02706931345164776,0.6146813631057739,0.7883108854293823,0.04166170582175255,-0.7886084318161011,0.6134827733039856],"rotationconfidence":1},"6":{"id":6,"position":[-84.64687317609787,-131.7920088768005,2930.025339126587],"positionconfidence":1,"rotation":[0.2178814709186554,0.9725011587142944,0.08227454870939255,0.3776795566082001,-0.006282912101596594,-0.9259149432182312,-0.8999364972114563,0.2328131347894669,-0.3686627447605133],"rotationconfidence":1},"7":{"id":7,"position":[-138.1808221340179,-370.7376420497894,2909.810304641724],"positionconfidence":1,"rotation":[-0.3154506385326386,0.2360564321279526,0.9191126823425293,0.3010067045688629,0.943437933921814,-0.1389947533607483,-0.8999364972114563,0.2328131347894669,-0.3686627447605133],"rotationconfidence":1},"8":{"id":8,"position":[-70.86145877838135,-421.1137294769287,2713.665246963501],"positionconfidence":0.5,"rotation":[-0.3919721841812134,-0.3675612211227417,0.8433602452278137,0,0.9167187809944153,0.3995330333709717,-0.9199770092964172,0.1566058397293091,-0.3593282699584961],"rotationconfidence":0.5},"9":{"id":9,"position":[-41.26100242137909,-393.3567106723785,2649.977445602417],"positionconfidence":0.5,"rotation":[-0.3919721841812134,-0.3675612211227417,0.8433602452278137,0,0.9167187809944153,0.3995330333709717,-0.9199770092964172,0.1566058397293091,-0.3593282699584961],"rotationconfidence":0.5},"12":{"id":12,"position":[253.3374726772308,-126.5420913696289,2926.047801971436],"positionconfidence":1,"rotation":[0.2529260516166687,-0.9471076726913452,-0.1975233256816864,-0.7308467626571655,-0.05326046422123909,-0.6804603338241577,0.6339490413665771,0.316465437412262,-0.7056615352630615],"rotationconfidence":1},"13":{"id":13,"position":[318.2220757007599,-369.5091605186462,2875.375986099243],"positionconfidence":1,"rotation":[-0.2470179349184036,-0.7817928194999695,-0.5725225806236267,-0.7328647375106812,0.5372611880302429,-0.4174441695213318,0.6339490413665771,0.316465437412262,-0.7056615352630615],"rotationconfidence":1},"14":{"id":14,"position":[267.0918405056,-531.3324332237244,2756.869554519653],"positionconfidence":1,"rotation":[-0.4984062016010284,0.1535125821828842,-0.853243887424469,0,-0.9841976761817932,-0.1770733147859573,-0.8669436573982239,-0.08825443685054779,0.4905302226543427],"rotationconfidence":1},"15":{"id":15,"position":[233.868420124054,-521.0993885993958,2699.992895126343],"positionconfidence":0.5,"rotation":[-0.4984062016010284,0.1535125821828842,-0.853243887424469,0,-0.9841976761817932,-0.1770733147859573,-0.8669436573982239,-0.08825443685054779,0.4905302226543427],"rotationconfidence":0.5},"17":{"id":17,"position":[-2.796300686895847,-457.7922224998474,2786.298751831055],"positionconfidence":1,"rotation":[0.9127503037452698,-0.3780699670314789,-0.1547581106424332,0.4052980542182922,0.8855323791503906,0.2270816415548325,0.05119055882096291,-0.2699919641017914,0.9615008234977722],"rotationconfidence":1},"18":{"id":18,"position":[-150.5411416292191,-780.5987000465393,2703.519821166992],"positionconfidence":1,"rotation":[0.861714780330658,-0.5073928833007812,0,0.4895893335342407,0.8314787149429321,0.2625744044780731,-0.1332283914089203,-0.226264238357544,0.9649116396903992],"rotationconfidence":1},"19":{"id":19,"position":[-280.5117070674896,-1001.330137252808,2633.814573287964],"positionconfidence":1,"rotation":[-0.648811936378479,-0.760948896408081,0,0.7414411306381226,-0.6321789622306824,-0.2249779850244522,0.1711967289447784,-0.1459683775901794,0.9743639230728149],"rotationconfidence":1},"20":{"id":20,"position":[-299.2963194847107,-985.3137135505676,2526.902198791504],"positionconfidence":1,"rotation":[-0.648811936378479,-0.760948896408081,0,0.7414411306381226,-0.6321789622306824,-0.2249779850244522,0.1711967289447784,-0.1459683775901794,0.9743639230728149],"rotationconfidence":1},"21":{"id":21,"position":[147.4597305059433,-455.5982053279877,2778.915166854858],"positionconfidence":1,"rotation":[0.9802078008651733,0.1978909969329834,0.005641226191073656,-0.1912371218204498,0.9391112327575684,0.2854791283607483,0.05119602009654045,-0.2809077203273773,0.9583683609962463],"rotationconfidence":1},"22":{"id":22,"position":[214.4053131341934,-784.3489646911621,2678.978681564331],"positionconfidence":1,"rotation":[-0.8246135711669922,-0.2545504570007324,-0.5051895380020142,-0.4443273842334747,0.8441702127456665,0.2999161183834076,0.3501221835613251,0.4717844426631928,-0.8092179298400879],"rotationconfidence":1},"23":{"id":23,"position":[326.746791601181,-997.784674167633,2603.1494140625],"positionconfidence":1,"rotation":[0.9861700534820557,0.1657361537218094,0,0.03659246861934662,-0.2177340090274811,-0.9753219485282898,-0.1616461277008057,0.9618334174156189,-0.2207874953746796],"rotationconfidence":1},"24":{"id":24,"position":[339.6669626235962,-1074.662804603577,2620.79668045044],"positionconfidence":1,"rotation":[0.9861700534820557,0.1657361537218094,0,0.03659246861934662,-0.2177340090274811,-0.9753219485282898,-0.1616461277008057,0.9618334174156189,-0.2207874953746796],"rotationconfidence":1}},"skeletonTracked":true,"frameCount":4},{"position":[54.52611669898033,-464.0173614025116,2717.005014419556],"positionTracked":true,"id":4141,"skeleton":{"1":{"id":1,"position":[73.47626239061356,184.0865910053253,2935.768365859985],"positionconfidence":1,"rotation":[0.9991198182106018,0.04194634780287743,0,-0.04194357246160507,0.9990537762641907,-0.01149793621152639,-0.0004822964256163687,0.01148781552910805,0.9999337792396545],"rotationconfidence":1},"2":{"id":2,"position":[81.80829882621765,-14.37414065003395,2938.052415847778],"positionconfidence":1,"rotation":[0.9990653991699219,0.04181839525699616,-0.01091898698359728,-0.04194357246160507,0.9990537762641907,-0.01149793621152639,0.01042783074080944,0.01194517314434052,0.9998741745948792],"rotationconfidence":1},"3":{"id":3,"position":[75.99885016679764,-338.5425508022308,2870.477914810181],"positionconfidence":1,"rotation":[0.9997532963752747,-0.01438844949007034,-0.01692553050816059,0.01754126325249672,0.9788060784339905,0.2040369361639023,0.01363103557378054,-0.2042834609746933,0.9788168668746948],"rotationconfidence":1},"4":{"id":4,"position":[73.91232252120972,-386.0456943511963,2809.706926345825],"positionconfidence":1,"rotation":[0.9987465739250183,0.01656032539904118,-0.04723602533340454,0.02704077772796154,0.6156266331672668,0.7875739336013794,0.04212223365902901,-0.7878640294075012,0.6144071817398071],"rotationconfidence":1},"6":{"id":6,"position":[-84.7168043255806,-131.886824965477,2929.908990859985],"positionconfidence":1,"rotation":[0.221732497215271,0.9715567231178284,0.08313878625631332,0.3841171562671661,-0.008660233579576015,-0.9232435822486877,-0.8962636590003967,0.2366481721401215,-0.3751119375228882],"rotationconfidence":1},"7":{"id":7,"position":[-139.0693783760071,-370.0414001941681,2909.529447555542],"positionconfidence":1,"rotation":[-0.3215965032577515,0.2356742322444916,0.9170786142349243,0.3054291903972626,0.942578911781311,-0.1351210176944733,-0.8962636590003967,0.2366481721401215,-0.3751119375228882],"rotationconfidence":1},"8":{"id":8,"position":[-70.43186575174332,-420.3407466411591,2713.799715042114],"positionconfidence":1,"rotation":[-0.3997929394245148,-0.3649808168411255,0.8408058881759644,0,0.9173040986061096,0.398187518119812,-0.9166054725646973,0.1591925621032715,-0.3667317032814026],"rotationconfidence":1},"9":{"id":9,"position":[-41.2377379834652,-393.6887085437775,2652.401447296143],"positionconfidence":0.5,"rotation":[-0.3997929394245148,-0.3649808168411255,0.8408058881759644,0,0.9173040986061096,0.398187518119812,-0.9166054725646973,0.1591925621032715,-0.3667317032814026],"rotationconfidence":0.5},"12":{"id":12,"position":[253.2934844493866,-126.5300214290619,2926.31983757019],"positionconfidence":1,"rotation":[0.2568998634815216,-0.9458048343658447,-0.1986344456672669,-0.7346223592758179,-0.05756103247404099,-0.676030158996582,0.6279590129852295,0.3195933699607849,-0.7095968127250671],"rotationconfidence":1},"13":{"id":13,"position":[319.0385401248932,-368.5775995254517,2875.485897064209],"positionconfidence":1,"rotation":[-0.271281510591507,-0.7647101879119873,-0.5844867825508118,-0.7294340133666992,0.5595342516899109,-0.3935068845748901,0.6279590129852295,0.3195933699607849,-0.7095968127250671],"rotationconfidence":1},"14":{"id":14,"position":[263.3589506149292,-525.5317091941833,2755.522012710571],"positionconfidence":1,"rotation":[-0.4723039269447327,0.1172530055046082,-0.8736020922660828,0,-0.9911127090454102,-0.1330250203609467,-0.8814356923103333,-0.06282824277877808,0.4681064188480377],"rotationconfidence":1},"15":{"id":15,"position":[233.883336186409,-518.2141661643982,2701.00212097168],"positionconfidence":0.5,"rotation":[-0.4723039269447327,0.1172530055046082,-0.8736020922660828,0,-0.9911127090454102,-0.1330250203609467,-0.8814356923103333,-0.06282824277877808,0.4681064188480377],"rotationconfidence":0.5},"17":{"id":17,"position":[-3.14114335924387,-458.1893384456635,2787.385702133179],"positionconfidence":1,"rotation":[0.9128087162971497,-0.3774330615997315,-0.1559625715017319,0.4050726592540741,0.8853318691253662,0.2282621264457703,0.05192497000098229,-0.2715358436107636,0.9610264897346497],"rotationconfidence":1},"18":{"id":18,"position":[-150.5567729473114,-780.3827524185181,2704.315662384033],"positionconfidence":1,"rotation":[0.8627405762672424,-0.5056466460227966,0,0.487617552280426,0.8319790959358215,0.2646501362323761,-0.1338194608688355,-0.2283244132995606,0.964344322681427],"rotationconfidence":1},"19":{"id":19,"position":[-280.1619470119476,-1001.516699790955,2633.973598480225],"positionconfidence":1,"rotation":[0.980736494064331,-0.1953352093696594,0,0.08456558734178543,0.4245857894420624,-0.9014296531677246,0.1760809719562531,0.8840650320053101,0.4329254627227783],"rotationconfidence":1},"20":{"id":20,"position":[-289.8896336555481,-1050.357341766357,2610.056400299072],"positionconfidence":1,"rotation":[0.980736494064331,-0.1953352093696594,0,0.08456558734178543,0.4245857894420624,-0.9014296531677246,0.1760809719562531,0.8840650320053101,0.4329254627227783],"rotationconfidence":1},"21":{"id":21,"position":[147.2205072641373,-456.0045599937439,2779.878854751587],"positionconfidence":1,"rotation":[0.9800862669944763,0.1985066533088684,0.00511739868670702,-0.1916630268096924,0.9389297366142273,0.2857906520366669,0.05192646011710167,-0.2810802757740021,0.958278477191925],"rotationconfidence":1},"22":{"id":22,"position":[214.2121493816376,-784.1870188713074,2679.986953735352],"positionconfidence":1,"rotation":[0.8780446648597717,0.4768922924995422,-0.04014074802398682,-0.4440710544586182,0.8431348204612732,0.3031907677650452,0.1784334033727646,-0.2483896911144257,0.9520840644836426],"rotationconfidence":1},"23":{"id":23,"position":[326.5689015388489,-997.5129961967468,2603.275060653687],"positionconfidence":1,"rotation":[0.90193772315979,0.4318661689758301,0,-0.339180201292038,0.7083662152290344,-0.6190105676651001,-0.2673296928405762,0.5583089590072632,0.7853826284408569],"rotationconfidence":1},"24":{"id":24,"position":[342.9520428180695,-1031.728625297546,2555.143356323242],"positionconfidence":1,"rotation":[0.90193772315979,0.4318661689758301,0,-0.339180201292038,0.7083662152290344,-0.6190105676651001,-0.2673296928405762,0.5583089590072632,0.7853826284408569],"rotationconfidence":1}},"skeletonTracked":true,"frameCount":5},{"position":[52.44627967476845,-469.6202278137207,2715.755462646484],"positionTracked":true,"id":4141,"skeleton":{"1":{"id":1,"position":[73.09181243181229,184.1608285903931,2936.390161514282],"positionconfidence":1,"rotation":[0.9990620017051697,0.04330212250351906,0,-0.04330036044120789,0.9990214109420776,-0.009020726196467876,-0.0003906165948137641,0.009012265130877495,0.9999593496322632],"rotationconfidence":1},"2":{"id":2,"position":[81.69908821582794,-14.42534103989601,2938.183307647705],"positionconfidence":1,"rotation":[0.9990186095237732,0.04321243241429329,-0.009724199771881104,-0.04330036044120789,0.9990214109420776,-0.009020726196467876,0.00932487566024065,0.00943293422460556,0.9999120235443115],"rotationconfidence":1},"3":{"id":3,"position":[75.70035755634308,-338.7635946273804,2871.196985244751],"positionconfidence":1,"rotation":[0.9997571706771851,-0.01519347168505192,-0.01596519164741039,0.01811004430055618,0.979170560836792,0.2022303342819214,0.01256006397306919,-0.2024703621864319,0.9792078733444214],"rotationconfidence":1},"4":{"id":4,"position":[73.63171130418777,-386.1816227436066,2810.65034866333],"positionconfidence":1,"rotation":[0.9987326264381409,0.01694530807435513,-0.04739384353160858,0.02688902989029884,0.6163570880889893,0.7870075702667236,0.04254761710762978,-0.7872845530509949,0.6151202917098999],"rotationconfidence":1},"6":{"id":6,"position":[-84.80773121118546,-131.9643557071686,2929.827690124512],"positionconfidence":1,"rotation":[0.224671944975853,0.9708886742591858,0.08305217325687408,0.3883815407752991,-0.01105325855314732,-0.9214323163032532,-0.8936902284622192,0.2392759323120117,-0.3795586228370667],"rotationconfidence":1},"7":{"id":7,"position":[-139.7615522146225,-369.4396913051605,2909.513473510742],"positionconfidence":1,"rotation":[-0.3258300721645355,0.2354817688465118,0.9156326055526733,0.3084679841995239,0.9419635534286499,-0.1324844658374786,-0.8936902284622192,0.2392759323120117,-0.3795586228370667],"rotationconfidence":1},"8":{"id":8,"position":[-70.15332579612732,-419.7464883327484,2713.903665542603],"positionconfidence":0.5,"rotation":[-0.4066543877124786,-0.3681402802467346,0.8361250162124634,0,0.9152160286903381,0.4029635488986969,-0.9135821461677551,0.1638668924570084,-0.3721766173839569],"rotationconfidence":0.5},"9":{"id":9,"position":[-41.37042164802551,-393.6896026134491,2654.722929000855],"positionconfidence":0.5,"rotation":[-0.4066543877124786,-0.3681402802467346,0.8361250162124634,0,0.9152160286903381,0.4029635488986969,-0.9135821461677551,0.1638668924570084,-0.3721766173839569],"rotationconfidence":0.5},"12":{"id":12,"position":[253.2583177089691,-126.4899224042893,2926.623344421387],"positionconfidence":1,"rotation":[0.26069176197052,-0.9446701407432556,-0.1990935504436493,-0.7734127640724182,-0.08092672377824783,-0.6287158727645874,0.5778170824050903,0.3178825080394745,-0.7517167925834656],"rotationconfidence":1},"13":{"id":13,"position":[319.8327422142029,-367.7360117435455,2875.779628753662],"positionconfidence":1,"rotation":[-0.26754230260849,-0.7963708639144897,-0.5424155592918396,-0.7710697650909424,0.5145330429077148,-0.3751096725463867,0.5778170824050903,0.3178825080394745,-0.7517167925834656],"rotationconfidence":1},"14":{"id":14,"position":[265.5970752239227,-529.1748046875,2765.822172164917],"positionconfidence":1,"rotation":[-0.4408780932426453,0.1524242609739304,-0.8845301270484924,0,-0.9854751825332642,-0.1698193401098251,-0.897567093372345,-0.07486962527036667,0.4344744086265564],"rotationconfidence":1},"15":{"id":15,"position":[236.4430576562882,-519.0954208374023,2707.330703735352],"positionconfidence":0.5,"rotation":[-0.4408780932426453,0.1524242609739304,-0.8845301270484924,0,-0.9854751825332642,-0.1698193401098251,-0.897567093372345,-0.07486962527036667,0.4344744086265564],"rotationconfidence":0.5},"17":{"id":17,"position":[-3.459426574409008,-458.4980309009552,2788.39111328125],"positionconfidence":1,"rotation":[0.912895679473877,-0.3767865300178528,-0.1570137441158295,0.4047991037368774,0.8851501941680908,0.2294491231441498,0.05252740532159805,-0.2730221152305603,0.9605725407600403],"rotationconfidence":1},"18":{"id":18,"position":[-150.5694538354874,-780.1747918128967,2705.005884170532],"positionconfidence":1,"rotation":[0.8651583194732666,-0.5014989972114563,0,0.4841736257076263,0.8352695107460022,0.2605777978897095,-0.1306795030832291,-0.2254410535097122,0.9654529690742493],"rotationconfidence":1},"19":{"id":19,"position":[-279.8616886138916,-1003.222584724426,2635.421991348267],"positionconfidence":1,"rotation":[0.9971566796302795,-0.07535730302333832,0,0.0002749114064499736,0.003637732705101371,-0.9999933838844299,0.07535678893327713,0.9971499443054199,0.003648105543106794],"rotationconfidence":1},"20":{"id":20,"position":[-285.3676974773407,-1076.080203056335,2635.155439376831],"positionconfidence":1,"rotation":[0.9971566796302795,-0.07535730302333832,0,0.0002749114064499736,0.003637732705101371,-0.9999933838844299,0.07535678893327713,0.9971499443054199,0.003648105543106794],"rotationconfidence":1},"21":{"id":21,"position":[147.025853395462,-456.3085734844208,2780.784368515015],"positionconfidence":1,"rotation":[0.9799439311027527,0.1992131471633911,0.004889945033937693,-0.1922257244586945,0.938534677028656,0.286708801984787,0.05252677947282791,-0.2818985283374786,0.9580052495002747],"rotationconfidence":1},"22":{"id":22,"position":[214.1658961772919,-784.1172218322754,2680.643558502197],"positionconfidence":1,"rotation":[0.8946372270584106,0.4372883141040802,0.09166889637708664,-0.4434099793434143,0.8437731266021729,0.302381306886673,0.0548800602555275,-0.3111684918403626,0.9487688541412354],"rotationconfidence":1},"23":{"id":23,"position":[326.8420696258545,-998.5308051109314,2603.804588317871],"positionconfidence":1,"rotation":[0.8036231398582458,0.5951386094093323,0,-0.5309404730796814,0.7169355750083923,-0.4517806172370911,-0.2688720524311066,0.3630613088607788,0.8921290636062622],"rotationconfidence":1},"24":{"id":24,"position":[346.6983139514923,-1025.34294128418,2537.920713424683],"positionconfidence":1,"rotation":[0.8036231398582458,0.5951386094093323,0,-0.5309404730796814,0.7169355750083923,-0.4517806172370911,-0.2688720524311066,0.3630613088607788,0.8921290636062622],"rotationconfidence":1}},"skeletonTracked":true,"frameCount":6},{"position":[54.10225689411163,-465.7865762710571,2716.199636459351],"positionTracked":true,"id":4141,"skeleton":{"1":{"id":1,"position":[72.80564308166504,184.139683842659,2936.934471130371],"positionconfidence":1,"rotation":[0.9990217685699463,0.04422132670879364,0,-0.04422029480338097,0.9989984631538391,-0.006833258550614119,-0.0003021757584065199,0.006826573982834816,0.9999766945838928],"rotationconfidence":1},"2":{"id":2,"position":[81.59700781106949,-14.46957234293222,2938.292980194092],"positionconfidence":1,"rotation":[0.9989862442016602,0.0441599041223526,-0.008750001899898052,-0.04422029480338097,0.9989984631538391,-0.006833258550614119,0.008439482189714909,0.007213258184492588,0.999938428401947],"rotationconfidence":1},"3":{"id":3,"position":[75.38674026727676,-338.9409482479096,2871.925592422485],"positionconfidence":1,"rotation":[0.9997557997703552,-0.01602303795516491,-0.01521430443972349,0.01874812133610249,0.9795437455177307,0.2003559172153473,0.01169276610016823,-0.2005922645330429,0.9796050190925598],"rotationconfidence":1},"4":{"id":4,"position":[73.30262660980225,-386.2823247909546,2811.617374420166],"positionconfidence":1,"rotation":[0.9987024664878845,0.01712802797555924,-0.04795820638537407,0.02717287465929985,0.6172414422035217,0.7863043546676636,0.04306963831186295,-0.7865873575210571,0.6159752011299133],"rotationconfidence":1},"6":{"id":6,"position":[-84.93635058403015,-132.0131421089172,2929.813146591187],"positionconfidence":1,"rotation":[0.2266819626092911,0.9704613089561462,0.08258409798145294,0.3911957144737244,-0.01306791976094246,-0.9202147126197815,-0.8919535875320435,0.2409026175737381,-0.3826025724411011],"rotationconfidence":1},"7":{"id":7,"position":[-140.2864009141922,-368.9754605293274,2909.648180007935],"positionconfidence":1,"rotation":[-0.3288934826850891,0.2349459826946259,0.9146744608879089,0.3102384209632874,0.9416826367378235,-0.1303296089172363,-0.8919535875320435,0.2409026175737381,-0.3826025724411011],"rotat