{"motiondata":[{"position":[112.6899421215057,-474.401593208313,2639.550447463989],"positionTracked":true,"id":4561,"skeleton":{"1":{"id":1,"position":[129.9256831407547,134.3911439180374,2869.664192199707],"positionconfidence":1,"rotation":[0.9992434978485107,0.03889141604304314,0,-0.03878935426473618,0.9966211915016174,0.07239880412817001,0.00281569198705256,-0.07234403491020203,0.9973758459091187],"rotationconfidence":1},"2":{"id":2,"position":[137.5211328268051,-60.75998023152351,2855.487585067749],"positionconfidence":1,"rotation":[0.9990601539611816,0.03727791085839272,0.02211284823715687,-0.03878935426473618,0.9966211915016174,0.07239880412817001,-0.01933925598859787,-0.07318851351737976,0.9971305131912231],"rotationconfidence":1},"3":{"id":3,"position":[130.3439140319824,-399.9665081501007,2783.729076385498],"positionconfidence":1,"rotation":[0.9996347427368164,-0.023843664675951,0.0127278221771121,0.02069627679884434,0.978138267993927,0.2069233357906342,-0.01738337986171246,-0.2065843343734741,0.978274405002594],"rotationconfidence":1},"4":{"id":4,"position":[129.7785639762878,-450.9308040142059,2722.665071487427],"positionconfidence":1,"rotation":[0.9986543655395508,0.03489188104867935,-0.03836678341031075,0.007107812445610762,0.6407440304756165,0.7677217125892639,0.0513705387711525,-0.7669612765312195,0.6396337747573853],"rotationconfidence":1},"6":{"id":6,"position":[-19.10917460918427,-185.5036616325378,2841.629505157471],"positionconfidence":1,"rotation":[0.19928278028965,0.9672881364822388,-0.1569714397192001,0.1758358627557755,-0.1928811520338059,-0.9653385877609253,-0.9640374183654785,0.1647741496562958,-0.208521842956543],"rotationconfidence":1},"7":{"id":7,"position":[-69.29446011781693,-429.0953576564789,2881.159543991089],"positionconfidence":1,"rotation":[-0.1125560402870178,0.4576310217380524,0.8819891214370728,0.2407550662755966,0.8737409114837646,-0.4226270914077759,-0.9640374183654785,0.1647741496562958,-0.208521842956543],"rotationconfidence":1},"8":{"id":8,"position":[-46.39702662825584,-522.1918821334839,2701.735258102417],"positionconfidence":0.5,"rotation":[-0.08744145929813385,0.4497729241847992,0.8888522982597351,0,0.892270028591156,-0.4515023231506348,-0.9961698055267334,-0.03948002308607101,-0.07802139222621918],"rotationconfidence":0.5},"9":{"id":9,"position":[-40.97530990839005,-550.0795841217041,2646.622896194458],"positionconfidence":0.5,"rotation":[-0.08744145929813385,0.4497729241847992,0.8888522982597351,0,0.892270028591156,-0.4515023231506348,-0.9961698055267334,-0.03948002308607101,-0.07802139222621918],"rotationconfidence":0.5},"12":{"id":12,"position":[306.0484230518341,-181.667372584343,2848.217487335205],"positionconfidence":1,"rotation":[0.2489206343889237,-0.9649778008460999,0.08280337601900101,-0.3490707874298096,-0.1691348105669022,-0.9217066168785095,0.9034312963485718,0.200527548789978,-0.3789466917514801],"rotationconfidence":1},"13":{"id":13,"position":[366.3243353366852,-415.3358936309815,2868.268251419067],"positionconfidence":1,"rotation":[-0.1514878571033478,-0.6775572896003723,-0.7196995615959167,-0.4010776877403259,0.7076049447059631,-0.5817489624023438,0.9034312963485718,0.200527548789978,-0.3789466917514801],"rotationconfidence":1},"14":{"id":14,"position":[337.216317653656,-545.5268621444702,2729.979753494263],"positionconfidence":1,"rotation":[-0.2240951359272003,-0.7340764999389648,-0.6410248875617981,0,-0.6577534079551697,0.7532333135604858,-0.974567174911499,0.1687959283590317,0.1473993360996246],"rotationconfidence":1},"15":{"id":15,"position":[321.8163549900055,-595.9730744361877,2685.928106307983],"positionconfidence":0.5,"rotation":[-0.2240951359272003,-0.7340764999389648,-0.6410248875617981,0,-0.6577534079551697,0.7532333135604858,-0.974567174911499,0.1687959283590317,0.1473993360996246],"rotationconfidence":0.5},"17":{"id":17,"position":[52.4931401014328,-520.209014415741,2702.084064483643],"positionconfidence":1,"rotation":[0.8998218774795532,-0.3817430436611176,-0.2111701220273972,0.4318802058696747,0.8478781580924988,0.3075419366359711,0.0616445392370224,-0.3679331839084625,0.9278066158294678],"rotationconfidence":1},"18":{"id":18,"position":[-76.33356750011444,-773.1248736381531,2610.346555709839],"positionconfidence":1,"rotation":[0.8090590238571167,-0.587727427482605,0,0.5226771831512451,0.7195115685462952,0.4572871327400208,-0.2687602043151856,-0.369972288608551,0.8893190622329712],"rotationconfidence":1},"19":{"id":19,"position":[-193.4066414833069,-934.28635597229,2507.920026779175],"positionconfidence":1,"rotation":[0.9963497519493103,-0.08536463230848312,0,-0.01027247775346041,-0.1198972091078758,-0.9927331805229187,0.08474430441856384,0.9891095161437988,-0.1203364655375481],"rotationconfidence":1},"20":{"id":20,"position":[-199.0318298339844,-999.9418258666992,2515.907764434815],"positionconfidence":1,"rotation":[0.9963497519493103,-0.08536463230848312,0,-0.01027247775346041,-0.1198972091078758,-0.9927331805229187,0.08474430441856384,0.9891095161437988,-0.1203364655375481],"rotationconfidence":1},"21":{"id":21,"position":[205.3715586662293,-517.5665020942688,2692.97456741333],"positionconfidence":1,"rotation":[0.9633572101593018,0.2663677036762238,0.03148458153009415,-0.2610019743442535,0.903892993927002,0.3389034867286682,0.06181424111127853,-0.3347026109695435,0.9402942061424255],"rotationconfidence":1},"22":{"id":22,"position":[283.6274802684784,-788.5797023773193,2591.361522674561],"positionconfidence":1,"rotation":[-0.8491988182067871,-0.0146337766200304,-0.5278704166412354,-0.4047220349311829,0.6601375937461853,0.6327862739562988,0.3392070531845093,0.7510021328926086,-0.5665106773376465],"rotationconfidence":1},"23":{"id":23,"position":[373.5939860343933,-935.3230595588684,2450.698137283325],"positionconfidence":1,"rotation":[0.9989472031593323,0.04587555676698685,0,-0.002112989313900471,0.04601066187024117,-0.998938798904419,-0.04582686722278595,0.9978870153427124,0.04605915397405624],"rotationconfidence":1},"24":{"id":24,"position":[376.3397634029388,-995.1127767562866,2447.938442230225],"positionconfidence":1,"rotation":[0.9989472031593323,0.04587555676698685,0,-0.002112989313900471,0.04601066187024117,-0.998938798904419,-0.04582686722278595,0.9978870153427124,0.04605915397405624],"rotationconfidence":1}},"skeletonTracked":true,"frameCount":1},{"position":[113.7671619653702,-484.0450882911682,2638.889074325562],"positionTracked":true,"id":4561,"skeleton":{"1":{"id":1,"position":[135.6044709682465,137.3244822025299,2874.875068664551],"positionconfidence":1,"rotation":[0.9997050166130066,0.02428734861314297,0,-0.02417849749326706,0.9952245950698853,0.09456975013017654,0.002296848455443978,-0.09454185515642166,0.9955182671546936],"rotationconfidence":1},"2":{"id":2,"position":[140.4086649417877,-60.42362004518509,2856.08434677124],"positionconfidence":1,"rotation":[0.9992402791976929,0.02116632089018822,0.03272594884037972,-0.02417849749326706,0.9952245950698853,0.09456975013017654,-0.03056797571480274,-0.09528916329145432,0.9949802160263062],"rotationconfidence":1},"3":{"id":3,"position":[131.4959526062012,-399.9983072280884,2784.64150428772],"positionconfidence":1,"rotation":[0.9992588758468628,-0.03102134913206101,0.02278685942292213,0.02567593567073345,0.9782541394233704,0.2058140933513641,-0.02867597527801991,-0.2050765156745911,0.9783257842063904],"rotationconfidence":1},"4":{"id":4,"position":[131.2345117330551,-450.7240653038025,2723.946332931519],"positionconfidence":1,"rotation":[0.9989360570907593,0.03317899629473686,-0.0320320762693882,0.003305124351754785,0.6412728428840637,0.7673057913780212,0.04599973931908608,-0.7665953040122986,0.6404809355735779],"rotationconfidence":1},"6":{"id":6,"position":[-16.37846045196056,-185.1922273635864,2841.822147369385],"positionconfidence":1,"rotation":[0.2053826302289963,0.9658164978027344,-0.1581661999225617,0.1708911210298538,-0.1945198178291321,-0.9658977389335632,-0.9636463522911072,0.1713494211435318,-0.2050004452466965],"rotationconfidence":1},"7":{"id":7,"position":[-68.06892156600952,-428.267776966095,2881.629228591919],"positionconfidence":1,"rotation":[-0.1067541912198067,0.4564341008663178,0.8833298087120056,0.244927242398262,0.8731021881103516,-0.4215487837791443,-0.9636463522911072,0.1713494211435318,-0.2050004452466965],"rotationconfidence":1},"8":{"id":8,"position":[-46.30716145038605,-521.3115215301514,2701.563119888306],"positionconfidence":0.5,"rotation":[-0.08442582935094833,0.4502707421779633,0.8888917565345764,0,0.8920766711235046,-0.4518840909004211,-0.9964298009872437,-0.03815069049596787,-0.07531431317329407],"rotationconfidence":0.5},"9":{"id":9,"position":[-41.06409847736359,-549.2745041847229,2646.360635757446],"positionconfidence":0.5,"rotation":[-0.08442582935094833,0.4502707421779633,0.8888917565345764,0,0.8920766711235046,-0.4518840909004211,-0.9964298009872437,-0.03815069049596787,-0.07531431317329407],"rotationconfidence":0.5},"12":{"id":12,"position":[309.3404173851013,-181.155651807785,2852.215528488159],"positionconfidence":1,"rotation":[0.2398370057344437,-0.9682560563087463,0.07041618973016739,-0.3595750033855438,-0.1559726446866989,-0.919988214969635,0.9017671346664429,0.1953273117542267,-0.3855686783790588],"rotationconfidence":1},"13":{"id":13,"position":[367.1901822090149,-414.703369140625,2869.200229644775],"positionconfidence":1,"rotation":[-0.1573760211467743,-0.6824447512626648,-0.7137940526008606,-0.4025527834892273,0.7043552994728088,-0.5846664309501648,0.9017671346664429,0.1953273117542267,-0.3855686783790588],"rotationconfidence":1},"14":{"id":14,"position":[337.0212912559509,-545.5276370048523,2732.366323471069],"positionconfidence":1,"rotation":[-0.2234428822994232,-0.7251160144805908,-0.6513678431510925,0,-0.6682635545730591,0.7439246773719788,-0.9747170805931091,0.1662246733903885,0.149318739771843],"rotationconfidence":1},"15":{"id":15,"position":[321.8029141426086,-594.9142575263977,2688.002586364746],"positionconfidence":0.5,"rotation":[-0.2234428822994232,-0.7251160144805908,-0.6513678431510925,0,-0.6682635545730591,0.7439246773719788,-0.9747170805931091,0.1662246733903885,0.149318739771843],"rotationconfidence":0.5},"17":{"id":17,"position":[53.71391773223877,-519.6927189826965,2703.444719314575],"positionconfidence":1,"rotation":[0.9001139998435974,-0.383330374956131,-0.2070089280605316,0.4317750930786133,0.8482245802879333,0.3067334592342377,0.0580097958445549,-0.3654763698577881,0.9290112257003784],"rotationconfidence":1},"18":{"id":18,"position":[-75.27223974466324,-773.0867266654968,2611.812829971314],"positionconfidence":1,"rotation":[0.8079210519790649,-0.5892907977104187,0,0.5229471325874329,0.716963529586792,0.4609658420085907,-0.2716429233551025,-0.3724240064620972,0.8874178528785706],"rotationconfidence":1},"19":{"id":19,"position":[-193.2088136672974,-934.7784519195557,2507.854461669922],"positionconfidence":1,"rotation":[0.9962054491043091,-0.08703318983316422,0,-0.01044235192239285,-0.1195259913802147,-0.9927762150764465,0.0864044800400734,0.9890090227127075,-0.1199812665581703],"rotationconfidence":1},"20":{"id":20,"position":[-198.9165395498276,-1000.110626220703,2515.780210494995],"positionconfidence":1,"rotation":[0.9962054491043091,-0.08703318983316422,0,-0.01044235192239285,-0.1195259913802147,-0.9927762150764465,0.0864044800400734,0.9890090227127075,-0.1199812665581703],"rotationconfidence":1},"21":{"id":21,"position":[206.5920829772949,-517.9083943367004,2694.600582122803],"positionconfidence":1,"rotation":[0.9647168517112732,0.2610704004764557,0.03411013633012772,-0.2567567825317383,0.9041725993156433,0.3413910865783691,0.05828565359115601,-0.3381037414073944,0.9393021464347839],"rotationconfidence":1},"22":{"id":22,"position":[283.3066880702972,-788.0599498748779,2592.598676681519],"positionconfidence":1,"rotation":[-0.8649657368659973,-0.04321014136075974,-0.4999671876430512,-0.3984966278076172,0.6646905541419983,0.6319705843925476,0.3050159215927124,0.7458681464195251,-0.5921536684036255],"rotationconfidence":1},"23":{"id":23,"position":[371.4268207550049,-935.0439310073853,2452.850103378296],"positionconfidence":1,"rotation":[0.9986730813980103,0.05149653181433678,0,-0.0001431620912626386,0.002776344539597631,-0.9999960660934448,-0.05149633809924126,0.9986693263053894,0.002780033508315682],"rotationconfidence":1},"24":{"id":24,"position":[374.6728599071503,-997.9944229125977,2452.674865722656],"positionconfidence":1,"rotation":[0.9986730813980103,0.05149653181433678,0,-0.0001431620912626386,0.002776344539597631,-0.9999960660934448,-0.05149633809924126,0.9986693263053894,0.002780033508315682],"rotationconfidence":1}},"skeletonTracked":true,"frameCount":2},{"position":[116.5814995765686,-463.5582566261292,2647.059440612793],"positionTracked":true,"id":4561,"skeleton":{"1":{"id":1,"position":[138.9823704957962,138.2804363965988,2877.202987670898],"positionconfidence":1,"rotation":[0.9998193383216858,0.01900981739163399,0,-0.01890929043292999,0.9945321679115295,0.1027044057846069,0.001952392049133778,-0.1026858538389206,0.9947119355201721],"rotationconfidence":1},"2":{"id":2,"position":[142.750546336174,-59.90637093782425,2856.736421585083],"positionconfidence":1,"rotation":[0.9990019798278809,0.01463616453111172,0.04220152273774147,-0.01890929043292999,0.9945321679115295,0.1027044057846069,-0.04046757519245148,-0.1033999100327492,0.9938163757324219],"rotationconfidence":1},"3":{"id":3,"position":[132.5183212757111,-399.4687795639038,2785.976886749268],"positionconfidence":1,"rotation":[0.9988229870796204,-0.03670591115951538,0.03170973062515259,0.02948703989386559,0.9785447716712952,0.203913539648056,-0.03851421922445297,-0.2027384638786316,0.9784752726554871],"rotationconfidence":1},"4":{"id":4,"position":[132.4713230133057,-449.8699307441711,2725.689172744751],"positionconfidence":1,"rotation":[0.999178409576416,0.03070683591067791,-0.0264501553028822,0.0005980910500511527,0.6413955688476562,0.7672101259231567,0.04052360728383064,-0.7665956020355225,0.6408502459526062],"rotationconfidence":1},"6":{"id":6,"position":[-14.19379934668541,-184.6093535423279,2842.38338470459],"positionconfidence":1,"rotation":[0.2121470123529434,0.9642274379730225,-0.1589307337999344,0.1644205898046494,-0.1955327838659287,-0.9668157696723938,-0.9633065462112427,0.1789756119251251,-0.2000205665826798],"rotationconfidence":1},"7":{"id":7,"position":[-67.4886703491211,-426.8393814563751,2882.309436798096],"positionconfidence":1,"rotation":[-0.09719680994749069,0.4620303511619568,0.8815217614173889,0.2501864731311798,0.868617057800293,-0.4276809990406036,-0.9633065462112427,0.1789756119251251,-0.2000205665826798],"rotationconfidence":1},"8":{"id":8,"position":[-47.71644994616509,-520.8277106285095,2702.986240386963],"positionconfidence":0.5,"rotation":[-0.07184133678674698,0.4670140743255615,0.8813267350196838,0,0.8836098909378052,-0.4682239294052124,-0.9974161982536316,-0.03363783285021782,-0.0634797140955925],"rotationconfidence":0.5},"9":{"id":9,"position":[-43.27653720974922,-549.6899485588074,2648.518800735474],"positionconfidence":0.5,"rotation":[-0.07184133678674698,0.4670140743255615,0.8813267350196838,0,0.8836098909378052,-0.4682239294052124,-0.9974161982536316,-0.03363783285021782,-0.0634797140955925],"rotationconfidence":0.5},"12":{"id":12,"position":[312.0438158512116,-180.3148537874222,2856.114387512207],"positionconfidence":1,"rotation":[0.2351130992174149,-0.9699705243110657,0.06228187307715416,-0.3891154527664185,-0.152650311589241,-0.9084530472755432,0.8906800150871277,0.1893543750047684,-0.4133206009864807],"rotationconfidence":1},"13":{"id":13,"position":[368.5015738010407,-413.2340848445892,2871.070146560669],"positionconfidence":1,"rotation":[-0.1726455688476563,-0.7001558542251587,-0.6928024888038635,-0.4205740094184876,0.6884232759475708,-0.5909236073493958,0.8906800150871277,0.1893543750047684,-0.4133206009864807],"rotationconfidence":1},"14":{"id":14,"position":[335.667759180069,-546.3900566101074,2739.312648773193],"positionconfidence":1,"rotation":[-0.2126410007476807,-0.694431483745575,-0.6874217987060547,0,-0.7035108208656311,0.7106845378875732,-0.9771304130554199,0.1511206775903702,0.149595245718956],"rotationconfidence":1},"15":{"id":15,"position":[321.1900591850281,-593.6705470085144,2692.509412765503],"positionconfidence":0.5,"rotation":[-0.2126410007476807,-0.694431483745575,-0.6874217987060547,0,-0.7035108208656311,0.7106845378875732,-0.9771304130554199,0.1511206775903702,0.149595245718956],"rotationconfidence":0.5},"17":{"id":17,"position":[54.49291318655014,-518.3725953102112,2705.449819564819],"positionconfidence":1,"rotation":[0.9003656506538391,-0.3834996521472931,-0.2055959701538086,0.4315434396266937,0.8475511074066162,0.3089132308959961,0.05578497052192688,-0.3668584525585175,0.9286026358604431],"rotationconfidence":1},"18":{"id":18,"position":[-75.4517987370491,-773.5839486122131,2612.431049346924],"positionconfidence":1,"rotation":[0.8093001842498779,-0.5873952507972717,0,0.5196998119354248,0.7160308361053467,0.4660601913928986,-0.2737615406513214,-0.3771826028823853,0.8847531080245972],"rotationconfidence":1},"19":{"id":19,"position":[-192.4766153097153,-934.8181486129761,2507.484674453735],"positionconfidence":1,"rotation":[0.9956870079040527,-0.0927761048078537,0,-0.01157286670058966,-0.124201737344265,-0.9921895265579224,0.09205148369073868,0.9879102110862732,-0.1247397363185883],"rotationconfidence":1},"20":{"id":20,"position":[-198.5397040843964,-999.8881220817566,2515.700817108154],"positionconfidence":1,"rotation":[0.9956870079040527,-0.0927761048078537,0,-0.01157286670058966,-0.124201737344265,-0.9921895265579224,0.09205148369073868,0.9879102110862732,-0.1247397363185883],"rotationconfidence":1},"21":{"id":21,"position":[207.6466232538223,-517.7685022354126,2696.487903594971],"positionconfidence":1,"rotation":[0.9660305380821228,0.2560349404811859,0.03508369624614716,-0.2522297501564026,0.9045802354812622,0.3436779975891113,0.05625756457448006,-0.3408526480197907,0.9384319186210632],"rotationconfidence":1},"22":{"id":22,"position":[282.9433679580689,-787.807822227478,2593.891620635986],"positionconfidence":1,"rotation":[-0.8786303997039795,-0.07119040191173553,-0.4721657931804657,-0.3941221833229065,0.6663845181465149,0.632929265499115,0.2695854902267456,0.7422019243240356,-0.6135634183883667],"rotationconfidence":1},"23":{"id":23,"position":[369.8877096176148,-934.813916683197,2454.265832901001],"positionconfidence":1,"rotation":[0.9999954104423523,-0.003036211244761944,0,-0.0004692285729106516,-0.154543399810791,-0.9879859089851379,0.002999733667820692,0.9879813194274902,-0.1545441150665283],"rotationconfidence":1},"24":{"id":24,"position":[369.6898221969605,-999.98939037323,2464.460849761963],"positionconfidence":1,"rotation":[0.9999954104423523,-0.003036211244761944,0,-0.0004692285729106516,-0.154543399810791,-0.9879859089851379,0.002999733667820692,0.9879813194274902,-0.1545441150665283],"rotationconfidence":1}},"skeletonTracked":true,"frameCount":3},{"position":[115.4274344444275,-476.9792258739471,2642.524480819702],"positionTracked":true,"id":4561,"skeleton":{"1":{"id":1,"position":[141.4786875247955,139.4461095333099,2879.347085952759],"positionconfidence":1,"rotation":[0.9998698234558105,0.01613286137580872,0,-0.01603759452700615,0.9939655065536499,0.1085143238306046,0.001750646508298814,-0.1085001975297928,0.9940948486328125],"rotationconfidence":1},"2":{"id":2,"position":[144.6809768676758,-59.02286618947983,2857.679605484009],"positionconfidence":1,"rotation":[0.9986264109611511,0.01050868909806013,0.05133231356739998,-0.01603759452700615,0.9939655065536499,0.1085143238306046,-0.04988220706582069,-0.1091885194182396,0.9927687644958496],"rotationconfidence":1},"3":{"id":3,"position":[133.6586326360703,-398.1387913227081,2788.25044631958],"positionconfidence":1,"rotation":[0.9983460903167725,-0.04075149446725845,0.04055018350481987,0.03182652592658997,0.9791820049285889,0.2004735916852951,-0.04787560924887657,-0.198851466178894,0.978859543800354],"rotationconfidence":1},"4":{"id":4,"position":[133.8406354188919,-448.2525587081909,2728.390455245972],"positionconfidence":1,"rotation":[0.9995733499526978,0.02382137067615986,-0.01690366864204407,-0.002331331139430404,0.6419230699539185,0.7667655348777771,0.02911625988781452,-0.7663989663124084,0.6417046785354614],"rotationconfidence":1},"6":{"id":6,"position":[-12.81778607517481,-183.607280254364,2843.416213989258],"positionconfidence":1,"rotation":[0.2175577580928803,0.9633190631866455,-0.1571147739887238,0.1583485901355743,-0.1936730295419693,-0.9682027101516724,-0.9631170034408569,0.185761108994484,-0.1946752816438675],"rotationconfidence":1},"7":{"id":7,"position":[-67.36510246992111,-425.1361191272736,2882.808923721314],"positionconfidence":1,"rotation":[-0.08673878014087677,0.4705321788787842,0.8781092762947083,0.2547195255756378,0.8626078963279724,-0.4370648562908173,-0.9631170034408569,0.185761108994484,-0.1946752816438675],"rotationconfidence":1},"8":{"id":8,"position":[-49.78307336568832,-520.5134153366089,2704.81538772583],"positionconfidence":0.5,"rotation":[-0.05714074149727821,0.4867132902145386,0.8716908693313599,0,0.8731173872947693,-0.4875098168849945,-0.9983659386634827,-0.02785667218267918,-0.04989057406783104],"rotationconfidence":0.5},"9":{"id":9,"position":[-46.26934602856636,-550.442636013031,2651.212930679321],"positionconfidence":0.5,"rotation":[-0.05714074149727821,0.4867132902145386,0.8716908693313599,0,0.8731173872947693,-0.4875098168849945,-0.9983659386634827,-0.02785667218267918,-0.04989057406783104],"rotationconfidence":0.5},"12":{"id":12,"position":[314.4866526126862,-178.9136677980423,2860.37802696228],"positionconfidence":1,"rotation":[0.2340980917215347,-0.970452070236206,0.05848870798945427,-0.383159875869751,-0.1473847031593323,-0.9118477702140808,0.8935248255729675,0.1910512894392014,-0.4063407480716705],"rotationconfidence":1},"13":{"id":13,"position":[370.4853951931,-411.0560715198517,2874.369144439697],"positionconfidence":1,"rotation":[-0.1603649109601975,-0.7094947099685669,-0.6862218976020813,-0.4194001853466034,0.6783190965652466,-0.6033132076263428,0.8935248255729675,0.1910512894392014,-0.4063407480716705],"rotationconfidence":1},"14":{"id":14,"position":[340.0343060493469,-545.7793474197388,2744.065046310425],"positionconfidence":1,"rotation":[-0.2363294959068298,-0.6724991798400879,-0.7013511061668396,0,-0.7217974662780762,0.6921043992042542,-0.9716730713844299,0.1635646820068359,0.1705820262432098],"rotationconfidence":1},"15":{"id":15,"position":[323.935478925705,-591.590166091919,2696.288824081421],"positionconfidence":0.5,"rotation":[-0.2363294959068298,-0.6724991798400879,-0.7013511061668396,0,-0.7217974662780762,0.6921043992042542,-0.9716730713844299,0.1635646820068359,0.1705820262432098],"rotationconfidence":0.5},"17":{"id":17,"position":[55.29177933931351,-516.8155431747437,2707.601308822632],"positionconfidence":1,"rotation":[0.9020177125930786,-0.3867419362068176,-0.1918193101882935,0.4296039640903473,0.8478825092315674,0.3107021749019623,0.04247866943478584,-0.3626651465892792,0.9309507608413696],"rotationconfidence":1},"18":{"id":18,"position":[-75.10029524564743,-774.162232875824,2613.297939300537],"positionconfidence":1,"rotation":[0.8104780316352844,-0.5857691168785095,0,0.5177119970321655,0.716313362121582,0.4678348302841187,-0.2740432024002075,-0.3791698515415192,0.8838159441947937],"rotationconfidence":1},"19":{"id":19,"position":[-191.4959698915482,-935.2088570594788,2508.116006851196],"positionconfidence":1,"rotation":[0.9945766925811768,-0.1040056869387627,0,-0.01220059767365456,-0.1166708320379257,-0.9930956959724426,0.1032875999808312,0.9877098798751831,-0.1173070222139359],"rotationconfidence":1},"20":{"id":20,"position":[-198.2622742652893,-999.9130964279175,2515.800714492798],"positionconfidence":1,"rotation":[0.9945766925811768,-0.1040056869387627,0,-0.01220059767365456,-0.1166708320379257,-0.9930956959724426,0.1032875999808312,0.9877098798751831,-0.1173070222139359],"rotationconfidence":1},"21":{"id":21,"position":[209.0984880924225,-516.8644785881042,2700.56414604187],"positionconfidence":1,"rotation":[0.9684051275253296,0.2446650564670563,0.04827561229467392,-0.2457086145877838,0.9029865860939026,0.3524804413318634,0.04264741390943527,-0.3532055914402008,0.9345731735229492],"rotationconfidence":1},"22":{"id":22,"position":[282.7944457530975,-787.6993417739868,2594.843864440918],"positionconfidence":1,"rotation":[-0.8741231560707092,-0.0599035918712616,-0.4819961488246918,-0.3926562666893005,0.6712587475776672,0.6286754608154297,0.2858842015266419,0.7387985587120056,-0.6102843284606934],"rotationconfidence":1},"23":{"id":23,"position":[369.143933057785,-935.3166222572327,2456.591129302979],"positionconfidence":1,"rotation":[0.9997754096984863,-0.02119638212025166,0,-0.00340379192493856,-0.1605475693941116,-0.987022340297699,0.02092130109667778,0.986800491809845,-0.1605836302042007],"rotationconfidence":1},"24":{"id":24,"position":[367.7379488945007,-1001.633048057556,2467.382907867432],"positionconfidence":1,"rotation":[0.9997754096984863,-0.02119638212025166,0,-0.00340379192493856,-0.1605475693941116,-0.987022340297699,0.02092130109667778,0.986800491809845,-0.1605836302042007],"rotationconfidence":1}},"skeletonTracked":true,"frameCount":4},{"position":[113.9326170086861,-471.9519317150116,2641.171216964722],"positionTracked":true,"id":4561,"skeleton":{"1":{"id":1,"position":[141.5679901838303,141.546756029129,2880.844116210938],"positionconfidence":1,"rotation":[0.9997945427894592,0.02027089893817902,0,-0.02014761231839657,0.9937138557434082,0.1101220473647118,0.002232272876426578,-0.1100994199514389,0.9939181208610535],"rotationconfidence":1},"2":{"id":2,"position":[145.6163972616196,-58.12742933630943,2858.716487884522],"positionconfidence":1,"rotation":[0.9984492063522339,0.01428050454705954,0.05380967631936073,-0.02014761231839657,0.9937138557434082,0.1101220473647118,-0.05189882218837738,-0.1110354065895081,0.9924604892730713],"rotationconfidence":1},"3":{"id":3,"position":[134.4612836837769,-396.7622220516205,2790.485143661499],"positionconfidence":1,"rotation":[0.9982225298881531,-0.04150082916021347,0.04277122765779495,0.03227562084794045,0.9797881245613098,0.1974169909954071,-0.05009971186518669,-0.1956856399774551,0.9793860912322998],"rotationconfidence":1},"4":{"id":4,"position":[134.7348541021347,-446.7179775238037,2730.865240097046],"positionconfidence":1,"rotation":[0.9996970891952515,0.02092799358069897,-0.01294846273958683,-0.003517100587487221,0.6422456502914429,0.7664907574653625,0.02435720898211002,-0.7662131190299988,0.6421247720718384],"rotationconfidence":1},"6":{"id":6,"position":[-13.0345905199647,-181.830570101738,2845.925569534302],"positionconfidence":1,"rotation":[0.2199835926294327,0.9638544917106628,-0.1503055989742279,0.1604344397783279,-0.1877291053533554,-0.9690297245979309,-0.9622203707695007,0.1890564560890198,-0.1959327757358551],"rotationconfidence":1},"7":{"id":7,"position":[-68.11952590942383,-423.1843054294586,2883.562803268433],"positionconfidence":1,"rotation":[-0.08466228097677231,0.4761935174465179,0.8752554655075073,0.258774608373642,0.8587767481803894,-0.4421971440315247,-0.9622203707695007,0.1890564560890198,-0.1959327757358551],"rotationconfidence":1},"8":{"id":8,"position":[-50.97048357129097,-519.6412205696106,2706.272602081299],"positionconfidence":0.5,"rotation":[-0.05640355125069618,0.4943522214889526,0.8674299120903015,0,0.8688130378723145,-0.4951404631137848,-0.9984081983566284,-0.02792767994105816,-0.04900414124131203],"rotationconfidence":0.5},"9":{"id":9,"position":[-47.49703407287598,-550.0844717025757,2652.854442596436],"positionconfidence":0.5,"rotation":[-0.05640355125069618,0.4943522214889526,0.8674299120903015,0,0.8688130378723145,-0.4951404631137848,-0.9984081983566284,-0.02792767994105816,-0.04900414124131203],"rotationconfidence":0.5},"12":{"id":12,"position":[315.8265054225922,-177.5708794593811,2863.599300384522],"positionconfidence":1,"rotation":[0.2347374260425568,-0.9705833792686462,0.05353781580924988,-0.3836531639099121,-0.1431112736463547,-0.9123208522796631,0.8931452631950378,0.1936158835887909,-0.4059609472751617],"rotationconfidence":1},"13":{"id":13,"position":[371.8363642692566,-409.158319234848,2876.373767852783],"positionconfidence":1,"rotation":[-0.1586893945932388,-0.7088993787765503,-0.6872258186340332,-0.4208433032035828,0.6782141923904419,-0.6024253368377686,0.8931452631950378,0.1936158835887909,-0.4059609472751617],"rotationconfidence":1},"14":{"id":14,"position":[341.6394889354706,-544.0542101860046,2745.602130889893],"positionconfidence":1,"rotation":[-0.2424955666065216,-0.6661540269851685,-0.7052903771400452,0,-0.726989209651947,0.6866487264633179,-0.9701523184776306,0.1665092706680298,0.1762916594743729],"rotationconfidence":1},"15":{"id":15,"position":[325.3051936626434,-588.9257788658142,2698.094367980957],"positionconfidence":0.5,"rotation":[-0.2424955666065216,-0.6661540269851685,-0.7052903771400452,0,-0.726989209651947,0.6866487264633179,-0.9701523184776306,0.1665092706680298,0.1762916594743729],"rotationconfidence":0.5},"17":{"id":17,"position":[55.71221560239792,-515.5795812606812,2709.785461425781],"positionconfidence":1,"rotation":[0.9031856656074524,-0.3860029876232147,-0.1877693980932236,0.4275853633880615,0.8475275635719299,0.3144324719905853,0.03776786103844643,-0.3642783463001251,0.9305239915847778],"rotationconfidence":1},"18":{"id":18,"position":[-75.2934217453003,-775.2491235733032,2613.448143005371],"positionconfidence":1,"rotation":[0.8115062713623047,-0.5843435525894165,0,0.5158544778823853,0.7163921594619751,0.4697621762752533,-0.2745024859905243,-0.3812149465084076,0.8827929496765137],"rotationconfidence":1},"19":{"id":19,"position":[-190.833330154419,-935.7050061225891,2508.23187828064],"positionconfidence":1,"rotation":[0.9944822788238525,-0.1049046367406845,0,-0.01198871806263924,-0.1136514842510223,-0.9934483766555786,0.1042173504829407,0.9879668354988098,-0.114282064139843],"rotationconfidence":1},"20":{"id":20,"position":[-197.6433992385864,-1000.263571739197,2515.699625015259],"positionconfidence":1,"rotation":[0.9944822788238525,-0.1049046367406845,0,-0.01198871806263924,-0.1136514842510223,-0.9934483766555786,0.1042173504829407,0.9879668354988098,-0.114282064139843],"rotationconfidence":1},"21":{"id":21,"position":[210.0648432970047,-516.0908102989197,2703.320503234863],"positionconfidence":1,"rotation":[0.9697086215019226,0.2385089546442032,0.05271220207214356,-0.2413135915994644,0.9019796252250671,0.3580509126186371,0.03785301744937897,-0.359925240278244,0.9322128891944885],"rotationconfidence":1},"22":{"id":22,"position":[282.7230393886566,-787.6719236373901,2595.513343811035],"positionconfidence":1,"rotation":[-0.8724012970924377,-0.05606360733509064,-0.4855645000934601,-0.3908500075340271,0.676547110080719,0.6241155862808228,0.2935170829296112,0.7342621088027954,-0.6121330261230469],"rotationconfidence":1},"23":{"id":23,"position":[368.4949278831482,-936.1399412155151,2458.551406860352],"positionconfidence":1,"rotation":[0.9995759129524231,-0.02911876328289509,0,-0.004816765896975994,-0.1653477847576141,-0.9862234592437744,0.02871761098504067,0.985805332660675,-0.1654179394245148],"rotationconfidence":1},"24":{"id":24,"position":[366.5473163127899,-1002.996683120728,2469.769954681397],"positionconfidence":1,"rotation":[0.9995759129524231,-0.02911876328289509,0,-0.004816765896975994,-0.1653477847576141,-0.9862234592437744,0.02871761098504067,0.985805332660675,-0.1654179394245148],"rotationconfidence":1}},"skeletonTracked":true,"frameCount":5},{"position":[110.7076779007912,-465.9314155578613,2641.112327575684],"positionTracked":true,"id":4561,"skeleton":{"1":{"id":1,"position":[140.635147690773,143.6941027641296,2881.687879562378],"positionconfidence":1,"rotation":[0.9996169805526733,0.02767373062670231,0,-0.02750883810222149,0.9936608076095581,0.1090013161301613,0.003016473026946187,-0.1089595630764961,0.9940415024757385],"rotationconfidence":1},"2":{"id":2,"position":[146.1993157863617,-57.29205533862114,2859.64035987854],"positionconfidence":1,"rotation":[0.99833744764328,0.02178450115025044,0.05336356163024902,-0.02750883810222149,0.9936608076095581,0.1090013161301613,-0.05065074935555458,-0.1102880835533142,0.9926082491874695],"rotationconfidence":1},"3":{"id":3,"position":[135.0531280040741,-395.3588008880615,2792.340517044067],"positionconfidence":1,"rotation":[0.9982720613479614,-0.04124525934457779,0.04185336083173752,0.03231897205114365,0.9802428483963013,0.1951395273208618,-0.04907503724098206,-0.1934496760368347,0.9798820614814758],"rotationconfidence":1},"4":{"id":4,"position":[135.3277862071991,-445.1349377632141,2732.865571975708],"positionconfidence":1,"rotation":[0.9998012185096741,0.01731919497251511,-0.009877757169306278,-0.003541395766660571,0.6418049931526184,0.7668597102165222,0.0196209866553545,-0.7666723132133484,0.6417387127876282],"rotationconfidence":1},"6":{"id":6,"position":[-13.73410597443581,-180.2403777837753,2848.250389099121],"positionconfidence":1,"rotation":[0.2211697399616242,0.9644962549209595,-0.1443291306495667,0.163246288895607,-0.18252032995224,-0.9695550203323364,-0.9614751935005188,0.1908750236034393,-0.1978184133768082],"rotationconfidence":1},"7":{"id":7,"position":[-69.04405355453491,-421.4408099651337,2884.344100952148],"positionconfidence":1,"rotation":[-0.08387935906648636,0.4815903007984161,0.8723732233047485,0.2617816925048828,0.8553581237792969,-0.4470266401767731,-0.9614751935005188,0.1908750236034393,-0.1978184133768082],"rotationconfidence":1},"8":{"id":8,"position":[-52.07283794879913,-518.8804268836975,2707.837820053101],"positionconfidence":0.5,"rotation":[-0.05729853361845017,0.5014322996139526,0.8632974624633789,0,0.8647181987762451,-0.5022575259208679,-0.9983571767807007,-0.02877862006425858,-0.04954708367586136],"rotationconfidence":0.5},"9":{"id":9,"position":[-48.53975772857666,-549.7992038726807,2654.606103897095],"positionconfidence":0.5,"rotation":[-0.05729853361845017,0.5014322996139526,0.8632974624633789,0,0.8647181987762451,-0.5022575259208679,-0.9983571767807007,-0.02877862006425858,-0.04954708367586136],"rotationconfidence":0.5},"12":{"id":12,"position":[316.4931833744049,-176.623523235321,2865.503072738648],"positionconfidence":1,"rotation":[0.2359507828950882,-0.9704480171203613,0.0505753755569458,-0.3852735757827759,-0.1411998271942139,-0.9119358658790588,0.8921275734901428,0.1956866383552551,-0.4072041809558868],"rotationconfidence":1},"13":{"id":13,"position":[372.7333545684815,-407.9351723194122,2877.557992935181],"positionconfidence":1,"rotation":[-0.1584280282258987,-0.7085835337638855,-0.6876116394996643,-0.4230946004390717,0.677949845790863,-0.6011446714401245,0.8921275734901428,0.1956866383552551,-0.4072041809558868],"rotationconfidence":1},"14":{"id":14,"position":[342.5199091434479,-543.0675148963928,2746.425151824951],"positionconfidence":0.5,"rotation":[-0.2437727898359299,-0.6568560600280762,-0.7135229110717773,0,-0.7357177734375,0.6772882342338562,-0.9698323607444763,0.1651044487953186,0.1793479770421982],"rotationconfidence":0.5},"15":{"id":15,"position":[326.3483345508575,-586.6425037384033,2699.090957641602],"positionconfidence":0.5,"rotation":[-0.2437727898359299,-0.6568560600280762,-0.7135229110717773,0,-0.7357177734375,0.6772882342338562,-0.9698323607444763,0.1651044487953186,0.1793479770421982],"rotationconfidence":0.5},"17":{"id":17,"position":[55.98108470439911,-514.2698884010315,2711.345672607422],"positionconfidence":1,"rotation":[0.9047682285308838,-0.3848679959774017,-0.1824039816856384,0.4246456921100617,0.8480784296989441,0.3169211745262146,0.03272007405757904,-0.3641972541809082,0.9307469129562378],"rotationconfidence":1},"18":{"id":18,"position":[-75.16910135746002,-776.1956453323364,2613.465785980225],"positionconfidence":1,"rotation":[0.8121141791343689,-0.5834986567497253,0,0.5148860812187195,0.7166191339492798,0.4704777002334595,-0.2745231091976166,-0.3820815980434418,0.8824118971824646],"rotationconfidence":1},"19":{"id":19,"position":[-190.0818943977356,-936.1314177513123,2508.464097976685],"positionconfidence":1,"rotation":[0.9941188097000122,-0.1082956716418266,0,-0.01203051116317511,-0.1104361489415169,-0.9938105940818787,0.1076253652572632,0.9879656434059143,-0.1110894903540611],"rotationconfidence":1},"20":{"id":20,"position":[-197.1054226160049,-1000.60510635376,2515.713691711426],"positionconfidence":1,"rotation":[0.9941188097000122,-0.1082956716418266,0,-0.01203051116317511,-0.1104361489415169,-0.9938105940818787,0.1076253652572632,0.9879656434059143,-0.1110894903540611],"rotationconfidence":1},"21":{"id":21,"position":[210.7333540916443,-515.152096748352,2705.560207366943],"positionconfidence":1,"rotation":[0.9707798957824707,0.2330518066883087,0.05721341446042061,-0.2377321720123291,0.9014880657196045,0.3616666793823242,0.03270985931158066,-0.3647001683712006,0.9305502772331238],"rotationconfidence":1},"22":{"id":22,"position":[282.5817763805389,-787.6036167144775,2596.255779266357],"positionconfidence":1,"rotation":[-0.8732536435127258,-0.05679617449641228,-0.4839443862438202,-0.3897114098072052,0.6775938868522644,0.6236919164657593,0.2924944460391998,0.7332398891448975,-0.6138454675674438],"rotationconfidence":1},"23":{"id":23,"position":[368.0659532546997,-936.2355470657349,2459.447383880615],"positionconfidence":1,"rotation":[0.9994663596153259,-0.03266170248389244,0,-0.005668768659234047,-0.1734674870967865,-0.9848232269287109,0.0321660079061985,0.9842978715896606,-0.1735601127147675],"rotationconfidence":1},"24":{"id":24,"position":[365.8623397350311,-1003.66735458374,2471.337556838989],"positionconfidence":1,"rotation":[0.9994663596153259,-0.03266170248389244,0,-0.005668768659234047,-0.1734674870967865,-0.9848232269287109,0.0321660079061985,0.9842978715896606,-0.1735601127147675],"rotationconfidence":1}},"skeletonTracked":true,"frameCount":6},{"position":[114.3927425146103,-473.4973013401032,2638.05890083313],"positionTracked":true,"id":4561,"skeleton":{"1":{"id":1,"position":[139.2384916543961,145.5772668123245,2882.045745849609],"positionconfidence":1,"rotation":[0.9993488192558289,0.0360826663672924,0,-0.03587799891829491,0.9936802387237549,0.106359139084816,0.003837721422314644,-0.106289878487587,0.99432772397995],"rotationconfidence":1},"2":{"id":2,"position":[146.5366184711456,-56.55231326818466,2860.410690307617],"positionconfidence":1,"rotation":[0.9981232285499573,0.03034530952572823,0.05318893119692802,-0.03587799891829491,0.9936802387237549,0.106359139084816,-0.04962529242038727,-0.1080678477883339,0.9929041266441345],"rotationconfidence":1},"3":{"id":3,"position":[135.4851871728897,-394.1670954227448,2793.731212615967],"positionconfidence":1,"rotation":[0.9983265995979309,-0.04077737778425217,0.04100373759865761,0.03209697082638741,0.9805437326431274,0.1936590224504471,-0.04810286313295364,-0.1920188367366791,0.9802116751670837],"rotationconfidence":1},"4":{"id":4,"position":[135.7285082340241,-443.8040852546692,2734.324932098389],"positionconfidence":1,"rotation":[0.9998648166656494,0.01439857482910156,-0.007935418747365475,-0.003143096342682838,0.6411851048469543,0.7673798203468323,0.01613724790513516,-0.7672511339187622,0.6411436796188354],"rotationconfidence":1},"6":{"id":6,"position":[-14.34669177979231,-179.2133897542954,2849.802970886231],"positionconfidence":1,"rotation":[0.2224839925765991,0.9647273421287537,-0.1407196372747421,0.165803849697113,-0.1796754747629166,-0.9696524739265442,-0.9607341289520264,0.1924002915620804,-0.1999304294586182],"rotationconfidence":1},"7":{"id":7,"position":[-69.90842521190643,-420.1382398605347,2884.945392608643],"positionconfidence":1,"rotation":[-0.08381662517786026,0.4856497645378113,0.8701258897781372,0.2645086348056793,0.852