{"motiondata":[{"position":[127.0621567964554,-465.2536511421204,2630.750179290772],"positionTracked":true,"id":4561,"skeleton":{"1":{"id":1,"position":[151.9686132669449,163.7136489152908,2870.530128479004],"positionconfidence":1,"rotation":[0.9994753003120422,0.03239066898822784,0,-0.03227219358086586,0.9958195686340332,0.08545158058404922,0.002767833881080151,-0.08540674299001694,0.9963423609733582],"rotationconfidence":1},"2":{"id":2,"position":[158.3192348480225,-32.24678337574005,2853.71470451355],"positionconfidence":1,"rotation":[0.9975978136062622,0.02685022912919521,0.0638570711016655,-0.03227219358086586,0.9958195686340332,0.08545158058404922,-0.06129571795463562,-0.08730711042881012,0.9942938685417175],"rotationconfidence":1},"3":{"id":3,"position":[146.8662172555924,-376.3007819652557,2783.405065536499],"positionconfidence":1,"rotation":[0.9975992441177368,-0.04411732032895088,0.05338128283619881,0.03259705379605293,0.9792307019233704,0.2001120746135712,-0.06110098958015442,-0.1978915631771088,0.9783177375793457],"rotationconfidence":1},"4":{"id":4,"position":[147.5947201251984,-427.9296100139618,2724.23529624939],"positionconfidence":1,"rotation":[0.9993993639945984,-0.01906544156372547,0.02894031442701817,-0.009276620112359524,0.6574319005012512,0.7534568309783936,-0.03339127451181412,-0.7532727718353271,0.6568601727485657],"rotationconfidence":1},"6":{"id":6,"position":[-0.7690931670367718,-160.8876883983612,2823.54736328125],"positionconfidence":1,"rotation":[0.2550435662269592,0.956856369972229,-0.1392072588205338,0.2969435751438141,-0.2145192325115204,-0.9304869771003723,-0.9202050566673279,0.1959780156612396,-0.3388440907001495],"rotationconfidence":1},"7":{"id":7,"position":[-63.32115828990936,-395.5665826797485,2857.689380645752],"positionconfidence":1,"rotation":[-0.1964490413665772,0.5175163149833679,0.8328172564506531,0.3385712206363678,0.8329282402992249,-0.4377214312553406,-0.9202050566673279,0.1959780156612396,-0.3388440907001495],"rotationconfidence":1},"8":{"id":8,"position":[-23.60852994024754,-500.1837015151978,2689.333438873291],"positionconfidence":0.5,"rotation":[-0.1852638721466065,0.5299772620201111,0.8275274038314819,0,0.8421051502227783,-0.5393133759498596,-0.9826889038085938,-0.0999152809381485,-0.1560116559267044],"rotationconfidence":0.5},"9":{"id":9,"position":[-10.87283808737993,-536.6162061691284,2632.4462890625],"positionconfidence":0.5,"rotation":[-0.1852638721466065,0.5299772620201111,0.8275274038314819,0,0.8421051502227783,-0.5393133759498596,-0.9826889038085938,-0.0999152809381485,-0.1560116559267044],"rotationconfidence":0.5},"12":{"id":12,"position":[327.2697329521179,-163.2022559642792,2843.56689453125],"positionconfidence":1,"rotation":[0.2523709237575531,-0.9675869345664978,0.009188405238091946,-0.5117998123168945,-0.1415369808673859,-0.8473654985427856,0.8212003111839294,0.2091478109359741,-0.5309306383132935],"rotationconfidence":1},"13":{"id":13,"position":[387.4959349632263,-394.1087424755096,2845.759630203247],"positionconfidence":1,"rotation":[-0.2383469492197037,-0.7196507453918457,-0.6521453857421875,-0.5184794068336487,0.6620876789093018,-0.5411276817321777,0.8212003111839294,0.2091478109359741,-0.5309306383132935],"rotationconfidence":1},"14":{"id":14,"position":[342.3420488834381,-530.4437279701233,2722.213268280029],"positionconfidence":0.5,"rotation":[-0.2373693734407425,-0.7853702306747437,-0.5717074275016785,0,-0.5885279178619385,0.808476984500885,-0.9714195132255554,0.191907674074173,0.1396985054016113],"rotationconfidence":0.5},"15":{"id":15,"position":[328.1165063381195,-577.5109529495239,2687.950849533081],"positionconfidence":0.5,"rotation":[-0.2373693734407425,-0.7853702306747437,-0.5717074275016785,0,-0.5885279178619385,0.808476984500885,-0.9714195132255554,0.191907674074173,0.1396985054016113],"rotationconfidence":0.5},"17":{"id":17,"position":[69.22536343336105,-495.9059655666351,2697.882175445557],"positionconfidence":1,"rotation":[0.9009765386581421,-0.4214053750038147,-0.1032418012619019,0.4326390027999878,0.8547207117080688,0.2868382036685944,-0.0326322577893734,-0.3031008839607239,0.9523995518684387],"rotationconfidence":1},"18":{"id":18,"position":[-68.2554617524147,-767.5127983093262,2606.732845306397],"positionconfidence":1,"rotation":[0.829616367816925,-0.5583338141441345,0,0.5033210515975952,0.7478740215301514,0.4328421950340271,-0.2416704297065735,-0.3590929806232452,0.9014697074890137],"rotationconfidence":1},"19":{"id":19,"position":[-182.8026324510574,-937.716007232666,2508.225440979004],"positionconfidence":1,"rotation":[0.9874007105827332,-0.1582399010658264,0,-0.01538247335702181,-0.0959850549697876,-0.9952638745307922,0.157490462064743,0.9827242493629456,-0.09720982611179352],"rotationconfidence":1},"20":{"id":20,"position":[-193.4283673763275,-1004.019498825073,2514.784097671509],"positionconfidence":1,"rotation":[0.9874007105827332,-0.1582399010658264,0,-0.01538247335702181,-0.0959850549697876,-0.9952638745307922,0.157490462064743,0.9827242493629456,-0.09720982611179352],"rotationconfidence":1},"21":{"id":21,"position":[222.6795852184296,-498.9752173423767,2702.163219451904],"positionconfidence":1,"rotation":[0.9759431481361389,0.1883861571550369,0.1097537651658058,-0.2154691815376282,0.9102441668510437,0.3535940051078796,-0.03329050540924072,-0.3687361478805542,0.9289378523826599],"rotationconfidence":1},"22":{"id":22,"position":[289.4798219203949,-781.1711430549622,2592.541217803955],"positionconfidence":1,"rotation":[-0.7211491465568542,0.162866622209549,-0.673363447189331,-0.3875235021114349,0.7108489274978638,0.5869576334953308,0.5742554664611816,0.6842281818389893,-0.4495134651660919],"rotationconfidence":1},"23":{"id":23,"position":[372.9484975337982,-934.2808723449707,2466.116428375244],"positionconfidence":1,"rotation":[0.9853137731552124,-0.1707533448934555,0,0.009453270584344864,0.05454907938838005,-0.9984663128852844,0.1704914718866348,0.9838026762008667,0.05536213889718056],"rotationconfidence":1},"24":{"id":24,"position":[361.419677734375,-1000.80668926239,2462.372779846191],"positionconfidence":1,"rotation":[0.9853137731552124,-0.1707533448934555,0,0.009453270584344864,0.05454907938838005,-0.9984663128852844,0.1704914718866348,0.9838026762008667,0.05536213889718056],"rotationconfidence":1}},"skeletonTracked":true,"frameCount":1},{"position":[127.2924393415451,-464.7448062896729,2630.27286529541],"positionTracked":true,"id":4561,"skeleton":{"1":{"id":1,"position":[152.5554209947586,164.0888005495071,2870.445489883423],"positionconfidence":1,"rotation":[0.999492883682251,0.03184401243925095,0,-0.03173132240772247,0.995955765247345,0.08405397832393646,0.002676615957170725,-0.08401135355234146,0.9964611530303955],"rotationconfidence":1},"2":{"id":2,"position":[158.8118970394135,-32.28415548801422,2853.872537612915],"positionconfidence":1,"rotation":[0.9976053833961487,0.02638859674334526,0.06392872333526611,-0.03173132240772247,0.995955765247345,0.08405397832393646,-0.06145212054252625,-0.08588127046823502,0.994408369064331],"rotationconfidence":1},"3":{"id":3,"position":[147.0703333616257,-376.3253688812256,2783.773422241211],"positionconfidence":1,"rotation":[0.9975688457489014,-0.04490400105714798,0.05329322442412376,0.03342258557677269,0.9793198704719543,0.1995384693145752,-0.0611511841416359,-0.1972721517086029,0.9784397482872009],"rotationconfidence":1},"4":{"id":4,"position":[147.7812975645065,-427.9754459857941,2724.593877792358],"positionconfidence":1,"rotation":[0.9993998408317566,-0.01924557611346245,0.02880341559648514,-0.009050846099853516,0.6575251817703247,0.7533782124519348,-0.03343816846609116,-0.7531867623329163,0.6569563746452332],"rotationconfidence":1},"6":{"id":6,"position":[-0.3464235633146018,-160.889208316803,2823.458671569824],"positionconfidence":1,"rotation":[0.2542336583137512,0.9567543864250183,-0.141373410820961,0.2770283222198486,-0.2120917439460754,-0.937161922454834,-0.9266178011894226,0.1990936398506165,-0.3189688622951508],"rotationconfidence":1},"7":{"id":7,"position":[-62.6036748290062,-395.1811492443085,2858.078479766846],"positionconfidence":1,"rotation":[-0.1768717169761658,0.5177989602088928,0.8370189666748047,0.3318068981170654,0.8320132493972778,-0.4445877075195313,-0.9266178011894226,0.1990936398506165,-0.3189688622951508],"rotationconfidence":1},"8":{"id":8,"position":[-25.66805481910706,-503.3116340637207,2683.286190032959],"positionconfidence":0.5,"rotation":[-0.152865394949913,0.5295761227607727,0.8343747854232788,0,0.8442977666854858,-0.5358742475509644,-0.9882469773292542,-0.08191663026809692,-0.1290639042854309],"rotationconfidence":0.5},"9":{"id":9,"position":[-14.51501157134771,-541.949450969696,2622.410297393799],"positionconfidence":0.5,"rotation":[-0.152865394949913,0.5295761227607727,0.8343747854232788,0,0.8442977666854858,-0.5358742475509644,-0.9882469773292542,-0.08191663026809692,-0.1290639042854309],"rotationconfidence":0.5},"12":{"id":12,"position":[327.9673457145691,-162.8860831260681,2843.575239181519],"positionconfidence":1,"rotation":[0.2518567442893982,-0.9677232503890991,0.008943713270127773,-0.5163484215736389,-0.1421881020069122,-0.8444921374320984,0.8185063004493713,0.2080729454755783,-0.5354933738708496],"rotationconfidence":1},"13":{"id":13,"position":[388.124018907547,-394.029438495636,2845.711469650269],"positionconfidence":1,"rotation":[-0.2380329519510269,-0.7255064845085144,-0.6457404494285583,-0.5228650569915771,0.656007707118988,-0.5443034172058105,0.8185063004493713,0.2080729454755783,-0.5354933738708496],"rotationconfidence":1},"14":{"id":14,"position":[343.1020975112915,-531.2528610229492,2723.575115203857],"positionconfidence":0.5,"rotation":[-0.237035259604454,-0.7893925309181213,-0.5662806034088135,0,-0.5828924179077148,0.812549352645874,-0.9715010523796082,0.1926028430461884,0.1381660550832748],"rotationconfidence":0.5},"15":{"id":15,"position":[328.8761079311371,-578.6293148994446,2689.589023590088],"positionconfidence":0.5,"rotation":[-0.237035259604454,-0.7893925309181213,-0.5662806034088135,0,-0.5828924179077148,0.812549352645874,-0.9715010523796082,0.1926028430461884,0.1381660550832748],"rotationconfidence":0.5},"17":{"id":17,"position":[69.36533749103546,-495.9294199943543,2698.256015777588],"positionconfidence":1,"rotation":[0.9003087878227234,-0.4225439429283142,-0.1044072359800339,0.434042900800705,0.8537277579307556,0.2876729667186737,-0.0324191115796566,-0.3043116927146912,0.9520207643508911],"rotationconfidence":1},"18":{"id":18,"position":[-68.83084028959274,-767.7502632141113,2606.66298866272],"positionconfidence":1,"rotation":[0.8302789926528931,-0.5573480129241943,0,0.5028608441352844,0.74910968542099,0.4312374591827393,-0.2403493374586105,-0.3580473959445953,0.9022385478019714],"rotationconfidence":1},"19":{"id":19,"position":[-183.2276284694672,-938.1666779518127,2508.559942245483],"positionconfidence":1,"rotation":[0.9881117343902588,-0.1537375152111054,0,-0.01512299757450819,-0.09719951450824738,-0.9951500296592712,0.1529918909072876,0.9833194017410278,-0.09836895018815994],"rotationconfidence":1},"20":{"id":20,"position":[-193.5020089149475,-1004.202842712402,2515.16604423523],"positionconfidence":1,"rotation":[0.9881117343902588,-0.1537375152111054,0,-0.01512299757450819,-0.09719951450824738,-0.9951500296592712,0.1529918909072876,0.9833194017410278,-0.09836895018815994],"rotationconfidence":1},"21":{"id":21,"position":[222.8195816278458,-499.0558624267578,2702.482223510742],"positionconfidence":1,"rotation":[0.9760279655456543,0.188054546713829,0.1095673590898514,-0.2151134759187698,0.9100825190544128,0.3542260527610779,-0.03310150653123856,-0.3693039417266846,0.9287189245223999],"rotationconfidence":1},"22":{"id":22,"position":[289.5196974277496,-781.2446355819702,2592.647552490234],"positionconfidence":1,"rotation":[-0.7467979788780212,0.1301268488168716,-0.6521961092948914,-0.3881104588508606,0.7110855579376221,0.5862829089164734,0.5400583744049072,0.6909590363502502,-0.4805336594581604],"rotationconfidence":1},"23":{"id":23,"position":[373.0508089065552,-934.2880845069885,2466.464757919312],"positionconfidence":1,"rotation":[0.991129994392395,-0.1328955739736557,0,0.006050971336662769,0.04512790963053703,-0.9989627599716187,0.1327577382326126,0.9901020526885986,0.04553177580237389],"rotationconfidence":1},"24":{"id":24,"position":[364.0297055244446,-1001.567125320435,2463.370800018311],"positionconfidence":1,"rotation":[0.991129994392395,-0.1328955739736557,0,0.006050971336662769,0.04512790963053703,-0.9989627599716187,0.1327577382326126,0.9901020526885986,0.04553177580237389],"rotationconfidence":1}},"skeletonTracked":true,"frameCount":2},{"position":[127.2465437650681,-461.6377055644989,2628.774881362915],"positionTracked":true,"id":4561,"skeleton":{"1":{"id":1,"position":[153.0893743038178,164.2761081457138,2870.195865631104],"positionconfidence":1,"rotation":[0.9995077848434448,0.03137297928333283,0,-0.03126633912324905,0.9961103200912476,0.08238191902637482,0.002584566129371524,-0.08234137296676636,0.9966009259223938],"rotationconfidence":1},"2":{"id":2,"position":[159.2615693807602,-32.36306458711624,2853.933095932007],"positionconfidence":1,"rotation":[0.9975825548171997,0.02598209120333195,0.06445256620645523,-0.03126633912324905,0.9961103200912476,0.08238191902637482,-0.06206140294671059,-0.08419794589281082,0.994514524936676],"rotationconfidence":1},"3":{"id":3,"position":[147.2536474466324,-376.3741254806519,2784.06286239624],"positionconfidence":1,"rotation":[0.9975089430809021,-0.0457279272377491,0.05371247977018356,0.03418721258640289,0.9794183969497681,0.1989243924617767,-0.0617033876478672,-0.1965925693511963,0.9785418510437012],"rotationconfidence":1},"4":{"id":4,"position":[147.9551196098328,-428.052544593811,2724.875450134277],"positionconfidence":1,"rotation":[0.9994031190872192,-0.01927189715206623,0.02867154590785503,-0.008927226066589355,0.6576810479164124,0.753243625164032,-0.03337316587567329,-0.7530499696731567,0.6571164727210999],"rotationconfidence":1},"6":{"id":6,"position":[0.2254654391435906,-160.9064191579819,2823.046922683716],"positionconfidence":1,"rotation":[0.2541235685348511,0.9562892317771912,-0.144678995013237,0.3927789926528931,-0.2387398332357407,-0.8881035447120667,-0.8838245868682861,0.1688611954450607,-0.4362797737121582],"rotationconfidence":1},"7":{"id":7,"position":[-61.91764026880264,-394.7563767433167,2858.426570892334],"positionconfidence":1,"rotation":[-0.1378876715898514,0.7971239686012268,0.5878608822822571,0.4470359683036804,0.5797234773635864,-0.6812338829040527,-0.8838245868682861,0.1688611954450607,-0.4362797737121582],"rotationconfidence":1},"8":{"id":8,"position":[-36.16294264793396,-543.6434149742126,2748.625755310059],"positionconfidence":0.5,"rotation":[-0.1091485768556595,0.8095162510871887,0.5768623948097229,0,0.5803295969963074,-0.8143817782402039,-0.9940255880355835,-0.08888861536979675,-0.0633421465754509],"rotationconfidence":0.5},"9":{"id":9,"position":[-29.17550876736641,-595.4667329788208,2711.69638633728],"positionconfidence":0.5,"rotation":[-0.1091485768556595,0.8095162510871887,0.5768623948097229,0,0.5803295969963074,-0.8143817782402039,-0.9940255880355835,-0.08888861536979675,-0.0633421465754509],"rotationconfidence":0.5},"12":{"id":12,"position":[328.6807835102081,-162.7508401870728,2843.387603759766],"positionconfidence":1,"rotation":[0.2513813376426697,-0.967848002910614,0.008814454078674316,-0.5244508385658264,-0.1438596099615097,-0.8391995429992676,0.8134856224060059,0.2063363641500473,-0.5437523126602173],"rotationconfidence":1},"13":{"id":13,"position":[388.7340724468231,-393.9631283283234,2845.493316650391],"positionconfidence":1,"rotation":[-0.2369482517242432,-0.7362491488456726,-0.63387131690979,-0.5311278700828552,0.6444863677024841,-0.5500370860099792,0.8134856224060059,0.2063363641500473,-0.5437523126602173],"rotationconfidence":1},"14":{"id":14,"position":[343.9926207065582,-532.9844355583191,2725.803375244141],"positionconfidence":0.5,"rotation":[-0.2365134358406067,-0.8003528714179993,-0.5509052276611328,0,-0.5669918656349182,0.8237234354019165,-0.9716281890869141,0.1948216557502747,0.1341011971235275],"rotationconfidence":0.5},"15":{"id":15,"position":[329.7549188137054,-581.164300441742,2692.639827728272],"positionconfidence":0.5,"rotation":[-0.2365134358406067,-0.8003528714179993,-0.5509052276611328,0,-0.5669918656349182,0.8237234354019165,-0.9716281890869141,0.1948216557502747,0.1341011971235275],"rotationconfidence":0.5},"17":{"id":17,"position":[69.48647648096085,-495.993584394455,2698.563814163208],"positionconfidence":1,"rotation":[0.9000657796859741,-0.422825962305069,-0.1053547412157059,0.4345801472663879,0.8532769680023193,0.2881985008716583,-0.03196103125810623,-0.3051827251911163,0.9517573118209839],"rotationconfidence":1},"18":{"id":18,"position":[-68.89663636684418,-767.7021026611328,2606.79292678833],"positionconfidence":1,"rotation":[0.8300844430923462,-0.5576377511024475,0,0.5039610266685486,0.7501827478408813,0.4280760586261749,-0.2387113720178604,-0.3553392887115479,0.9037427306175232],"rotationconfidence":1},"19":{"id":19,"position":[-184.0490847826004,-939.1149282455444,2508.979797363281],"positionconfidence":1,"rotation":[0.989546000957489,-0.1442170441150665,0,-0.01459574233740568,-0.1001487672328949,-0.9948652982711792,0.1434765458106995,0.9844651222229004,-0.1012067794799805],"rotationconfidence":1},"20":{"id":20,"position":[-193.5859769582748,-1004.552364349365,2515.707015991211],"positionconfidence":1,"rotation":[0.989546000957489,-0.1442170441150665,0,-0.01459574233740568,-0.1001487672328949,-0.9948652982711792,0.1434765458106995,0.9844651222229004,-0.1012067794799805],"rotationconfidence":1},"21":{"id":21,"position":[222.9551672935486,-499.193012714386,2702.691555023193],"positionconfidence":1,"rotation":[0.9760597944259644,0.1880116313695908,0.109355740249157,-0.2150314599275589,0.909699559211731,0.3552576303482056,-0.03268830850720406,-0.3702676892280579,0.9283497333526611],"rotationconfidence":1},"22":{"id":22,"position":[289.6190881729126,-781.2175154685974,2592.554807662964],"positionconfidence":1,"rotation":[-0.7603373527526855,0.1114521399140358,-0.6398949027061462,-0.3882790207862854,0.7117752432823181,0.5853334665298462,0.5206980109214783,0.6935086846351624,-0.4979147911071777],"rotationconfidence":1},"23":{"id":23,"position":[373.1407821178436,-934.325635433197,2466.645240783691],"positionconfidence":1,"rotation":[0.9934958815574646,-0.1138681024312973,0,0.004294224083423615,0.03746698051691055,-0.9992886185646057,0.1137870997190476,0.992789089679718,0.03771226480603218],"rotationconfidence":1},"24":{"id":24,"position":[365.370899438858,-1002.11763381958,2464.070081710815],"positionconfidence":1,"rotation":[0.9934958815574646,-0.1138681024312973,0,0.004294224083423615,0.03746698051691055,-0.9992886185646057,0.1137870997190476,0.992789089679718,0.03771226480603218],"rotationconfidence":1}},"skeletonTracked":true,"frameCount":3},{"position":[127.9159039258957,-462.9212915897369,2625.790596008301],"positionTracked":true,"id":4561,"skeleton":{"1":{"id":1,"position":[153.6010652780533,164.4864827394486,2869.524955749512],"positionconfidence":1,"rotation":[0.9995362162590027,0.03045067191123962,0,-0.03035491146147251,0.9963928461074829,0.07924573868513107,0.002413085894659162,-0.07920898497104645,0.9968550801277161],"rotationconfidence":1},"2":{"id":2,"position":[159.6005260944367,-32.44442120194435,2853.862524032593],"positionconfidence":1,"rotation":[0.9976457953453064,0.02532441541552544,0.06373066455125809,-0.03035491146147251,0.9963928461074829,0.07924573868513107,-0.06149392202496529,-0.08099371939897537,0.9948158264160156],"rotationconfidence":1},"3":{"id":3,"position":[147.4039703607559,-376.3982057571411,2784.25145149231],"positionconfidence":1,"rotation":[0.9975334405899048,-0.0460871160030365,0.05294224992394447,0.03473425656557083,0.9795371294021606,0.198243573307991,-0.06099537760019302,-0.195915699005127,0.9787218570709229],"rotationconfidence":1},"4":{"id":4,"position":[148.0677127838135,-428.0871748924255,2725.048780441284],"positionconfidence":1,"rotation":[0.9994305372238159,-0.01905956491827965,0.0278455950319767,-0.008445115759968758,0.6576637625694275,0.7532642483711243,-0.03266992792487145,-0.7530704736709595,0.6571282744407654],"rotationconfidence":1},"6":{"id":6,"position":[0.70126389618963,-160.9462797641754,2822.581291198731],"positionconfidence":1,"rotation":[0.2542094886302948,0.9558037519454956,-0.1477052420377731,0.3700005114078522,-0.2372158914804459,-0.8982362151145935,-0.8935754895210266,0.1736891269683838,-0.4139503538608551],"rotationconfidence":1},"7":{"id":7,"position":[-61.39476969838142,-394.4215178489685,2858.661413192749],"positionconfidence":1,"rotation":[-0.1032296121120453,0.8179026246070862,0.566020131111145,0.4368826150894165,0.548513650894165,-0.7129278779029846,-0.8935754895210266,0.1736891269683838,-0.4139503538608551],"rotationconfidence":1},"8":{"id":8,"position":[-42.16137528419495,-546.8103885650635,2753.202438354492],"positionconfidence":0.5,"rotation":[-0.0521337240934372,0.8167858719825745,0.5745806097984314,0,0.5753629803657532,-0.8178980350494385,-0.9986400008201599,-0.042640071362257,-0.02999581396579742],"rotationconfidence":0.5},"9":{"id":9,"position":[-38.8735942542553,-598.320484161377,2716.966867446899],"positionconfidence":0.5,"rotation":[-0.0521337240934372,0.8167858719825745,0.5745806097984314,0,0.5753629803657532,-0.8178980350494385,-0.9986400008201599,-0.042640071362257,-0.02999581396579742],"rotationconfidence":0.5},"12":{"id":12,"position":[328.9195001125336,-162.3477339744568,2842.755794525147],"positionconfidence":1,"rotation":[0.2523280382156372,-0.9675908088684082,0.009932872839272022,-0.5232952237129211,-0.145084872841835,-0.8397098779678345,0.8139365911483765,0.206684485077858,-0.542944610118866],"rotationconfidence":1},"13":{"id":13,"position":[389.2919421195984,-393.8551843166351,2845.132350921631],"positionconfidence":1,"rotation":[-0.2506787776947022,-0.7181448340415955,-0.6491749286651611,-0.5240872502326965,0.6644918918609619,-0.5327129364013672,0.8139365911483765,0.206684485077858,-0.542944610118866],"rotationconfidence":1},"14":{"id":14,"position":[341.9878780841827,-529.3719172477722,2722.630500793457],"positionconfidence":0.5,"rotation":[-0.2818068563938141,-0.7382473349571228,-0.612842321395874,0,-0.6387292742729187,0.7694315314292908,-0.9594711065292358,0.2168310880661011,0.1799982935190201],"rotationconfidence":0.5},"15":{"id":15,"position":[325.0474333763123,-573.7506747245789,2685.790300369263],"positionconfidence":0.5,"rotation":[-0.2818068563938141,-0.7382473349571228,-0.612842321395874,0,-0.6387292742729187,0.7694315314292908,-0.9594711065292358,0.2168310880661011,0.1799982935190201],"rotationconfidence":0.5},"17":{"id":17,"position":[69.58362460136414,-496.0422813892365,2698.793649673462],"positionconfidence":1,"rotation":[0.899864673614502,-0.4229568243026733,-0.1065423712134361,0.4350603520870209,0.8529788851737976,0.2883566319942474,-0.03108400851488113,-0.3058342933654785,0.9515772461891174],"rotationconfidence":1},"18":{"id":18,"position":[-68.91383230686188,-767.5802707672119,2606.997966766357],"positionconfidence":1,"rotation":[0.8298038244247437,-0.5580551624298096,0,0.5045942068099976,0.7503097057342529,0.4271064102649689,-0.2383489310741425,-0.3544145226478577,0.9042012691497803],"rotationconfidence":1},"19":{"id":19,"position":[-184.4862401485443,-939.4314289093018,2509.173393249512],"positionconfidence":1,"rotation":[0.9901714324951172,-0.1398588418960571,0,-0.01432696357369423,-0.1014319136738777,-0.9947392344474792,0.1391230821609497,0.9849624037742615,-0.1024387404322624],"rotationconfidence":1},"20":{"id":20,"position":[-193.6895698308945,-1004.589080810547,2515.949964523315],"positionconfidence":1,"rotation":[0.9901714324951172,-0.1398588418960571,0,-0.01432696357369423,-0.1014319136738777,-0.9947392344474792,0.1391230821609497,0.9849624037742615,-0.1024387404322624],"rotationconfidence":1},"21":{"id":21,"position":[223.0150848627091,-499.2147982120514,2702.785968780518],"positionconfidence":1,"rotation":[0.976097047328949,0.1876983493566513,0.109562374651432,-0.2149869799613953,0.9077886343002319,0.360139399766922,-0.03186190873384476,-0.3750855028629303,0.9264425039291382],"rotationconfidence":1},"22":{"id":22,"position":[290.1292145252228,-782.6061248779297,2590.35849571228],"positionconfidence":1,"rotation":[-0.7943561673164368,0.06019626185297966,-0.6044623255729675,-0.3871393501758575,0.7166410684585571,0.5801281929016113,0.4681040644645691,0.6948395371437073,-0.5459638833999634],"rotationconfidence":1},"23":{"id":23,"position":[373.1681108474731,-936.3210201263428,2465.924739837647],"positionconfidence":1,"rotation":[0.9991836547851562,-0.04039807245135307,0,0.001873096683993936,0.04632814228534699,-0.9989246129989624,0.04035462811589241,0.9981091618537903,0.04636599123477936],"rotationconfidence":1},"24":{"id":24,"position":[370.4182207584381,-1004.335284233093,2462.765216827393],"positionconfidence":1,"rotation":[0.9991836547851562,-0.04039807245135307,0,0.001873096683993936,0.04632814228534699,-0.9989246129989624,0.04035462811589241,0.9981091618537903,0.04636599123477936],"rotationconfidence":1}},"skeletonTracked":true,"frameCount":4},{"position":[127.9697716236115,-461.8808925151825,2627.734422683716],"positionTracked":true,"id":4561,"skeleton":{"1":{"id":1,"position":[153.9464443922043,164.6708548069,2868.601322174072],"positionconfidence":1,"rotation":[0.9995555877685547,0.02980887517333031,0,-0.02972462773323059,0.996730625629425,0.07513014227151871,0.002239545108750463,-0.07509675621986389,0.9971737265586853],"rotationconfidence":1},"2":{"id":2,"position":[159.8271578550339,-32.52209350466728,2853.737592697144],"positionconfidence":1,"rotation":[0.9977288842201233,0.02504108473658562,0.06253021210432053,-0.02972462773323059,0.996730625629425,0.07513014227151871,-0.06044443696737289,-0.07681819796562195,0.9952112436294556],"rotationconfidence":1},"3":{"id":3,"position":[147.497683763504,-376.4191567897797,2784.379482269287],"positionconfidence":1,"rotation":[0.9975918531417847,-0.04619890451431274,0.05172985047101975,0.03512289002537727,0.9796572923660278,0.1975799947977066,-0.05980551242828369,-0.1952873319387436,0.9789208769798279],"rotationconfidence":1},"4":{"id":4,"position":[148.1362879276276,-428.1156361103058,2725.16942024231],"positionconfidence":1,"rotation":[0.9994667768478394,-0.01848312839865685,0.02691732160747051,-0.008124205283820629,0.657673180103302,0.7532595992088318,-0.03162539377808571,-0.7530766129493713,0.6571723222732544],"rotationconfidence":1},"6":{"id":6,"position":[1.012885011732578,-160.9943509101868,2822.232007980347],"positionconfidence":1,"rotation":[0.2542618215084076,0.9554501175880432,-0.1498864740133286,0.3288513720035553,-0.231156587600708,-0.9156545996665955,-0.9095095992088318,0.1835256367921829,-0.3729753792285919],"rotationconfidence":1},"7":{"id":7,"position":[-61.04587018489838,-394.1950798034668,2858.815431594849],"positionconfidence":1,"rotation":[-0.07206156104803085,0.8140621185302734,0.5762898921966553,0.4093891084194183,0.5510183572769165,-0.7271721959114075,-0.9095095992088318,0.1835256367921829,-0.3729753792285919],"rotationconfidence":1},"8":{"id":8,"position":[-47.6459413766861,-545.5708503723145,2751.653671264648],"positionconfidence":0.5,"rotation":[-0.009012848138809204,0.7910874485969543,0.6116366386413574,0,0.6116614937782288,-0.7911195755004883,-0.9999593496322632,-0.007130240555852652,-0.005512812174856663],"rotationconfidence":0.5},"9":{"id":9,"position":[-47.08617925643921,-594.7030186653137,2713.666677474976],"positionconfidence":0.5,"rotation":[-0.009012848138809204,0.7910874485969543,0.6116366386413574,0,0.6116614937782288,-0.7911195755004883,-0.9999593496322632,-0.007130240555852652,-0.005512812174856663],"rotationconfidence":0.5},"12":{"id":12,"position":[329.0380537509918,-161.9545668363571,2842.080593109131],"positionconfidence":1,"rotation":[0.2533548474311829,-0.9673076272010803,0.01127666048705578,-0.5215022563934326,-0.1463901102542877,-0.8405981063842773,0.8147678375244141,0.2070888429880142,-0.5415418148040771],"rotationconfidence":1},"13":{"id":13,"position":[389.7657692432404,-393.8127160072327,2844.783544540405],"positionconfidence":1,"rotation":[-0.2631525695323944,-0.7001979947090149,-0.6636818051338196,-0.5166276097297668,0.6832547187805176,-0.5160028338432312,0.8147678375244141,0.2070888429880142,-0.5415418148040771],"rotationconfidence":1},"14":{"id":14,"position":[340.068519115448,-526.0474681854248,2719.444990158081],"positionconfidence":0.5,"rotation":[-0.3114535212516785,-0.6902241110801697,-0.653136670589447,0,-0.6873230934143066,0.7263517379760742,-0.9502614140510559,0.226224809885025,0.214069202542305],"rotationconfidence":0.5},"15":{"id":15,"position":[321.2413787841797,-567.7710175514221,2679.963350296021],"positionconfidence":0.5,"rotation":[-0.3114535212516785,-0.6902241110801697,-0.653136670589447,0,-0.6873230934143066,0.7263517379760742,-0.9502614140510559,0.226224809885025,0.214069202542305],"rotationconfidence":0.5},"17":{"id":17,"position":[69.64638084173203,-496.1196780204773,2699.000358581543],"positionconfidence":1,"rotation":[0.8996508121490479,-0.4230110943317413,-0.1081209182739258,0.435583770275116,0.8526090383529663,0.2886601090431213,-0.02992154471576214,-0.306788980960846,0.9513071179389954],"rotationconfidence":1},"18":{"id":18,"position":[-68.99712234735489,-767.4996256828308,2607.121706008911],"positionconfidence":1,"rotation":[0.8295441269874573,-0.558441162109375,0,0.5052401423454285,0.7505159378051758,0.4259792268276215,-0.2378843277692795,-0.3533685803413391,0.9047330021858215],"rotationconfidence":1},"19":{"id":19,"position":[-184.9787086248398,-939.7860765457153,2509.335041046143],"positionconfidence":1,"rotation":[0.9910380244255066,-0.1335797309875488,0,-0.01386302523314953,-0.1028508245944977,-0.9946001768112183,0.1328584253787994,0.9856866598129272,-0.1037809029221535],"rotationconfidence":1},"20":{"id":20,"position":[-193.7211006879807,-1004.64653968811,2516.164064407349],"positionconfidence":1,"rotation":[0.9910380244255066,-0.1335797309875488,0,-0.01386302523314953,-0.1028508245944977,-0.9946001768112183,0.1328584253787994,0.9856866598129272,-0.1037809029221535],"rotationconfidence":1},"21":{"id":21,"position":[223.051443696022,-499.2253184318543,2702.823877334595],"positionconfidence":1,"rotation":[0.9762362241744995,0.1875675320625305,0.108540453016758,-0.2145235985517502,0.907386064529419,0.361427903175354,-0.03069595620036125,-0.3761235177516937,0.9260608553886414],"rotationconfidence":1},"22":{"id":22,"position":[290.0881171226502,-782.7752232551575,2589.88094329834],"positionconfidence":1,"rotation":[-0.8080363869667053,0.03931997716426849,-0.5878188610076904,-0.3862149715423584,0.7180997729301453,0.5789392590522766,0.4448764622211456,0.694828450679779,-0.5650647878646851],"rotationconfidence":1},"23":{"id":23,"position":[372.8555142879486,-936.6668462753296,2465.811967849731],"positionconfidence":1,"rotation":[0.9998472332954407,-0.01747838594019413,0,0.0007483441149815917,0.04280886054039002,-0.9990829825401306,0.017462357878685,0.9989303946495056,0.04281540215015411],"rotationconfidence":1},"24":{"id":24,"position":[371.6663718223572,-1004.691481590271,2462.896347045898],"positionconfidence":1,"rotation":[0.9998472332954407,-0.01747838594019413,0,0.0007483441149815917,0.04280886054039002,-0.9990829825401306,0.017462357878685,0.9989303946495056,0.04281540215015411],"rotationconfidence":1}},"skeletonTracked":true,"frameCount":5},{"position":[120.4089224338532,-462.9504680633545,2625.519752502441],"positionTracked":true,"id":4561,"skeleton":{"1":{"id":1,"position":[154.0397554636002,165.0334745645523,2867.25926399231],"positionconfidence":1,"rotation":[0.9995424747467041,0.03024517185986042,0,-0.03017287515103817,0.9971532225608826,0.0691017434000969,0.00208999402821064,-0.06907013058662415,0.997609555721283],"rotationconfidence":1},"2":{"id":2,"position":[160.0155383348465,-32.45421499013901,2853.573560714722],"positionconfidence":1,"rotation":[0.99774169921875,0.02589589171111584,0.06197476387023926,-0.03017287515103817,0.9971532225608826,0.0691017434000969,-0.06000888347625732,-0.07081564515829086,0.9956827163696289],"rotationconfidence":1},"3":{"id":3,"position":[147.5491523742676,-376.4261603355408,2784.467697143555],"positionconfidence":1,"rotation":[0.9976367950439453,-0.04634707793593407,0.05072174221277237,0.03551003336906433,0.9797912240028381,0.1968454718589783,-0.05881993472576141,-0.1945791691541672,0.9791216254234314],"rotationconfidence":1},"4":{"id":4,"position":[148.1750309467316,-428.1300902366638,2725.253582000732],"positionconfidence":1,"rotation":[0.9995042085647583,-0.01771561987698078,0.02603324316442013,-0.007961518131196499,0.6577023267745972,0.7532359957695007,-0.03046616166830063,-0.7530696392059326,0.6572350859642029],"rotationconfidence":1},"6":{"id":6,"position":[1.322301104664803,-160.7530564069748,2821.812391281128],"positionconfidence":1,"rotation":[0.2559404075145721,0.9549084901809692,-0.150479719042778,0.2147989571094513,-0.2079497277736664,-0.9542630314826965,-0.9425262212753296,0.211911603808403,-0.2583361268043518],"rotationconfidence":1},"7":{"id":7,"position":[-61.05762720108032,-393.4912979602814,2858.4885597229],"positionconfidence":1,"rotation":[-0.0264271330088377,0.7234559059143066,0.6898646354675293,0.3330851197242737,0.6570425629615784,-0.6762759685516357,-0.9425262212753296,0.211911603808403,-0.2583361268043518],"rotationconfidence":1},"8":{"id":8,"position":[-56.13561719655991,-528.2337665557861,2730.002403259277],"positionconfidence":1,"rotation":[-0.03646392375230789,0.8754327893257141,0.4819624423980713,0,0.4822831749916077,-0.8760153651237488,-0.9993349313735962,-0.03194295614957809,-0.01758593693375588],"rotationconfidence":1},"9":{"id":9,"position":[-53.87542769312859,-582.4968218803406,2700.128316879273],"positionconfidence":0.5,"rotation":[-0.03646392375230789,0.8754327893257141,0.4819624423980713,0,0.4822831749916077,-0.8760153651237488,-0.9993349313735962,-0.03194295614957809,-0.01758593693375588],"rotationconfidence":0.5},"12":{"id":12,"position":[328.3013999462128,-160.253643989563,2841.554641723633],"positionconfidence":1,"rotation":[0.2554619908332825,-0.9667325615882874,0.01293398346751928,-0.5290714502334595,-0.15098075568676,-0.8350377678871155,0.809211015701294,0.2064774185419083,-0.5500404834747314],"rotationconfidence":1},"13":{"id":13,"position":[389.839380979538,-393.1288719177246,2844.670295715332],"positionconfidence":1,"rotation":[-0.260211706161499,-0.7134231925010681,-0.650628387928009,-0.526751697063446,0.6696226596832275,-0.5235820412635803,0.809211015701294,0.2064774185419083,-0.5500404834747314],"rotationconfidence":1},"14":{"id":14,"position":[340.9238159656525,-527.2408127784729,2722.362756729126],"positionconfidence":1,"rotation":[-0.2892170250415802,-0.741870105266571,-0.6049646139144897,0,-0.6319728493690491,0.7749903798103333,-0.9572634100914001,0.2241404056549072,0.1827773004770279],"rotationconfidence":1},"15":{"id":15,"position":[323.6029744148254,-571.6704726219177,2686.132192611694],"positionconfidence":1,"rotation":[-0.2892170250415802,-0.741870105266571,-0.6049646139144897,0,-0.6319728493690491,0.7749903798103333,-0.9572634100914001,0.2241404056549072,0.1827773004770279],"rotationconfidence":1},"17":{"id":17,"position":[69.67353820800781,-496.1471557617188,2699.138879776001],"positionconfidence":1,"rotation":[0.8996689915657043,-0.4225953221321106,-0.1095860823988915,0.4356246292591095,0.8524373769760132,0.2891052961349487,-0.02875927463173866,-0.3078374266624451,0.9510042071342468],"rotationconfidence":1},"18":{"id":18,"position":[-68.94152611494064,-767.3913836479187,2607.14602470398],"positionconfidence":1,"rotation":[0.829542338848114,-0.5584438443183899,0,0.5051402449607849,0.7503623366355896,0.4263681173324585,-0.2381026446819305,-0.3536904156208038,0.904549777507782],"rotationconfidence":1},"19":{"id":19,"position":[-185.1477771997452,-940.0103688240051,2509.061098098755],"positionconfidence":1,"rotation":[0.9919103980064392,-0.1269406974315643,0,-0.01313464529812336,-0.1026336848735809,-0.9946326017379761,0.1262593418359757,0.9865862131118774,-0.1034707203507423],"rotationconfidence":1},"20":{"id":20,"position":[-193.4034526348114,-1004.519939422607,2515.82670211792],"positionconfidence":1,"rotation":[0.9919103980064392,-0.1269406974315643,0,-0.01313464529812336,-0.1026336848735809,-0.9946326017379761,0.1262593418359757,0.9865862131118774,-0.1034707203507423],"rotationconfidence":1},"21":{"id":21,"position":[222.9537963867188,-499.1515576839447,2702.801704406738],"positionconfidence":1,"rotation":[0.976859450340271,0.1857026666402817,0.1061141565442085,-0.2118401825428009,0.9084539413452148,0.3603267371654511,-0.02948619052767754,-0.3744677305221558,0.9267709255218506],"rotationconfidence":1},"22":{"id":22,"position":[288.9323234558106,-782.0934057235718,2590.576410293579],"positionconfidence":1,"rotation":[-0.8096902966499329,0.02719223871827126,-0.5862271189689636,-0.3893655240535736,0.7225025296211243,0.5713006854057312,0.4390855133533478,0.6908332705497742,-0.5744155645370483],"rotationconfidence":1},"23":{"id":23,"position":[372.422993183136,-937.0177984237671,2468.073844909668],"positionconfidence":1,"rotation":[1,0.0002618273429106921,0,-0.00001222623723151628,0.04669579863548279,-0.9989091753959656,-0.0002615417179185897,0.9989091157913208,0.04669579863548279],"rotationconfidence":1},"24":{"id":24,"position":[372.4406361579895,-1004.401803016663,2464.923858642578],"positionconfidence":1,"rotation":[1,0.0002618273429106921,0,-0.00001222623723151628,0.04669579863548279,-0.9989091753959656,-0.0002615417179185897,0.9989091157913208,0.04669579863548279],"rotationconfidence":1}},"skeletonTracked":true,"frameCount":6},{"position":[109.5676198601723,-461.3727927207947,2627.437114715576],"positionTracked":true,"id":4561,"skeleton":{"1":{"id":1,"position":[154.6982675790787,165.9550219774246,2865.987062454224],"positionconfidence":1,"rotation":[0.9996123909950256,0.02783871814608574,0,-0.02777998521924019,0.9975034594535828,0.06492375582456589,0.001807394088245928,-0.06489858776330948,0.9978901743888855],"rotationconfidence":1},"2":{"id":2,"position":[160.2063179016113,-31.8240337073803,2853.114366531372],"positionconfidence":1,"rotation":[0.9963040351867676,0.02234845235943794,0.08293810486793518,-0.02777998521924019,0.9975034594535828,0.06492375582456589,-0.08128010481595993,-0.06698781996965408,0.994437575340271],"rotationconfidence":1},"3":{"id":3,"position":[146.493598818779,-375.7829964160919,2784.391641616821],"positionconfidence":1,"rotation":[0.9961287379264832,-0.05362910404801369,0.06965058296918869,0.03906477987766266,0.9798699617385864,0.1957772225141525,-0.07874787598848343,-0.1922984570264816,0.978171706199646],"rotationconfidence":1},"4":{"id":4,"position":[147.3885923624039,-427.6520013809204,2725.22759437561],"positionconfidence":1,"rotation":[0.9990661144256592,-0.02385454811155796,0.03602642938494682,-0.0113741559907794,0.6591848134994507,0.7518949508666992,-0.04168418794870377,-0.7516025304794312,0.6582978963851929],"rotationconfidence":1},"6":{"id":6,"position":[2.176831010729075,-157.1667641401291,2818.909168243408],"positionconfidence":1,"rotation":[0.2963036298751831,0.9486632347106934,-0.1106451377272606,0.2808651328086853,-0.1972726136445999,-0.9392542839050293,-0.9128631353378296,0.2472280561923981,-0.3248989880084992],"rotationconfidence":1},"7":{"id":7,"position":[-68.83896887302399,-384.5351338386536,2845.427751541138],"positionconfidence":1,"rotation":[-0.02833795733749867,0.755513608455658,0.6545198559761047,0.4072812795639038,0.6066940426826477,-0.6826745867729187,-0.9128631353378296,0.247228