{"motiondata":[{"position":[9.74408071488142,-577.8992772102356,2779.428482055664],"positionTracked":true,"id":4048,"skeleton":{"1":{"id":1,"position":[62.03871965408325,45.32291367650032,3046.579599380493],"positionconfidence":1,"rotation":[0.9998165369033813,-0.01915504410862923,0,0.01892471499741077,0.9877942800521851,0.1546101123094559,-0.002961563412100077,-0.1545817404985428,0.987975537776947],"rotationconfidence":1},"2":{"id":2,"position":[58.49606543779373,-139.5894438028336,3017.637014389038],"positionconfidence":1,"rotation":[0.998124361038208,-0.009660638868808746,-0.06045202910900116,0.01892471499741077,0.9877942800521851,0.1546101123094559,0.05822053924202919,-0.1554641723632813,0.9861243963241577],"rotationconfidence":1},"3":{"id":3,"position":[54.88177761435509,-469.2180156707764,2962.804317474365],"positionconfidence":1,"rotation":[0.9982492923736572,-0.001108470838516951,-0.05913582444190979,0.01081546861678362,0.986387312412262,0.164082482457161,0.05814894661307335,-0.1644348204135895,0.984672486782074],"rotationconfidence":1},"4":{"id":4,"position":[50.75844004750252,-516.8330073356628,2900.660753250122],"positionconfidence":1,"rotation":[0.9984710216522217,-0.04550176113843918,-0.03138647228479385,0.05259593576192856,0.6073611378669739,0.7926828265190125,-0.01700554229319096,-0.7931216955184937,0.6088257431983948],"rotationconfidence":1},"6":{"id":6,"position":[-123.3091056346893,-267.3915326595306,3015.741109848023],"positionconfidence":1,"rotation":[0.2432236969470978,0.943998396396637,-0.2229557484388351,0.08741706609725952,-0.2502561807632446,-0.9642251133918762,-0.9660230278968811,0.2150322645902634,-0.1433898061513901],"rotationconfidence":1},"7":{"id":7,"position":[-178.7776648998261,-482.6757907867432,3066.587448120117],"positionconfidence":1,"rotation":[-0.09960256516933441,0.2022078633308411,0.9742644429206848,0.2384928315877914,0.9554438591003418,-0.1739196926355362,-0.9660230278968811,0.2150322645902634,-0.1433898061513901],"rotationconfidence":1},"8":{"id":8,"position":[-155.8331251144409,-529.2565822601318,2842.154979705811],"positionconfidence":0.5,"rotation":[-0.1262639164924622,0.2105923146009445,0.96938556432724,0,0.9772064685821533,-0.212291345000267,-0.9919967651367188,-0.0268047358840704,-0.123385913670063],"rotationconfidence":0.5},"9":{"id":9,"position":[-146.7256844043732,-544.4466471672058,2772.233009338379],"positionconfidence":0.5,"rotation":[-0.1262639164924622,0.2105923146009445,0.96938556432724,0,0.9772064685821533,-0.212291345000267,-0.9919967651367188,-0.0268047358840704,-0.123385913670063],"rotationconfidence":0.5},"12":{"id":12,"position":[223.5960811376572,-266.8586671352387,2995.343923568726],"positionconfidence":1,"rotation":[0.2794922590255737,-0.9584336280822754,0.05735088139772415,-0.394095242023468,-0.1689813882112503,-0.9034014940261841,0.8755415678024292,0.2298920154571533,-0.4249430894851685],"rotationconfidence":1},"13":{"id":13,"position":[289.6363139152527,-493.3235347270966,3008.8951587677],"positionconfidence":1,"rotation":[-0.3686503767967224,-0.250625342130661,-0.8951446413993835,-0.3122881054878235,0.9403917789459229,-0.1346831321716309,0.8755415678024292,0.2298920154571533,-0.4249430894851685],"rotationconfidence":1},"14":{"id":14,"position":[210.2546691894531,-547.2908020019531,2816.143274307251],"positionconfidence":1,"rotation":[-0.3264901041984558,-0.08087866008281708,-0.9417340159416199,0,-0.9963324069976807,0.08556771278381348,-0.9452007412910461,0.02793701179325581,0.3252926766872406],"rotationconfidence":1},"15":{"id":15,"position":[197.5044310092926,-550.4493117332458,2779.366254806519],"positionconfidence":0.5,"rotation":[-0.3264901041984558,-0.08087866008281708,-0.9417340159416199,0,-0.9963324069976807,0.08556771278381348,-0.9452007412910461,0.02793701179325581,0.3252926766872406],"rotationconfidence":0.5},"17":{"id":17,"position":[-30.74211627244949,-590.1975631713867,2875.388622283936],"positionconfidence":1,"rotation":[0.670280396938324,-0.6984877586364746,-0.2506776452064514,0.7419819831848145,0.6245481371879578,0.243726372718811,-0.0136796347796917,-0.3493632376194,0.9368875622749329],"rotationconfidence":1},"18":{"id":18,"position":[-296.9690263271332,-814.2886161804199,2787.938356399536],"positionconfidence":1,"rotation":[0.8274725675582886,-0.5615061521530151,0,0.5567012429237366,0.8203917145729065,0.1305422782897949,-0.07330029457807541,-0.108020156621933,0.9914427995681763],"rotationconfidence":1},"19":{"id":19,"position":[-461.44038438797,-1056.66446685791,2749.37105178833],"positionconfidence":1,"rotation":[0.387165367603302,-0.9220104217529297,0,0.8450409770011902,0.3548448085784912,-0.3999888300895691,0.368793785572052,0.15486179292202,0.9165199995040894],"rotationconfidence":1},"20":{"id":20,"position":[-496.032327413559,-1071.190118789673,2663.403749465942],"positionconfidence":1,"rotation":[0.387165367603302,-0.9220104217529297,0,0.8450409770011902,0.3548448085784912,-0.3999888300895691,0.368793785572052,0.15486179292202,0.9165199995040894],"rotationconfidence":1},"21":{"id":21,"position":[128.2299906015396,-592.4767255783081,2876.859903335571],"positionconfidence":1,"rotation":[0.9149543046951294,0.3303590714931488,0.2317786514759064,-0.4032567143440247,0.7706018686294556,0.4935146570205689,-0.01557203102856875,-0.5450096726417542,0.8382850885391235],"rotationconfidence":1},"22":{"id":22,"position":[251.0573267936707,-827.1931409835815,2726.541042327881],"positionconfidence":1,"rotation":[0.8053632378578186,0.5667842030525208,0.1736250519752502,-0.5839829444885254,0.708335280418396,0.3965163826942444,0.1017544716596603,-0.420733779668808,0.9014595150947571],"rotationconfidence":1},"23":{"id":23,"position":[402.6886522769928,-1011.112570762634,2623.58546257019],"positionconfidence":1,"rotation":[0.08414259552955627,0.9964537620544434,0,-0.9710943102836609,0.08200119435787201,-0.2241688519716263,-0.2233738750219345,0.01886214688420296,0.9745503067970276],"rotationconfidence":1},"24":{"id":24,"position":[423.3930706977844,-1012.860894203186,2533.254861831665],"positionconfidence":1,"rotation":[0.08414259552955627,0.9964537620544434,0,-0.9710943102836609,0.08200119435787201,-0.2241688519716263,-0.2233738750219345,0.01886214688420296,0.9745503067970276],"rotationconfidence":1}},"skeletonTracked":true,"frameCount":1},{"position":[9.990030899643898,-580.7170271873474,2775.209426879883],"positionTracked":true,"id":4048,"skeleton":{"1":{"id":1,"position":[62.10986897349358,45.59969156980515,3047.019481658936],"positionconfidence":1,"rotation":[0.9998083710670471,-0.0195742342621088,0,0.01933475583791733,0.987576425075531,0.1559457927942276,-0.003052519401535392,-0.1559159159660339,0.9877656102180481],"rotationconfidence":1},"2":{"id":2,"position":[58.48364904522896,-139.6195739507675,3017.77195930481],"positionconfidence":1,"rotation":[0.9981172680854797,-0.009984610602259636,-0.06051966547966003,0.01933475583791733,0.987576425075531,0.1559457927942276,0.05821073055267334,-0.1568222790956497,0.9859099984169006],"rotationconfidence":1},"3":{"id":3,"position":[54.88920211791992,-469.2504405975342,2962.880373001099],"positionconfidence":1,"rotation":[0.9982502460479736,-0.001039894530549645,-0.05912337824702263,0.01075572054833174,0.9863595962524414,0.1642529666423798,0.05814610794186592,-0.1646014899015427,0.984644889831543],"rotationconfidence":1},"4":{"id":4,"position":[50.77161267399788,-516.8502926826477,2900.735139846802],"positionconfidence":1,"rotation":[0.9984954595565796,-0.04444520175457001,-0.03211524337530136,0.05252808704972267,0.6072313189506531,0.792786717414856,-0.01573418267071247,-0.7932809591293335,0.6086524724960327],"rotationconfidence":1},"6":{"id":6,"position":[-123.2750341296196,-267.2927379608154,3015.766620635986],"positionconfidence":1,"rotation":[0.2432012110948563,0.9436386227607727,-0.2244980335235596,0.09041909128427505,-0.2524943947792053,-0.9633645415306091,-0.9657524228096008,0.2139924913644791,-0.1467298865318298],"rotationconfidence":1},"7":{"id":7,"position":[-178.7717193365097,-482.623964548111,3066.99538230896],"positionconfidence":1,"rotation":[-0.1034503504633904,0.2010476142168045,0.9741036295890808,0.2379505634307861,0.9559221863746643,-0.1720246225595474,-0.9657524228096008,0.2139924913644791,-0.1467298865318298],"rotationconfidence":1},"8":{"id":8,"position":[-154.931977391243,-528.9546251296997,2842.516899108887],"positionconfidence":0.5,"rotation":[-0.1303977519273758,0.2085239440202713,0.9692853689193726,0,0.9776326417922974,-0.2103197127580643,-0.9914616942405701,-0.02742521837353706,-0.1274811029434204],"rotationconfidence":0.5},"9":{"id":9,"position":[-145.5191671848297,-544.0070033073425,2772.548675537109],"positionconfidence":0.5,"rotation":[-0.1303977519273758,0.2085239440202713,0.9692853689193726,0,0.9776326417922974,-0.2103197127580643,-0.9914616942405701,-0.02742521837353706,-0.1274811029434204],"rotationconfidence":0.5},"12":{"id":12,"position":[223.639726638794,-266.8551504611969,2995.35346031189],"positionconfidence":1,"rotation":[0.2801907360553742,-0.9583069086074829,0.05604496225714684,-0.3936907947063446,-0.1679630279541016,-0.9037675857543945,0.8755002021789551,0.2311629354953766,-0.4243382811546326],"rotationconfidence":1},"13":{"id":13,"position":[289.7904515266419,-493.1035339832306,3008.585214614868],"positionconfidence":1,"rotation":[-0.3667291104793549,-0.2539675235748291,-0.8949918150901794,-0.3146570920944214,0.939182698726654,-0.1375744342803955,0.8755002021789551,0.2311629354953766,-0.4243382811546326],"rotationconfidence":1},"14":{"id":14,"position":[210.9709084033966,-547.6877093315125,2816.22838973999],"positionconfidence":1,"rotation":[-0.3296526372432709,-0.1873459815979004,-0.9253273606300354,0,-0.9801134467124939,0.1984382271766663,-0.94410240650177,0.06541568785905838,0.3230969905853272],"rotationconfidence":1},"15":{"id":15,"position":[195.4156458377838,-556.5279722213745,2772.565126419067],"positionconfidence":0.5,"rotation":[-0.3296526372432709,-0.1873459815979004,-0.9253273606300354,0,-0.9801134467124939,0.1984382271766663,-0.94410240650177,0.06541568785905838,0.3230969905853272],"rotationconfidence":0.5},"17":{"id":17,"position":[-30.72205744683743,-590.2367830276489,2875.472784042358],"positionconfidence":1,"rotation":[0.6702435612678528,-0.6968763470649719,-0.2552194893360138,0.7420343160629272,0.6234346628189087,0.2464029937982559,-0.01259975880384445,-0.3545315861701965,0.9349591135978699],"rotationconfidence":1},"18":{"id":18,"position":[-296.9920635223389,-813.9487504959106,2787.054061889648],"positionconfidence":1,"rotation":[0.8218948841094971,-0.5696392059326172,0,0.5642444491386414,0.8141111731529236,0.1373000890016556,-0.07821151614189148,-0.112846240401268,0.9905295968055725],"rotationconfidence":1},"19":{"id":19,"position":[-460.7182741165161,-1050.178527832031,2747.213840484619],"positionconfidence":1,"rotation":[0.3837405145168304,-0.9234409928321838,0,0.8442142605781555,0.35081747174263,-0.4052523374557495,0.3742265999317169,0.155511736869812,0.9142048954963684],"rotationconfidence":1},"20":{"id":20,"position":[-495.6211745738983,-1064.682602882385,2661.948919296265],"positionconfidence":1,"rotation":[0.3837405145168304,-0.9234409928321838,0,0.8442142605781555,0.35081747174263,-0.4052523374557495,0.3742265999317169,0.155511736869812,0.9142048954963684],"rotationconfidence":1},"21":{"id":21,"position":[128.3328086137772,-592.3665761947632,2876.808643341065],"positionconfidence":1,"rotation":[0.9157810211181641,0.32924884557724,0.2300874590873718,-0.4014216065406799,0.7706271409988403,0.4949692189693451,-0.01434360165148974,-0.5456454753875732,0.8378933072090149],"rotationconfidence":1},"22":{"id":22,"position":[250.5750358104706,-827.0404934883118,2726.078987121582],"positionconfidence":1,"rotation":[0.8042976260185242,0.5687272548675537,0.1722052991390228,-0.5852083563804626,0.7078039646148682,0.3956573605537415,0.1031335294246674,-0.4190022647380829,0.9021089673042297],"rotationconfidence":1},"23":{"id":23,"position":[402.5240242481232,-1010.821342468262,2623.34680557251],"positionconfidence":1,"rotation":[0.09007763862609863,0.9959347248077393,0,-0.9706634879112244,0.08779197186231613,-0.2238411009311676,-0.2229311317205429,0.02016307786107063,0.9746255874633789],"rotationconfidence":1},"24":{"id":24,"position":[423.1577217578888,-1012.687563896179,2533.138990402222],"positionconfidence":1,"rotation":[0.09007763862609863,0.9959347248077393,0,-0.9706634879112244,0.08779197186231613,-0.2238411009311676,-0.2229311317205429,0.02016307786107063,0.9746255874633789],"rotationconfidence":1}},"skeletonTracked":true,"frameCount":2},{"position":[10.78289281576872,-578.2076716423035,2777.306795120239],"positionTracked":true,"id":4048,"skeleton":{"1":{"id":1,"position":[62.1846616268158,45.83709686994553,3047.425270080566],"positionconfidence":1,"rotation":[0.9997974634170532,-0.02012739330530167,0,0.0198765117675066,0.9873353242874146,0.1573974043130875,-0.003167999442666769,-0.1573655307292938,0.9875354170799255],"rotationconfidence":1},"2":{"id":2,"position":[58.4503598511219,-139.6586447954178,3017.8542137146],"positionconfidence":1,"rotation":[0.9981170296669006,-0.01045825518667698,-0.06044115498661995,0.0198765117675066,0.9873353242874146,0.1573974043130875,0.05802958086133003,-0.1583023816347122,0.9856840372085571],"rotationconfidence":1},"3":{"id":3,"position":[54.89273369312286,-469.2728817462921,2962.936878204346],"positionconfidence":1,"rotation":[0.9982612133026123,-0.0009549918468110263,-0.05893696844577789,0.01064594089984894,0.9863469004631042,0.1643361896276474,0.05797535926103592,-0.1646779030561447,0.9846420884132385],"rotationconfidence":1},"4":{"id":4,"position":[50.78568309545517,-516.8581008911133,2900.791883468628],"positionconfidence":1,"rotation":[0.9985324144363403,-0.04273160919547081,-0.03327105939388275,0.05240007862448692,0.6071192026138306,0.7928810715675354,-0.01368159055709839,-0.7934609651565552,0.6084673404693604],"rotationconfidence":1},"6":{"id":6,"position":[-123.2065483927727,-267.2244012355804,3015.728950500488],"positionconfidence":1,"rotation":[0.2432957738637924,0.943418562412262,-0.2253189533948898,0.09342202544212341,-0.254011332988739,-0.9626789689064026,-0.9654427170753479,0.2131659537553787,-0.1499359458684921],"rotationconfidence":1},"7":{"id":7,"position":[-178.745225071907,-482.5845658779144,3067.163944244385],"positionconfidence":1,"rotation":[-0.1071390360593796,0.1998192667961121,0.9739576578140259,0.2375746965408325,0.9563643336296082,-0.1700756549835205,-0.9654427170753479,0.2131659537553787,-0.1499359458684921],"rotationconfidence":1},"8":{"id":8,"position":[-154.0365815162659,-528.6673307418823,2842.547655105591],"positionconfidence":0.5,"rotation":[-0.1340638250112534,0.2066534906625748,0.9691859483718872,0,0.9780146479606628,-0.2085359841585159,-0.9909727573394775,-0.0279571320861578,-0.1311163902282715],"rotationconfidence":0.5},"9":{"id":9,"position":[-144.3459391593933,-543.6050295829773,2772.491216659546],"positionconfidence":0.5,"rotation":[-0.1340638250112534,0.2066534906625748,0.9691859483718872,0,0.9780146479606628,-0.2085359841585159,-0.9909727573394775,-0.0279571320861578,-0.1311163902282715],"rotationconfidence":0.5},"12":{"id":12,"position":[223.6918807029724,-266.8470442295075,2995.366811752319],"positionconfidence":1,"rotation":[0.2807493805885315,-0.9582160711288452,0.05478847399353981,-0.3970412909984589,-0.1679216325283051,-0.902308464050293,0.8738065958023071,0.2315692454576492,-0.4275952279567719],"rotationconfidence":1},"13":{"id":13,"position":[289.9234592914581,-492.8997755050659,3008.291959762573],"positionconfidence":1,"rotation":[-0.383734405040741,-0.2117332369089127,-0.8988420367240906,-0.298680305480957,0.9494971036911011,-0.09615281224250793,0.8738065958023071,0.2315692454576492,-0.4275952279567719],"rotationconfidence":1},"14":{"id":14,"position":[204.1393518447876,-540.2328968048096,2807.355165481567],"positionconfidence":1,"rotation":[-0.3483199179172516,-0.09464365988969803,-0.932585597038269,0,-0.9948897957801819,0.1009666100144386,-0.9373757243156433,0.03516868129372597,0.3465399444103241],"rotationconfidence":1},"15":{"id":15,"position":[185.6576502323151,-545.254647731781,2757.872581481934],"positionconfidence":0.5,"rotation":[-0.3483199179172516,-0.09464365988969803,-0.932585597038269,0,-0.9948897957801819,0.1009666100144386,-0.9373757243156433,0.03516868129372597,0.3465399444103241],"rotationconfidence":0.5},"17":{"id":17,"position":[-30.70183470845223,-590.2640223503113,2875.548601150513],"positionconfidence":1,"rotation":[0.6689386367797852,-0.6969863772392273,-0.2583238482475281,0.7432419061660767,0.6222169399261475,0.2458406835794449,-0.01061414927244186,-0.3564494252204895,0.9342543482780457],"rotationconfidence":1},"18":{"id":18,"position":[-290.6104028224945,-807.8506588935852,2789.579153060913],"positionconfidence":1,"rotation":[0.8174341320991516,-0.5760220885276794,0,0.5700356364250183,0.8089388012886047,0.1437961608171463,-0.08282976597547531,-0.1175438910722733,0.9896073341369629],"rotationconfidence":1},"19":{"id":19,"position":[-460.4780077934265,-1048.910140991211,2746.728658676148],"positionconfidence":1,"rotation":[0.3791791200637817,-0.9253233075141907,0,0.8460859656333923,0.3467092216014862,-0.4048843681812286,0.374648928642273,0.1535236984491348,0.9143679141998291],"rotationconfidence":1},"20":{"id":20,"position":[-495.3540861606598,-1063.201665878296,2661.610126495361],"positionconfidence":1,"rotation":[0.3791791200637817,-0.9253233075141907,0,0.8460859656333923,0.3467092216014862,-0.4048843681812286,0.374648928642273,0.1535236984491348,0.9143679141998291],"rotationconfidence":1},"21":{"id":21,"position":[128.4967213869095,-592.1837687492371,2876.624822616577],"positionconfidence":1,"rotation":[0.915920615196228,0.3301918506622315,0.2281729578971863,-0.4011728763580322,0.7705011367797852,0.4953668117523193,-0.01224142964929342,-0.5452535152435303,0.8381819128990173],"rotationconfidence":1},"22":{"id":22,"position":[250.6524324417114,-826.7986178398132,2725.787401199341],"positionconfidence":1,"rotation":[0.8045809268951416,0.5687088370323181,0.1709379553794861,-0.584740161895752,0.7085094451904297,0.3950860798358917,0.1035777926445007,-0.4178330004215241,0.902600109577179],"rotationconfidence":1},"23":{"id":23,"position":[402.4544954299927,-1010.731935501099,2623.220682144165],"positionconfidence":1,"rotation":[0.09625469893217087,0.9953567385673523,0,-0.9702188968658447,0.09382377564907074,-0.2233212292194367,-0.2222842872142792,0.02149571664631367,0.9747449159622192],"rotationconfidence":1},"24":{"id":24,"position":[423.01145195961,-1012.719869613648,2533.07580947876],"positionconfidence":1,"rotation":[0.09625469893217087,0.9953567385673523,0,-0.9702188968658447,0.09382377564907074,-0.2233212292194367,-0.2222842872142792,0.02149571664631367,0.9747449159622192],"rotationconfidence":1}},"skeletonTracked":true,"frameCount":3},{"position":[11.81580126285553,-580.1936388015747,2774.535417556763],"positionTracked":true,"id":4048,"skeleton":{"1":{"id":1,"position":[62.23506852984428,45.93389853835106,3047.562599182129],"positionconfidence":1,"rotation":[0.999784529209137,-0.02075610496103764,0,0.02049676515161991,0.9872926473617554,0.1575857400894165,-0.003270866116508842,-0.1575517803430557,0.9875053763389587],"rotationconfidence":1},"2":{"id":2,"position":[58.38152021169663,-139.6846473217011,3017.935276031494],"positionconfidence":1,"rotation":[0.9980871677398682,-0.01101076975464821,-0.0608348622918129,0.02049676515161991,0.9872926473617554,0.1575857400894165,0.05832666158676148,-0.1585312038660049,0.985629677772522],"rotationconfidence":1},"3":{"id":3,"position":[54.89429831504822,-469.2912697792053,2962.969541549683],"positionconfidence":1,"rotation":[0.9982462525367737,-0.0006900641019456089,-0.05919427052140236,0.01043527107685804,0.9863250255584717,0.1644811630249023,0.05827128887176514,-0.1648104041814804,0.9846024513244629],"rotationconfidence":1},"4":{"id":4,"position":[50.78727751970291,-516.8644785881042,2900.816440582275],"positionconfidence":1,"rotation":[0.9985623955726624,-0.04081935063004494,-0.03474016860127449,0.05240027979016304,0.6069726943969727,0.7929932475090027,-0.01128313597291708,-0.7936736941337585,0.6082391142845154],"rotationconfidence":1},"6":{"id":6,"position":[-123.1502592563629,-267.1332657337189,3015.694379806519],"positionconfidence":1,"rotation":[0.2431991398334503,0.943406879901886,-0.2254720777273178,0.09451950341463089,-0.2543942630290985,-0.962470531463623,-0.9653601050376892,0.2127604931592941,-0.1510388106107712],"rotationconfidence":1},"7":{"id":7,"position":[-178.6770075559616,-482.5300574302673,3067.173719406128],"positionconfidence":1,"rotation":[-0.1084046363830566,0.1994955241680145,0.9738839268684387,0.237335592508316,0.9565219879150391,-0.1695207953453064,-0.9653601050376892,0.2127604931592941,-0.1510388106107712],"rotationconfidence":1},"8":{"id":8,"position":[-153.6835134029388,-528.5252332687378,2842.637538909912],"positionconfidence":0.5,"rotation":[-0.1353099942207336,0.2059105485677719,0.9691708087921143,0,0.9781666398048401,-0.2078218013048172,-0.9908032417297363,-0.0281203668564558,-0.1323557198047638],"rotationconfidence":0.5},"9":{"id":9,"position":[-143.9011096954346,-543.4117913246155,2772.570133209229],"positionconfidence":0.5,"rotation":[-0.1353099942207336,0.2059105485677719,0.9691708087921143,0,0.9781666398048401,-0.2078218013048172,-0.9908032417297363,-0.0281203668564558,-0.1323557198047638],"rotationconfidence":0.5},"12":{"id":12,"position":[223.7196266651154,-266.8421566486359,2995.214462280273],"positionconfidence":1,"rotation":[0.2819433212280273,-0.9579188823699951,0.05384719371795654,-0.3985984027385712,-0.1680008322000504,-0.9016069769859314,0.8727126121520996,0.2327386289834976,-0.4291915893554688],"rotationconfidence":1},"13":{"id":13,"position":[290.1858985424042,-492.6652014255524,3007.908582687378],"positionconfidence":1,"rotation":[-0.3893734812736511,-0.198563739657402,-0.8994224667549133,-0.2945522367954254,0.9520531296730042,-0.08266682922840118,0.8727126121520996,0.2327386289834976,-0.4291915893554688],"rotationconfidence":1},"14":{"id":14,"position":[202.7305066585541,-537.2636914253235,2805.893421173096],"positionconfidence":1,"rotation":[-0.3616823554039002,-0.03198887780308723,-0.9317524433135986,0,-0.9994111657142639,0.03431173413991928,-0.93230140209198,0.0124099487438798,0.3614693880081177],"rotationconfidence":1},"15":{"id":15,"position":[182.0667684078217,-539.0912890434265,2752.660274505615],"positionconfidence":0.5,"rotation":[-0.3616823554039002,-0.03198887780308723,-0.9317524433135986,0,-0.9994111657142639,0.03431173413991928,-0.93230140209198,0.0124099487438798,0.3614693880081177],"rotationconfidence":0.5},"17":{"id":17,"position":[-30.69223836064339,-590.2855396270752,2875.587463378906],"positionconfidence":1,"rotation":[0.6687235832214355,-0.695496678352356,-0.2628553509712219,0.7434672117233276,0.6216654181480408,0.2465531677007675,-0.00806883443146944,-0.3603003025054932,0.9328014254570007],"rotationconfidence":1},"18":{"id":18,"position":[-289.4034683704376,-806.6122531890869,2789.792060852051],"positionconfidence":1,"rotation":[0.8162606358528137,-0.5776838064193726,0,0.571587324142456,0.8076463341712952,0.1448972970247269,-0.08370482176542282,-0.1182739585638046,0.9894466400146484],"rotationconfidence":1},"19":{"id":19,"position":[-460.3351056575775,-1048.136711120606,2746.460914611816],"positionconfidence":1,"rotation":[0.3779926300048828,-0.9258085489273071,0,0.846159040927887,0.3454730212688446,-0.4057872593402863,0.3756813406944275,0.1533846110105515,0.9139676094055176],"rotationconfidence":1},"20":{"id":20,"position":[-495.2727258205414,-1062.401175498962,2661.463737487793],"positionconfidence":1,"rotation":[0.3779926300048828,-0.9258085489273071,0,0.846159040927887,0.3454730212688446,-0.4057872593402863,0.3756813406944275,0.1533846110105515,0.9139676094055176],"rotationconfidence":1},"21":{"id":21,"position":[128.5464316606522,-592.001736164093,2876.302003860474],"positionconfidence":1,"rotation":[0.9192396402359009,0.3259389400482178,0.2208214849233627,-0.3935809135437012,0.7744983434677124,0.4952235519886017,-0.00961324106901884,-0.5421402454376221,0.8402329087257385],"rotationconfidence":1},"22":{"id":22,"position":[248.3157515525818,-827.6867866516113,2725.602149963379],"positionconfidence":1,"rotation":[0.7985134720802307,0.5777755975723267,0.1689720153808594,-0.5920531749725342,0.7030187845230103,0.3940021395683289,0.1088543236255646,-0.4146564304828644,0.9034438729286194],"rotationconfidence":1},"23":{"id":23,"position":[402.3836255073547,-1010.63084602356,2623.072385787964],"positionconfidence":1,"rotation":[0.09762619435787201,0.9952231049537659,0,-0.9701391458511353,0.09516558796167374,-0.2230999767780304,-0.2220342755317688,0.02178040333092213,0.9747956395149231],"rotationconfidence":1},"24":{"id":24,"position":[422.901839017868,-1012.643575668335,2532.991409301758],"positionconfidence":1,"rotation":[0.09762619435787201,0.9952231049537659,0,-0.9701391458511353,0.09516558796167374,-0.2230999767780304,-0.2220342755317688,0.02178040333092213,0.9747956395149231],"rotationconfidence":1}},"skeletonTracked":true,"frameCount":4},{"position":[8.042074739933014,-578.0046582221985,2774.384737014771],"positionTracked":true,"id":4048,"skeleton":{"1":{"id":1,"position":[62.28281930088997,46.0105761885643,3047.663688659668],"positionconfidence":1,"rotation":[0.9997709393501282,-0.02140171825885773,0,0.02113423869013786,0.9872757792472839,0.1576064229011536,-0.003373048268258572,-0.1575703173875809,0.9875019192695618],"rotationconfidence":1},"2":{"id":2,"position":[58.30764025449753,-139.6879851818085,3018.019199371338],"positionconfidence":1,"rotation":[0.9980158805847168,-0.01148136891424656,-0.06190755218267441,0.02113423869013786,0.9872757792472839,0.1576064229011536,0.05931029468774796,-0.1586021035909653,0.9855596423149109],"rotationconfidence":1},"3":{"id":3,"position":[54.89955842494965,-469.3043529987335,2962.983369827271],"positionconfidence":1,"rotation":[0.9981909990310669,-0.0002822469687089324,-0.06012234464287758,0.01019782852381468,0.986294150352478,0.1646808981895447,0.05925184115767479,-0.1649961173534393,0.9845128655433655],"rotationconfidence":1},"4":{"id":4,"position":[50.79138278961182,-516.8561935424805,2900.802135467529],"positionconfidence":1,"rotation":[0.998589813709259,-0.03857632353901863,-0.03647413849830627,0.05240872502326965,0.6066272854804993,0.7932570576667786,-0.008474732749164104,-0.7940499186515808,0.6077935099601746],"rotationconfidence":1},"6":{"id":6,"position":[-123.0918318033218,-267.0400440692902,3015.645742416382],"positionconfidence":1,"rotation":[0.2432250678539276,0.9440215826034546,-0.2228561937808991,0.09591707587242126,-0.2520379722118378,-0.9629521369934082,-0.9652157425880432,0.2128383815288544,-0.1518497318029404],"rotationconfidence":1},"7":{"id":7,"position":[-178.551658987999,-482.2944700717926,3066.461086273193],"positionconfidence":1,"rotation":[-0.109019085764885,0.2002592384815216,0.9736586213111877,0.2376412302255631,0.9563451409339905,-0.1700899302959442,-0.9652157425880432,0.2128383815288544,-0.1518497318029404],"rotationconfidence":1},"8":{"id":8,"position":[-153.482973575592,-528.3436179161072,2842.570543289185],"positionconfidence":0.5,"rotation":[-0.1352987438440323,0.2053233832120895,0.9692969918251038,0,0.9782924652099609,-0.2072288542985916,-0.9908048510551453,-0.02803780324757099,-0.1323617398738861],"rotationconfidence":0.5},"9":{"id":9,"position":[-143.7027901411057,-543.1855916976929,2772.504091262817],"positionconfidence":0.5,"rotation":[-0.1352987438440323,0.2053233832120895,0.9692969918251038,0,0.9782924652099609,-0.2072288542985916,-0.9908048510551453,-0.02803780324757099,-0.1323617398738861],"rotationconfidence":0.5},"12":{"id":12,"position":[223.6893326044083,-266.7998373508453,2994.815349578857],"positionconfidence":1,"rotation":[0.282997190952301,-0.9576265811920166,0.05351526662707329,-0.4013657867908478,-0.1689178198575974,-0.9002067446708679,0.8711016178131104,0.2332767844200134,-0.4321618378162384],"rotationconfidence":1},"13":{"id":13,"position":[290.3816103935242,-492.4780428409576,3007.426977157593],"positionconfidence":1,"rotation":[-0.3966443538665772,-0.1846869885921478,-0.8992018103599548,-0.2895775735378265,0.9547107219696045,-0.06835321336984634,0.8711016178131104,0.2332767844200134,-0.4321618378162384],"rotationconfidence":1},"14":{"id":14,"position":[200.5907297134399,-534.2867970466614,2803.869009017944],"positionconfidence":1,"rotation":[-0.3693695664405823,0.01533633749932051,-0.9291560649871826,0,-0.999863862991333,-0.01650341600179672,-0.9292826652526855,-0.006095859687775374,0.3693192899227142],"rotationconfidence":1},"15":{"id":15,"position":[178.4171611070633,-533.3661437034607,2748.090982437134],"positionconfidence":0.5,"rotation":[-0.3693695664405823,0.01533633749932051,-0.9291560649871826,0,-0.999863862991333,-0.01650341600179672,-0.9292826652526855,-0.006095859687775374,0.3693192899227142],"rotationconfidence":0.5},"17":{"id":17,"position":[-30.67602403461933,-590.2855396270752,2875.584602355957],"positionconfidence":1,"rotation":[0.6543310284614563,-0.6954582929611206,-0.2969659566879273,0.75618976354599,0.5989999771118164,0.2633935511112213,-0.005296622402966023,-0.3969091475009918,0.9178426265716553],"rotationconfidence":1},"18":{"id":18,"position":[-318.9939558506012,-818.6705708503723,2775.158643722534],"positionconfidence":1,"rotation":[0.850807785987854,-0.5254770517349243,0,0.5223192572593689,0.845694899559021,0.1094660609960556,-0.05752190202474594,-0.0931345745921135,0.9939906001091003],"rotationconfidence":1},"19":{"id":19,"position":[-459.7457945346832,-1046.563982963562,2745.660305023193],"positionconfidence":1,"rotation":[0.3981238305568695,-0.9173315763473511,0,0.8349906206130981,0.3623876869678497,-0.4140840470790863,0.3798524439334869,0.1648567616939545,0.9102386236190796],"rotationconfidence":1},"20":{"id":20,"position":[-494.9741661548615,-1061.853170394898,2661.242723464966],"positionconfidence":1,"rotation":[0.3981238305568695,-0.9173315763473511,0,0.8349906206130981,0.3623876869678497,-0.4140840470790863,0.3798524439334869,0.1648567616939545,0.9102386236190796],"rotationconfidence":1},"21":{"id":21,"position":[128.6296844482422,-591.7751789093018,2875.85973739624],"positionconfidence":1,"rotation":[0.9195207357406616,0.3273755311965942,0.2175013720989227,-0.3929875493049622,0.7749533653259277,0.4949828088283539,-0.006508159916847944,-0.540622353553772,0.8412402868270874],"rotationconfidence":1},"22":{"id":22,"position":[248.2323050498962,-827.6260495185852,2725.215673446655],"positionconfidence":1,"rotation":[0.7981736063957214,0.5785924792289734,0.1677786260843277,-0.5923851728439331,0.703174889087677,0.3932235538959503,0.1095384731888771,-0.4132502377033234,0.904005229473114],"rotationconfidence":1},"23":{"id":23,"position":[402.3250937461853,-1010.53774356842,2622.929334640503],"positionconfidence":1,"rotation":[0.1015598028898239,0.9948294162750244,0,-0.9698999524116516,0.09901481121778488,-0.2224638015031815,-0.2213135361671448,0.02259337902069092,0.9749409556388855],"rotationconfidence":1},"24":{"id":24,"position":[422.764778137207,-1012.624382972717,2532.88745880127],"positionconfidence":1,"rotation":[0.1015598028898239,0.9948294162750244,0,-0.9698999524116516,0.09901481121778488,-0.2224638015031815,-0.2213135361671448,0.02259337902069092,0.9749409556388855],"rotationconfidence":1}},"skeletonTracked":true,"frameCount":5},{"position":[8.261308073997498,-579.2272090911865,2774.102926254273],"positionTracked":true,"id":4048,"skeleton":{"1":{"id":1,"position":[62.38014250993729,46.12988606095314,3047.780275344849],"positionconfidence":1,"rotation":[0.9997521638870239,-0.02225987426936626,0,0.02198341302573681,0.9873355031013489,0.1571157723665237,-0.003497377270832658,-0.1570768356323242,0.9875801801681519],"rotationconfidence":1},"2":{"id":2,"position":[58.24380367994309,-139.6444737911224,3018.21780204773],"positionconfidence":1,"rotation":[0.9979804158210754,-0.01230314839631319,-0.06232143193483353,0.02198341302573681,0.9873355031013489,0.1571157723665237,0.0595991425216198,-0.1581684947013855,0.9856119155883789],"rotationconfidence":1},"3":{"id":3,"position":[54.91089820861816,-469.2925810813904,2962.975740432739],"positionconfidence":1,"rotation":[0.9981768131256104,0.00002285251139255706,-0.06035911664366722,0.009970956481993198,0.9861987233161926,0.1652660816907883,0.05952984839677811,-0.1655665785074234,0.9844002723693848],"rotationconfidence":1},"4":{"id":4,"position":[50.82172527909279,-516.7602896690369,2900.722026824951],"positionconfidence":1,"rotation":[0.9986268877983093,-0.03548572584986687,-0.03853797167539597,0.05216261371970177,0.6055111289024353,0.794125497341156,-0.004844950046390295,-0.7950453162193298,0.6065307259559631],"rotationconfidence":1},"6":{"id":6,"position":[-123.0304092168808,-266.9162750244141,3015.589714050293],"positionconfidence":1,"rotation":[0.2441438734531403,0.944637656211853,-0.21921107172966,0.09844296425580978,-0.2490265518426895,-0.963480532169342,-0.964729368686676,0.2136480808258057,-0.1537912338972092],"rotationconfidence":1},"7":{"id":7,"position":[-178.5561144351959,-481.7554652690888,3065.444946289063],"positionconfidence":1,"rotation":[-0.1101555824279785,0.202968567609787,0.9729694128036499,0.2390878349542618,0.9555931091308594,-0.1722752153873444,-0.964729368686676,0.2136480808258057,-0.1537912338972092],"rotationconfidence":1},"8":{"id":8,"position":[-153.3219516277313,-528.2509922981262,2842.559576034546],"positionconfidence":0.5,"rotation":[-0.13562873005867,0.205341249704361,0.969247043132782,0,0.9782866835594177,-0.2072563618421555,-0.9907597303390503,-0.02810991741716862,-0.1326837837696075],"rotationconfidence":0.5},"9":{"id":9,"position":[-143.5205787420273,-543.0902242660522,2772.515773773193],"positionconfidence":0.5,"rotation":[-0.13562873005867,0.205341249704361,0.969247043132782,0,0.9782866835594177,-0.2072563618421555,-0.9907597303390503,-0.02810991741716862,-0.1326837837696075],"rotationconfidence":0.5},"12":{"id":12,"position":[223.6930280923843,-266.7348384857178,2994.65274810791],"positionconfidence":1,"rotation":[0.2836681008338928,-0.9574527740478516,0.05307161808013916,-0.4017479121685028,-0.1689163893461227,-0.900036633014679,0.8707072138786316,0.2339902669191361,-0.4325708448886871],"rotationconfidence":1},"13":{"id":13,"position":[290.5313372612,-492.331326007843,3007.157564163208],"positionconfidence":1,"rotation":[-0.3946005702018738,-0.192572832107544,-0.8984465003013611,-0.2935291230678558,0.9529765248298645,-0.0753418579697609,0.8707072138786316,0.2339902669191361,-0.4325708448886871],"rotationconfidence":1},"14":{"id":14,"position":[201.6554772853851,-535.704493522644,2804.800510406494],"positionconfidence":0.5,"rotation":[-0.316415011882782,0.206525906920433,-0.925866425037384,0,-0.97601318359375,-0.2177117615938187,-0.9486209750175476,-0.06888727098703384,0.3088252246379852],"rotationconfidence":0.5},"15":{"id":15,"position":[189.0415400266647,-527.4713039398193,2767.890691757202],"positionconfidence":0.5,"rotation":[-0.316415011882782,0.206525906920433,-0.925866425037384,0,-0.97601318359375,-0.2177117615938187,-0.9486209750175476,-0.06888727098703384,0.3088252246379852],"rotationconfidence":0.5},"17":{"id":17,"position":[-30.62594681978226,-590.1641845703125,2875.469446182251],"positionconfidence":1,"rotation":[0.6555660367012024,-0.6917877197265625,-0.3027589917182922,0.7551363706588745,0.5997583270072937,0.2646868824958801,-0.00152490462642163,-0.4021440148353577,0.9155751466751099],"rotationconfidence":1},"18":{"id":18,"position":[-317.1809613704681,-817.7571892738342,2775.027513504028],"positionconfidence":1,"rotation":[0.8484536409378052,-0.5292696356773376,0,0.5260573625564575,0.8433041572570801,0.1100081503391266,-0.05822397395968437,-0.0933368131518364,0.9939306974411011],"rotationconfidence":1},"19":{"id":19,"position":[-459.5994651317596,-1046.063303947449,2745.245218276978],"positionconfidence":1,"rotation":[0.3994032442569733,-0.9167753458023071,0,0.8337413668632507,0.3632285892963409,-0.4158607721328735,0.3812509179115295,0.1660961508750916,0.9094282388687134],"rotationconfidence":1},"20":{"id":20,"position":[-494.9002861976624,-1061.442494392395,2661.039352416992],"positionconfidence":1,"rotation":[0.3994032442569733,-0.9167753458023071,0,0.8337413668632507,0.3632285892963409,-0.4158607721328735,0.3812509179115295,0.1660961508750916,0.9094282388687134],"rotationconfidence":1},"21":{"id":21,"position":[128.8292557001114,-591.3208723068237,2875.226974487305],"positionconfidence":1,"rotation":[0.9205283522605896,0.3279716372489929,0.2122783958911896,-0.3906669020652771,0.7764116525650024,0.4945343434810638,-0.002622194588184357,-0.5381630659103394,0.8428366780281067],"rotationconfidence":1},"22":{"id":22,"position":[247.6921677589417,-827.5490999221802,2724.761724472046],"positionconfidence":1,"rotation":[0.7969947457313538,0.5803839564323425,0.1671942919492722,-0.5938935875892639,0.7026585936546326,0.3918692171573639,0.1099541038274765,-0.4116133153438568,0.9047015309333801],"rotationconfidence":1},"23":{"id":23,"position":[402.2693336009979,-1010.435342788696,2622.766971588135],"positionconfidence":1,"rotation":[0.1034105643630028,0.9946387410163879,0,-0.9697126746177673,0.1008190512657166,-0.2224695384502411,-0.2212768346071243,0.02300570160150528,0.9749395847320557],"rotationconfidence":1},"24":{"id":24,"position":[422.6925075054169,-1012.558698654175,2532.783031463623],"positionconfidence":1,"rotation":[0.1034105643630028,0.9946387410163879,0,-0.9697126746177673,0.1008190512657166,-0.2224695384502411,-0.2212768346071243,0.02300570160150528,0.9749395847320557],"rotationconfidence":1}},"skeletonTracked":true,"frameCount":6},{"position":[7.843711413443089,-580.6804299354553,2774.34229850769],"positionTracked":true,"id":4048,"skeleton":{"1":{"id":1,"position":[62.95845657587051,46.48124426603317,3049.239158630371],"positionconfidence":1,"rotation":[0.9996711611747742,-0.02564322017133236,0,0.02530047111213207,0.9863095283508301,0.1629521995782852,-0.004178619012236595,-0.1628986150026321,0.9866339564323425],"rotationconfidence":1},"2":{"id":2,"position":[58.18699672818184,-139.5285874605179,3018.507719039917],"positionconfidence":1,"rotation":[0.9979228377342224,-0.01525786705315113,-0.06258852034807205,0.02530047111213207,0.9863095283508301,0.1629521995782852,0.05924535170197487,-0.1641972362995148,0.9846467971801758],"rotationconfidence":1},"3":{"id":3,"position":[54.95258048176765,-469.1504836082459,2962.865829467773],"positionconfidence":1,"rotation":[0.9981980919837952,0.0003342310956213623,-0.06000440195202828,0.009675165638327599,0.9860036969184875,0.1664425432682037,0.05922019109129906,-0.1667231768369675,0.9842237830162048],"rotationconfidence":1},"4":{"id":4,"position":[50.96850544214249,-516.3522362709045,2900.427103042603],"positionconfidence":1,"rotation":[0.9987069964408875,-0.0310382004827261,-0.04026132822036743,0.05083418637514114,0.6022634506225586,0.7966772317886353,-0.0004795024578925222,-0.7976937890052795,0.6030625104904175],"rotationconfidence":1},"6":{"id":6,"position":[-122.9459717869759,-266.6970193386078,3015.479803085327],"positionconfidence":1,"rotation":[0.2454014271497726,0.945126473903656,-0.2156708538532257,-0.0443885363638401,-0.2112853974103928,-0.9764158129692078,-0.9684047102928162,0.2491872012615204,-0.00989696104079485],"rotationconfidence":1},"7":{"id":7,"position":[-178.6719709634781,-481.3172817230225,3064.454555511475],"positionconfidence":1,"rotation":[0.06249867007136345,0.2809223830699921,0.957693338394165,0.2414252012968063,0.9268161654472351,-0.2876204252243042,-0.9684047102928162,0.2491872012615204,-0.00989696104079485],"rotationconfidence"