{"motiondata":[{"position":[184.6313625574112,-548.722505569458,2470.428228378296],"positionTracked":true,"id":5009,"skeleton":{"1":{"id":1,"position":[184.1169893741608,-17.39424839615822,2733.44612121582],"positionconfidence":1,"rotation":[0.9954045414924622,0.09575871378183365,0,-0.09346725046634674,0.9715849161148071,0.2174548655748367,0.02082319743931294,-0.2164555639028549,0.9760703444480896],"rotationconfidence":1},"2":{"id":2,"position":[201.7838805913925,-201.0402381420136,2692.343473434448],"positionconfidence":1,"rotation":[0.9946263432502747,0.1008867099881172,-0.0232462864369154,-0.09346725046634674,0.9715849161148071,0.2174548655748367,0.04452404752373695,-0.2141135782003403,0.9757935404777527],"rotationconfidence":1},"3":{"id":3,"position":[193.8014477491379,-509.4066262245178,2623.928785324097],"positionconfidence":1,"rotation":[0.9986912608146667,-0.01500432938337326,-0.04889528080821037,0.02526363357901573,0.9759500026702881,0.2165259122848511,0.04447051882743835,-0.2174777984619141,0.9750517010688782],"rotationconfidence":1},"4":{"id":4,"position":[190.1926994323731,-550.6637096405029,2562.747001647949],"positionconfidence":1,"rotation":[0.9982603788375854,0.0001170909526990727,-0.05896038189530373,0.04884551465511322,0.5584272742271423,0.8281142115592957,0.03302204981446266,-0.829553484916687,0.5574501156806946],"rotationconfidence":1},"6":{"id":6,"position":[45.49189284443855,-300.3745973110199,2674.891471862793],"positionconfidence":1,"rotation":[0.2033432275056839,0.9590529799461365,-0.1971520632505417,0.1441808640956879,-0.228494256734848,-0.9628095626831055,-0.9684334993362427,0.1673552542924881,-0.1847398430109024],"rotationconfidence":1},"7":{"id":7,"position":[-1.145094633102417,-520.3344225883484,2720.108509063721],"positionconfidence":1,"rotation":[-0.03225108236074448,0.6507667303085327,0.7585924863815308,0.2471769750118256,0.7406044602394104,-0.6248269081115723,-0.9684334993362427,0.1673552542924881,-0.1847398430109024],"rotationconfidence":1},"8":{"id":8,"position":[7.180246058851481,-688.3242726325989,2524.284362792969],"positionconfidence":1,"rotation":[0.1425818204879761,0.1708841323852539,0.9749200940132141,0,0.9849836230278015,-0.1726480722427368,-0.9897831678390503,0.02461647614836693,0.1404407620429993],"rotationconfidence":1},"9":{"id":9,"position":[-3.801045473664999,-701.4853358268738,2449.198484420776],"positionconfidence":0.5,"rotation":[0.1425818204879761,0.1708841323852539,0.9749200940132141,0,0.9849836230278015,-0.1726480722427368,-0.9897831678390503,0.02461647614836693,0.1404407620429993],"rotationconfidence":0.5},"12":{"id":12,"position":[360.6202602386475,-302.1334409713745,2660.126686096191],"positionconfidence":1,"rotation":[0.2010449916124344,-0.9784913063049316,-0.0462118424475193,-0.2134296596050263,0.002287156647071242,-0.976955771446228,0.9560485482215881,0.206275075674057,-0.2083792686462402],"rotationconfidence":1},"13":{"id":13,"position":[408.275306224823,-534.0718030929565,2649.172782897949],"positionconfidence":1,"rotation":[-0.05918323993682861,-0.560297966003418,-0.8261740207672119,-0.2871735990047455,0.8021950125694275,-0.523464024066925,0.9560485482215881,0.206275075674057,-0.2083792686462402],"rotationconfidence":1},"14":{"id":14,"position":[396.4047729969025,-646.4521884918213,2483.464956283569],"positionconfidence":1,"rotation":[-0.1128722429275513,-0.613876223564148,-0.7812910676002502,0,-0.7863160967826843,0.6178244948387146,-0.9936094880104065,0.06973523646593094,0.08875326067209244],"rotationconfidence":1},"15":{"id":15,"position":[389.2402350902557,-685.4178309440613,2433.872699737549],"positionconfidence":0.5,"rotation":[-0.1128722429275513,-0.613876223564148,-0.7812910676002502,0,-0.7863160967826843,0.6178244948387146,-0.9936094880104065,0.06973523646593094,0.08875326067209244],"rotationconfidence":0.5},"17":{"id":17,"position":[119.2887797951698,-615.9958243370056,2541.948080062866],"positionconfidence":1,"rotation":[0.877660870552063,-0.391158252954483,-0.2769596874713898,0.4755042195320129,0.7830554246902466,0.4008989632129669,0.06005983054637909,-0.4835488200187683,0.8732544779777527],"rotationconfidence":1},"18":{"id":18,"position":[-39.72690179944038,-877.8612017631531,2407.881498336792],"positionconfidence":1,"rotation":[0.7525624632835388,-0.6585208773612976,0,0.5729641318321228,0.654787540435791,0.4929153323173523,-0.324595034122467,-0.3709495663642883,0.87007737159729],"rotationconfidence":1},"19":{"id":19,"position":[-209.2568576335907,-1071.601271629334,2262.036561965942],"positionconfidence":0.5,"rotation":[-0.2402925491333008,-0.9707005023956299,0,0.9377197027206421,-0.2321282923221588,-0.2584534585475922,0.2508808970451355,-0.06210443750023842,0.9660236835479736],"rotationconfidence":0.5},"20":{"id":20,"position":[-230.5174767971039,-1066.338300704956,2180.171966552734],"positionconfidence":0.5,"rotation":[-0.2402925491333008,-0.9707005023956299,0,0.9377197027206421,-0.2321282923221588,-0.2584534585475922,0.2508808970451355,-0.06210443750023842,0.9660236835479736],"rotationconfidence":0.5},"21":{"id":21,"position":[257.1439743041992,-617.4032092094421,2531.687498092651],"positionconfidence":1,"rotation":[0.9049931168556213,0.3976830244064331,0.1511151790618897,-0.421083003282547,0.7867114543914795,0.4514135718345642,0.06063546240329742,-0.4721581935882568,0.8794260025024414],"rotationconfidence":1},"22":{"id":22,"position":[376.6637444496155,-840.7025933265686,2403.558731079102],"positionconfidence":1,"rotation":[0.9483530521392822,0.3148989677429199,0.03827724978327751,-0.2141591608524323,0.5465568900108337,0.8095748424530029,0.2340135872364044,-0.7759602069854736,0.585767388343811],"rotationconfidence":1},"23":{"id":23,"position":[451.9123435020447,-1032.745003700256,2119.100332260132],"positionconfidence":0.5,"rotation":[-0.9823980927467346,-0.1867993921041489,0,0.1794300675392151,-0.9436420202255249,-0.2781087458133698,0.05195054411888123,-0.2732135057449341,0.960549533367157],"rotationconfidence":0.5},"24":{"id":24,"position":[446.997344493866,-1006.896495819092,2028.223514556885],"positionconfidence":0.5,"rotation":[-0.9823980927467346,-0.1867993921041489,0,0.1794300675392151,-0.9436420202255249,-0.2781087458133698,0.05195054411888123,-0.2732135057449341,0.960549533367157],"rotationconfidence":0.5}},"skeletonTracked":true,"frameCount":1},{"position":[185.4057908058167,-546.8876361846924,2471.243143081665],"positionTracked":true,"id":5009,"skeleton":{"1":{"id":1,"position":[185.0722581148148,-17.72317290306091,2733.304262161255],"positionconfidence":1,"rotation":[0.9957069754600525,0.09256211668252945,0,-0.09037375450134277,0.9721663594245911,0.2161600887775421,0.02000823616981506,-0.2152321040630341,0.9763579964637756],"rotationconfidence":1},"2":{"id":2,"position":[202.1580636501312,-201.5181928873062,2692.437648773193],"positionconfidence":1,"rotation":[0.9948810935020447,0.09798271209001541,-0.02472406812012196,-0.09037375450134277,0.9721663594245911,0.2161600887775421,0.04521585628390312,-0.2128191590309143,0.9760449528694153],"rotationconfidence":1},"3":{"id":3,"position":[194.1177248954773,-509.7437500953674,2624.166250228882],"positionconfidence":1,"rotation":[0.9986560344696045,-0.01506641693413258,-0.04959145560860634,0.02546035312116146,0.9760200381278992,0.2161866426467896,0.04514509439468384,-0.217158704996109,0.9750918745994568],"rotationconfidence":1},"4":{"id":4,"position":[190.4367059469223,-550.9822368621826,2562.984228134155],"positionconfidence":1,"rotation":[0.9981603026390076,0.0008447342552244663,-0.06062373146414757,0.0498281829059124,0.5582255721092224,0.8281915783882141,0.03454132005572319,-0.8296887874603271,0.557156503200531],"rotationconfidence":1},"6":{"id":6,"position":[45.6014908850193,-300.5272746086121,2675.257682800293],"positionconfidence":1,"rotation":[0.2021881341934204,0.9597753882408142,-0.1948102861642838,0.1404747813940048,-0.2252834290266037,-0.9641131162643433,-0.9692196846008301,0.1675663143396378,-0.1803738921880722],"rotationconfidence":1},"7":{"id":7,"position":[-0.7786661735735834,-520.6912159919739,2719.945430755615],"positionconfidence":1,"rotation":[-0.02869188413023949,0.6507689952850342,0.7587335109710693,0.2445199191570282,0.7405547499656677,-0.6259303092956543,-0.9692196846008301,0.1675663143396378,-0.1803738921880722],"rotationconfidence":1},"8":{"id":8,"position":[6.634013261646032,-688.8203620910645,2523.92315864563],"positionconfidence":1,"rotation":[0.1373453587293625,0.1646041572093964,0.9767505526542664,0,0.9860955476760864,-0.1661790013313294,-0.990523099899292,0.02282391488552094,0.1354356408119202],"rotationconfidence":1},"9":{"id":9,"position":[-3.923518117517233,-701.4732360839844,2448.84181022644],"positionconfidence":0.5,"rotation":[0.1373453587293625,0.1646041572093964,0.9767505526542664,0,0.9860955476760864,-0.1661790013313294,-0.990523099899292,0.02282391488552094,0.1354356408119202],"rotationconfidence":0.5},"12":{"id":12,"position":[360.8500063419342,-302.372008562088,2660.251379013062],"positionconfidence":1,"rotation":[0.2036130577325821,-0.9780621528625488,-0.04400235041975975,-0.2223756313323975,-0.002431477885693312,-0.974958062171936,0.953462541103363,0.2082992494106293,-0.2179922610521317],"rotationconfidence":1},"13":{"id":13,"position":[409.2469215393066,-534.8482131958008,2649.792432785034],"positionconfidence":1,"rotation":[-0.06735046207904816,-0.5575919151306152,-0.827378511428833,-0.293893039226532,0.8035563230514526,-0.51761394739151,0.953462541103363,0.2082992494106293,-0.2179922610521317],"rotationconfidence":1},"14":{"id":14,"position":[395.7453966140747,-646.6268301010132,2483.930587768555],"positionconfidence":1,"rotation":[-0.1025141030550003,-0.6068731546401978,-0.7881598472595215,0,-0.7923341989517212,0.6100873947143555,-0.9947316646575928,0.06254256516695023,0.0812254324555397],"rotationconfidence":1},"15":{"id":15,"position":[389.2298638820648,-685.1981282234192,2433.837175369263],"positionconfidence":0.5,"rotation":[-0.1025141030550003,-0.6068731546401978,-0.7881598472595215,0,-0.7923341989517212,0.6100873947143555,-0.9947316646575928,0.06254256516695023,0.0812254324555397],"rotationconfidence":0.5},"17":{"id":17,"position":[119.4478422403336,-616.3880228996277,2542.316198348999],"positionconfidence":1,"rotation":[0.877236008644104,-0.3917728662490845,-0.2774366438388825,0.4760069251060486,0.7847963571548462,0.3968780636787415,0.0622452050447464,-0.480217456817627,0.8749381303787231],"rotationconfidence":1},"18":{"id":18,"position":[-36.00537031888962,-872.6849555969238,2412.704706192017],"positionconfidence":1,"rotation":[0.71753990650177,-0.6965174674987793,0,0.6008105874061584,0.6189444065093994,0.5058995485305786,-0.3523678779602051,-0.3630031049251556,0.8625923991203308],"rotationconfidence":1},"19":{"id":19,"position":[-218.673437833786,-1060.866355895996,2258.893013000488],"positionconfidence":0.5,"rotation":[-0.3616162538528442,-0.9323270320892334,0,0.8915259838104248,-0.3457910120487213,-0.29259192943573,0.2727913558483124,-0.1058059930801392,0.9562374353408813],"rotationconfidence":0.5},"20":{"id":20,"position":[-242.1025782823563,-1051.77903175354,2176.764965057373],"positionconfidence":0.5,"rotation":[-0.3616162538528442,-0.9323270320892334,0,0.8915259838104248,-0.3457910120487213,-0.29259192943573,0.2727913558483124,-0.1058059930801392,0.9562374353408813],"rotationconfidence":0.5},"21":{"id":21,"position":[257.4742734432221,-617.7306771278381,2531.759738922119],"positionconfidence":1,"rotation":[0.9050590991973877,0.3982511460781097,0.1492108106613159,-0.4206429421901703,0.7865746021270752,0.4520617425441742,0.06266867369413376,-0.4719071090221405,0.879418134689331],"rotationconfidence":1},"22":{"id":22,"position":[376.9723773002625,-841.1842584609985,2403.336048126221],"positionconfidence":1,"rotation":[0.9472838640213013,0.3176846504211426,0.04159023985266686,-0.2164972275495529,0.5389915108680725,0.8140129446983337,0.2361826300621033,-0.780105471611023,0.5793558359146118],"rotationconfidence":1},"23":{"id":23,"position":[453.1203210353851,-1030.762195587158,2117.02561378479],"positionconfidence":0.5,"rotation":[-0.9835272431373596,-0.180759534239769,0,0.1733962744474411,-0.943463146686554,-0.2825080752372742,0.05106603726744652,-0.2778544425964356,0.959264874458313],"rotationconfidence":0.5},"24":{"id":24,"position":[448.2991099357605,-1004.529595375061,2026.46017074585],"positionconfidence":0.5,"rotation":[-0.9835272431373596,-0.180759534239769,0,0.1733962744474411,-0.943463146686554,-0.2825080752372742,0.05106603726744652,-0.2778544425964356,0.959264874458313],"rotationconfidence":0.5}},"skeletonTracked":true,"frameCount":2},{"position":[183.2120418548584,-543.8578724861145,2470.856904983521],"positionTracked":true,"id":5009,"skeleton":{"1":{"id":1,"position":[185.731053352356,-17.95254833996296,2733.246326446533],"positionconfidence":1,"rotation":[0.995858371257782,0.09091772884130478,0,-0.08878058195114136,0.9724493622779846,0.2155464738607407,0.01959699578583241,-0.2146537601947784,0.9764935374259949],"rotationconfidence":1},"2":{"id":2,"position":[202.524945139885,-201.9027918577194,2692.47317314148],"positionconfidence":1,"rotation":[0.9949927926063538,0.0965585708618164,-0.02580547332763672,-0.08878058195114136,0.9724493622779846,0.2155464738607407,0.04590737447142601,-0.2121761590242386,0.9761525988578796],"rotationconfidence":1},"3":{"id":3,"position":[194.4550275802612,-510.0783109664917,2624.367237091065],"positionconfidence":1,"rotation":[0.9986221194267273,-0.01503902953118086,-0.05027664080262184,0.02556080184876919,0.97612065076828,0.2157199680805206,0.04583184793591499,-0.2167078405618668,0.9751601219177246],"rotationconfidence":1},"4":{"id":4,"position":[190.7008588314056,-551.3139367103577,2563.189744949341],"positionconfidence":1,"rotation":[0.9980652928352356,0.001354954205453396,-0.06215975433588028,0.0508195273578167,0.5581994652748108,0.8281490206718445,0.0358196422457695,-0.8297056555747986,0.5570505857467651],"rotationconfidence":1},"6":{"id":6,"position":[45.70149257779121,-300.6589412689209,2675.562858581543],"positionconfidence":1,"rotation":[0.2016162872314453,0.9592947959899902,-0.1977478265762329,0.1319762468338013,-0.2266596555709839,-0.9649909734725952,-0.9705324172973633,0.1684599071741104,-0.1723024398088455],"rotationconfidence":1},"7":{"id":7,"position":[-0.5513043142855167,-520.7307934761047,2720.928192138672],"positionconfidence":1,"rotation":[-0.02284535206854343,0.6474897265434265,0.7617315649986267,0.2398852854967117,0.7432214617729187,-0.6245612502098083,-0.9705324172973633,0.1684599071741104,-0.1723024398088455],"rotationconfidence":1},"8":{"id":8,"position":[5.358421243727207,-688.2259845733643,2523.880481719971],"positionconfidence":1,"rotation":[0.1270325928926468,0.3202301859855652,0.9387839436531067,0,0.9464516043663025,-0.3228456974029541,-0.9918985366821289,0.04101192578673363,0.1202301979064941],"rotationconfidence":1},"9":{"id":9,"position":[-7.558039389550686,-720.786452293396,2428.426504135132],"positionconfidence":0.5,"rotation":[0.1270325928926468,0.3202301859855652,0.9387839436531067,0,0.9464516043663025,-0.3228456974029541,-0.9918985366821289,0.04101192578673363,0.1202301979064941],"rotationconfidence":0.5},"12":{"id":12,"position":[361.0418438911438,-302.5752305984497,2660.316228866577],"positionconfidence":1,"rotation":[0.2047537565231323,-0.9778493642807007,-0.04343431442975998,-0.2309620678424835,-0.00514493603259325,-0.9729491472244263,0.9511741995811462,0.2092466652393341,-0.2268995493650436],"rotationconfidence":1},"13":{"id":13,"position":[409.7731709480286,-535.3030562400818,2649.978876113892],"positionconfidence":1,"rotation":[-0.0743812844157219,-0.5580646991729736,-0.8264570832252502,-0.2995580136775971,0.8029817342758179,-0.5152527093887329,0.9511741995811462,0.2092466652393341,-0.2268995493650436],"rotationconfidence":1},"14":{"id":14,"position":[394.8595225811005,-647.1965312957764,2484.272003173828],"positionconfidence":1,"rotation":[-0.09263069927692413,-0.6002779603004456,-0.7944091558456421,0,-0.7978395223617554,0.602869987487793,-0.9957005977630615,0.0558442696928978,0.07390443235635757],"rotationconfidence":1},"15":{"id":15,"position":[388.9802694320679,-685.2960586547852,2433.851003646851],"positionconfidence":0.5,"rotation":[-0.09263069927692413,-0.6002779603004456,-0.7944091558456421,0,-0.7978395223617554,0.602869987487793,-0.9957005977630615,0.0558442696928978,0.07390443235635757],"rotationconfidence":0.5},"17":{"id":17,"position":[119.6198835968971,-616.7757511138916,2542.634248733521],"positionconfidence":1,"rotation":[0.8697028756141663,-0.4018727838993073,-0.2865573167800903,0.4894374310970306,0.7772029638290405,0.39548259973526,0.06377951800823212,-0.4842042624950409,0.872627317905426],"rotationconfidence":1},"18":{"id":18,"position":[-37.18370199203491,-865.7722473144531,2415.931463241577],"positionconfidence":1,"rotation":[0.7308290600776672,-0.6825606226921082,0,0.5874208211898804,0.6289612650871277,0.5092588663101196,-0.3476000428199768,-0.3721811771392822,0.8606134653091431],"rotationconfidence":1},"19":{"id":19,"position":[-219.1224992275238,-1060.577154159546,2258.201360702515],"positionconfidence":0.5,"rotation":[-0.3707224130630493,-0.9287436604499817,0,0.8872203826904297,-0.3541477620601654,-0.2956674098968506,0.2745992541313171,-0.1096105501055718,0.9552909135818481],"rotationconfidence":0.5},"20":{"id":20,"position":[-242.7714020013809,-1051.137328147888,2175.930261611939],"positionconfidence":0.5,"rotation":[-0.3707224130630493,-0.9287436604499817,0,0.8872203826904297,-0.3541477620601654,-0.2956674098968506,0.2745992541313171,-0.1096105501055718,0.9552909135818481],"rotationconfidence":0.5},"21":{"id":21,"position":[257.8251361846924,-618.0751323699951,2531.811952590942],"positionconfidence":1,"rotation":[0.9050730466842651,0.3987442851066589,0.147803321480751,-0.4203504025936127,0.7862169742584229,0.4529552161693573,0.0644078254699707,-0.4720867276191711,0.8791961073875427],"rotationconfidence":1},"22":{"id":22,"position":[377.3532807826996,-841.6387438774109,2403.01251411438],"positionconfidence":1,"rotation":[0.9473234415054321,0.3173498213291168,0.04321618378162384,-0.2162581384181976,0.5342712998390198,0.8171820640563965,0.236243411898613,-0.7834815979003906,0.5747572183609009],"rotationconfidence":1},"23":{"id":23,"position":[453.448474407196,-1029.63387966156,2115.468978881836],"positionconfidence":0.5,"rotation":[-0.9842991232872009,-0.1765084713697434,0,0.1691701859235764,-0.9433771967887878,-0.2853435277938843,0.05036554858088493,-0.2808633744716644,0.9584253430366516],"rotationconfidence":0.5},"24":{"id":24,"position":[448.701798915863,-1003.164052963257,2025.142669677734],"positionconfidence":0.5,"rotation":[-0.9842991232872009,-0.1765084713697434,0,0.1691701859235764,-0.9433771967887878,-0.2853435277938843,0.05036554858088493,-0.2808633744716644,0.9584253430366516],"rotationconfidence":0.5}},"skeletonTracked":true,"frameCount":3},{"position":[182.421550154686,-545.0901389122009,2470.949411392212],"positionTracked":true,"id":5009,"skeleton":{"1":{"id":1,"position":[186.307355761528,-18.12871731817722,2733.293056488037],"positionconfidence":1,"rotation":[0.9959905743598938,0.08945874869823456,0,-0.08735302835702896,0.9725465178489685,0.2156915664672852,0.01929549686610699,-0.214826762676239,0.97646164894104],"rotationconfidence":1},"2":{"id":2,"position":[202.8422057628632,-202.219769358635,2692.465305328369],"positionconfidence":1,"rotation":[0.995086133480072,0.09531969577074051,-0.02679313719272614,-0.08735302835702896,0.9725465178489685,0.2156915664672852,0.04661722108721733,-0.2122911959886551,0.9760938882827759],"rotationconfidence":1},"3":{"id":3,"position":[194.8044002056122,-510.4097723960877,2624.518156051636],"positionconfidence":1,"rotation":[0.9985914826393127,-0.014811210334301,-0.05094867944717407,0.02546077594161034,0.9762311577796936,0.2152312844991684,0.04654984921216965,-0.2162253260612488,0.9752331972122192],"rotationconfidence":1},"4":{"id":4,"position":[190.9844428300858,-551.6600012779236,2563.345670700073],"positionconfidence":1,"rotation":[0.9979797005653381,0.001762299682013691,-0.06350788474082947,0.05170492455363274,0.5583413243293762,0.8279984593391418,0.03691826015710831,-0.8296094536781311,0.5571222305297852],"rotationconfidence":1},"6":{"id":6,"position":[45.80041393637657,-300.7681369781494,2675.812482833862],"positionconfidence":1,"rotation":[0.201215535402298,0.9586950540542603,-0.20103719830513,0.1271028220653534,-0.2290530651807785,-0.9650799632072449,-0.9712657332420349,0.1686367243528366,-0.1679419130086899],"rotationconfidence":1},"7":{"id":7,"position":[-0.3761775733437389,-520.7773447036743,2721.948146820068],"positionconfidence":1,"rotation":[-0.02031075768172741,0.6443396806716919,0.764469563961029,0.2371292859315872,0.745914101600647,-0.6223999261856079,-0.9712657332420349,0.1686367243528366,-0.1679419130086899],"rotationconfidence":1},"8":{"id":8,"position":[4.88900113850832,-687.8101825714111,2523.773908615112],"positionconfidence":1,"rotation":[0.1529386341571808,0.2537815272808075,0.955094039440155,0,0.9664638042449951,-0.2568026483058929,-0.988235592842102,0.03927504643797875,0.1478096544742584],"rotationconfidence":1},"9":{"id":9,"position":[-9.14008915424347,-711.0896110534668,2436.162948608398],"positionconfidence":0.5,"rotation":[0.1529386341571808,0.2537815272808075,0.955094039440155,0,0.9664638042449951,-0.2568026483058929,-0.988235592842102,0.03927504643797875,0.1478096544742584],"rotationconfidence":0.5},"12":{"id":12,"position":[361.2223863601685,-302.7786910533905,2660.310983657837],"positionconfidence":1,"rotation":[0.2055758237838745,-0.9777013659477234,-0.04287971928715706,-0.2361966371536255,-0.007048124447464943,-0.9716798067092896,0.9497104287147522,0.2098819017410278,-0.2323786914348602],"rotationconfidence":1},"13":{"id":13,"position":[410.1923704147339,-535.6758236885071,2650.096654891968],"positionconfidence":1,"rotation":[-0.07899076491594315,-0.5575345158576965,-0.8263871073722839,-0.3030028343200684,0.8031842112541199,-0.5129176378250122,0.9497104287147522,0.2098819017410278,-0.2323786914348602],"rotationconfidence":1},"14":{"id":14,"position":[394.3545818328857,-647.4624872207642,2484.404563903809],"positionconfidence":1,"rotation":[-0.08676838129758835,-0.5962775349617004,-0.7980753183364868,0,-0.8010967373847961,0.5985349416732788,-0.9962284564971924,0.0519339069724083,0.06950986385345459],"rotationconfidence":1},"15":{"id":15,"position":[388.8513743877411,-685.2808594703674,2433.787345886231],"positionconfidence":0.5,"rotation":[-0.08676838129758835,-0.5962775349617004,-0.7980753183364868,0,-0.8010967373847961,0.5985349416732788,-0.9962284564971924,0.0519339069724083,0.06950986385345459],"rotationconfidence":0.5},"17":{"id":17,"position":[119.8175102472305,-617.1585917472839,2542.877912521362],"positionconfidence":1,"rotation":[0.8663398027420044,-0.4058334231376648,-0.2911264598369598,0.49518683552742,0.7739715576171875,0.3946619629859924,0.06515658646821976,-0.4860733449459076,0.871485710144043],"rotationconfidence":1},"18":{"id":18,"position":[-34.91361811757088,-859.001636505127,2419.557809829712],"positionconfidence":1,"rotation":[0.7272891998291016,-0.6863310933113098,0,0.5899407267570496,0.6251466274261475,0.5110396146774292,-0.350742369890213,-0.371673583984375,0.859557032585144],"rotationconfidence":1},"19":{"id":19,"position":[-222.6089388132095,-1057.898044586182,2256.965637207031],"positionconfidence":0.5,"rotation":[-0.3839766979217529,-0.9233428239822388,0,0.8808379173278809,-0.3663008213043213,-0.2999142706394196,0.2769236564636231,-0.1151600778102875,0.9539662599563599],"rotationconfidence":0.5},"20":{"id":20,"position":[-246.4869171380997,-1047.96826839447,2174.70908164978],"positionconfidence":0.5,"rotation":[-0.3839766979217529,-0.9233428239822388,0,0.8808379173278809,-0.3663008213043213,-0.2999142706394196,0.2769236564636231,-0.1151600778102875,0.9539662599563599],"rotationconfidence":0.5},"21":{"id":21,"position":[258.1847012042999,-618.4212565422058,2531.82864189148],"positionconfidence":1,"rotation":[0.9051946997642517,0.3988950252532959,0.1466469019651413,-0.4198620319366455,0.7858577966690063,0.454030305147171,0.06586681306362152,-0.4725572466850281,0.8788350820541382],"rotationconfidence":1},"22":{"id":22,"position":[377.7004778385162,-842.1195149421692,2402.586698532105],"positionconfidence":1,"rotation":[0.9471360445022583,0.3181367814540863,0.04149988293647766,-0.2142074406147003,0.5307571887969971,0.82000732421875,0.2388481348752976,-0.7855480909347534,0.5708465576171875],"rotationconfidence":1},"23":{"id":23,"position":[453.1078040599823,-1028.961658477783,2113.919973373413],"positionconfidence":0.5,"rotation":[-0.9829714894294739,-0.1837580502033234,0,0.1760441511869431,-0.9417077898979187,-0.2866964638233185,0.0526827871799469,-0.281814455986023,0.9580214619636536],"rotationconfidence":0.5},"24":{"id":24,"position":[448.1484889984131,-1002.432942390442,2023.736238479614],"positionconfidence":0.5,"rotation":[-0.9829714894294739,-0.1837580502033234,0,0.1760441511869431,-0.9417077898979187,-0.2866964638233185,0.0526827871799469,-0.281814455986023,0.9580214619636536],"rotationconfidence":0.5}},"skeletonTracked":true,"frameCount":4},{"position":[183.4124773740768,-547.0166206359863,2469.380140304565],"positionTracked":true,"id":5009,"skeleton":{"1":{"id":1,"position":[186.6949200630188,-18.26148107647896,2733.322143554688],"positionconfidence":1,"rotation":[0.9960207343101501,0.08912229537963867,0,-0.08702061325311661,0.9725326299667358,0.2158881276845932,0.01924044638872147,-0.2150290459394455,0.976418137550354],"rotationconfidence":1},"2":{"id":2,"position":[203.1839489936829,-202.5410085916519,2692.4147605896],"positionconfidence":1,"rotation":[0.9950668811798096,0.09521816670894623,-0.02784515544772148,-0.08702061325311661,0.9725326299667358,0.2158881276845932,0.04763679206371307,-0.2124000191688538,0.9760209918022156],"rotationconfidence":1},"3":{"id":3,"position":[195.1559036970139,-510.7342600822449,2624.635457992554],"positionconfidence":1,"rotation":[0.9985436797142029,-0.01458810269832611,-0.05193914100527763,0.0254325270652771,0.9763439893722534,0.2147221267223358,0.04757808148860931,-0.2157303839921951,0.9752931594848633],"rotationconfidence":1},"4":{"id":4,"position":[191.2448406219482,-551.9883632659912,2563.470840454102],"positionconfidence":1,"rotation":[0.9978559613227844,0.002371158916503191,-0.06540542095899582,0.05293779075145721,0.5583906173706055,0.8278873562812805,0.03848483040928841,-0.8295747637748718,0.5570679306983948],"rotationconfidence":1},"6":{"id":6,"position":[45.89590802788734,-300.8809685707092,2676.02801322937],"positionconfidence":1,"rotation":[0.2010621875524521,0.9582537412643433,-0.2032827287912369,0.1234022006392479,-0.2306447625160217,-0.965181291103363,-0.9717745780944824,0.168975904583931,-0.1646245419979096],"rotationconfidence":1},"7":{"id":7,"position":[-0.25482356431894,-520.8333730697632,2722.688436508179],"positionconfidence":1,"rotation":[-0.01812654919922352,0.6422792077064514,0.7662564516067505,0.2352138012647629,0.7476125955581665,-0.6210876703262329,-0.9717745780944824,0.168975904583931,-0.1646245419979096],"rotationconfidence":1},"8":{"id":8,"position":[4.452675115317106,-687.6344680786133,2523.690223693848],"positionconfidence":1,"rotation":[0.1505184024572372,0.2640621960163117,0.952688455581665,0,0.9636673331260681,-0.2671052515506744,-0.9886071681976318,0.040204256772995,0.145049661397934],"rotationconfidence":1},"9":{"id":9,"position":[-9.584769606590271,-712.2610807418823,2434.841871261597],"positionconfidence":0.5,"rotation":[0.1505184024572372,0.2640621960163117,0.952688455581665,0,0.9636673331260681,-0.2671052515506744,-0.9886071681976318,0.040204256772995,0.145049661397934],"rotationconfidence":0.5},"12":{"id":12,"position":[361.3832890987396,-302.9778599739075,2660.173654556274],"positionconfidence":1,"rotation":[0.2067228704690933,-0.9774966835975647,-0.04202093556523323,-0.2415357977151871,-0.00936688482761383,-0.9703466892242432,0.948117196559906,0.2107424288988113,-0.2380368262529373],"rotationconfidence":1},"13":{"id":13,"position":[410.6746315956116,-536.0537767410278,2650.154113769531],"positionconfidence":1,"rotation":[-0.08392423391342163,-0.5562644600868225,-0.8267567157745361,-0.3066441416740418,0.8038393259048462,-0.5097175240516663,0.948117196559906,0.2107424288988113,-0.2380368262529373],"rotationconfidence":1},"14":{"id":14,"position":[393.85125041008,-647.5620865821838,2484.423160552979],"positionconfidence":1,"rotation":[-0.08392681926488876,-0.5930711030960083,-0.8007640242576599,0,-0.8035992383956909,0.5951709747314453,-0.9964720606803894,0.04995080828666687,0.06744352728128433],"rotationconfidence":1},"15":{"id":15,"position":[388.5306715965271,-685.1601004600525,2433.658361434937],"positionconfidence":0.5,"rotation":[-0.08392681926488876,-0.5930711030960083,-0.8007640242576599,0,-0.8035992383956909,0.5951709747314453,-0.9964720606803894,0.04995080828666687,0.06744352728128433],"rotationconfidence":0.5},"17":{"id":17,"position":[120.008260011673,-617.5585985183716,2543.120622634888],"positionconfidence":1,"rotation":[0.8620726466178894,-0.4099403619766235,-0.2979588508605957,0.5023525357246399,0.7688226103782654,0.3956685960292816,0.06687697768211365,-0.4907754957675934,0.8687155842781067],"rotationconfidence":1},"18":{"id":18,"position":[-34.81418266892433,-854.505717754364,2421.177625656128],"positionconfidence":1,"rotation":[0.7323892116546631,-0.6808862090110779,0,0.5854264497756958,0.6297087669372559,0.5106297731399536,-0.3476807773113251,-0.3739797472953796,0.8598006963729858],"rotationconfidence":1},"19":{"id":19,"position":[-223.5486060380936,-1057.516217231751,2256.556749343872],"positionconfidence":0.5,"rotation":[-0.3854638636112213,-0.9227229952812195,0,0.8797029852867126,-0.3674924373626709,-0.3017813563346863,0.2784605622291565,-0.1163257881999016,0.9533771276473999],"rotationconfidence":0.5},"20":{"id":20,"position":[-247.5875914096832,-1047.474026679993,2174.253463745117],"positionconfidence":0.5,"rotation":[-0.3854638636112213,-0.9227229952812195,0,0.8797029852867126,-0.3674924373626709,-0.3017813563346863,0.2784605622291565,-0.1163257881999016,0.9533771276473999],"rotationconfidence":0.5},"21":{"id":21,"position":[258.4920525550842,-618.7421679496765,2531.790971755981],"positionconfidence":1,"rotation":[0.9053869843482971,0.3991832733154297,0.1446613818407059,-0.4191295206546783,0.7858219742774963,0.4547684192657471,0.06785784661769867,-0.4723732471466065,0.8787824511528015],"rotationconfidence":1},"22":{"id":22,"position":[377.9267072677612,-842.6690697669983,2402.200698852539],"positionconfidence":1,"rotation":[0.9467681050300598,0.3193027973175049,0.04093925654888153,-0.2129903882741928,0.5259678363800049,0.8234032392501831,0.2413822263479233,-0.7882915735244751,0.5659779906272888],"rotationconfidence":1},"23":{"id":23,"position":[452.9458582401276,-1027.924656867981,2112.182855606079],"positionconfidence":0.5,"rotation":[-0.9821681380271912,-0.188004657626152,0,0.1799821704626083,-0.9402573108673096,-0.2890028059482575,0.0543338805437088,-0.2838493585586548,0.9573282599449158],"rotationconfidence":0.5},"24":{"id":24,"position":[447.8428661823273,-1001.26576423645,2022.271394729614],"positionconfidence":0.5,"rotation":[-0.9821681380271912,-0.188004657626152,0,0.1799821704626083,-0.9402573108673096,-0.2890028059482575,0.0543338805437088,-0.2838493585586548,0.9573282599449158],"rotationconfidence":0.5}},"skeletonTracked":true,"frameCount":5},{"position":[183.5865825414658,-548.0945706367493,2469.582080841065],"positionTracked":true,"id":5009,"skeleton":{"1":{"id":1,"position":[186.99611723423,-18.36584135890007,2733.358383178711],"positionconfidence":1,"rotation":[0.9960269331932068,0.08905252814292908,0,-0.08694668859243393,0.9724737405776978,0.2161827385425568,0.01925161853432655,-0.2153238356113434,0.976352870464325],"rotationconfidence":1},"2":{"id":2,"position":[203.4874260425568,-202.8163969516754,2692.354679107666],"positionconfidence":1,"rotation":[0.9950263500213623,0.09536183625459671,-0.02878415025770664,-0.08694668859243393,0.9724737405776978,0.2161827385425568,0.04860742017626762,-0.2126048654317856,0.9759284853935242],"rotationconfidence":1},"3":{"id":3,"position":[195.4749673604965,-511.0268592834473,2624.722242355347],"positionconfidence":1,"rotation":[0.998497724533081,-0.01435389276593924,-0.05287997797131538,0.02538436464965344,0.976445198059082,0.2142671197652817,0.04855883494019508,-0.2152875512838364,0.9753426909446716],"rotationconfidence":1},"4":{"id":4,"position":[191.48288667202,-552.2874593734741,2563.565254211426],"positionconfidence":1,"rotation":[0.9977383613586426,0.00299525004811585,-0.06714912503957748,0.05403319001197815,0.5584661364555359,0.8277655839920044,0.03997987881302834,-0.829521894454956,0.5570412874221802],"rotationconfidence":1},"6":{"id":6,"position":[45.98331823945046,-300.9814321994782,2676.196813583374],"positionconfidence":1,"rotation":[0.2010037750005722,0.9577621817588806,-0.2056432515382767,0.1197297424077988,-0.2323739528656006,-0.9652290940284729,-0.972245991230011,0.1693930625915527,-0.1613806486129761],"rotationconfidence":1},"7":{"id":7,"position":[-0.1594632340129465,-520.8470225334167,2723.4046459198],"positionconfidence":1,"rotation":[-0.01581967622041702,0.6406000256538391,0.7677116990089417,0.2334254831075668,0.748957633972168,-0.6201410889625549,-0.972245991230011,0.1693930625915527,-0.1613806486129761],"rotationconfidence":1},"8":{"id":8,"position":[3.957223147153854,-687.5476241111755,2523.626327514648],"positionconfidence":1,"rotation":[0.147511214017868,0.2717070877552033,0.9510077238082886,0,0.9615264534950256,-0.2747123539447784,-0.9890604019165039,0.04052315279841423,0.1418359279632568],"rotationconfidence":1},"9":{"id":9,"position":[-9.951741434633732,-713.167130947113,2433.954954147339],"positionconfidence":0.5,"rotation":[0.147511214017868,0.2717070877552033,0.9510077238082886,0,0.9615264534950256,-0.2747123539447784,-0.9890604019165039,0.04052315279841423,0.1418359279632568],"rotationconfidence":0.5},"12":{"id":12,"position":[361.5224957466126,-303.1603693962097,2660.006284713745],"positionconfidence":1,"rotation":[0.2078107297420502,-0.9773010015487671,-0.04119995608925819,-0.2467483282089233,-0.01161748729646206,-0.9690099358558655,0.9465357661247253,0.2115366756916046,-0.2435616254806519],"rotationconfidence":1},"13":{"id":13,"position":[411.1213982105255,-536.4161729812622,2650.17294883728],"positionconfidence":1,"rotation":[-0.08886268734931946,-0.5548210144042969,-0.8272104263305664,-0.3101184666156769,0.8046277761459351,-0.5063602328300476,0.9465357661247253,0.2115366756916046,-0.2435616254806519],"rotationconfidence":1},"14":{"id":14,"position":[393.3117091655731,-647.6123332977295,2484.385013580322],"positionconfidence":1,"rotation":[-0.08286696672439575,-0.5901985764503479,-0.8029934763908386,0,-0.8057648539543152,0.5922355651855469,-0.9965605139732361,0.04907676577568054,0.06677129119634628],"rotationconfidence":1},"15":{"id":15,"position":[388.0610466003418,-685.0088238716125,2433.505296707153],"positionconfidence":0.5,"rotation":[-0.08286696672439575,-0.5901985764503479,-0.8029934763908386,0,-0.8057648539543152,0.5922355651855469,-0.9965605139732361,0.04907676577568054,0.06677129119634628],"rotationconfidence":0.5},"17":{"id":17,"position":[120.1858446002007,-617.9213523864746,2543.323755264282],"positionconfidence":1,"rotation":[0.8595201373100281,-0.411867618560791,-0.3026386797428131,0.5064777731895447,0.7658419013023376,0.3961898684501648,0.06859560310840607,-0.4938129782676697,0.8668583631515503],"rotationconfidence":1},"18":{"id":18,"position":[-34.69099476933479,-852.1096706390381,2422.172069549561],"positionconfidence":1,"rotation":[0.7333974242210388,-0.6798001527786255,0,0.5842781066894531,0.6303441524505615,0.5111607909202576,-0.3474871814250946,-0.3748840093612671,0.8594851493835449],"rotationconfidence":1},"19":{"id":19,"position":[-224.6325612068176,-1057.026743888855,2256.00004196167],"positionconfidence":0.5,"rotation":[-0.388294905424118,-0.9215351343154907,0,0.8784119486808777,-0.3701246678829193,-0.302324652671814,0.278602808713913,-0.1173911243677139,0.9532050490379333],"rotationconfidence":0.5},"20":{"id":20,"position":[-248.6802935600281,-1046.894073486328,2173.723697662354],"positionconfidence":0.5,"rotation":[-0.388294905424118,-0.9215351343154907,0,0.8784119486808777,-0.3701246678829193,-0.302324652671814,0.278602808713913,-0.1173911243677139,0.9532050490379333],"rotationconfidence":0.5},"21":{"id":21,"position":[258.7689459323883,-619.0305352210999,2531.725645065308],"positionconfidence":1,"rotation":[0.9054577946662903,0.3996287286281586,0.1429790407419205,-0.4186655282974243,0.78558349609375,0.4556070268154144,0.06975166499614716,-0.4723933041095734,0.8786234855651855],"rotationconfidence":1},"22":{"id":22,"position":[378.1940042972565,-843.1195616722107,2401.762962341309],"positionconfidence":1,"rotation":[0.9465430378913879,0.3203546404838562,0.03780446574091911,-0.2101196944713593,0.523385763168335,0.8257826566696167,0.2447569817304611,-0.7895823121070862,0.5627199411392212],"rotationconfidence":1},"23":{"id":23,"position":[452.231764793396,-1027.539730072022,2110.790252685547],"positionconfidence":0.5,"rotation":[-0.9799180030822754,-0.1994011998176575,0,0.1908861994743347,-0.938072681427002,-0.2891058623790741,0.05764805525541306,-0.2833000123500824,0.957297146320343],"rotationconfidence":0.5},"24":{"id":24,"position":[446.8281865119934,-1000.984907150269,2021.059036254883],"positionconfidence":0.5,"rotation":[-0.9799180030822754,-0.1994011998176575,0,0.1908861994743347,-0.938072681427002,-0.2891058623790741,0.05764805525541306,-0.2833000123500824,0.957297146320343],"rotationconfidence":0.5}},"skeletonTracked":true,"frameCount":6},{"position":[185.2462291717529,-547.7944016456604,2468.921661376953],"positionTracked":true,"id":5009,"skeleton":{"1":{"id":1,"position":[187.2107684612274,-18.43621209263802,2733.386993408203],"positionconfidence":1,"rotation":[0.9960245490074158,0.0890800803899765,0,-0.08696852624416351,0.9724147915840149,0.2164393961429596,0.0192804392427206,-0.2155789583921433,0.9762961864471436],"rotationconfidence":1},"2":{"id":2,"position":[203.721433877945,-203.0456960201263,2692.296743392944],"positionconfidence":1,"rotation":[0.9949711561203003,0.09562202543020248,-0.02981480583548546,-0.08696852624416351,0.9724147915840149,0.2164393961429596,0.04968872666358948,-0.2127579748630524,0.97584068775177],"rotationconfidence":1},"3":{"id":3,"position":[195.7622319459915,-511.3063454627991,2624.781847000122],"positionconfidence":1,"rotation":[0.9984484314918518,-0.01397406589239836,-0.05390215292572975,0.02521384507417679,0.9765346050262451,0.2138794958591461,0.04964854940772057,-0.2149067223072052,0.975371778011322],"rotationconfidence":1},"4":{"id":4,"position":[191.6972249746323,-552.5787472724915,2563.63320350647],"positionconfidence":1,"rotation":[0.9976266026496887,0.003615709487348795,-0.06876011937856674,0.05501752719283104,0.5585981607437134,0.8276116847991943,0.04140168428421021,-0.8294304609298706,0.5570735335350037],"rotationconfidence":1},"6":{"id":6,"position":[46.06450349092484,-301.0660111904144,2676.325798034668],"positionconfidence":1,"rotation":[0.199037030339241,0.9589685797691345,-0.2018999457359314,0.1120474711060524,-0.2269397377967835,-0.967441976070404,-0.9735655188560486,0.1699343770742416,-0.152619406580925],"rotationconfidence":1},"7":{"id":7,"position":[0.3141521592624486,-521.4930772781372,2722.734212875366],"positionconfidence":1,"rotation":[-0.008821160532534122,0.6397145390510559,0.7685619592666626,0.2282379567623138,0.7495917081832886,-0.621304988861084,-0.9735655188560486,0.1699343770742416,-0.152619406580925],"rotationconfid