{"motiondata":[{"position":[159.4677716493607,-466.3500785827637,2504.673480987549],"positionTracked":true,"id":4605,"skeleton":{"1":{"id":1,"position":[232.0001423358917,169.8478609323502,2753.278017044067],"positionconfidence":1,"rotation":[0.998721182346344,-0.05055777728557587,0,0.05026428773999214,0.9929235577583313,-0.1075932011008263,0.005439673084765673,0.1074556112289429,0.9941950440406799],"rotationconfidence":1},"2":{"id":2,"position":[221.6499745845795,-34.60992500185967,2775.43306350708],"positionconfidence":1,"rotation":[0.9987038373947144,-0.04910589009523392,0.01339063886553049,0.05026428773999214,0.9929235577583313,-0.1075932011008263,-0.008012420497834682,0.1081268191337585,0.9941048622131348],"rotationconfidence":1},"3":{"id":3,"position":[199.8126655817032,-346.0270464420319,2701.608896255493],"positionconfidence":1,"rotation":[0.9974368214607239,-0.07131825387477875,0.005802861414849758,0.06807310879230499,0.9707759022712708,0.2301309555768967,-0.02204581536352634,-0.2291460633277893,0.9731424450874329],"rotationconfidence":1},"4":{"id":4,"position":[197.649359703064,-387.3247504234314,2639.790296554565],"positionconfidence":1,"rotation":[0.9966467618942261,-0.07973165810108185,0.01838738657534123,0.02908625826239586,0.5552592873573303,0.831168532371521,-0.0764802098274231,-0.8278465867042542,0.5557165145874023],"rotationconfidence":1},"6":{"id":6,"position":[42.84832626581192,-122.9197680950165,2778.997898101807],"positionconfidence":1,"rotation":[0.2681884765625,0.9237240552902222,-0.2735120356082916,0.04092352464795113,-0.2945802509784699,-0.954750120639801,-0.9624968767166138,0.2448598891496658,-0.1168050691485405],"rotationconfidence":1},"7":{"id":7,"position":[-21.39318361878395,-344.1874086856842,2844.514608383179],"positionconfidence":1,"rotation":[-0.02280827984213829,0.3559901714324951,0.9342113137245178,0.2703323364257813,0.9018396139144897,-0.337054580450058,-0.9624968767166138,0.2448598891496658,-0.1168050691485405],"rotationconfidence":1},"8":{"id":8,"position":[-15.82036353647709,-431.1676323413849,2616.255760192871],"positionconfidence":0.5,"rotation":[-0.006260618567466736,0.6576866507530212,0.7532655000686646,0,0.7532802820205688,-0.6576995849609375,-0.9999802708625793,-0.004117606207728386,-0.004716000519692898],"rotationconfidence":0.5},"9":{"id":9,"position":[-15.39930980652571,-475.399911403656,2565.595388412476],"positionconfidence":0.5,"rotation":[-0.006260618567466736,0.6576866507530212,0.7532655000686646,0,0.7532802820205688,-0.6576995849609375,-0.9999802708625793,-0.004117606207728386,-0.004716000519692898],"rotationconfidence":0.5},"12":{"id":12,"position":[403.7521183490753,-138.2206380367279,2783.571004867554],"positionconfidence":1,"rotation":[0.2213256657123566,-0.9708811044692993,0.09167804569005966,-0.354832649230957,-0.1677397042512894,-0.9197592735290527,0.9083549380302429,0.1710359752178192,-0.3816254138946533],"rotationconfidence":1},"13":{"id":13,"position":[451.5518248081207,-347.901850938797,2803.370714187622],"positionconfidence":1,"rotation":[-0.3004208207130432,-0.3679507672786713,-0.8799769282341003,-0.2909270823001862,0.9139795899391174,-0.282847136259079,0.9083549380302429,0.1710359752178192,-0.3816254138946533],"rotationconfidence":1},"14":{"id":14,"position":[377.5407075881958,-438.5495185852051,2586.581230163574],"positionconfidence":1,"rotation":[-0.3964998424053192,-0.2241290509700775,-0.8902550339698792,0,-0.9697399735450745,0.2441400438547134,-0.9180347919464111,0.09680148959159851,0.3845017552375794],"rotationconfidence":1},"15":{"id":15,"position":[349.8958349227905,-454.1763067245483,2524.510622024536],"positionconfidence":0.5,"rotation":[-0.3964998424053192,-0.2241290509700775,-0.8902550339698792,0,-0.9697399735450745,0.2441400438547134,-0.9180347919464111,0.09680148959159851,0.3845017552375794],"rotationconfidence":0.5},"17":{"id":17,"position":[112.5151962041855,-459.1071009635925,2605.182647705078],"positionconfidence":1,"rotation":[0.8625475764274597,-0.494202047586441,-0.1085170730948448,0.5004013180732727,0.8014457821846008,0.3275409638881683,-0.07490088045597076,-0.3368217945098877,0.938584566116333],"rotationconfidence":1},"18":{"id":18,"position":[-60.43168902397156,-736.099898815155,2491.979122161865],"positionconfidence":1,"rotation":[0.773369312286377,-0.6339557766914368,0,0.5848274230957031,0.7134371399879456,0.3859850466251373,-0.2446974515914917,-0.2985090017318726,0.9225051403045654],"rotationconfidence":1},"19":{"id":19,"position":[-252.3804903030396,-970.2602624893188,2365.293264389038],"positionconfidence":0.5,"rotation":[-0.07683224231004715,-0.9970440864562988,0,0.9697500467300415,-0.07472895830869675,-0.2323804199695587,0.2316935062408447,-0.01785430684685707,0.9726250171661377],"rotationconfidence":0.5},"20":{"id":20,"position":[-275.3645479679108,-968.4891104698181,2268.808603286743],"positionconfidence":0.5,"rotation":[-0.07683224231004715,-0.9970440864562988,0,0.9697500467300415,-0.07472895830869675,-0.2323804199695587,0.2316935062408447,-0.01785430684685707,0.9726250171661377],"rotationconfidence":0.5},"21":{"id":21,"position":[272.779107093811,-467.3018455505371,2615.031242370606],"positionconfidence":1,"rotation":[0.9607387781143188,0.1628621518611908,0.2246261984109879,-0.2657755613327026,0.7726214528083801,0.5765582919120789,-0.07965148240327835,-0.6136220693588257,0.7855721116065979],"rotationconfidence":1},"22":{"id":22,"position":[360.0143194198608,-720.8985090255737,2425.788164138794],"positionconfidence":1,"rotation":[0.9528244733810425,0.2581625878810883,0.1596169024705887,-0.2967313826084137,0.6816854476928711,0.668771505355835,0.0638432651758194,-0.6845852136611938,0.7261314988136292],"rotationconfidence":1},"23":{"id":23,"position":[468.8118696212769,-970.8407521247864,2180.580854415894],"positionconfidence":0.5,"rotation":[-0.4407119154930115,0.8976485729217529,0,-0.8857144713401794,-0.4348527193069458,-0.1625204533338547,-0.1458862572908402,-0.07162470370531082,0.9867051243782043],"rotationconfidence":0.5},"24":{"id":24,"position":[483.3843111991882,-963.6862277984619,2082.019805908203],"positionconfidence":0.5,"rotation":[-0.4407119154930115,0.8976485729217529,0,-0.8857144713401794,-0.4348527193069458,-0.1625204533338547,-0.1458862572908402,-0.07162470370531082,0.9867051243782043],"rotationconfidence":0.5}},"skeletonTracked":true,"frameCount":1},{"position":[159.2801660299301,-466.7827785015106,2504.387140274048],"positionTracked":true,"id":4605,"skeleton":{"1":{"id":1,"position":[231.9590002298355,169.8905974626541,2751.978397369385],"positionconfidence":1,"rotation":[0.998640239238739,-0.05213265120983124,0,0.05180292576551437,0.9923240542411804,-0.1122918352484703,0.005854071117937565,0.112139143049717,0.9936753511428833],"rotationconfidence":1},"2":{"id":2,"position":[221.2823331356049,-34.62899848818779,2775.121927261353],"positionconfidence":1,"rotation":[0.9985948801040649,-0.0502125546336174,0.01694700680673122,0.05180292576551437,0.9923240542411804,-0.1122918352484703,-0.01117846183478832,0.1130119487643242,0.9935308694839478],"rotationconfidence":1},"3":{"id":3,"position":[199.3833780288696,-346.0333347320557,2702.270030975342],"positionconfidence":1,"rotation":[0.9973306655883789,-0.07238253206014633,0.009604877792298794,0.06831438094377518,0.9714342355728149,0.2272634506225586,-0.02578041143715382,-0.2260006815195084,0.973785936832428],"rotationconfidence":1},"4":{"id":4,"position":[197.3296999931335,-387.4187469482422,2640.50555229187],"positionconfidence":1,"rotation":[0.9964130520820618,-0.08179851621389389,0.021678376942873,0.02761202678084374,0.5564334392547607,0.8304332494735718,-0.07999078184366226,-0.8268559575080872,0.5566961765289307],"rotationconfidence":1},"6":{"id":6,"position":[42.3714891076088,-122.3000735044479,2778.327226638794],"positionconfidence":1,"rotation":[0.2714459300041199,0.9236101508140564,-0.2706685662269592,0.04469790309667587,-0.2930217683315277,-0.9550603628158569,-0.96141517162323,0.2471489161252976,-0.1208229959011078],"rotationconfidence":1},"7":{"id":7,"position":[-22.77029305696487,-343.9486920833588,2843.282461166382],"positionconfidence":1,"rotation":[-0.02616268023848534,0.3550615608692169,0.9344767332077026,0.273854523897171,0.9015811681747437,-0.3348954916000366,-0.96141517162323,0.2471489161252976,-0.1208229959011078],"rotationconfidence":1},"8":{"id":8,"position":[-16.39837399125099,-430.4239153862,2615.6907081604],"positionconfidence":0.5,"rotation":[-0.0006613855366595089,0.6493363976478577,0.7605010867118835,0,0.7605012655258179,-0.649336576461792,-0.9999999403953552,-0.0004294618265703321,-0.0005029845633544028],"rotationconfidence":0.5},"9":{"id":9,"position":[-16.35413430631161,-473.8576412200928,2564.821243286133],"positionconfidence":0.5,"rotation":[-0.0006613855366595089,0.6493363976478577,0.7605010867118835,0,0.7605012655258179,-0.649336576461792,-0.9999999403953552,-0.0004294618265703321,-0.0005029845633544028],"rotationconfidence":0.5},"12":{"id":12,"position":[403.5121500492096,-138.1970942020416,2784.198760986328],"positionconfidence":1,"rotation":[0.2202042639255524,-0.9709704518318176,0.09341612458229065,-0.3577712774276733,-0.1694868803024292,-0.9182995557785034,0.9074744582176208,0.1687918603420258,-0.3847070336341858],"rotationconfidence":1},"13":{"id":13,"position":[451.0593116283417,-347.8519320487976,2804.369449615479],"positionconfidence":1,"rotation":[-0.3028731942176819,-0.3717389404773712,-0.8775410056114197,-0.2911323606967926,0.9128634929656982,-0.28622105717659,0.9074744582176208,0.1687918603420258,-0.3847070336341858],"rotationconfidence":1},"14":{"id":14,"position":[376.3009309768677,-439.6084845066071,2587.765455245972],"positionconfidence":1,"rotation":[-0.3957422077655792,-0.2211133688688278,-0.8913455605506897,0,-0.9705823063850403,0.2407694011926651,-0.9183615446090698,0.09528261423110962,0.3841003775596619],"rotationconfidence":1},"15":{"id":15,"position":[349.1605520248413,-454.7726511955261,2526.636123657227],"positionconfidence":0.5,"rotation":[-0.3957422077655792,-0.2211133688688278,-0.8913455605506897,0,-0.9705823063850403,0.2407694011926651,-0.9183615446090698,0.09528261423110962,0.3841003775596619],"rotationconfidence":0.5},"17":{"id":17,"position":[112.1649667620659,-459.0847492218018,2605.790376663208],"positionconfidence":1,"rotation":[0.8626985549926758,-0.4947035312652588,-0.1049734205007553,0.4996660649776459,0.8017916083335876,0.3278168737888336,-0.0780053585767746,-0.3352588415145874,0.9388911724090576],"rotationconfidence":1},"18":{"id":18,"position":[-60.51220372319222,-736.1720204353333,2492.501735687256],"positionconfidence":1,"rotation":[0.7731931209564209,-0.6341705918312073,0,0.5846184492111206,0.7127782106399536,0.3875157833099365,-0.2457511126995087,-0.2996245324611664,0.9218630194664001],"rotationconfidence":1},"19":{"id":19,"position":[-253.9666593074799,-972.0354676246643,2364.269971847534],"positionconfidence":0.5,"rotation":[-0.07409501820802689,-0.9972512125968933,0,0.9707514047622681,-0.072126105427742,-0.2289968430995941,0.2283673733472824,-0.01696752570569515,0.9734271764755249],"rotationconfidence":0.5},"20":{"id":20,"position":[-276.6230702400208,-970.3521132469177,2267.695903778076],"positionconfidence":0.5,"rotation":[-0.07409501820802689,-0.9972512125968933,0,0.9707514047622681,-0.072126105427742,-0.2289968430995941,0.2283673733472824,-0.01696752570569515,0.9734271764755249],"rotationconfidence":0.5},"21":{"id":21,"position":[272.3926603794098,-467.691957950592,2616.029024124146],"positionconfidence":1,"rotation":[0.9601605534553528,0.1610276997089386,0.2283900380134583,-0.2667934000492096,0.7713887691497803,0.5777376890182495,-0.08314573019742966,-0.6156537532806396,0.7836180329322815],"rotationconfidence":1},"22":{"id":22,"position":[359.9516451358795,-720.8542227745056,2426.421165466309],"positionconfidence":1,"rotation":[0.9526237845420837,0.2582985758781433,0.1605925112962723,-0.2975340783596039,0.6818678379058838,0.668228805065155,0.0630996823310852,-0.6843523979187012,0.7264161705970764],"rotationconfidence":1},"23":{"id":23,"position":[469.1535532474518,-971.1155295372009,2181.16569519043],"positionconfidence":0.5,"rotation":[-0.443565309047699,0.8962421417236328,0,-0.8841659426689148,-0.4375885725021362,-0.1636061668395996,-0.1466307193040848,-0.07257000356912613,0.9865257143974304],"rotationconfidence":0.5},"24":{"id":24,"position":[483.7815463542938,-963.8758897781372,2082.749128341675],"positionconfidence":0.5,"rotation":[-0.443565309047699,0.8962421417236328,0,-0.8841659426689148,-0.4375885725021362,-0.1636061668395996,-0.1466307193040848,-0.07257000356912613,0.9865257143974304],"rotationconfidence":0.5}},"skeletonTracked":true,"frameCount":2},{"position":[158.7817370891571,-465.9983217716217,2506.301641464233],"positionTracked":true,"id":4605,"skeleton":{"1":{"id":1,"position":[231.9812774658203,169.9082255363464,2750.585317611694],"positionconfidence":1,"rotation":[0.9985556602478027,-0.05372649803757668,0,0.05335492640733719,0.9916496872901917,-0.1174054741859436,0.006307784933596849,0.1172358989715576,0.9930839538574219],"rotationconfidence":1},"2":{"id":2,"position":[220.9746092557907,-34.66068208217621,2774.805068969727],"positionconfidence":1,"rotation":[0.9984767436981201,-0.05132513120770454,0.02024697512388229,0.05335492640733719,0.9916496872901917,-0.1174054741859436,-0.01405205670744181,0.118306927382946,0.992877721786499],"rotationconfidence":1},"3":{"id":3,"position":[199.0388184785843,-346.0325300693512,2702.792167663574],"positionconfidence":1,"rotation":[0.9972258806228638,-0.07327738404273987,0.01307513471692801,0.06847599893808365,0.9719959497451782,0.2247995287179947,-0.0291817020624876,-0.223280593752861,0.9743173122406006],"rotationconfidence":1},"4":{"id":4,"position":[197.0835775136948,-387.4894678592682,2641.072511672974],"positionconfidence":1,"rotation":[0.9961804151535034,-0.0837530568242073,0.02469832822680473,0.02628853730857372,0.557395339012146,0.8298309445381165,-0.08326760679483414,-0.8260120153427124,0.557468056678772],"rotationconfidence":1},"6":{"id":6,"position":[41.97549447417259,-121.7589229345322,2777.642965316773],"positionconfidence":1,"rotation":[0.2734834551811218,0.9234894514083862,-0.2690240740776062,0.0471087172627449,-0.292210578918457,-0.955193042755127,-0.9607224464416504,0.2485561221837997,-0.1234191656112671],"rotationconfidence":1},"7":{"id":7,"position":[-23.77456799149513,-343.7814712524414,2842.320919036865],"positionconfidence":1,"rotation":[-0.02851094678044319,0.3539782762527466,0.9348189234733582,0.2760426700115204,0.9016203284263611,-0.3329882919788361,-0.9607224464416504,0.2485561221837997,-0.1234191656112671],"rotationconfidence":1},"8":{"id":8,"position":[-16.84471592307091,-429.8191964626312,2615.10443687439],"positionconfidence":0.5,"rotation":[0.00283005484379828,0.6423191428184509,0.7664320468902588,0,0.7664350867271423,-0.6423217058181763,-0.9999959468841553,0.00181780569255352,0.002169053303077817],"rotationconfidence":0.5},"9":{"id":9,"position":[-17.03321374952793,-472.6013243198395,2564.055681228638],"positionconfidence":0.5,"rotation":[0.00283005484379828,0.6423191428184509,0.7664320468902588,0,0.7664350867271423,-0.6423217058181763,-0.9999959468841553,0.00181780569255352,0.002169053303077817],"rotationconfidence":0.5},"12":{"id":12,"position":[403.3739864826202,-138.150081038475,2784.710884094238],"positionconfidence":1,"rotation":[0.2190980911254883,-0.9711430668830872,0.09421874582767487,-0.3576475381851196,-0.1697796732187271,-0.9182935357093811,0.9077908396720886,0.1674992591142654,-0.384525328874588],"rotationconfidence":1},"13":{"id":13,"position":[450.6734907627106,-347.803145647049,2805.05108833313],"positionconfidence":1,"rotation":[-0.3031359314918518,-0.3715930581092835,-0.8775119185447693,-0.2898695468902588,0.9131607413291931,-0.2865537405014038,0.9077908396720886,0.1674992591142654,-0.384525328874588],"rotationconfidence":1},"14":{"id":14,"position":[375.529944896698,-439.916342496872,2587.52703666687],"positionconfidence":1,"rotation":[-0.4005133807659149,-0.2290284484624863,-0.8872062563896179,0,-0.9682582020759583,0.2499516755342484,-0.9162907600402832,0.1001089885830879,0.3878003656864166],"rotationconfidence":1},"15":{"id":15,"position":[348.6792147159576,-455.2705883979797,2528.048038482666],"positionconfidence":0.5,"rotation":[-0.4005133807659149,-0.2290284484624863,-0.8872062563896179,0,-0.9682582020759583,0.2499516755342484,-0.9162907600402832,0.1001089885830879,0.3878003656864166],"rotationconfidence":0.5},"17":{"id":17,"position":[111.8930876255035,-459.0647220611572,2606.238603591919],"positionconfidence":1,"rotation":[0.8627092838287354,-0.495427280664444,-0.101412370800972,0.4991509318351746,0.8020681142807007,0.3279255628585815,-0.08112362772226334,-0.3335244655609131,0.9392445087432861],"rotationconfidence":1},"18":{"id":18,"position":[-60.59025228023529,-736.2221479415894,2492.922782897949],"positionconfidence":1,"rotation":[0.773134708404541,-0.6342418193817139,0,0.5843331813812256,0.7122965455055237,0.3888294398784638,-0.2466118931770325,-0.3006175458431244,0.9213097095489502],"rotationconfidence":1},"19":{"id":19,"position":[-255.1411986351013,-973.3778834342957,2363.463878631592],"positionconfidence":0.5,"rotation":[-0.07102203369140625,-0.9974747896194458,0,0.9716150164604187,-0.06918077170848846,-0.2262265682220459,0.225655272603035,-0.01606706902384758,0.9740747809410095],"rotationconfidence":0.5},"20":{"id":20,"position":[-277.5325477123261,-971.7835783958435,2266.808271408081],"positionconfidence":0.5,"rotation":[-0.07102203369140625,-0.9974747896194458,0,0.9716150164604187,-0.06918077170848846,-0.2262265682220459,0.225655272603035,-0.01606706902384758,0.9740747809410095],"rotationconfidence":0.5},"21":{"id":21,"position":[272.1055150032044,-468.0231809616089,2616.895198822022],"positionconfidence":1,"rotation":[0.9596521258354187,0.1590499430894852,0.2318855822086334,-0.2675450444221497,0.7702398896217346,0.5789214968681335,-0.08653009682893753,-0.6176031231880188,0.7817153930664062],"rotationconfidence":1},"22":{"id":22,"position":[359.9145412445068,-720.818042755127,2426.891565322876],"positionconfidence":1,"rotation":[0.9525021910667419,0.2582623064517975,0.1613699197769165,-0.2980794608592987,0.682165265083313,0.667681872844696,0.06235610693693161,-0.6840695142745972,0.7267466187477112],"rotationconfidence":1},"23":{"id":23,"position":[469.3885743618012,-971.3531732559204,2181.675672531128],"positionconfidence":0.5,"rotation":[-0.4460642635822296,0.8950009942054749,0,-0.8828105330467224,-0.4399885833263397,-0.1644861996173859,-0.1472152918577194,-0.07337140291929245,0.9863793849945068],"rotationconfidence":0.5},"24":{"id":24,"position":[484.0600192546845,-964.040994644165,2083.373308181763],"positionconfidence":0.5,"rotation":[-0.4460642635822296,0.8950009942054749,0,-0.8828105330467224,-0.4399885833263397,-0.1644861996173859,-0.1472152918577194,-0.07337140291929245,0.9863793849945068],"rotationconfidence":0.5}},"skeletonTracked":true,"frameCount":3},{"position":[160.5998873710632,-462.6756906509399,2507.277488708496],"positionTracked":true,"id":4605,"skeleton":{"1":{"id":1,"position":[232.0290505886078,169.9052900075913,2749.088048934937],"positionconfidence":1,"rotation":[0.998436450958252,-0.05589809268712997,0,0.05547916516661644,0.9909537434577942,-0.1221996024250984,0.006830724887549877,0.1220085397362709,0.9925054907798767],"rotationconfidence":1},"2":{"id":2,"position":[220.5694615840912,-34.7827672958374,2774.32918548584],"positionconfidence":1,"rotation":[0.9983214735984802,-0.05301691219210625,0.02331213094294071,0.05547916516661644,0.9909537434577942,-0.1221996024250984,-0.01662259735167027,0.1232878267765045,0.9922317266464233],"rotationconfidence":1},"3":{"id":3,"position":[198.6930817365646,-346.0533022880554,2703.284502029419],"positionconfidence":1,"rotation":[0.9971402287483215,-0.07379764318466187,0.01628852635622025,0.06835860013961792,0.9726479649543762,0.2219981104135513,-0.03222593665122986,-0.2202497571706772,0.9749109745025635],"rotationconfidence":1},"4":{"id":4,"position":[196.8273520469666,-387.5973522663117,2641.63064956665],"positionconfidence":1,"rotation":[0.995846688747406,-0.08656949549913406,0.02819721587002277,0.02508783340454102,0.5586287379264832,0.8290383815765381,-0.08752120286226273,-0.8248876333236694,0.5584803819656372],"rotationconfidence":1},"6":{"id":6,"position":[41.63752868771553,-121.2909743189812,2776.95894241333],"positionconfidence":1,"rotation":[0.2747826874256134,0.9233033657073975,-0.2683381736278534,0.04855639860033989,-0.2920501828193665,-0.9551696181297302,-0.9602795243263245,0.2494345456361771,-0.1250826269388199],"rotationconfidence":1},"7":{"id":7,"position":[-24.54248256981373,-343.663901090622,2841.586828231812],"positionconfidence":1,"rotation":[-0.03015113994479179,0.3528837859630585,0.9351812601089478,0.2774061560630798,0.9018067717552185,-0.331346333026886,-0.9602795243263245,0.2494345456361771,-0.1250826269388199],"rotationconfidence":1},"8":{"id":8,"position":[-17.22286269068718,-429.3314814567566,2614.558219909668],"positionconfidence":0.5,"rotation":[0.004947410896420479,0.6366934776306152,0.7711011171340942,0,0.7711105942726135,-0.6367013454437256,-0.9999878406524658,0.003150023287162185,0.003815000876784325],"rotationconfidence":0.5},"9":{"id":9,"position":[-17.55121164023876,-471.5874493122101,2563.381910324097],"positionconfidence":0.5,"rotation":[0.004947410896420479,0.6366934776306152,0.7711011171340942,0,0.7711105942726135,-0.6367013454437256,-0.9999878406524658,0.003150023287162185,0.003815000876784325],"rotationconfidence":0.5},"12":{"id":12,"position":[403.2728970050812,-138.1272375583649,2785.109281539917],"positionconfidence":1,"rotation":[0.2181274592876434,-0.9713170528411865,0.0946766585111618,-0.3465354442596436,-0.1677793562412262,-0.922910213470459,0.9123231768608093,0.1685032248497009,-0.3731930553913117],"rotationconfidence":1},"13":{"id":13,"position":[450.3531754016876,-347.7747440338135,2805.544137954712],"positionconfidence":1,"rotation":[-0.2929970622062683,-0.3680286407470703,-0.8824441432952881,-0.2860404253005981,0.9144186973571777,-0.286390095949173,0.9123231768608093,0.1685032248497009,-0.3731930553913117],"rotationconfidence":1},"14":{"id":14,"position":[377.1688044071198,-439.7003948688507,2585.128545761108],"positionconfidence":1,"rotation":[-0.4374909996986389,-0.245637521147728,-0.8650224804878235,0,-0.9619668126106262,0.2731664776802063,-0.8992228507995605,0.1195078790187836,0.4208518266677856],"rotationconfidence":1},"15":{"id":15,"position":[348.6795425415039,-455.6962251663208,2528.798580169678],"positionconfidence":0.5,"rotation":[-0.4374909996986389,-0.245637521147728,-0.8650224804878235,0,-0.9619668126106262,0.2731664776802063,-0.8992228507995605,0.1195078790187836,0.4208518266677856],"rotationconfidence":0.5},"17":{"id":17,"position":[111.6230636835098,-459.077924489975,2606.645822525024],"positionconfidence":1,"rotation":[0.8625354170799255,-0.4966683983802795,-0.0967109277844429,0.4987536370754242,0.8022925853729248,0.3279807567596436,-0.08530721813440323,-0.3311299681663513,0.9397209882736206],"rotationconfidence":1},"18":{"id":18,"position":[-60.69217249751091,-736.2633347511292,2493.33119392395],"positionconfidence":1,"rotation":[0.773169994354248,-0.6341989636421204,0,0.5839300155639648,0.7118856906890869,0.3901850581169128,-0.2474549561738968,-0.3016793727874756,0.9207364916801453],"rotationconfidence":1},"19":{"id":19,"position":[-256.0351192951202,-974.4114875793457,2362.802028656006],"positionconfidence":0.5,"rotation":[-0.06745753437280655,-0.9977221488952637,0,0.9724133610725403,-0.06574636697769165,-0.2238069921731949,0.223297193646431,-0.01509746816009283,0.9746334552764893],"rotationconfidence":0.5},"20":{"id":20,"position":[-278.1979143619537,-972.9130268096924,2266.067266464233],"positionconfidence":0.5,"rotation":[-0.06745753437280655,-0.9977221488952637,0,0.9724133610725403,-0.06574636697769165,-0.2238069921731949,0.223297193646431,-0.01509746816009283,0.9746334552764893],"rotationconfidence":0.5},"21":{"id":21,"position":[271.7979550361633,-468.4683382511139,2617.87748336792],"positionconfidence":1,"rotation":[0.9590014815330505,0.1562453210353851,0.2364392876625061,-0.2683952748775482,0.7686006426811218,0.580703854560852,-0.09099511057138443,-0.6203551292419434,0.7790246605873108],"rotationconfidence":1},"22":{"id":22,"position":[359.9064648151398,-720.7837104797363,2427.244663238525],"positionconfidence":1,"rotation":[0.952588677406311,0.2577341794967651,0.1617031991481781,-0.2979830801486969,0.6828662753105164,0.667008101940155,0.06148912385106087,-0.6835691928863525,0.7272911071777344],"rotationconfidence":1},"23":{"id":23,"position":[469.3809747695923,-971.6585278511047,2182.195901870728],"positionconfidence":0.5,"rotation":[-0.447897344827652,0.8940849304199219,0,-0.8818438053131104,-0.4417650699615479,-0.1649092137813568,-0.1474428623914719,-0.07386241108179092,0.986308753490448],"rotationconfidence":0.5},"24":{"id":24,"position":[484.0615391731262,-964.3042087554932,2083.991289138794],"positionconfidence":0.5,"rotation":[-0.447897344827652,0.8940849304199219,0,-0.8818438053131104,-0.4417650699615479,-0.1649092137813568,-0.1474428623914719,-0.07386241108179092,0.986308753490448],"rotationconfidence":0.5}},"skeletonTracked":true,"frameCount":4},{"position":[158.0079644918442,-465.356856584549,2506.105422973633],"positionTracked":true,"id":4605,"skeleton":{"1":{"id":1,"position":[232.0822775363922,169.8837727308273,2747.859477996826],"positionconfidence":1,"rotation":[0.9983023405075073,-0.05824509263038635,0,0.05778485536575317,0.990414023399353,-0.1254633963108063,0.007307627238333225,0.1252503991127014,0.992098331451416],"rotationconfidence":1},"2":{"id":2,"position":[220.1332151889801,-34.91935506463051,2773.803472518921],"positionconfidence":1,"rotation":[0.9981508255004883,-0.05494155734777451,0.0260084867477417,0.05778485536575317,0.990414023399353,-0.1254633963108063,-0.01886601373553276,0.126734271645546,0.9917572736740112],"rotationconfidence":1},"3":{"id":3,"position":[198.3665525913239,-346.1026847362518,2703.721761703491],"positionconfidence":1,"rotation":[0.9970719814300537,-0.07404487580060959,0.01910059340298176,0.06808058172464371,0.9733023047447205,0.2191977649927139,-0.03482112288475037,-0.2172555774450302,0.9754934906959534],"rotationconfidence":1},"4":{"id":4,"position":[196.5745389461517,-387.7507448196411,2642.146825790405],"positionconfidence":1,"rotation":[0.9955557584762573,-0.08887611329555511,0.0311404000967741,0.02409951947629452,0.5600951910018921,0.8280776143074036,-0.09103791415691376,-0.8236470222473145,0.5597479343414307],"rotationconfidence":1},"6":{"id":6,"position":[41.35211184620857,-120.9190413355827,2776.325941085815],"positionconfidence":1,"rotation":[0.2756102085113525,0.922964870929718,-0.2686538398265839,0.04918335378170013,-0.2926518023014069,-0.9549534320831299,-0.9600104689598083,0.249981626868248,-0.1260523349046707],"rotationconfidence":1},"7":{"id":7,"position":[-25.12678131461144,-343.5439169406891,2841.126918792725],"positionconfidence":1,"rotation":[-0.03121347725391388,0.3518674075603485,0.9355292916297913,0.2782188355922699,0.9020524621009827,-0.3299936056137085,-0.9600104689598083,0.249981626868248,-0.1260523349046707],"rotationconfidence":1},"8":{"id":8,"position":[-17.55244843661785,-428.9288520812988,2614.10927772522],"positionconfidence":0.5,"rotation":[0.006197668612003326,0.6322411894798279,0.7747467756271362,0,0.7747616767883301,-0.6322533488273621,-0.9999807476997375,0.003918496891856194,0.004801716189831495],"rotationconfidence":0.5},"9":{"id":9,"position":[-17.962496727705,-470.7590043544769,2562.850713729858],"positionconfidence":0.5,"rotation":[0.006197668612003326,0.6322411894798279,0.7747467756271362,0,0.7747616767883301,-0.6322533488273621,-0.9999807476997375,0.003918496891856194,0.004801716189831495],"rotationconfidence":0.5},"12":{"id":12,"position":[403.1936526298523,-138.1315886974335,2785.408735275269],"positionconfidence":1,"rotation":[0.2170513868331909,-0.971519410610199,0.09507148712873459,-0.3400489389896393,-0.166544109582901,-0.925542950630188,0.9150166511535645,0.1685614287853241,-0.3665128350257874],"rotationconfidence":1},"13":{"id":13,"position":[450.0316381454468,-347.7778434753418,2805.924415588379],"positionconfidence":1,"rotation":[-0.2864522337913513,-0.3682456612586975,-0.8844999074935913,-0.2840593159198761,0.9143205881118774,-0.2886660993099213,0.9150166511535645,0.1685614287853241,-0.3665128350257874],"rotationconfidence":1},"14":{"id":14,"position":[378.3394694328308,-439.9409592151642,2584.555149078369],"positionconfidence":1,"rotation":[-0.4581843018531799,-0.2513292729854584,-0.8525846600532532,0,-0.9591920375823975,0.2827555239200592,-0.8888571858406067,0.1295541375875473,0.4394867420196533],"rotationconfidence":1},"15":{"id":15,"position":[348.7945199012756,-456.1473429203033,2529.57820892334],"positionconfidence":0.5,"rotation":[-0.4581843018531799,-0.2513292729854584,-0.8525846600532532,0,-0.9591920375823975,0.2827555239200592,-0.8888571858406067,0.1295541375875473,0.4394867420196533],"rotationconfidence":0.5},"17":{"id":17,"position":[111.3451719284058,-459.1580331325531,2607.048511505127],"positionconfidence":1,"rotation":[0.8623941540718079,-0.4976173937320709,-0.09302370995283127,0.4984084367752075,0.8024072647094727,0.328225165605545,-0.08868763595819473,-0.3294232189655304,0.9400079250335693],"rotationconfidence":1},"18":{"id":18,"position":[-60.80041825771332,-736.3019585609436,2493.682622909546],"positionconfidence":1,"rotation":[0.7732513546943665,-0.6340994834899902,0,0.583507239818573,0.7115567922592163,0.3914156258106232,-0.2481964528560638,-0.3026626706123352,0.9202138781547546],"rotationconfidence":1},"19":{"id":19,"position":[-256.7317485809326,-975.2300381660461,2362.252235412598],"positionconfidence":0.5,"rotation":[-0.06359095871448517,-0.9979760646820068,0,0.9731257557868958,-0.06200749799609184,-0.2217686623334885,0.2213198095560074,-0.01410248223692179,0.9750992655754089],"rotationconfidence":0.5},"20":{"id":20,"position":[-278.7046730518341,-973.8299250602722,2265.443086624146],"positionconfidence":0.5,"rotation":[-0.06359095871448517,-0.9979760646820068,0,0.9731257557868958,-0.06200749799609184,-0.2217686623334885,0.2213198095560074,-0.01410248223692179,0.9750992655754089],"rotationconfidence":0.5},"21":{"id":21,"position":[271.5272605419159,-468.9164757728577,2618.741512298584],"positionconfidence":1,"rotation":[0.9584183692932129,0.1539444178342819,0.2402819246053696,-0.269218385219574,0.7670034170150757,0.5824322700500488,-0.09463484585285187,-0.6229020357131958,0.7765547037124634],"rotationconfidence":1},"22":{"id":22,"position":[359.9224090576172,-720.7543253898621,2427.505731582642],"positionconfidence":1,"rotation":[0.9527637362480164,0.2570790946483612,0.1617145240306854,-0.2975819408893585,0.6837506294250488,0.6662808060646057,0.06071445718407631,-0.6829314827919006,0.7279549241065979],"rotationconfidence":1},"23":{"id":23,"position":[469.2642092704773,-971.9877243041992,2182.691335678101],"positionconfidence":0.5,"rotation":[-0.4489152133464813,0.8935744166374207,0,-0.8813295960426331,-0.4427636563777924,-0.1649805009365082,-0.1474223434925079,-0.07406225055456161,0.9862968325614929],"rotationconfidence":0.5},"24":{"id":24,"position":[483.9310050010681,-964.6193981170654,2084.566354751587],"positionconfidence":0.5,"rotation":[-0.4489152133464813,0.8935744166374207,0,-0.8813295960426331,-0.4427636563777924,-0.1649805009365082,-0.1474223434925079,-0.07406225055456161,0.9862968325614929],"rotationconfidence":0.5}},"skeletonTracked":true,"frameCount":5},{"position":[160.5034023523331,-442.956268787384,2508.07785987854],"positionTracked":true,"id":4605,"skeleton":{"1":{"id":1,"position":[192.6031708717346,189.0694797039032,2738.308429718018],"positionconfidence":1,"rotation":[0.9946061968803406,0.1037229970097542,0,-0.1028918400406838,0.9866361618041992,-0.1263419985771179,-0.01310457102954388,0.1256605386734009,0.9919866919517517],"rotationconfidence":1},"2":{"id":2,"position":[214.5328670740128,-21.21572196483612,2765.236139297485],"positionconfidence":1,"rotation":[0.9872620701789856,0.08579996973276138,-0.1339844316244125,-0.1028918400406838,0.9866361618041992,-0.1263419985771179,0.1213537529110909,0.1385185718536377,0.982896625995636],"rotationconfidence":1},"3":{"id":3,"position":[198.101356625557,-344.6016311645508,2704.335927963257],"positionconfidence":1,"rotation":[0.9919464588165283,-0.02710180170834065,-0.1237243264913559,0.04987099394202232,0.9815029501914978,0.1848371922969818,0.1164263784885407,-0.1895188689231873,0.9749500155448914],"rotationconfidence":1},"4":{"id":4,"position":[193.8272416591644,-386.9159519672394,2643.538475036621],"positionconfidence":1,"rotation":[0.9969008564949036,-0.07690718024969101,-0.01655651070177555,0.05760545283555985,0.5703018307685852,0.819412887096405,-0.0535765253007412,-0.8178271055221558,0.572964608669281],"rotationconfidence":1},"6":{"id":6,"position":[33.82657468318939,-110.4713976383209,2790.780305862427],"positionconfidence":1,"rotation":[0.2215792387723923,0.8930292725563049,-0.3916649222373962,0.0542575940489769,-0.4123173952102661,-0.9094231128692627,-0.9736316800117493,0.1802584826946259,-0.1398145854473114],"rotationconfidence":1},"7":{"id":7,"position":[-17.4185261130333,-317.0041739940643,2881.361484527588],"positionconfidence":1,"rotation":[-0.03466491028666496,0.4888624250888825,0.8716719746589661,0.2254763692617416,0.8535341024398804,-0.4697233140468597,-0.9736316800117493,0.1802584826946259,-0.1398145854473114],"rotationconfidence":1},"8":{"id":8,"position":[-8.885383605957031,-437.3429417610169,2666.790008544922],"positionconfidence":1,"rotation":[0.01265047024935484,0.5611050724983215,0.8276479244232178,0,0.8277141451835632,-0.5611499547958374,-0.9999199509620667,0.007098810747265816,0.01047097332775593],"rotationconfidence":1},"9":{"id":9,"position":[-9.763123467564583,-476.2746393680573,2609.36450958252],"positionconfidence":0.5,"rotation":[0.01265047024935484,0.5611050724983215,0.8276479244232178,0,0.8277141451835632,-0.5611499547958374,-0.9999199509620667,0.007098810747265816,0.01047097332775593],"rotationconfidence":0.5},"12":{"id":12,"position":[381.8729817867279,-114.6726906299591,2748.400688171387],"positionconfidence":1,"rotation":[0.420542985200882,-0.907038688659668,-0.0206009428948164,-0.3891818225383759,-0.15983746945858,-0.9071877002716064,0.8195615410804749,0.3895289301872253,-0.4202215075492859],"rotationconfidence":1},"13":{"id":13,"position":[470.7934856414795,-306.4588904380798,2744.044780731201],"positionconfidence":1,"rotation":[-0.4537120461463928,-0.006736631505191326,-0.8911229968070984,-0.349949061870575,0.9209896922111511,0.1712128818035126,0.8195615410804749,0.3895289301872253,-0.4202215075492859],"rotationconfidence":1},"14":{"id":14,"position":[364.1737699508667,-308.0419600009918,2534.6360206604],"positionconfidence":1,"rotation":[0.9358627200126648,-0.3157916963100433,-0.1563221514225006,0,-0.4436371326446533,0.8962064385414124,-0.3523648679256439,-0.8387262225151062,-0.4151834547519684],"rotationconfidence":1},"15":{"id":15,"position":[368.808388710022,-309.6058368682861,2533.861875534058],"positionconfidence":1,"rotation":[0.9358627200126648,-0.3157916963100433,-0.1563221514225006,0,-0.4436371326446533,0.8962064385414124,-0.3523648679256439,-0.8387262225151062,-0.4151834547519684],"rotationconfidence":1},"17":{"id":17,"position":[105.040431022644,-458.1907093524933,2615.760803222656],"positionconfidence":1,"rotation":[0.9081350564956665,-0.4059765338897705,-0.1023406237363815,0.4169875979423523,0.8550954461097717,0.3081120848655701,-0.03757528588175774,-0.3224821984767914,0.9458293914794922],"rotationconfidence":1},"18":{"id":18,"position":[-39.66925293207169,-754.9395561218262,2508.834838867188],"positionconfidence":1,"rotation":[0.7276831269264221,-0.6859133839607239,0,0.6239098906517029,0.6619037985801697,0.4154753088951111,-0.2849800884723663,-0.3023343682289124,0.9096043705940247],"rotationconfidence":1},"19":{"id":19,"position":[-251.4462769031525,-979.6130657196045,2367.807865142822],"positionconfidence":0.5,"rotation":[-0.07344227284193039,-0.9972994923591614,0,0.961180567741394,-0.07078243046998978,-0.2666866779327393,0.2659664750099182,-0.01958607695996761,0.9637832641601562],"rotationconfidence":0.5},"20":{"id":20,"position":[-277.9110074043274,-977.6641726493835,2271.907567977905],"positionconfidence":0.5,"rotation":[-0.07344227284193039,-0.9972994923591614,0,0.961180567741394,-0.07078243046998978,-0.2666866779327393,0.2659664750099182,-0.01958607695996761,0.9637832641601562],"rotationconfidence":0.5},"21":{"id":21,"position":[266.6274905204773,-466.1897122859955,2619.452953338623],"positionconfidence":1,"rotation":[0.9744604825973511,0.1421146541833878,0.173868790268898,-0.2192249298095703,0.7698080539703369,0.5994464755058289,-0.04865545406937599,-0.6222532391548157,0.7813025116920471],"rotationconfidence":1},"22":{"id":22,"position":[338.3125364780426,-717.9116606712341,2423.43807220459],"positionconfidence":1,"rotation":[0.9079529643058777,0.4189124703407288,-0.01156312599778175,-0.3152776062488556,0.7009915709495544,0.639695942401886,0.2760822474956513,-0.5771682262420654,0.7685410976409912],"rotationconfidence":1},"23":{"id":23,"position":[454.0083706378937,-975.151002407074,2188.692092895508],"positionconfidence":0.5,"rotation":[-0.7186431288719177,-0.6953791379928589,0,0.6949535012245178,-0.7182032465934753,-0.03498408943414688,0.02432720363140106,-0.02514107152819634,0.9993879199028015],"rotationconfidence":0.5},"24":{"id":24,"position":[451.6744315624237,-972.7389812469482,2092.811346054077],"positionconfidence":0.5,"rotation":[-0.7186431288719177,-0.6953791379928589,0,0.6949535012245178,-0.7182032465934753,-0.03498408943414688,0.02432720363140106,-0.02514107152819634,0.9993879199028015],"rotationconfidence":0.5}},"skeletonTracked":true,"frameCount":6},{"position":[170.2993363142014,-433.4022402763367,2502.046585083008],"positionTracked":true,"id":4605,"skeleton":{"1":{"id":1,"position":[149.4399756193161,204.0432691574097,2733.91318321228],"positionconfidence":1,"rotation":[0.9651967287063599,0.2615249752998352,0,-0.2600927948951721,0.959911048412323,-0.1045113205909729,-0.02733232080936432,0.1008739843964577,0.9945237636566162],"rotationconfidence":1},"2":{"id":2,"position":[206.0074210166931,-4.727268125861883,2756.643295288086],"positionconfidence":1,"rotation":[0.8924548029899597,0.1976627558469772,-0.4055292904376984,-0.2600927948951721,0.959911048412323,-0.1045113205909729,0.3686140179634094,0.1987468600273132,0.9080877900123596],"rotationconfidence":1},"3":{"id":3,"position":[199.3331611156464,-341.9204652309418,2704.287528991699],"positionconfidence":1,"rotation":[0.9212052822113037,0.04182768240571022,-0.3868222236633301,0.01955546997487545,0.9879704713821411,0.1534015238285065,0.3885853290557861,-0.1488787680864334,0.9093055725097656],"rotationconfidence":1},"4":{"id":4,"position":[190.3648227453232,-385.9157860279083,2645.031690597534],"positionconfidence":1,"rotation":[0.9924798011779785,-0.05508062615990639,-0.1093158945441246,0.1206303313374519,0.5917673707008362,0.7970318794250488,0.02078855596482754,-0.8042247891426086,0.5939614772796631],"rotationconfidence":1},"6":{"id":6,"position":[28.63062731921673,-101.6648709774017,2831.783056259155],"positionconfidence":1,"rotation":[0.1759612113237381,0.8091387152671814,-0.5606533885002136,0.06183545663952828,-0.5775002837181091,-0.814045250415802,-0.9824529886245728,0.1085721254348755,-0.1516511142253876],"rotationconfidence":1},"7":{"id":7,"position":[-10.76953858137131,-282.8423082828522,2957.321166992188],"positionconfidence":0.5,"rotation":[-0.05040442198514938,0.6282848119735718,0.7763490