{"motiondata":[{"position":[283.5029065608978,-482.3412597179413,2556.705236434937],"positionTracked":true,"id":4613,"skeleton":{"1":{"id":1,"position":[324.7494995594025,147.7655023336411,2782.453775405884],"positionconfidence":1,"rotation":[0.9995277523994446,0.03072880394756794,0,-0.03068715333938599,0.9981729984283447,0.05204832926392555,0.001599382958374918,-0.0520237497985363,0.9986445903778076],"rotationconfidence":1},"2":{"id":2,"position":[331.3412070274353,-66.6455328464508,2771.273612976074],"positionconfidence":1,"rotation":[0.9994022846221924,0.03147101774811745,-0.01430801209062338,-0.03068715333938599,0.9981729984283447,0.05204832926392555,0.0159198846668005,-0.05157814547419548,0.998542070388794],"rotationconfidence":1},"3":{"id":3,"position":[318.6762034893036,-402.0262956619263,2740.38577079773],"positionconfidence":1,"rotation":[0.999169647693634,-0.0359695702791214,-0.01913326606154442,0.03757735714316368,0.9950824975967407,0.09164494276046753,0.01574274897575378,-0.0922878161072731,0.995607852935791],"rotationconfidence":1},"4":{"id":4,"position":[314.2434060573578,-454.4263780117035,2681.514024734497],"positionconfidence":1,"rotation":[0.9968191981315613,0.005033876746892929,-0.07953684777021408,0.0561550110578537,0.6638082265853882,0.7457917332649231,0.05655143409967423,-0.7478858828544617,0.6614140868186951],"rotationconfidence":1},"6":{"id":6,"position":[137.299120426178,-188.7608021497726,2760.000467300415],"positionconfidence":1,"rotation":[0.2881123125553131,0.9532646536827087,-0.09098125994205475,-0.01701861992478371,-0.0898977592587471,-0.9958053827285767,-0.9574452638626099,0.2884522378444672,-0.009677405469119549],"rotationconfidence":1},"7":{"id":7,"position":[68.1157261133194,-417.6648855209351,2781.847476959229],"positionconfidence":1,"rotation":[0.02283812500536442,0.1091456487774849,0.9937633872032166,0.2877095341682434,0.9512530565261841,-0.1110886931419373,-0.9574452638626099,0.2884522378444672,-0.009677405469119549],"rotationconfidence":1},"8":{"id":8,"position":[62.08067759871483,-446.5069770812988,2519.242286682129],"positionconfidence":1,"rotation":[0.3543733954429627,-0.1673804521560669,0.920001745223999,0,0.9838497638702393,0.1789966225624085,-0.9351040124893188,-0.06343164294958115,0.348650187253952],"rotationconfidence":1},"9":{"id":9,"position":[44.3449579179287,-438.1299018859863,2473.197937011719],"positionconfidence":1,"rotation":[0.3543733954429627,-0.1673804521560669,0.920001745223999,0,0.9838497638702393,0.1789966225624085,-0.9351040124893188,-0.06343164294958115,0.348650187253952],"rotationconfidence":1},"12":{"id":12,"position":[505.8522820472717,-189.936563372612,2754.063844680786],"positionconfidence":1,"rotation":[0.31575807929039,-0.9306827187538147,0.1847335249185562,-0.2299942225217819,-0.2639614939689636,-0.936710774898529,0.9205430746078491,0.2532863616943359,-0.297399640083313],"rotationconfidence":1},"13":{"id":13,"position":[591.6376709938049,-442.7851438522339,2804.25238609314],"positionconfidence":1,"rotation":[-0.1668373644351959,-0.4334725737571716,-0.8855884075164795,-0.3532220423221588,0.8648396730422974,-0.3567725419998169,0.9205430746078491,0.2532863616943359,-0.297399640083313],"rotationconfidence":1},"14":{"id":14,"position":[552.1235466003418,-545.4497337341309,2594.507694244385],"positionconfidence":1,"rotation":[0.4982503354549408,-0.3297312557697296,-0.8018877506256104,0,-0.9248639345169067,0.3802982866764069,-0.8670333027839661,-0.1894837468862534,-0.4608137607574463],"rotationconfidence":1},"15":{"id":15,"position":[583.4435820579529,-566.1766529083252,2544.100999832153],"positionconfidence":1,"rotation":[0.4982503354549408,-0.3297312557697296,-0.8018877506256104,0,-0.9248639345169067,0.3802982866764069,-0.8670333027839661,-0.1894837468862534,-0.4608137607574463],"rotationconfidence":1},"17":{"id":17,"position":[229.3667644262314,-535.1536273956299,2665.435314178467],"positionconfidence":1,"rotation":[0.872853696346283,-0.3873040080070496,-0.2968532741069794,0.4829089045524597,0.7730576992034912,0.41131591796875,0.07018040120601654,-0.5023717284202576,0.8617988228797913],"rotationconfidence":1},"18":{"id":18,"position":[77.39291340112686,-778.4387469291687,2535.99214553833],"positionconfidence":1,"rotation":[0.9043606519699097,-0.4267690181732178,0,0.4170368909835815,0.8837374448776245,0.2123400717973709,-0.09062016755342484,-0.1920320093631744,0.9771957993507385],"rotationconfidence":1},"19":{"id":19,"position":[-66.4176344871521,-1083.185791969299,2462.769031524658],"positionconfidence":0.5,"rotation":[0.7826908826828003,-0.622410774230957,0,0.583563506603241,0.7338398694992065,-0.347754031419754,0.2164458185434341,0.2721838653087616,0.9375858306884766],"rotationconfidence":0.5},"20":{"id":20,"position":[-87.44912594556808,-1109.633207321167,2371.666193008423],"positionconfidence":0.5,"rotation":[0.7826908826828003,-0.622410774230957,0,0.583563506603241,0.7338398694992065,-0.347754031419754,0.2164458185434341,0.2721838653087616,0.9375858306884766],"rotationconfidence":0.5},"21":{"id":21,"position":[391.8053805828095,-533.9479446411133,2652.909994125366],"positionconfidence":1,"rotation":[0.9492247104644775,0.3105141222476959,0.05052926763892174,-0.3057713806629181,0.8728327751159668,0.3803507387638092,0.07400068640708923,-0.3764887750148773,0.9234609007835388],"rotationconfidence":1},"22":{"id":22,"position":[486.6376221179962,-804.6491742134094,2534.947633743286],"positionconfidence":1,"rotation":[0.8711768388748169,0.4720962047576904,0.1348184049129486,-0.4527205228805542,0.6661701798439026,0.5926730036735535,0.1899866759777069,-0.577358067035675,0.7940796613693237],"rotationconfidence":1},"23":{"id":23,"position":[646.9959020614624,-1040.613532066345,2325.016736984253],"positionconfidence":0.5,"rotation":[-0.0219934768974781,0.9997581243515015,0,-0.9882626533508301,-0.02174058929085732,-0.1512093544006348,-0.1511727720499039,-0.003325619036331773,0.9885017275810242],"rotationconfidence":0.5},"24":{"id":24,"position":[662.065863609314,-1040.282011032105,2226.475954055786],"positionconfidence":0.5,"rotation":[-0.0219934768974781,0.9997581243515015,0,-0.9882626533508301,-0.02174058929085732,-0.1512093544006348,-0.1511727720499039,-0.003325619036331773,0.9885017275810242],"rotationconfidence":0.5}},"skeletonTracked":true,"frameCount":1},{"position":[283.8952839374542,-486.0342144966126,2552.434206008911],"positionTracked":true,"id":4613,"skeleton":{"1":{"id":1,"position":[327.1324932575226,147.1910178661346,2777.725219726563],"positionconfidence":1,"rotation":[0.9997420907020569,0.02270939759910107,0,-0.0226867850869894,0.9987466931343079,0.04461408033967018,0.001013158936984837,-0.04460257291793823,0.9990043044090271],"rotationconfidence":1},"2":{"id":2,"position":[332.0180475711823,-67.88709759712219,2768.117666244507],"positionconfidence":1,"rotation":[0.9997360706329346,0.02282564155757427,-0.002605404937639833,-0.0226867850869894,0.9987466931343079,0.04461408033967018,0.003620484378188849,-0.04454319551587105,0.9990008473396301],"rotationconfidence":1},"3":{"id":3,"position":[318.4517920017242,-402.3810923099518,2738.584518432617],"positionconfidence":1,"rotation":[0.9991790652275085,-0.03991208598017693,-0.006933407392352819,0.04036745056509972,0.9953129291534424,0.08787818253040314,0.003393508493900299,-0.08808592706918716,0.9961070418357849],"rotationconfidence":1},"4":{"id":4,"position":[314.5406544208527,-454.7311365604401,2679.814338684082],"positionconfidence":1,"rotation":[0.9977489113807678,0.000737291993573308,-0.06705663353204727,0.04963245242834091,0.664323627948761,0.7457953691482544,0.04509717598557472,-0.7474446892738342,0.6627916097640991],"rotationconfidence":1},"6":{"id":6,"position":[137.8027051687241,-188.5130405426025,2755.506992340088],"positionconfidence":1,"rotation":[0.3112529814243317,0.9476529955863953,-0.0712416023015976,0.01546068117022514,-0.08000490069389343,-0.996674656867981,-0.9502013921737671,0.3091165125370026,-0.03955312445759773],"rotationconfidence":1},"7":{"id":7,"position":[64.05316293239594,-413.0537807941437,2772.387266159058],"positionconfidence":1,"rotation":[0.004799568559974432,0.1414214074611664,0.9899378418922424,0.3115997910499573,0.9404504895210266,-0.1358624398708344,-0.9502013921737671,0.3091165125370026,-0.03955312445759773],"rotationconfidence":1},"8":{"id":8,"position":[62.82041221857071,-449.3773281574249,2518.125534057617],"positionconfidence":1,"rotation":[0.3815569281578064,-0.207871749997139,0.9006683826446533,0,0.9743852019309998,0.2248853892087936,-0.9243452548980713,-0.08580657839775085,0.371783435344696],"rotationconfidence":1},"9":{"id":9,"position":[42.06519201397896,-438.0699098110199,2469.132661819458],"positionconfidence":1,"rotation":[0.3815569281578064,-0.207871749997139,0.9006683826446533,0,0.9743852019309998,0.2248853892087936,-0.9243452548980713,-0.08580657839775085,0.371783435344696],"rotationconfidence":1},"12":{"id":12,"position":[506.4859986305237,-190.340667963028,2754.08935546875],"positionconfidence":1,"rotation":[0.3105270564556122,-0.9318186044692993,0.1878485828638077,-0.2333024591207504,-0.2662847340106964,-0.9352338910102844,0.9214894771575928,0.246589869260788,-0.3000841736793518],"rotationconfidence":1},"13":{"id":13,"position":[590.8992290496826,-443.6449110507965,2805.153846740723],"positionconfidence":1,"rotation":[-0.1731255501508713,-0.4308406114578247,-0.8856658339500427,-0.3476846814155579,0.8680840134620667,-0.354324072599411,0.9214894771575928,0.246589869260788,-0.3000841736793518],"rotationconfidence":1},"14":{"id":14,"position":[549.9582886695862,-545.5306172370911,2595.710515975952],"positionconfidence":1,"rotation":[0.7950313687324524,-0.3375208675861359,-0.5039889812469482,0,-0.830885648727417,0.5564432144165039,-0.6065683960914612,-0.4423898160457611,-0.6605801582336426],"rotationconfidence":1},"15":{"id":15,"position":[595.4163670539856,-564.8292899131775,2566.893577575684],"positionconfidence":1,"rotation":[0.7950313687324524,-0.3375208675861359,-0.5039889812469482,0,-0.830885648727417,0.5564432144165039,-0.6065683960914612,-0.4423898160457611,-0.6605801582336426],"rotationconfidence":1},"17":{"id":17,"position":[229.5265942811966,-535.359799861908,2662.292003631592],"positionconfidence":1,"rotation":[0.8719914555549622,-0.3983460664749146,-0.284519761800766,0.4862967729568481,0.7715073823928833,0.4102340936660767,0.05609394237399101,-0.4960815608501434,0.8664620518684387],"rotationconfidence":1},"18":{"id":18,"position":[76.69263333082199,-777.8301239013672,2533.363103866577],"positionconfidence":1,"rotation":[0.9070156216621399,-0.4210969805717468,0,0.4119016826152802,0.8872095942497253,0.2078368067741394,-0.08751945197582245,-0.1885112375020981,0.9781635403633118],"rotationconfidence":1},"19":{"id":19,"position":[-65.400630235672,-1083.889842033386,2461.665868759155],"positionconfidence":0.5,"rotation":[0.8006911873817444,-0.5990773439407349,0,0.5622464418411255,0.7514652013778687,-0.3452232182025909,0.2068154066801071,0.2764171659946442,0.938520610332489],"rotationconfidence":0.5},"20":{"id":20,"position":[-85.45028418302536,-1110.687017440796,2370.681285858154],"positionconfidence":0.5,"rotation":[0.8006911873817444,-0.5990773439407349,0,0.5622464418411255,0.7514652013778687,-0.3452232182025909,0.2068154066801071,0.2764171659946442,0.938520610332489],"rotationconfidence":0.5},"21":{"id":21,"position":[392.0986950397492,-534.3928337097168,2652.320861816406],"positionconfidence":1,"rotation":[0.9506235718727112,0.3035544157028198,0.06457142531871796,-0.3047123551368713,0.8734756708145142,0.3797243535518646,0.05886544659733772,-0.380650669336319,0.9228433966636658],"rotationconfidence":1},"22":{"id":22,"position":[486.5048825740814,-805.0136566162109,2534.674406051636],"positionconfidence":1,"rotation":[0.8727772235870361,0.4659892320632935,0.1453065127134323,-0.4531906843185425,0.6630042791366577,0.5958552360534668,0.1813232898712158,-0.5859004259109497,0.7898370027542114],"rotationconfidence":1},"23":{"id":23,"position":[647.2404599189758,-1040.164947509766,2323.339223861694],"positionconfidence":0.5,"rotation":[-0.06244687736034393,0.9980483055114746,0,-0.9852941036224365,-0.06164886057376862,-0.1593577563762665,-0.1590467393398285,-0.009951394982635975,0.9872208833694458],"rotationconfidence":0.5},"24":{"id":24,"position":[663.1149649620056,-1039.171695709229,2224.804401397705],"positionconfidence":0.5,"rotation":[-0.06244687736034393,0.9980483055114746,0,-0.9852941036224365,-0.06164886057376862,-0.1593577563762665,-0.1590467393398285,-0.009951394982635975,0.9872208833694458],"rotationconfidence":0.5}},"skeletonTracked":true,"frameCount":2},{"position":[283.3320796489716,-482.1195006370544,2553.281545639038],"positionTracked":true,"id":4613,"skeleton":{"1":{"id":1,"position":[328.9414048194885,147.0412164926529,2774.303913116455],"positionconfidence":1,"rotation":[0.9998617768287659,0.0166224017739296,0,-0.01660765707492828,0.9989748597145081,0.04211132973432541,0.0006999914185144007,-0.04210551083087921,0.9991128444671631],"rotationconfidence":1},"2":{"id":2,"position":[332.5265347957611,-68.60959529876709,2765.213251113892],"positionconfidence":1,"rotation":[0.9998471736907959,0.01636237278580666,0.006162725389003754,-0.01660765707492828,0.9989748597145081,0.04211132973432541,-0.005467366892844439,-0.04220724478363991,0.9990940093994141],"rotationconfidence":1},"3":{"id":3,"position":[318.244606256485,-402.5800824165344,2736.924409866333],"positionconfidence":1,"rotation":[0.9990767240524292,-0.04290624335408211,0.002144874772056937,0.04257281869649887,0.9955283403396606,0.08432584255933762,-0.005753388628363609,-0.08415666967630386,0.9964358806610107],"rotationconfidence":1},"4":{"id":4,"position":[314.7920370101929,-454.926460981369,2678.275346755981],"positionconfidence":1,"rotation":[0.9984197020530701,-0.002975881565362215,-0.0561191663146019,0.0438767820596695,0.665241003036499,0.7453383207321167,0.03511473163962364,-0.7466228008270264,0.6643202900886536],"rotationconfidence":1},"6":{"id":6,"position":[138.2166892290115,-188.0598217248917,2752.224445343018],"positionconfidence":1,"rotation":[0.3267180621623993,0.9430925250053406,-0.06190124526619911,0.04695460945367813,-0.08161147683858871,-0.9955575466156006,-0.9439547657966614,0.322360098361969,-0.07094648480415344],"rotationconfidence":1},"7":{"id":7,"position":[61.41488626599312,-409.753143787384,2766.775608062744],"positionconfidence":1,"rotation":[-0.01170336082577705,0.1821181923151016,0.9832070469856262,0.3298673629760742,0.9289332628250122,-0.1681386381387711,-0.9439547657966614,0.322360098361969,-0.07094648480415344],"rotationconfidence":1},"8":{"id":8,"position":[64.34191763401031,-455.3012251853943,2520.873785018921],"positionconfidence":1,"rotation":[0.3811196088790894,-0.2434388846158981,0.8918998837471008,0,0.9647107720375061,0.2633121907711029,-0.9245258569717407,-0.100353442132473,0.3676701784133911],"rotationconfidence":1},"9":{"id":9,"position":[41.51487722992897,-440.7205283641815,2467.453718185425],"positionconfidence":1,"rotation":[0.3811196088790894,-0.2434388846158981,0.8918998837471008,0,0.9647107720375061,0.2633121907711029,-0.9245258569717407,-0.100353442132473,0.3676701784133911],"rotationconfidence":1},"12":{"id":12,"position":[507.1112513542175,-190.6958967447281,2754.13179397583],"positionconfidence":1,"rotation":[0.305528998374939,-0.9329392313957214,0.190463975071907,-0.2273461073637009,-0.2657182812690735,-0.9368605017662048,0.9246435761451721,0.2429367899894714,-0.2932847142219544],"rotationconfidence":1},"13":{"id":13,"position":[590.1562571525574,-444.2755579948425,2805.901288986206],"positionconfidence":1,"rotation":[-0.1685820817947388,-0.4294485151767731,-0.8872170448303223,-0.3414883315563202,0.8698021173477173,-0.3561320304870606,0.9246435761451721,0.2429367899894714,-0.2932847142219544],"rotationconfidence":1},"14":{"id":14,"position":[550.3172874450684,-545.7619428634644,2596.235990524292],"positionconfidence":1,"rotation":[0.6507210731506348,-0.4864020049571991,-0.5830738544464111,0,-0.7678927183151245,0.6405784487724304,-0.7593168020248413,-0.4168379008769989,-0.4996839761734009],"rotationconfidence":1},"15":{"id":15,"position":[587.8956913948059,-573.8511085510254,2562.564134597778],"positionconfidence":1,"rotation":[0.6507210731506348,-0.4864020049571991,-0.5830738544464111,0,-0.7678927183151245,0.6405784487724304,-0.7593168020248413,-0.4168379008769989,-0.4996839761734009],"rotationconfidence":1},"17":{"id":17,"position":[229.6421229839325,-535.4257822036743,2659.680843353272],"positionconfidence":1,"rotation":[0.87723708152771,-0.3996279835700989,-0.2659934163093567,0.4780195951461792,0.778162956237793,0.407381534576416,0.04418517276644707,-0.4845202267169952,0.8736633658409119],"rotationconfidence":1},"18":{"id":18,"position":[80.14578372240067,-778.7892818450928,2532.275915145874],"positionconfidence":1,"rotation":[0.9014740586280823,-0.4328330457210541,0,0.4231207370758057,0.8812459111213684,0.2106523215770721,-0.09117728471755981,-0.1898975968360901,0.9775609374046326],"rotationconfidence":1},"19":{"id":19,"position":[-66.04865193367004,-1083.272695541382,2459.492444992065],"positionconfidence":0.5,"rotation":[0.7979483008384705,-0.6027259230613708,0,0.5654547214508057,0.7486050128936768,-0.3461959362030029,0.2086612582206726,0.2762464582920075,0.9381622672080994],"rotationconfidence":0.5},"20":{"id":20,"position":[-86.27336472272873,-1110.048174858093,2368.560075759888],"positionconfidence":0.5,"rotation":[0.7979483008384705,-0.6027259230613708,0,0.5654547214508057,0.7486050128936768,-0.3461959362030029,0.2086612582206726,0.2762464582920075,0.9381622672080994],"rotationconfidence":0.5},"21":{"id":21,"position":[392.3581540584564,-534.7731113433838,2651.813507080078],"positionconfidence":1,"rotation":[0.9516116380691528,0.2976648807525635,0.07635966688394547,-0.3038214147090912,0.8740239143371582,0.3791763782501221,0.04612730443477631,-0.3840283453464508,0.9221683144569397],"rotationconfidence":1},"22":{"id":22,"position":[486.392617225647,-805.2884936332703,2534.456253051758],"positionconfidence":1,"rotation":[0.8739423155784607,0.461182564496994,0.1534127146005631,-0.4535795152187347,0.6604964137077332,0.5983395576477051,0.1746152192354202,-0.5924991369247437,0.7864187359809875],"rotationconfidence":1},"23":{"id":23,"position":[647.4499702453613,-1039.818048477173,2321.997404098511],"positionconfidence":0.5,"rotation":[-0.08790597319602966,0.9961286783218384,0,-0.9823006987571716,-0.08668568730354309,-0.1660444438457489,-0.1654016673564911,-0.01459630113095045,0.9861182570457458],"rotationconfidence":0.5},"24":{"id":24,"position":[663.9654636383057,-1038.360595703125,2223.532676696777],"positionconfidence":0.5,"rotation":[-0.08790597319602966,0.9961286783218384,0,-0.9823006987571716,-0.08668568730354309,-0.1660444438457489,-0.1654016673564911,-0.01459630113095045,0.9861182570457458],"rotationconfidence":0.5}},"skeletonTracked":true,"frameCount":3},{"position":[279.8994183540344,-498.7872838973999,2547.842741012573],"positionTracked":true,"id":4613,"skeleton":{"1":{"id":1,"position":[325.4167139530182,128.3449977636337,2760.408639907837],"positionconfidence":1,"rotation":[0.9993664026260376,0.03559316694736481,0,-0.03559184819459915,0.9993293881416321,-0.008594164624810219,-0.000305893539916724,0.008588719181716442,0.9999630451202393],"rotationconfidence":1},"2":{"id":2,"position":[332.4696123600006,-69.68262046575546,2762.111663818359],"positionconfidence":1,"rotation":[0.9993625283241272,0.0356140173971653,0.002440354088321328,-0.03559184819459915,0.9993293881416321,-0.008594164624810219,-0.002744790632277727,0.008501831442117691,0.9999600648880005],"rotationconfidence":1},"3":{"id":3,"position":[317.9978430271149,-403.2852947711945,2735.051393508911],"positionconfidence":1,"rotation":[0.9990580677986145,-0.04338931664824486,0.0006154578295536339,0.0431978814303875,0.9957959055900574,0.08077425509691238,-0.004117609933018684,-0.08067157864570618,0.996732234954834],"rotationconfidence":1},"4":{"id":4,"position":[314.8224651813507,-455.6652009487152,2676.548480987549],"positionconfidence":1,"rotation":[0.9988234639167786,-0.006941383238881826,-0.04799851402640343,0.0404045470058918,0.6664990782737732,0.7444102168083191,0.02682372555136681,-0.7454736232757568,0.6659952998161316],"rotationconfidence":1},"6":{"id":6,"position":[138.4078860282898,-187.5908821821213,2749.146938323975],"positionconfidence":1,"rotation":[0.3409490585327148,0.9380486011505127,-0.06179527193307877,0.07136930525302887,-0.09137247502803802,-0.9932560324668884,-0.9373687505722046,0.3342393934726715,-0.09810122847557068],"rotationconfidence":1},"7":{"id":7,"position":[58.69162082672119,-406.9131910800934,2763.595104217529],"positionconfidence":1,"rotation":[-0.02591044642031193,0.2139437794685364,0.9765023589134216,0.3473736941814423,0.9178846478462219,-0.19188392162323,-0.9373687505722046,0.3342393934726715,-0.09810122847557068],"rotationconfidence":1},"8":{"id":8,"position":[65.03347307443619,-459.2781662940979,2524.585962295532],"positionconfidence":1,"rotation":[0.3343138992786408,-0.2309874594211578,0.9137172698974609,0,0.9695004224777222,0.2450894266366959,-0.9424618482589722,-0.0819367989897728,0.3241174519062042],"rotationconfidence":1},"9":{"id":9,"position":[43.58514025807381,-444.4588720798492,2465.965270996094],"positionconfidence":0.5,"rotation":[0.3343138992786408,-0.2309874594211578,0.9137172698974609,0,0.9695004224777222,0.2450894266366959,-0.9424618482589722,-0.0819367989897728,0.3241174519062042],"rotationconfidence":0.5},"12":{"id":12,"position":[505.9801936149597,-193.2879090309143,2750.20432472229],"positionconfidence":1,"rotation":[0.3065818250179291,-0.9288942813873291,0.2077571451663971,-0.2185178548097611,-0.2811243236064911,-0.9344620108604431,0.9264219999313354,0.241090402007103,-0.289167582988739],"rotationconfidence":1},"13":{"id":13,"position":[588.9764428138733,-444.7533786296845,2806.447267532349],"positionconfidence":1,"rotation":[-0.1655386239290237,-0.4289903938770294,-0.8880113363265991,-0.3381411135196686,0.8705416321754456,-0.3575163781642914,0.9264219999313354,0.241090402007103,-0.289167582988739],"rotationconfidence":1},"14":{"id":14,"position":[549.8701333999634,-546.096682548523,2596.66633605957],"positionconfidence":1,"rotation":[0.7549231052398682,-0.4279838502407074,-0.4969114661216736,0,-0.7577025294303894,0.6526000499725342,-0.6558133363723755,-0.4926628470420837,-0.5720071196556091],"rotationconfidence":1},"15":{"id":15,"position":[594.1988229751587,-571.2276697158813,2567.487955093384],"positionconfidence":1,"rotation":[0.7549231052398682,-0.4279838502407074,-0.4969114661216736,0,-0.7577025294303894,0.6526000499725342,-0.6558133363723755,-0.4926628470420837,-0.5720071196556091],"rotationconfidence":1},"17":{"id":17,"position":[229.7326475381851,-535.8244180679321,2657.41491317749],"positionconfidence":1,"rotation":[0.8764380216598511,-0.4066124260425568,-0.2579197585582733,0.4802855551242828,0.776460587978363,0.4079640507698059,0.03438128530979157,-0.4814303815364838,0.8758097290992737],"rotationconfidence":1},"18":{"id":18,"position":[79.67278361320496,-778.4208655357361,2529.951095581055],"positionconfidence":1,"rotation":[0.9032578468322754,-0.4290981888771057,0,0.419846922159195,0.8837838172912598,0.20653036236763,-0.08862180262804031,-0.1865501701831818,0.9784402251243591],"rotationconfidence":1},"19":{"id":19,"position":[-65.39897620677948,-1083.799004554749,2458.587646484375],"positionconfidence":0.5,"rotation":[0.8046737313270569,-0.5937172174453735,0,0.5570374131202698,0.7549610733985901,-0.346039354801178,0.2054495215415955,0.2784487903118134,0.9382200837135315],"rotationconfidence":0.5},"20":{"id":20,"position":[-85.2585881948471,-1110.71503162384,2367.895364761353],"positionconfidence":0.5,"rotation":[0.8046737313270569,-0.5937172174453735,0,0.5570374131202698,0.7549610733985901,-0.346039354801178,0.2054495215415955,0.2784487903118134,0.9382200837135315],"rotationconfidence":0.5},"21":{"id":21,"position":[392.4090564250946,-535.5332493782043,2651.188850402832],"positionconfidence":1,"rotation":[0.9520119428634644,0.2936953902244568,0.08611760288476944,-0.3039409816265106,0.8741621971130371,0.3787614107131958,0.03595972806215286,-0.3867600858211517,0.9214790463447571],"rotationconfidence":1},"22":{"id":22,"position":[486.3251149654388,-805.6444525718689,2534.153699874878],"positionconfidence":1,"rotation":[0.8747636675834656,0.4579588770866394,0.1583099663257599,-0.4534341394901276,0.6584775447845459,0.6006702780723572,0.1708387285470963,-0.5972276926040649,0.7836664319038391],"rotationconfidence":1},"23":{"id":23,"position":[647.5262641906738,-1039.740920066834,2320.608377456665],"positionconfidence":0.5,"rotation":[-0.1059321388602257,0.9943733215332031,0,-0.9799200296401978,-0.104392409324646,-0.1698787808418274,-0.168922945857048,-0.01799562387168407,0.9854649305343628],"rotationconfidence":0.5},"24":{"id":24,"position":[664.3840670585632,-1037.945032119751,2222.263097763062],"positionconfidence":0.5,"rotation":[-0.1059321388602257,0.9943733215332031,0,-0.9799200296401978,-0.104392409324646,-0.1698787808418274,-0.168922945857048,-0.01799562387168407,0.9854649305343628],"rotationconfidence":0.5}},"skeletonTracked":true,"frameCount":4},{"position":[279.4851660728455,-475.6973683834076,2552.551507949829],"positionTracked":true,"id":4613,"skeleton":{"1":{"id":1,"position":[323.1646716594696,136.4153921604157,2759.137868881226],"positionconfidence":1,"rotation":[0.9991756081581116,0.04059682041406632,0,-0.04059357941150665,0.9990959167480469,0.01262536179274321,0.0005125495372340083,-0.0126149533316493,0.9999202489852905],"rotationconfidence":1},"2":{"id":2,"position":[331.4183652400971,-66.72587245702744,2756.570816040039],"positionconfidence":1,"rotation":[0.9991713762283325,0.04055292531847954,0.003459734376519918,-0.04059357941150665,0.9990959167480469,0.01262536179274321,-0.002944611478596926,-0.01275534555315971,0.9999143481254578],"rotationconfidence":1},"3":{"id":3,"position":[316.8253898620606,-402.1813571453095,2732.254505157471],"positionconfidence":1,"rotation":[0.9990518689155579,-0.04352603107690811,0.0009008787455968559,0.04334735125303268,0.9964455962181091,0.0722297951579094,-0.004041553009301424,-0.07212226092815399,0.9973875880241394],"rotationconfidence":1},"4":{"id":4,"position":[313.9061033725739,-455.0388157367706,2674.170017242432],"positionconfidence":1,"rotation":[0.9991719722747803,-0.01270997244864702,-0.03865149617195129,0.03714622184634209,0.672580361366272,0.7390912771224976,0.0166024062782526,-0.7399149537086487,0.6724954843521118],"rotationconfidence":1},"6":{"id":6,"position":[137.740358710289,-186.0856264829636,2746.564865112305],"positionconfidence":1,"rotation":[0.3450596928596497,0.9362208247184753,-0.06651579588651657,0.08240264654159546,-0.1008131578564644,-0.9914870262145996,-0.9349564909934998,0.3366411328315735,-0.111933633685112],"rotationconfidence":1},"7":{"id":7,"position":[57.19807371497154,-404.6140909194946,2762.090682983398],"positionconfidence":1,"rotation":[-0.02961765415966511,0.2403471171855927,0.9702351093292236,0.3535239696502686,0.9104428291320801,-0.2147435694932938,-0.9349564909934998,0.3366411328315735,-0.111933633685112],"rotationconfidence":1},"8":{"id":8,"position":[64.30765986442566,-462.3083472251892,2529.190063476563],"positionconfidence":1,"rotation":[0.3025707602500916,-0.2216812372207642,0.9269888401031494,0,0.9725764393806458,0.2325831204652786,-0.953126847743988,-0.07037284970283508,0.2942731976509094],"rotationconfidence":1},"9":{"id":9,"position":[44.06389221549034,-447.4765658378601,2467.169046401978],"positionconfidence":1,"rotation":[0.3025707602500916,-0.2216812372207642,0.9269888401031494,0,0.9725764393806458,0.2325831204652786,-0.953126847743988,-0.07037284970283508,0.2942731976509094],"rotationconfidence":1},"12":{"id":12,"position":[505.2712559700012,-192.9189711809158,2747.560024261475],"positionconfidence":1,"rotation":[0.3007282018661499,-0.9294778108596802,0.2136205136775971,-0.2134242057800293,-0.2838963568210602,-0.9348011016845703,0.9295228123664856,0.2355292141437531,-0.2837486565113068],"rotationconfidence":1},"13":{"id":13,"position":[586.2634181976318,-443.246066570282,2805.092334747315],"positionconfidence":1,"rotation":[-0.1670068055391312,-0.4171566367149353,-0.8933582305908203,-0.3287796080112457,0.877784788608551,-0.3484216332435608,0.9295228123664856,0.2355292141437531,-0.2837486565113068],"rotationconfidence":1},"14":{"id":14,"position":[546.7644929885864,-541.9081449508667,2593.803405761719],"positionconfidence":1,"rotation":[0.2704599797725678,-0.122048407793045,-0.9549635648727417,0,-0.9919317364692688,0.1267730891704559,-0.962731122970581,-0.03428704664111137,-0.2682778239250183],"rotationconfidence":1},"15":{"id":15,"position":[561.9403123855591,-548.7564206123352,2540.219306945801],"positionconfidence":1,"rotation":[0.2704599797725678,-0.122048407793045,-0.9549635648727417,0,-0.9919317364692688,0.1267730891704559,-0.962731122970581,-0.03428704664111137,-0.2682778239250183],"rotationconfidence":1},"17":{"id":17,"position":[228.5288572311401,-534.9553227424622,2654.941320419312],"positionconfidence":1,"rotation":[0.8807833790779114,-0.4090560674667358,-0.2385241836309433,0.4729241132736206,0.7851707935333252,0.3998119533061981,0.02373672090470791,-0.4649515450000763,0.8850178718566895],"rotationconfidence":1},"18":{"id":18,"position":[81.34064078330994,-779.3241143226624,2530.507802963257],"positionconfidence":1,"rotation":[0.9000571370124817,-0.4357719421386719,0,0.4258953034877777,0.8796576261520386,0.2116970717906952,-0.09225164353847504,-0.1905394643545151,0.9773353338241577],"rotationconfidence":1},"19":{"id":19,"position":[-65.9630224108696,-1083.569765090942,2457.288503646851],"positionconfidence":0.5,"rotation":[0.7943998575210571,-0.6073951721191406,0,0.5699348449707031,0.7454062104225159,-0.345751166343689,0.2100075781345367,0.2746646702289581,0.9383262395858765],"rotationconfidence":0.5},"20":{"id":20,"position":[-86.26947551965714,-1110.128164291382,2366.558074951172],"positionconfidence":0.5,"rotation":[0.7943998575210571,-0.6073951721191406,0,0.5699348449707031,0.7454062104225159,-0.345751166343689,0.2100075781345367,0.2746646702289581,0.9383262395858765],"rotationconfidence":0.5},"21":{"id":21,"position":[391.9679224491119,-535.5616807937622,2650.239229202271],"positionconfidence":1,"rotation":[0.9524627327919006,0.2889227569103241,0.09663589298725128,-0.3036253750324249,0.8741635084152222,0.3790117204189301,0.02502953261137009,-0.3903356194496155,0.9203323721885681],"rotationconfidence":1},"22":{"id":22,"position":[485.6433272361755,-805.2611947059631,2533.305406570435],"positionconfidence":1,"rotation":[0.8746002912521362,0.4574250280857086,0.1607377678155899,-0.4547159671783447,0.6588197350502014,0.5993244647979736,0.1682488024234772,-0.5972594022750854,0.7842023968696594],"rotationconfidence":1},"23":{"id":23,"position":[647.460401058197,-1039.711475372315,2320.027351379395],"positionconfidence":0.5,"rotation":[-0.1085790023207665,0.994087815284729,0,-0.9792256355285645,-0.1069556847214699,-0.1722721010446549,-0.1712536066770554,-0.01870513334870338,0.9850494265556335],"rotationconfidence":0.5},"24":{"id":24,"position":[664.5442843437195,-1037.845492362976,2221.760988235474],"positionconfidence":0.5,"rotation":[-0.1085790023207665,0.994087815284729,0,-0.9792256355285645,-0.1069556847214699,-0.1722721010446549,-0.1712536066770554,-0.01870513334870338,0.9850494265556335],"rotationconfidence":0.5}},"skeletonTracked":true,"frameCount":5},{"position":[219.5801138877869,-451.6474902629852,2526.469469070435],"positionTracked":true,"id":4613,"skeleton":{"1":{"id":1,"position":[255.0554871559143,191.6446536779404,2795.434951782227],"positionconfidence":1,"rotation":[0.9823113679885864,0.1872548460960388,0,-0.1857533305883408,0.9744346141815186,0.1263838708400726,0.02366599254310131,-0.124148316681385,0.9919813871383667],"rotationconfidence":1},"2":{"id":2,"position":[298.0148494243622,-33.71382877230644,2766.206026077271],"positionconfidence":1,"rotation":[0.8668950200080872,0.2230726480484009,-0.4457932412624359,-0.1857533305883408,0.9744346141815186,0.1263838708400726,0.4625891447067261,-0.02675397880375385,0.8861690163612366],"rotationconfidence":1},"3":{"id":3,"position":[288.8452708721161,-384.662002325058,2722.801685333252],"positionconfidence":1,"rotation":[0.8808833956718445,0.03536128625273705,-0.472010612487793,0.02592173591256142,0.9921051263809204,0.1227009296417236,0.4726229906082153,-0.1203205436468124,0.8730123043060303],"rotationconfidence":1},"4":{"id":4,"position":[264.0586793422699,-440.6585097312927,2669.655561447144],"positionconfidence":1,"rotation":[0.902646005153656,0.008837816305458546,-0.4302930235862732,0.305693119764328,0.690605103969574,0.6554512977600098,0.30295529961586,-0.7231780290603638,0.6206702589988708],"rotationconfidence":1},"6":{"id":6,"position":[122.5558221340179,-156.2096178531647,2792.05584526062],"positionconfidence":1,"rotation":[0.2432243078947067,0.9463887214660645,0.2125799655914307,-0.9627830982208252,0.2621824145317078,-0.06564226001501083,-0.1178578361868858,-0.1887026280164719,0.974936306476593],"rotationconfidence":1},"7":{"id":7,"position":[61.38509511947632,-394.2256569862366,2738.592147827148],"positionconfidence":1,"rotation":[0.9236790537834167,-0.3812918066978455,0.03786099329590797,0.3645907640457153,0.9049904346466064,0.219238892197609,-0.1178578361868858,-0.1887026280164719,0.974936306476593],"rotationconfidence":1},"8":{"id":8,"position":[-80.37706464529037,-335.7066810131073,2732.781410217285],"positionconfidence":0.5,"rotation":[0.8785045146942139,-0.3895378112792969,-0.2765685021877289,0,-0.5789173245429993,0.8153863549232483,-0.4777341187000275,-0.7163205742835999,-0.5085814595222473],"rotationconfidence":0.5},"9":{"id":9,"position":[-139.6156549453735,-309.4396889209747,2751.430749893189],"positionconfidence":0.5,"rotation":[0.8785045146942139,-0.3895378112792969,-0.2765685021877289,0,-0.5789173245429993,0.8153863549232483,-0.4777341187000275,-0.7163205742835999,-0.5085814595222473],"rotationconfidence":0.5},"12":{"id":12,"position":[355.5793166160584,-114.2943501472473,2671.680688858032],"positionconfidence":1,"rotation":[0.1713255792856216,-0.2125898003578186,-0.9620046615600586,-0.3341709077358246,0.9060185551643372,-0.2597309052944183,0.9268103837966919,0.3659725785255432,0.08418283611536026],"rotationconfidence":1},"13":{"id":13,"position":[402.8556048870087,-172.957256436348,2406.221151351929],"positionconfidence":1,"rotation":[0.03731899335980415,0.1333016455173492,-0.9903725981712341,-0.3736709356307983,0.9210292100906372,0.1098876222968102,0.9268103837966919,0.3659725785255432,0.08418283611536026],"rotationconfidence":1},"14":{"id":14,"position":[411.7575883865356,-141.1598026752472,2169.980049133301],"positionconfidence":1,"rotation":[-0.4168936610221863,0.5331003069877625,-0.7362090349197388,0,-0.8099508285522461,-0.5864979028701782,-0.9089553356170654,-0.2445072531700134,0.3376633524894714],"rotationconfidence":1},"15":{"id":15,"position":[356.5048277378082,-70.50565630197525,2072.407007217407],"positionconfidence":1,"rotation":[-0.4168936610221863,0.5331003069877625,-0.7362090349197388,0,-0.8099508285522461,-0.5864979028701782,-0.9089553356170654,-0.2445072531700134,0.3376633524894714],"rotationconfidence":1},"17":{"id":17,"position":[196.1299329996109,-509.8105669021606,2671.703338623047],"positionconfidence":1,"rotation":[0.8423651456832886,-0.2142780721187592,-0.4944752752780914,0.4133884310722351,0.8455759286880493,0.3378038108348846,0.3457324206829071,-0.4889644980430603,0.8008637428283691],"rotationconfidence":1},"18":{"id":18,"position":[66.36842340230942,-775.234580039978,2565.667629241943],"positionconfidence":1,"rotation":[0.904762864112854,-0.42591592669487,0,0.4125875234603882,0.8764496445655823,0.248208686709404,-0.1057160347700119,-0.2245700061321259,0.9687066674232483],"rotationconfidence":1},"19":{"id":19,"position":[-76.5538364648819,-1078.840851783752,2479.686975479126],"positionconfidence":0.5,"rotation":[0.2316233813762665,-0.9728055596351624,0,0.7082265019416809,0.1686275452375412,-0.6855509281158447,0.6669077277183533,0.1587896198034287,0.7280247211456299],"rotationconfidence":0.5},"20":{"id":20,"position":[-132.0779174566269,-1092.061042785645,2419.074535369873],"positionconfidence":0.5,"rotation":[0.2316233813762665,-0.9728055596351624,0,0.7082265019416809,0.1686275452375412,-0.6855509281158447,0.6669077277183533,0.1587896198034287,0.7280247211456299],"rotationconfidence":0.5},"21":{"id":21,"position":[315.2813017368317,-497.6914525032044,2627.665042877197],"positionconfidence":1,"rotation":[0.8930889368057251,0.3607917726039887,-0.2687408626079559,-0.2729426324367523,0.909399151802063,0.3138401508331299,0.3576236069202423,-0.2069362998008728,0.9106496572494507],"rotationconfidence":1},"22":{"id":22,"position":[398.3654081821442,-774.5137810707092,2532.131671905518],"positionconfidence":1,"rotation":[0.7782414555549622,0.6011131405830383,-0.1816680282354355,-0.4669155478477478,0.747359037399292,0.472698986530304,0.4199168086051941,-0.2830503284931183,0.8622948527336121],"rotationconfidence":1},"23":{"id":23,"position":[565.3515458106995,-1041.796803474426,2363.077163696289],"positionconfidence":0.5,"rotation":[0.9103319048881531,-0.4138790965080261,0,0.4051271975040436,0.8910820484161377,-0.204560399055481,0.0846632644534111,0.1862178444862366,0.9788540005683899],"rotationconfidence":0.5},"24":{"id":24,"position":[557.4172735214233,-1059.248328208923,2271.343231201172],"positionconfidence":0.5,"rotation":[0.9103319048881531,-0.4138790965080261,0,0.4051271975040436,0.8910820484161377,-0.204560399055481,0.0846632644534111,0.1862178444862366,0.9788540005683899],"rotationconfidence":0.5}},"skeletonTracked":true,"frameCount":6},{"position":[198.26540350914,-455.5841088294983,2506.410360336304],"positionTracked":true,"id":4613,"skeleton":{"1":{"id":1,"position":[205.795630812645,221.7536717653275,2814.839124679565],"positionconfidence":1,"rotation":[0.9668477177619934,0.255353569984436,0,-0.2515699863433838,0.9525219202041626,0.1715066581964493,0.04379483684897423,-0.1658208221197128,0.9851829409599304],"rotationconfidence":1},"2":{"id":2,"position":[264.3758356571198,-0.04913751035928726,2774.90234375],"positionconfidence":1,"rotation":[0.6739019155502319,0.2995851635932922,-0.6753553748130798,-0.2515699863433838,0.9525219202041626,0.1715066581964493,0.694671630859375,0.05432046949863434,0.7172729969024658],"rotationconfidence":1},"3":{"id":3,"position":[266.1059200763702,-374.4783401489258,2708.476781845093],"positionconfidence":1,"rotation":[0.6896281242370605,0.1295830756425858,-0.7124752998352051,-0.004549506586045027,0.9846155643463135,0.1746755838394165,0.724149227142334,-0.1172197759151459,0.6796081066131592],"rotationconfidence":1},"4":{"id":4,"position":[220.1683521270752,-433.4944188594818,2659.454107284546],"positionconfidence":1,"rotation":[0.6254491806030273,0.1493174582719803,-0.765844464302063,0.5137138962745667,0.6599692106246948,0.5482142567634583,0.5872916579246521,-0.7363049387931824,0.336070716381073],"rotationconfidence":1},"6":{"id":6,"position":[117.3882409930229,-150.1387357711792,2802.713871002197],"positionconfidence":0.5,"rotation":[0.2185309082269669,0.9322782158851624,0.2882735133171082,-0.8724547624588013,0.05433347076177597,0.4856652021408081,0.4371121823787689,-0.357638418674469,0.8252440690994263],"rotationconfidence":0.5},"7":{"id":7,"position":[60.10259315371513,-394.525945186615,2727.145910263062],"positionconfidence":0.5,"rotation":[0.681435763835907,-0.4671550989151001,-0.563392698764801,0.5870078206062317,0.8086166381835938,0.03950842469930649,0.4371121823787689,-0.357638418674469,0.8252440690994263],"rotationconfidence":0.5},"8":{"id