{"motiondata":[{"position":[284.7048938274384,-501.2823343276978,2536.768674850464],"positionTracked":true,"id":4613,"skeleton":{"1":{"id":1,"position":[290.5293107032776,133.4945857524872,2749.289512634277],"positionconfidence":1,"rotation":[0.9951010942459106,0.0988619402050972,0,-0.09839989244937897,0.990450382232666,0.09656912088394165,0.009547010995447636,-0.09609603881835938,0.9953262805938721],"rotationconfidence":1},"2":{"id":2,"position":[311.3977313041687,-76.55782997608185,2728.809356689453],"positionconfidence":1,"rotation":[0.9794306755065918,0.1135669276118279,-0.1667876392602921,-0.09839989244937897,0.990450382232666,0.09656912088394165,0.1761619299650192,-0.07817087322473526,0.9812523722648621],"rotationconfidence":1},"3":{"id":3,"position":[306.2805235385895,-415.5651330947876,2699.862718582153],"positionconfidence":1,"rotation":[0.984275758266449,0.0002252320409752429,-0.1766387820243835,0.01503825467079878,0.996261715888977,0.0850672721862793,0.1759976148605347,-0.08638598769903183,0.9805928468704224],"rotationconfidence":1},"4":{"id":4,"position":[295.6790030002594,-469.0662026405335,2643.148183822632],"positionconfidence":1,"rotation":[0.9834340810775757,-0.002740396419540048,-0.1812459975481033,0.1347340792417526,0.6799418330192566,0.7207815647125244,0.1212614849209786,-0.733260989189148,0.6690470576286316],"rotationconfidence":1},"6":{"id":6,"position":[121.831402182579,-201.8165439367294,2758.630037307739],"positionconfidence":1,"rotation":[0.1558709293603897,0.9563413858413696,-0.2472150325775147,-0.09886711835861206,-0.2339125275611877,-0.9672176837921143,-0.9828171133995056,0.1752025783061981,0.05809056386351585],"rotationconfidence":1},"7":{"id":7,"position":[81.58978074789047,-448.7178027629852,2822.454214096069],"positionconfidence":1,"rotation":[0.1204886361956596,0.3705345094203949,0.9209704399108887,0.1398318409919739,0.9121447801589966,-0.3852775692939758,-0.9828171133995056,0.1752025783061981,0.05809056386351585],"rotationconfidence":1},"8":{"id":8,"position":[53.81070449948311,-534.1458320617676,2610.121250152588],"positionconfidence":1,"rotation":[0.3233800232410431,-0.75153648853302,0.5749940872192383,0,0.6076433658599854,0.7942101359367371,-0.9462692141532898,-0.256831705570221,0.1964997202157974],"rotationconfidence":1},"9":{"id":9,"position":[34.30908173322678,-488.8239800930023,2575.445890426636],"positionconfidence":1,"rotation":[0.3233800232410431,-0.75153648853302,0.5749940872192383,0,0.6076433658599854,0.7942101359367371,-0.9462692141532898,-0.256831705570221,0.1964997202157974],"rotationconfidence":1},"12":{"id":12,"position":[479.3750047683716,-203.8007527589798,2694.28300857544],"positionconfidence":1,"rotation":[0.3420952558517456,-0.9176365733146667,0.2022719234228134,-0.2917072176933289,-0.3083339035511017,-0.9054484963417053,0.8932399749755859,0.2507454752922058,-0.3731607794761658],"rotationconfidence":1},"13":{"id":13,"position":[575.958788394928,-462.8771841526032,2751.39045715332],"positionconfidence":1,"rotation":[-0.2010973542928696,-0.5195170044898987,-0.83045893907547,-0.4020971953868866,0.8168407678604126,-0.4136291146278381,0.8932399749755859,0.2507454752922058,-0.3731607794761658],"rotationconfidence":1},"14":{"id":14,"position":[529.9638509750366,-581.7009806632996,2561.448097229004],"positionconfidence":1,"rotation":[0.146761953830719,0.2335140556097031,-0.9612138867378235,0,-0.9717360138893127,-0.2360702753067017,-0.9891718626022339,0.03464613482356072,-0.142613872885704],"rotationconfidence":1},"15":{"id":15,"position":[539.2714738845825,-566.8915510177612,2500.488042831421],"positionconfidence":1,"rotation":[0.146761953830719,0.2335140556097031,-0.9612138867378235,0,-0.9717360138893127,-0.2360702753067017,-0.9891718626022339,0.03464613482356072,-0.142613872885704],"rotationconfidence":1},"17":{"id":17,"position":[213.9472961425781,-548.8013625144958,2636.898756027222],"positionconfidence":1,"rotation":[0.897956907749176,-0.3148587346076965,-0.3074690103530884,0.4116125106811523,0.8480973839759827,0.3336252570152283,0.1557188630104065,-0.4261392652988434,0.8911548256874084],"rotationconfidence":1},"18":{"id":18,"position":[90.56435525417328,-803.0228614807129,2536.892890930176],"positionconfidence":1,"rotation":[0.6563123464584351,-0.7544891834259033,0,0.7030928134918213,0.611603856086731,0.3627688884735107,-0.2737052142620087,-0.2380896955728531,0.9318791031837463],"rotationconfidence":1},"19":{"id":19,"position":[-160.6754511594772,-1021.570444107056,2407.262802124023],"positionconfidence":0.5,"rotation":[-0.1892210096120834,-0.9819344282150269,0,0.8529921174049377,-0.1643735319375992,-0.4953639507293701,0.4864149987697601,-0.0937332808971405,0.8686854243278503],"rotationconfidence":0.5},"20":{"id":20,"position":[-207.8154534101486,-1012.486457824707,2323.075771331787],"positionconfidence":0.5,"rotation":[-0.1892210096120834,-0.9819344282150269,0,0.8529921174049377,-0.1643735319375992,-0.4953639507293701,0.4864149987697601,-0.0937332808971405,0.8686854243278503],"rotationconfidence":0.5},"21":{"id":21,"position":[371.8160688877106,-547.1386313438416,2610.108137130737],"positionconfidence":1,"rotation":[0.8459612727165222,0.5330714583396912,0.01357936207205057,-0.5076070427894592,0.7972267866134644,0.3267485201358795,0.1633544713258743,-0.2833095490932465,0.9450137615203857],"rotationconfidence":1},"22":{"id":22,"position":[525.6320238113403,-788.715660572052,2511.096239089966],"positionconfidence":1,"rotation":[0.8571076393127441,0.5135208964347839,-0.04077651351690292,-0.3888002038002014,0.6968004107475281,0.6027467250823975,0.337936133146286,-0.5007649064064026,0.7968899607658386],"rotationconfidence":1},"23":{"id":23,"position":[664.8983359336853,-1038.3061170578,2295.19534111023],"positionconfidence":0.5,"rotation":[0.8500218987464905,-0.5267474055290222,0,0.5261929035186768,0.8491271138191223,-0.0458720326423645,0.02416297048330307,0.03899222984910011,0.9989473223686218],"rotationconfidence":0.5},"24":{"id":24,"position":[662.5347137451172,-1042.120337486267,2197.478294372559],"positionconfidence":0.5,"rotation":[0.8500218987464905,-0.5267474055290222,0,0.5261929035186768,0.8491271138191223,-0.0458720326423645,0.02416297048330307,0.03899222984910011,0.9989473223686218],"rotationconfidence":0.5}},"skeletonTracked":true,"frameCount":1},{"position":[286.1393988132477,-494.7959184646606,2537.868738174439],"positionTracked":true,"id":4613,"skeleton":{"1":{"id":1,"position":[290.0848388671875,134.1185420751572,2749.599456787109],"positionconfidence":1,"rotation":[0.9949508905410767,0.1003629490733147,0,-0.0999259352684021,0.9906185865402222,0.093217633664608,0.009355596266686916,-0.09274696558713913,0.9956457018852234],"rotationconfidence":1},"2":{"id":2,"position":[311.312735080719,-76.32479816675186,2729.796648025513],"positionconfidence":1,"rotation":[0.979559600353241,0.1143810376524925,-0.1654683947563171,-0.0999259352684021,0.9906185865402222,0.093217633664608,0.1745784133672714,-0.07477764785289764,0.9817996621131897],"rotationconfidence":1},"3":{"id":3,"position":[306.1591386795044,-415.1729345321655,2700.19006729126],"positionconfidence":1,"rotation":[0.9845736026763916,0.0003133740974590182,-0.1749705970287323,0.01514969766139984,0.9960901737213135,0.08703257143497467,0.1743137985467911,-0.08834073692560196,0.9807195067405701],"rotationconfidence":1},"4":{"id":4,"position":[295.6036925315857,-468.6100482940674,2643.368005752564],"positionconfidence":1,"rotation":[0.9836581349372864,-0.002875861944630742,-0.1800229102373123,0.134100928902626,0.6788880228996277,0.7218918800354004,0.1201393529772759,-0.7342361211776733,0.668179452419281],"rotationconfidence":1},"6":{"id":6,"position":[121.4210465550423,-201.6661465167999,2758.693218231201],"positionconfidence":1,"rotation":[0.1601226180791855,0.9561930298805237,-0.2450624108314514,-0.09770233184099197,-0.2316939979791641,-0.9678699374198914,-0.9822500348091125,0.1789210438728333,0.05632283911108971],"rotationconfidence":1},"7":{"id":7,"position":[80.13441413640976,-448.2146501541138,2821.881055831909],"positionconfidence":1,"rotation":[0.1190658137202263,0.3627020418643951,0.9242675304412842,0.144942507147789,0.9145679473876953,-0.3775674700737,-0.9822500348091125,0.1789210438728333,0.05632283911108971],"rotationconfidence":1},"8":{"id":8,"position":[52.64093726873398,-531.9661498069763,2608.458518981934],"positionconfidence":1,"rotation":[0.4173173904418945,-0.7242775559425354,0.548879086971283,0,0.6039863228797913,0.7969947457313538,-0.9087608456611633,-0.3325997591018677,0.2520540058612824],"rotationconfidence":1},"9":{"id":9,"position":[26.54543146491051,-486.6759479045868,2574.136257171631],"positionconfidence":1,"rotation":[0.4173173904418945,-0.7242775559425354,0.548879086971283,0,0.6039863228797913,0.7969947457313538,-0.9087608456611633,-0.3325997591018677,0.2520540058612824],"rotationconfidence":1},"12":{"id":12,"position":[479.3825149536133,-203.5697549581528,2694.897413253784],"positionconfidence":1,"rotation":[0.3421182334423065,-0.917838454246521,0.2013148814439774,-0.2922976016998291,-0.3075649440288544,-0.9055197834968567,0.893038272857666,0.250950962305069,-0.373505562543869],"rotationconfidence":1},"13":{"id":13,"position":[575.9307742118835,-462.5904262065888,2751.709938049316],"positionconfidence":1,"rotation":[-0.2011312544345856,-0.519902229309082,-0.830209493637085,-0.4025282561779022,0.8165324926376343,-0.4138185083866119,0.893038272857666,0.250950962305069,-0.373505562543869],"rotationconfidence":1},"14":{"id":14,"position":[529.910683631897,-581.5473198890686,2561.752796173096],"positionconfidence":1,"rotation":[0.1542670726776123,0.2584655582904816,-0.9536232352256775,0,-0.9651772379875183,-0.2615970969200134,-0.9880293011665344,0.04035582020878792,-0.1488950699567795],"rotationconfidence":1},"15":{"id":15,"position":[539.5307540893555,-565.4294490814209,2502.285003662109],"positionconfidence":1,"rotation":[0.1542670726776123,0.2584655582904816,-0.9536232352256775,0,-0.9651772379875183,-0.2615970969200134,-0.9880293011665344,0.04035582020878792,-0.1488950699567795],"rotationconfidence":1},"17":{"id":17,"position":[213.6931568384171,-548.3889579772949,2636.938571929932],"positionconfidence":1,"rotation":[0.8971697092056274,-0.3167646825313568,-0.3078091740608215,0.4138153493404388,0.8464583158493042,0.3350598514080048,0.1544125229120255,-0.4279817640781403,0.8904989361763],"rotationconfidence":1},"18":{"id":18,"position":[89.28702771663666,-802.8613924980164,2536.208868026733],"positionconfidence":1,"rotation":[0.6602591872215271,-0.7510378360748291,0,0.7002479434013367,0.6156083345413208,0.3614960014820099,-0.2714971601963043,-0.2386810630559921,0.9323737621307373],"rotationconfidence":1},"19":{"id":19,"position":[-159.8581820726395,-1021.892189979553,2407.59015083313],"positionconfidence":0.5,"rotation":[-0.1711725294589996,-0.9852410554885864,0,0.8595629930496216,-0.1493376344442368,-0.4887224137783051,0.4815093874931335,-0.08365585654973984,0.8724392652511597],"rotationconfidence":0.5},"20":{"id":20,"position":[-206.1519771814346,-1013.849258422852,2323.711156845093],"positionconfidence":0.5,"rotation":[-0.1711725294589996,-0.9852410554885864,0,0.8595629930496216,-0.1493376344442368,-0.4887224137783051,0.4815093874931335,-0.08365585654973984,0.8724392652511597],"rotationconfidence":0.5},"21":{"id":21,"position":[371.7573881149292,-546.7524528503418,2610.316753387451],"positionconfidence":1,"rotation":[0.8466272950172424,0.5319773554801941,0.01491614896804094,-0.5069025158882141,0.797551155090332,0.3270505666732788,0.1620870977640152,-0.2844509482383728,0.9448891878128052],"rotationconfidence":1},"22":{"id":22,"position":[525.3074169158936,-788.3452773094177,2511.247158050537],"positionconfidence":1,"rotation":[0.8587583303451538,0.5109266042709351,-0.03857596218585968,-0.3885767757892609,0.698486328125,0.6009367108345032,0.3339793384075165,-0.5010696649551392,0.7983651757240295],"rotationconfidence":1},"23":{"id":23,"position":[664.4274592399597,-1038.420557975769,2296.097040176392],"positionconfidence":0.5,"rotation":[0.880547285079956,-0.4739583134651184,0,0.4734787940979004,0.8796564340591431,-0.04497193545103073,0.0213148221373558,0.03959991782903671,0.9989882707595825],"rotationconfidence":0.5},"24":{"id":24,"position":[662.344217300415,-1042.290925979614,2198.459148406982],"positionconfidence":0.5,"rotation":[0.880547285079956,-0.4739583134651184,0,0.4734787940979004,0.8796564340591431,-0.04497193545103073,0.0213148221373558,0.03959991782903671,0.9989882707595825],"rotationconfidence":0.5}},"skeletonTracked":true,"frameCount":2},{"position":[285.8487665653229,-498.4361529350281,2537.45174407959],"positionTracked":true,"id":4613,"skeleton":{"1":{"id":1,"position":[290.6563878059387,133.61956179142,2750.40078163147],"positionconfidence":1,"rotation":[0.9950113296508789,0.09976237267255783,0,-0.09935035556554794,0.9909019470214844,0.09079068154096603,0.009057493880391121,-0.09033775329589844,0.9958701133728027],"rotationconfidence":1},"2":{"id":2,"position":[311.8090927600861,-77.3535817861557,2731.070518493652],"positionconfidence":1,"rotation":[0.9799813628196716,0.113257646560669,-0.1637362688779831,-0.09935035556554794,0.9909019470214844,0.09079068154096603,0.1725293099880219,-0.07270590215921402,0.9823175072669983],"rotationconfidence":1},"3":{"id":3,"position":[306.1991333961487,-415.1796400547028,2700.573205947876],"positionconfidence":1,"rotation":[0.9849278926849365,-0.0007414082065224648,-0.1729640364646912,0.0165365394204855,0.9958137273788452,0.0898972675204277,0.1721733212471008,-0.0914025604724884,0.9808170199394226],"rotationconfidence":1},"4":{"id":4,"position":[295.6912219524384,-468.4620499610901,2643.593549728394],"positionconfidence":1,"rotation":[0.9838029742240906,-0.002342702820897102,-0.1792374551296234,0.1334924548864365,0.6768994927406311,0.7238693237304688,0.119629941880703,-0.7360716462135315,0.6662485003471375],"rotationconfidence":1},"6":{"id":6,"position":[121.1694553494453,-201.8247395753861,2758.476734161377],"positionconfidence":1,"rotation":[0.1650303900241852,0.9556947946548462,-0.2437467873096466,-0.09509426355361938,-0.2305659502744675,-0.968398928642273,-0.9816934466362,0.1829941719770432,0.05283069610595703],"rotationconfidence":1},"7":{"id":7,"position":[78.69070023298264,-447.8201866149902,2821.217060089111],"positionconfidence":1,"rotation":[0.1162638515233994,0.35602205991745,0.9272167682647705,0.150866374373436,0.9163849353790283,-0.3707801401615143,-0.9816934466362,0.1829941719770432,0.05283069610595703],"rotationconfidence":1},"8":{"id":8,"position":[51.81422084569931,-530.1210880279541,2606.874227523804],"positionconfidence":1,"rotation":[0.4725807905197144,-0.6747035384178162,0.5669589042663574,0,0.6433303952217102,0.765588641166687,-0.8812872767448425,-0.361802488565445,0.3040255904197693],"rotationconfidence":1},"9":{"id":9,"position":[21.4815828949213,-486.8151843547821,2570.483922958374],"positionconfidence":1,"rotation":[0.4725807905197144,-0.6747035384178162,0.5669589042663574,0,0.6433303952217102,0.765588641166687,-0.8812872767448425,-0.361802488565445,0.3040255904197693],"rotationconfidence":1},"12":{"id":12,"position":[479.4634878635407,-203.5860419273377,2695.417404174805],"positionconfidence":1,"rotation":[0.3421066105365753,-0.9180058240890503,0.2005699425935745,-0.2917104959487915,-0.3066599667072296,-0.9060158133506775,0.8932346105575562,0.2514456510543823,-0.3727023601531982],"rotationconfidence":1},"13":{"id":13,"position":[575.9091377258301,-462.3874425888062,2751.961469650269],"positionconfidence":1,"rotation":[-0.1986968666315079,-0.5228458046913147,-0.8289462327957153,-0.4033007919788361,0.814498245716095,-0.4170624911785126,0.8932346105575562,0.2514456510543823,-0.3727023601531982],"rotationconfidence":1},"14":{"id":14,"position":[530.4759740829468,-581.9391012191772,2562.418222427368],"positionconfidence":1,"rotation":[0.1436432898044586,0.2611218690872192,-0.9545585513114929,0,-0.964561402797699,-0.2638581693172455,-0.9896294474601746,0.03790145367383957,-0.1385527700185776],"rotationconfidence":1},"15":{"id":15,"position":[539.4086241722107,-565.700888633728,2503.057718276978],"positionconfidence":1,"rotation":[0.1436432898044586,0.2611218690872192,-0.9545585513114929,0,-0.964561402797699,-0.2638581693172455,-0.9896294474601746,0.03790145367383957,-0.1385527700185776],"rotationconfidence":1},"17":{"id":17,"position":[213.69569003582,-548.2977628707886,2636.996746063232],"positionconfidence":1,"rotation":[0.8959571719169617,-0.3185900151729584,-0.3094532191753388,0.4166935384273529,0.844105064868927,0.337421327829361,0.1537119746208191,-0.431262195110321,0.8890363574028015],"rotationconfidence":1},"18":{"id":18,"position":[88.10239285230637,-802.7148246765137,2535.296440124512],"positionconfidence":1,"rotation":[0.6639582514762878,-0.7477696537971497,0,0.6978225111961365,0.6196092963218689,0.3593440055847168,-0.2687065303325653,-0.23858942091465,0.9332051873207092],"rotationconfidence":1},"19":{"id":19,"position":[-159.2258214950562,-1022.322058677673,2407.934665679932],"positionconfidence":0.5,"rotation":[-0.1480550765991211,-0.9889791011810303,0,0.8663831949234009,-0.1297018527984619,-0.4822423160076141,0.4769275784492493,-0.07139842212200165,0.8760378956794739],"rotationconfidence":0.5},"20":{"id":20,"position":[-204.7284990549088,-1015.510082244873,2324.353694915772],"positionconfidence":0.5,"rotation":[-0.1480550765991211,-0.9889791011810303,0,0.8663831949234009,-0.1297018527984619,-0.4822423160076141,0.4769275784492493,-0.07139842212200165,0.8760378956794739],"rotationconfidence":0.5},"21":{"id":21,"position":[371.8064427375794,-546.598494052887,2610.484123229981],"positionconfidence":1,"rotation":[0.8477992415428162,0.5301334857940674,0.0139583507552743,-0.5051080584526062,0.7991998195648193,0.3257997930049896,0.1615618765354157,-0.2832632958889008,0.9453356862068176],"rotationconfidence":1},"22":{"id":22,"position":[524.7501134872437,-788.5913848876953,2511.833906173706],"positionconfidence":1,"rotation":[0.8600165247917175,0.5092041492462158,-0.03290427476167679,-0.3898449242115021,0.6972939372062683,0.6014999747276306,0.3292302489280701,-0.5044723749160767,0.798194944858551],"rotationconfidence":1},"23":{"id":23,"position":[664.3495559692383,-1038.285136222839,2296.442985534668],"positionconfidence":0.5,"rotation":[0.8858888149261475,-0.4638974666595459,0,0.4635502994060516,0.8852258324623108,-0.03867930546402931,0.01794323511421681,0.03426557034254074,0.9992516040802002],"rotationconfidence":0.5},"24":{"id":24,"position":[662.5944375991821,-1041.636824607849,2198.701143264771],"positionconfidence":0.5,"rotation":[0.8858888149261475,-0.4638974666595459,0,0.4635502994060516,0.8852258324623108,-0.03867930546402931,0.01794323511421681,0.03426557034254074,0.9992516040802002],"rotationconfidence":0.5}},"skeletonTracked":true,"frameCount":3},{"position":[286.1818969249725,-494.6856498718262,2539.252519607544],"positionTracked":true,"id":4613,"skeleton":{"1":{"id":1,"position":[292.3587560653687,134.3088448047638,2751.627206802368],"positionconfidence":1,"rotation":[0.9955760836601257,0.09395952522754669,0,-0.0935724526643753,0.9914746880531311,0.09067492932081223,0.008519773371517658,-0.09027379006147385,0.9958804845809937],"rotationconfidence":1},"2":{"id":2,"position":[312.3591244220734,-77.61100679636002,2732.246160507202],"positionconfidence":1,"rotation":[0.9810833930969238,0.1073260009288788,-0.1611099392175674,-0.0935724526643753,0.9914746880531311,0.09067492932081223,0.1694682389497757,-0.07388421893119812,0.9827622771263123],"rotationconfidence":1},"3":{"id":3,"position":[306.280255317688,-415.0971472263336,2700.948238372803],"positionconfidence":1,"rotation":[0.9854384660720825,-0.001982399262487888,-0.1700214743614197,0.01793235912919045,0.995567262172699,0.0923273041844368,0.1690847724676132,-0.09403175115585327,0.9811057448387146],"rotationconfidence":1},"4":{"id":4,"position":[295.8357930183411,-468.2823717594147,2643.841505050659],"positionconfidence":1,"rotation":[0.9839940667152405,-0.001906406017951667,-0.1781908273696899,0.1326562017202377,0.6755110621452332,0.7253185510635376,0.1189871430397034,-0.7373473644256592,0.6649518609046936],"rotationconfidence":1},"6":{"id":6,"position":[121.1000084877014,-201.8776834011078,2758.318185806274],"positionconfidence":1,"rotation":[0.1706641018390656,0.9551562666893005,-0.2419715076684952,-0.08792366832494736,-0.2298321425914764,-0.9692505598068237,-0.9813986420631409,0.1866913139820099,0.04475674778223038],"rotationconfidence":1},"7":{"id":7,"position":[77.27058231830597,-447.1779465675354,2820.460557937622],"positionconfidence":1,"rotation":[0.1086416244506836,0.3478567898273468,0.9312317371368408,0.1582839339971542,0.9187719821929932,-0.3616686165332794,-0.9813986420631409,0.1866913139820099,0.04475674778223038],"rotationconfidence":1},"8":{"id":8,"position":[52.12320759892464,-527.6966691017151,2604.907512664795],"positionconfidence":1,"rotation":[0.5199123620986938,-0.6511787176132202,0.5528630018234253,0,0.6472141146659851,0.7623082995414734,-0.8542196750640869,-0.3963335156440735,0.3364946246147156],"rotationconfidence":1},"9":{"id":9,"position":[18.94344016909599,-486.1397445201874,2569.624900817871],"positionconfidence":0.5,"rotation":[0.5199123620986938,-0.6511787176132202,0.5528630018234253,0,0.6472141146659851,0.7623082995414734,-0.8542196750640869,-0.3963335156440735,0.3364946246147156],"rotationconfidence":0.5},"12":{"id":12,"position":[479.8987507820129,-203.6093026399612,2696.316480636597],"positionconfidence":1,"rotation":[0.3411038815975189,-0.9188220500946045,0.1985299587249756,-0.2928762137889862,-0.3045620322227478,-0.9063472747802734,0.8932365775108337,0.2510138750076294,-0.3729884326457977],"rotationconfidence":1},"13":{"id":13,"position":[575.9237408638,-462.2691571712494,2752.20513343811],"positionconfidence":1,"rotation":[-0.1987129747867584,-0.5237638354301453,-0.8283626437187195,-0.4032883644104004,0.8140414357185364,-0.417965292930603,0.8932365775108337,0.2510138750076294,-0.3729884326457977],"rotationconfidence":1},"14":{"id":14,"position":[530.487596988678,-582.028865814209,2562.798261642456],"positionconfidence":1,"rotation":[0.1513902842998505,0.298460990190506,-0.9423385858535767,0,-0.9533265233039856,-0.3019411265850067,-0.9884740114212036,0.04571095481514931,-0.1443243771791458],"rotationconfidence":1},"15":{"id":15,"position":[539.773166179657,-563.7226700782776,2504.99963760376],"positionconfidence":1,"rotation":[0.1513902842998505,0.298460990190506,-0.9423385858535767,0,-0.9533265233039856,-0.3019411265850067,-0.9884740114212036,0.04571095481514931,-0.1443243771791458],"rotationconfidence":1},"17":{"id":17,"position":[213.7214988470078,-548.1886863708496,2637.040853500366],"positionconfidence":1,"rotation":[0.8899292349815369,-0.3270649909973145,-0.3178905248641968,0.4300373494625092,0.8339220881462097,0.3458929061889648,0.1519664525985718,-0.4445250034332275,0.8827817440032959],"rotationconfidence":1},"18":{"id":18,"position":[83.84653925895691,-800.0403046607971,2532.578229904175],"positionconfidence":1,"rotation":[0.68270343542099,-0.7306956648826599,0,0.6843328475952148,0.6393857598304749,0.350534588098526,-0.2561340928077698,-0.2393111735582352,0.9365499019622803],"rotationconfidence":1},"19":{"id":19,"position":[-156.9755524396896,-1025.045156478882,2409.222364425659],"positionconfidence":0.5,"rotation":[-0.04652677476406097,-0.9989171028137207,0,0.8844537138938904,-0.04119538888335228,-0.4648059904575348,0.4643025994300842,-0.02162592113018036,0.8854125142097473],"rotationconfidence":0.5},"20":{"id":20,"position":[-200.4928737878799,-1023.01824092865,2326.236009597778],"positionconfidence":0.5,"rotation":[-0.04652677476406097,-0.9989171028137207,0,0.8844537138938904,-0.04119538888335228,-0.4648059904575348,0.4643025994300842,-0.02162592113018036,0.8854125142097473],"rotationconfidence":0.5},"21":{"id":21,"position":[371.9191551208496,-546.4125871658325,2610.702276229858],"positionconfidence":1,"rotation":[0.8488106727600098,0.5285018086433411,0.014361253939569,-0.5037189722061157,0.8001602292060852,0.3255932629108429,0.1605852842330933,-0.2836010158061981,0.9454007744789124],"rotationconfidence":1},"22":{"id":22,"position":[524.4047045707703,-788.6366844177246,2512.138843536377],"positionconfidence":1,"rotation":[0.8608952164649963,0.5079230070114136,-0.02955586835741997,-0.3905390202999115,0.6969362497329712,0.6014642119407654,0.3260960578918457,-0.5062549710273743,0.798352837562561],"rotationconfidence":1},"23":{"id":23,"position":[664.2619371414185,-1038.218855857849,2296.746492385864],"positionconfidence":0.5,"rotation":[0.8981757760047913,-0.4396364986896515,0,0.4393611252307892,0.8976131677627563,-0.03538742288947105,0.01555760391056538,0.03178412839770317,0.9993736147880554],"rotationconfidence":0.5},"24":{"id":24,"position":[662.7398133277893,-1041.328549385071,2198.969841003418],"positionconfidence":0.5,"rotation":[0.8981757760047913,-0.4396364986896515,0,0.4393611252307892,0.8976131677627563,-0.03538742288947105,0.01555760391056538,0.03178412839770317,0.9993736147880554],"rotationconfidence":0.5}},"skeletonTracked":true,"frameCount":4},{"position":[284.3785285949707,-501.4299154281616,2537.348031997681],"positionTracked":true,"id":4613,"skeleton":{"1":{"id":1,"position":[294.1721677780151,134.2553943395615,2753.030776977539],"positionconfidence":1,"rotation":[0.9960371851921082,0.08893764019012451,0,-0.08855993300676346,0.9918071031570435,0.09206371754407883,0.008187930099666119,-0.09169888496398926,0.9957530498504639],"rotationconfidence":1},"2":{"id":2,"position":[313.0995333194733,-77.71739363670349,2733.354568481445],"positionconfidence":1,"rotation":[0.9823120832443237,0.1022719964385033,-0.156854435801506,-0.08855993300676346,0.9918071031570435,0.09206371754407883,0.1649848967790604,-0.07654429227113724,0.9833213686943054],"rotationconfidence":1},"3":{"id":3,"position":[306.3755631446838,-415.0038659572601,2701.324224472046],"positionconfidence":1,"rotation":[0.9861624836921692,-0.003920565359294415,-0.1657357513904572,0.01984229125082493,0.9953251481056213,0.09452085942029953,0.1645903736352921,-0.09650149196386337,0.9816300272941589],"rotationconfidence":1},"4":{"id":4,"position":[296.0048317909241,-468.1062996387482,2644.103050231934],"positionconfidence":1,"rotation":[0.9842063188552856,-0.001463584369048476,-0.1770187318325043,0.1316905468702316,0.674310028553009,0.7266110181808472,0.118302047252655,-0.7384468913078308,0.6638529300689697],"rotationconfidence":1},"6":{"id":6,"position":[121.1410388350487,-201.9056230783463,2758.085250854492],"positionconfidence":1,"rotation":[0.1775457113981247,0.9545766115188599,-0.2392925918102264,-0.07465007156133652,-0.2293915748596191,-0.9704673290252686,-0.9812771677970886,0.1901655346155167,0.03053172118961811],"rotationconfidence":1},"7":{"id":7,"position":[75.69189369678497,-446.2634921073914,2819.340705871582],"positionconfidence":1,"rotation":[0.09632616490125656,0.347290962934494,0.9327970147132874,0.1667824536561966,0.918273389339447,-0.3591066002845764,-0.9812771677970886,0.1901655346155167,0.03053172118961811],"rotationconfidence":1},"8":{"id":8,"position":[53.39020863175392,-526.6692042350769,2603.377103805542],"positionconfidence":1,"rotation":[0.1916952580213547,0.03584994748234749,0.9807994961738586,0,0.99933260679245,-0.0365273654460907,-0.9814544320106506,0.007002122700214386,0.1915673166513443],"rotationconfidence":1},"9":{"id":9,"position":[42.04330593347549,-528.7912487983704,2545.321226119995],"positionconfidence":1,"rotation":[0.1916952580213547,0.03584994748234749,0.9807994961738586,0,0.99933260679245,-0.0365273654460907,-0.9814544320106506,0.007002122700214386,0.1915673166513443],"rotationconfidence":1},"12":{"id":12,"position":[480.7595312595367,-203.8878798484802,2697.592973709106],"positionconfidence":1,"rotation":[0.3389604687690735,-0.9202636480331421,0.1955007016658783,-0.2941300570964813,-0.3010444641113281,-0.9071160554885864,0.893640398979187,0.2499738782644272,-0.372719407081604],"rotationconfidence":1},"13":{"id":13,"position":[575.9173035621643,-462.2372984886169,2752.476692199707],"positionconfidence":1,"rotation":[-0.1987349689006805,-0.5242166519165039,-0.8280708193778992,-0.4023818075656891,0.814069926738739,-0.4187826216220856,0.893640398979187,0.2499738782644272,-0.372719407081604],"rotationconfidence":1},"14":{"id":14,"position":[530.4686427116394,-582.1202993392944,2563.105344772339],"positionconfidence":1,"rotation":[0.158108189702034,0.3027695417404175,-0.9398576617240906,0,-0.9518299698829651,-0.3066263496875763,-0.9874218106269836,0.04848013818264008,-0.1504921168088913],"rotationconfidence":1},"15":{"id":15,"position":[540.1247143745422,-563.6293888092041,2505.705833435059],"positionconfidence":1,"rotation":[0.158108189702034,0.3027695417404175,-0.9398576617240906,0,-0.9518299698829651,-0.3066263496875763,-0.9874218106269836,0.04848013818264008,-0.1504921168088913],"rotationconfidence":1},"17":{"id":17,"position":[213.735044002533,-548.0805039405823,2637.100458145142],"positionconfidence":1,"rotation":[0.8787862658500671,-0.3422201871871948,-0.3325959742069244,0.4531057775020599,0.8170817494392395,0.356472373008728,0.1497660726308823,-0.463964194059372,0.8731021881103516],"rotationconfidence":1},"18":{"id":18,"position":[76.80265605449677,-795.0094938278198,2529.371500015259],"positionconfidence":1,"rotation":[0.7150549292564392,-0.6990683078765869,0,0.6574999094009399,0.6725359559059143,0.3396900594234467,-0.2374665588140488,-0.2428970485925674,0.9405375123023987],"rotationconfidence":1},"19":{"id":19,"position":[-152.8007537126541,-1029.863595962524,2410.749435424805],"positionconfidence":0.5,"rotation":[0.1242503523826599,-0.9922508597373962,0,0.8919448852539062,0.1116899624466896,-0.4381319582462311,0.4347368478775024,0.05443805456161499,0.898910641670227],"rotationconfidence":0.5},"20":{"id":20,"position":[-192.8796768188477,-1034.882307052612,2327.877759933472],"positionconfidence":0.5,"rotation":[0.1242503523826599,-0.9922508597373962,0,0.8919448852539062,0.1116899624466896,-0.4381319582462311,0.4347368478775024,0.05443805456161499,0.898910641670227],"rotationconfidence":0.5},"21":{"id":21,"position":[372.04509973526,-546.2624430656433,2610.911130905151],"positionconfidence":1,"rotation":[0.8495118021965027,0.5273491144180298,0.01525292545557022,-0.5028347373008728,0.8005953431129456,0.3258901238441467,0.1596464514732361,-0.2845171988010407,0.9452846050262451],"rotationconfidence":1},"22":{"id":22,"position":[524.2505073547363,-788.5984182357788,2512.265920639038],"positionconfidence":1,"rotation":[0.8622314929962158,0.5057940483093262,-0.02700420841574669,-0.3903914391994476,0.6975808143615723,0.6008124947547913,0.3227249979972839,-0.507497251033783,0.7989338040351868],"rotationconfidence":1},"23":{"id":23,"position":[664.0197038650513,-1038.34855556488,2297.161102294922],"positionconfidence":0.5,"rotation":[0.9204745888710022,-0.3908023834228516,0,0.390581339597702,0.9199539422988892,-0.03362969681620598,0.01314256619662046,0.03095528297126293,0.9994343519210815],"rotationconfidence":0.5},"24":{"id":24,"position":[662.7334952354431,-1041.378021240234,2199.350595474243],"positionconfidence":0.5,"rotation":[0.9204745888710022,-0.3908023834228516,0,0.390581339597702,0.9199539422988892,-0.03362969681620598,0.01314256619662046,0.03095528297126293,0.9994343519210815],"rotationconfidence":0.5}},"skeletonTracked":true,"frameCount":5},{"position":[284.9095761775971,-497.7653324604034,2537.978410720825],"positionTracked":true,"id":4613,"skeleton":{"1":{"id":1,"position":[295.2791750431061,133.9745968580246,2753.976345062256],"positionconfidence":1,"rotation":[0.9962204694747925,0.08686014264822006,0,-0.08648771047592163,0.9919489622116089,0.09250391274690628,0.0080349026247859,-0.09215429425239563,0.9957122206687927],"rotationconfidence":1},"2":{"id":2,"position":[313.7505948543549,-77.87869870662689,2734.220027923584],"positionconfidence":1,"rotation":[0.9831572771072388,0.09998761117458344,-0.1529836654663086,-0.08648771047592163,0.9919489622116089,0.09250391274690628,0.1610012650489807,-0.077714703977108,0.9838896989822388],"rotationconfidence":1},"3":{"id":3,"position":[306.4691722393036,-414.9526059627533,2701.650857925415],"positionconfidence":1,"rotation":[0.9867883920669556,-0.005671659484505653,-0.1619155406951904,0.02149675041437149,0.9951343536376953,0.09615309536457062,0.1605823785066605,-0.09836342185735703,0.982109010219574],"rotationconfidence":1},"4":{"id":4,"position":[296.1668372154236,-467.9790437221527,2644.332408905029],"positionconfidence":1,"rotation":[0.9844008684158325,-0.001079155248589814,-0.1759364455938339,0.1308044940233231,0.6732547879219055,0.7277486324310303,0.1176647171378136,-0.7394097447395325,0.6628938317298889],"rotationconfidence":1},"6":{"id":6,"position":[121.2321892380714,-201.9655257463455,2757.805585861206],"positionconfidence":1,"rotation":[0.1840617805719376,0.9542258977890015,-0.2357420921325684,-0.0639328733086586,-0.2277092337608337,-0.9716281294822693,-0.9808332324028015,0.1939112395048142,0.01909383200109005],"rotationconfidence":1},"7":{"id":7,"position":[74.2683932185173,-445.4385042190552,2817.955732345581],"positionconfidence":1,"rotation":[0.08695430308580399,0.3479109108448029,0.9334864616394043,0.1743705570697784,0.9172548055648804,-0.3581039905548096,-0.9808332324028015,0.1939112395048142,0.01909383200109005],"rotationconfidence":1},"8":{"id":8,"position":[54.14662137627602,-525.9472727775574,2601.941108703613],"positionconfidence":1,"rotation":[0.06867840886116028,0.2663978040218353,0.9614133238792419,0,0.9636886119842529,-0.267028272151947,-0.9976388216018677,0.01833907701075077,0.06618460267782211],"rotationconfidence":1},"9":{"id":9,"position":[49.40935596823692,-544.3227291107178,2535.625219345093],"positionconfidence":0.5,"rotation":[0.06867840886116028,0.2663978040218353,0.9614133238792419,0,0.9636886119842529,-0.267028272151947,-0.9976388216018677,0.01833907701075077,0.06618460267782211],"rotationconfidence":0.5},"12":{"id":12,"position":[481.52294754982,-204.1752189397812,2698.673963546753],"positionconfidence":1,"rotation":[0.3370627462863922,-0.9214867949485779,0.1930043250322342,-0.2918974757194519,-0.2971823811531067,-0.9091085195541382,0.8950890898704529,0.250089168548584,-0.3691488206386566],"rotationconfidence":1},"13":{"id":13,"position":[575.9128928184509,-462.2253477573395,2752.722263336182],"positionconfidence":1,"rotation":[-0.1951560527086258,-0.524655818939209,-0.8286435604095459,-0.4009108543395996,0.8137514591217041,-0.420807272195816,0.8950890898704529,0.250089168548584,-0.3691488206386566],"rotationconfidence":1},"14":{"id":14,"position":[531.2903523445129,-582.1881890296936,2563.252449035645],"positionconfidence":1,"rotation":[0.1310161054134369,0.211440235376358,-0.9685699343681335,0,-0.9769914150238037,-0.2132786512374878,-0.9913802146911621,0.02794293873012066,-0.1280016154050827],"rotationconfidence":1},"15":{"id":15,"position":[539.2240881919861,-569.3843364715576,2504.600286483765],"positionconfidence":1,"rotation":[0.1310161054134369,0.211440235376358,-0.9685699343681335,0,-0.9769914150238037,-0.2132786512374878,-0.9913802146911621,0.02794293873012066,-0.1280016154050827],"rotationconfidence":1},"17":{"id":17,"position":[213.7527912855148,-548.0062365531921,2637.148380279541],"positionconfidence":1,"rotation":[0.8706516027450562,-0.3523981869220734,-0.3431923985481262,0.4691076874732971,0.8047498464584351,0.363752156496048,0.1479984223842621,-0.4776956140995026,0.8659694790840149],"rotationconfidence":1},"18":{"id":18,"position":[71.85181975364685,-791.4360165596008,2527.116537094116],"positionconfidence":1,"rotation":[0.7396711707115173,-0.6729684472084045,0,0.6349970102310181,0.6979361176490784,0.3311555683612824,-0.2228572517633438,-0.244946226477623,0.9435761570930481],"rotationconfidence":1},"19":{"id":19,"position":[-149.0290462970734,-1034.209966659546,2411.925554275513],"positionconfidence":0.5,"rotation":[0.2476719319820404,-0.968843936920166,0,0.8763088583946228,0.2240165770053864,-0.4264964759349823,0.413208544254303,0.1056312099099159,0.9044891595840454],"rotationconfidence":0.5},"20":{"id":20,"position":[-186.9775056838989,-1043.910980224609,2328.858613967896],"positionconfidence":0.5,"rotation":[0.2476719319820404,-0.968843936920166,0,0.8763088583946228,0.2240165770053864,-0.4264964759349823,0.413208544254303,0.1056312099099159,0.9044891595840454],"rotationconfidence":0.5},"21":{"id":21,"position":[372.1668720245361,-546.1527109146118,2611.097097396851],"positionconfidence":1,"rotation":[0.8500900268554688,0.5263887047767639,0.01617858000099659,-0.5021342635154724,0.8008934855461121,0.3262372612953186,0.1587703078985214,-0.2854548990726471,0.9451494216918945],"rotationconfidence":1},"22":{"id":22,"position":[524.1475105285645,-788.5586023330688,2512.355089187622],"positionconfidence":1,"rotation":[0.8633233904838562,0.5040338635444641,-0.02495337277650833,-0.3902194499969482,0.6980991959571838,0.6003218293190002,0.3200024664402008,-0.5085346102714539,0.7993691563606262],"rotationconfidence":1},"23":{"id":23,"position":[663.8278365135193,-1038.445472717285,2297.467947006226],"positionconfidence":0.5,"rotation":[0.9383672475814819,-0.3456399142742157,0,0.3454592227935791,0.9378767013549805,-0.03233259916305542,0.0111754359677434,0.03033985011279583,0.999477207660675],"rotationconfidence":0.5},"24":{"id":24,"position":[662.7339124679565,-1041.415333747864,2199.63264465332],"positionconfidence":0.5,"rotation":[0.9383672475814819,-0.3456399142742157,0,0.3454592227935791,0.9378767013549805,-0.03233259916305542,0.0111754359677434,0.03033985011279583,0.999477207660675],"rotationconfidence":0.5}},"skeletonTracked":true,"frameCount":6},{"position":[248.3622133731842,-460.8207941055298,2522.804260253906],"positionTracked":true,"id":4613,"skeleton":{"1":{"id":1,"position":[298.1701791286469,162.4983251094818,2776.362895965576],"positionconfidence":1,"rotation":[0.9987870454788208,0.04923690855503082,0,-0.04889459162950516,0.9918431043624878,0.1177135705947876,0.005795852281153202,-0.1175707876682282,0.9930474758148193],"rotationconfidence":1},"2":{"id":2,"position":[308.2612156867981,-42.20170900225639,2752.068758010864],"positionconfidence":1,"rotation":[0.9552045464515686,0.08087486028671265,-0.2846811413764954,-0.04889459162950516,0.9918431043624878,0.1177135705947876,0.2918791174888611,-0.09852118045091629,0.9513674974441528],"rotationconfidence":1},"3":{"id":3,"position":[293.1630611419678,-394.0480053424835,2701.085567474365],"positionconfidence":1,"rotation":[0.9564447999000549,0.001256188610568643,-0.2919106483459473,0.04242945462465286,0.988772988319397,0.1432750672101975,0.2888133227825165,-0.1494203060865402,0.9456534385681152],"rotationconfidence":1},"4":{"id":4,"position":[272.0219194889069,-443.9802467823029,2642.347812652588],"positionconfidence":1,"rotation":[0.9514605402946472,-0.04462521895766258,-0.3045183718204498,0.2644647657871246,0.6246265172958374,0.7347789406776428,0.1574205756187439,-0.7796475887298584,0.6061092615127563],"rotationconfidence":1},"6":{"id":6,"position":[121.8090504407883,-165.4302775859833,2785.896301269531],"positionconfidence":1,"rotation":[0.2426424920558929,0.9535077810287476,-0.1787389516830444,-0.475887805223465,-0.04356379806995392,-0.8784264326095581,-0.8453729152679443,0.2982032597064972,0.4431922435760498],"rotationconfidence":1},"7":{"id":7,"position":[60.65399572253227,-405.750185251236,2830.945253372192],"positionconfidence":1,"rotation":[0.4274527430534363,-0.1199321076273918,0.8960471153259277,0.3203571438789368,0.9469376802444458,-0.02608044631779194,-0.8453729152679443,0.2982032597064972,0.4431922435760498],"rotationconfidence":1},"8":{"id":8,"position":[-33.9527353644371,-379.2060017585754,2632.626056671143],"positionconfidence":1