{"motiondata":[{"position":[220.4928696155548,-411.8860065937042,2408.087730407715],"positionTracked":true,"id":4232,"skeleton":{"1":{"id":1,"position":[242.0196980237961,256.9110095500946,2688.897132873535],"positionconfidence":1,"rotation":[0.9899704456329346,0.1412745714187622,0,-0.1405690908432007,0.9850268959999084,0.09981109201908112,0.01410076953470707,-0.09881003201007843,0.9950063824653625],"rotationconfidence":1},"2":{"id":2,"position":[271.7947363853455,48.2647642493248,2667.755365371704],"positionconfidence":1,"rotation":[0.9881381392478943,0.145875945687294,-0.04799117520451546,-0.1405690908432007,0.9850268959999084,0.09981109201908112,0.06183264032006264,-0.09188107401132584,0.9938483834266663],"rotationconfidence":1},"3":{"id":3,"position":[247.1200823783875,-305.9219419956207,2583.740711212158],"positionconfidence":1,"rotation":[0.9958459734916687,-0.05157675221562386,-0.07503875344991684,0.06762959063053131,0.9707735776901245,0.2302717864513397,0.06096895784139633,-0.2343900352716446,0.970228910446167],"rotationconfidence":1},"4":{"id":4,"position":[238.5101616382599,-352.8474569320679,2514.037132263184],"positionconfidence":1,"rotation":[0.9936866164207458,-0.01777634583413601,-0.1107747852802277,0.1019320115447044,0.5555465817451477,0.8252138495445251,0.04687126725912094,-0.8312954306602478,0.5538511872291565],"rotationconfidence":1},"6":{"id":6,"position":[75.83466917276382,-86.83981746435165,2650.103330612183],"positionconfidence":1,"rotation":[0.2163529396057129,0.9658029079437256,-0.1428845971822739,0.06593967974185944,-0.1604717075824738,-0.9848352670669556,-0.9740858674049377,0.2036502510309219,-0.09840326756238937],"rotationconfidence":1},"7":{"id":7,"position":[20.43934725224972,-334.1253995895386,2686.687707901001],"positionconfidence":1,"rotation":[0.04474442079663277,0.5999788641929626,0.7987635731697083,0.221708282828331,0.7736613154411316,-0.5935431718826294,-0.9740858674049377,0.2036502510309219,-0.09840326756238937],"rotationconfidence":1},"8":{"id":8,"position":[7.786864414811134,-503.7828087806702,2460.819482803345],"positionconfidence":1,"rotation":[-0.03815305605530739,0.583193838596344,0.8114365339279175,0,0.8120278120040894,-0.5836188197135925,-0.9992719292640686,-0.02226684242486954,-0.03098134323954582],"rotationconfidence":1},"9":{"id":9,"position":[11.3325510174036,-557.9808950424194,2385.410070419312],"positionconfidence":1,"rotation":[-0.03815305605530739,0.583193838596344,0.8114365339279175,0,0.8120278120040894,-0.5836188197135925,-0.9992719292640686,-0.02226684242486954,-0.03098134323954582],"rotationconfidence":1},"12":{"id":12,"position":[440.9841895103455,-85.31097322702408,2627.526760101318],"positionconfidence":1,"rotation":[0.2808733880519867,-0.9585118293762207,0.04863243922591209,-0.4298885464668274,-0.1709518283605576,-0.8865501880645752,0.8580827116966248,0.228101834654808,-0.4600691199302673],"rotationconfidence":1},"13":{"id":13,"position":[513.4927034378052,-332.754373550415,2640.081405639648],"positionconfidence":1,"rotation":[-0.274593859910965,-0.5532544851303101,-0.7864526510238647,-0.4339265823364258,0.8011735677719116,-0.4121027588844299,0.8580827116966248,0.228101834654808,-0.4600691199302673],"rotationconfidence":1},"14":{"id":14,"position":[444.0389573574066,-472.6904928684235,2441.161870956421],"positionconfidence":1,"rotation":[0.4895451366901398,0.6503273248672485,-0.580878734588623,0,-0.6661620736122131,-0.7458069324493408,-0.8719779849052429,0.3651061654090881,-0.3261164128780365],"rotationconfidence":1},"15":{"id":15,"position":[485.4044616222382,-417.7392423152924,2392.078876495361],"positionconfidence":1,"rotation":[0.4895451366901398,0.6503273248672485,-0.580878734588623,0,-0.6661620736122131,-0.7458069324493408,-0.8719779849052429,0.3651061654090881,-0.3261164128780365],"rotationconfidence":1},"17":{"id":17,"position":[149.1414159536362,-428.766280412674,2488.705396652222],"positionconfidence":1,"rotation":[0.9547025561332703,-0.2439509928226471,-0.1703848391771317,0.2876189053058624,0.9033269882202148,0.3182384073734283,0.07627864927053452,-0.3528289496898651,0.9325735569000244],"rotationconfidence":1},"18":{"id":18,"position":[48.7818606197834,-743.9663410186768,2377.66170501709],"positionconfidence":1,"rotation":[0.830297589302063,-0.5573202967643738,0,0.5528073906898499,0.8235742449760437,0.1270014196634293,-0.07078047096729279,-0.1054489761590958,0.9919024705886841],"rotationconfidence":1},"19":{"id":19,"position":[-153.4161269664764,-1045.201539993286,2331.208944320679],"positionconfidence":0.5,"rotation":[0.3290945887565613,-0.9442968964576721,0,0.8492559790611267,0.2959721088409424,-0.4372239112854004,0.4128692448139191,0.1438880413770676,0.8993527293205261],"rotationconfidence":0.5},"20":{"id":20,"position":[-197.0290243625641,-1060.40096282959,2236.207008361816],"positionconfidence":0.5,"rotation":[0.3290945887565613,-0.9442968964576721,0,0.8492559790611267,0.2959721088409424,-0.4372239112854004,0.4128692448139191,0.1438880413770676,0.8993527293205261],"rotationconfidence":0.5},"21":{"id":21,"position":[315.2057528495789,-428.3470213413239,2475.281000137329],"positionconfidence":1,"rotation":[0.9760702848434448,0.2173832654953003,-0.005609252955764532,-0.2033300250768662,0.9215077757835388,0.3308780491352081,0.07709632068872452,-0.3218196928501129,0.9436569213867188],"rotationconfidence":1},"22":{"id":22,"position":[385.5479955673218,-747.1436262130737,2360.81337928772],"positionconfidence":1,"rotation":[0.8672411441802979,0.4726177453994751,0.15660560131073,-0.4920649826526642,0.7656286358833313,0.414348691701889,0.07592681050300598,-0.4364003539085388,0.8965433239936829],"rotationconfidence":1},"23":{"id":23,"position":[570.5615878105164,-1035.01558303833,2205.020666122437],"positionconfidence":0.5,"rotation":[0.009868430905044079,0.9999513030052185,0,-0.9838659167289734,0.009709686040878296,-0.1786436885595322,-0.178634986281395,0.001762932864949107,0.9839138388633728],"rotationconfidence":0.5},"24":{"id":24,"position":[589.34485912323,-1035.200953483582,2101.563215255737],"positionconfidence":0.5,"rotation":[0.009868430905044079,0.9999513030052185,0,-0.9838659167289734,0.009709686040878296,-0.1786436885595322,-0.178634986281395,0.001762932864949107,0.9839138388633728],"rotationconfidence":0.5}},"skeletonTracked":true,"frameCount":1},{"position":[222.8078693151474,-409.6871614456177,2410.171508789063],"positionTracked":true,"id":4232,"skeleton":{"1":{"id":1,"position":[241.8550103902817,257.6358318328857,2687.812328338623],"positionconfidence":1,"rotation":[0.98984694480896,0.1421373933553696,0,-0.141441285610199,0.9849992394447327,0.09884801506996155,0.01404999941587448,-0.09784440696239471,0.99510258436203],"rotationconfidence":1},"2":{"id":2,"position":[271.8774378299713,48.55919256806374,2666.830778121948],"positionconfidence":1,"rotation":[0.9880977272987366,0.1465714126825333,-0.04668693244457245,-0.141441285610199,0.9849992394447327,0.09884801506996155,0.06047488376498222,-0.09106803685426712,0.9940066933631897],"rotationconfidence":1},"3":{"id":3,"position":[247.0869272947311,-305.6916296482086,2583.266496658325],"positionconfidence":1,"rotation":[0.995910108089447,-0.05231770873069763,-0.07366219162940979,0.06795334070920944,0.9710379838943481,0.2290582954883575,0.05954497680068016,-0.2331270277500153,0.9706215858459473],"rotationconfidence":1},"4":{"id":4,"position":[238.5276854038239,-352.6655733585358,2513.627052307129],"positionconfidence":1,"rotation":[0.9938117861747742,-0.01878463476896286,-0.1094765588641167,0.1013693884015083,0.5563249588012695,0.8247585892677307,0.04541176185011864,-0.830752432346344,0.5547865629196167],"rotationconfidence":1},"6":{"id":6,"position":[75.8250430226326,-86.52031421661377,2649.463891983032],"positionconfidence":1,"rotation":[0.2164095193147659,0.9661508798599243,-0.1404260396957398,0.06605323404073715,-0.1579942256212235,-0.9852283596992493,-0.9740656614303589,0.2039371728897095,-0.09800883382558823],"rotationconfidence":1},"7":{"id":7,"position":[20.37067338824272,-334.0939283370972,2685.447692871094],"positionconfidence":1,"rotation":[0.04396853968501091,0.5955055952072144,0.8021469712257385,0.2219523936510086,0.7770345211029053,-0.5890283584594727,-0.9740656614303589,0.2039371728897095,-0.09800883382558823],"rotationconfidence":1},"8":{"id":8,"position":[8.067317306995392,-500.7293820381165,2460.989475250244],"positionconfidence":1,"rotation":[-0.02606500126421452,0.581812858581543,0.8129050135612488,0,0.8131812810897827,-0.5820105671882629,-0.9996603727340698,-0.01517010573297739,-0.02119557186961174],"rotationconfidence":1},"9":{"id":9,"position":[10.41957084089518,-553.2354712486267,2387.628316879273],"positionconfidence":1,"rotation":[-0.02606500126421452,0.581812858581543,0.8129050135612488,0,0.8131812810897827,-0.5820105671882629,-0.9996603727340698,-0.01517010573297739,-0.02119557186961174],"rotationconfidence":1},"12":{"id":12,"position":[441.1514699459076,-85.27174592018127,2627.351999282837],"positionconfidence":1,"rotation":[0.2801865339279175,-0.9586959481239319,0.04896551743149757,-0.4299559891223908,-0.1709372103214264,-0.8865203261375427,0.858273446559906,0.227338045835495,-0.4600913524627686],"rotationconfidence":1},"13":{"id":13,"position":[513.4790539741516,-332.7503204345703,2639.991998672485],"positionconfidence":1,"rotation":[-0.2735034823417664,-0.5559685230255127,-0.7849171161651611,-0.4342378377914429,0.79951012134552,-0.4149952828884125,0.858273446559906,0.227338045835495,-0.4600913524627686],"rotationconfidence":1},"14":{"id":14,"position":[444.6930587291718,-472.5761413574219,2442.585706710815],"positionconfidence":1,"rotation":[0.08066697418689728,-0.3080934882164002,-0.9479299783706665,0,-0.9510292410850525,0.3091008067131043,-0.9967410564422607,-0.02493422664701939,-0.07671665400266647],"rotationconfidence":1},"15":{"id":15,"position":[448.7175345420837,-487.9469275474548,2395.293474197388],"positionconfidence":1,"rotation":[0.08066697418689728,-0.3080934882164002,-0.9479299783706665,0,-0.9510292410850525,0.3091008067131043,-0.9967410564422607,-0.02493422664701939,-0.07671665400266647],"rotationconfidence":1},"17":{"id":17,"position":[149.1378843784332,-428.5635352134705,2488.244533538818],"positionconfidence":1,"rotation":[0.9554481506347656,-0.2427369654178619,-0.1679216176271439,0.2855521440505981,0.9041478037834167,0.317768394947052,0.07469182461500168,-0.3515616059303284,0.9331803917884827],"rotationconfidence":1},"18":{"id":18,"position":[49.6109239757061,-743.6971664428711,2377.488851547241],"positionconfidence":1,"rotation":[0.8296143412590027,-0.5583368539810181,0,0.5537213087081909,0.8227561712265015,0.1283166259527206,-0.0716439038515091,-0.1064533144235611,0.9917333126068115],"rotationconfidence":1},"19":{"id":19,"position":[-153.2364636659622,-1045.101404190064,2330.482006072998],"positionconfidence":0.5,"rotation":[0.3283161222934723,-0.944567859172821,0,0.850439190864563,0.2955985367298126,-0.4351719617843628,0.411049485206604,0.1428739875555039,0.9003473520278931],"rotationconfidence":0.5},"20":{"id":20,"position":[-196.6789364814758,-1060.201287269592,2235.327243804932],"positionconfidence":0.5,"rotation":[0.3283161222934723,-0.944567859172821,0,0.850439190864563,0.2955985367298126,-0.4351719617843628,0.411049485206604,0.1428739875555039,0.9003473520278931],"rotationconfidence":0.5},"21":{"id":21,"position":[315.2141571044922,-428.2946586608887,2475.053071975708],"positionconfidence":1,"rotation":[0.9762038588523865,0.2168167978525162,-0.004065562970936298,-0.2032956331968308,0.9215292930603027,0.3308393061161041,0.07547805458307266,-0.322140097618103,0.9436783790588379],"rotationconfidence":1},"22":{"id":22,"position":[385.5704665184021,-747.2164034843445,2360.556602478027],"positionconfidence":1,"rotation":[0.8674024939537048,0.4722790420055389,0.1567331254482269,-0.4918650090694428,0.7660408616065979,0.413823813199997,0.07537633925676346,-0.4360433518886566,0.896763265132904],"rotationconfidence":1},"23":{"id":23,"position":[570.4665780067444,-1035.17746925354,2204.996824264526],"positionconfidence":0.5,"rotation":[0.01267725042998791,0.9999196529388428,0,-0.983765721321106,0.01247244607657194,-0.1790234595537186,-0.1790090650320053,0.002269525080919266,0.9838447570800781],"rotationconfidence":0.5},"24":{"id":24,"position":[589.2906785011292,-1035.416126251221,2101.538419723511],"positionconfidence":0.5,"rotation":[0.01267725042998791,0.9999196529388428,0,-0.983765721321106,0.01247244607657194,-0.1790234595537186,-0.1790090650320053,0.002269525080919266,0.9838447570800781],"rotationconfidence":0.5}},"skeletonTracked":true,"frameCount":2},{"position":[222.3083674907684,-411.545604467392,2409.793138504028],"positionTracked":true,"id":4232,"skeleton":{"1":{"id":1,"position":[241.8670654296875,257.919192314148,2687.247037887573],"positionconfidence":1,"rotation":[0.9898077249526978,0.1424101293087006,0,-0.1416991353034973,0.9848660230636597,0.09980110824108124,0.01421268843114376,-0.09878391027450562,0.9950073957443237],"rotationconfidence":1},"2":{"id":2,"position":[271.9572484493256,48.78030717372894,2666.054010391235],"positionconfidence":1,"rotation":[0.9881545901298523,0.1467282474040985,-0.0449596494436264,-0.1416991353034973,0.9848660230636597,0.09980110824108124,0.05892287194728851,-0.09224817156791687,0.9939911365509033],"rotationconfidence":1},"3":{"id":3,"position":[247.05670773983,-305.5092692375183,2582.889795303345],"positionconfidence":1,"rotation":[0.9959827065467834,-0.05307051166892052,-0.07212449610233307,0.06826359778642654,0.9712674021720886,0.2279905825853348,0.05795259401202202,-0.2319981604814529,0.9709883332252502],"rotationconfidence":1},"4":{"id":4,"position":[238.5506182909012,-352.5274395942688,2513.30304145813],"positionconfidence":1,"rotation":[0.9939298033714294,-0.0195938590914011,-0.108256071805954,0.1007687747478485,0.5570083856582642,0.824370801448822,0.04414693638682365,-0.8302756547927856,0.5556017160415649],"rotationconfidence":1},"6":{"id":6,"position":[75.8405476808548,-86.24644577503204,2648.813247680664],"positionconfidence":1,"rotation":[0.2166622877120972,0.9662232995033264,-0.1395350694656372,0.0674867182970047,-0.1574120372533798,-0.9852244257926941,-0.9739112257957458,0.2040441930294037,-0.09931248426437378],"rotationconfidence":1},"7":{"id":7,"position":[20.2882457524538,-333.9865207672119,2684.590101242065],"positionconfidence":1,"rotation":[0.04156364127993584,0.5906218886375427,0.8058772683143616,0.2230907082557678,0.7807251214981079,-0.5836941003799438,-0.9739112257957458,0.2040441930294037,-0.09931248426437378],"rotationconfidence":1},"8":{"id":8,"position":[8.7532177567482,-497.8999793529511,2460.9375],"positionconfidence":1,"rotation":[-0.01842296868562698,0.583065390586853,0.8122163414955139,0,0.8123542070388794,-0.583164393901825,-0.9998303651809692,-0.01074361894279718,-0.01496597565710545],"rotationconfidence":1},"9":{"id":9,"position":[10.38976479321718,-549.6947765350342,2388.786792755127],"positionconfidence":1,"rotation":[-0.01842296868562698,0.583065390586853,0.8122163414955139,0,0.8123542070388794,-0.583164393901825,-0.9998303651809692,-0.01074361894279718,-0.01496597565710545],"rotationconfidence":1},"12":{"id":12,"position":[441.3425326347351,-85.23327112197876,2627.240657806397],"positionconfidence":1,"rotation":[0.2794099450111389,-0.958907425403595,0.04925979301333427,-0.4125721752643585,-0.1662259697914124,-0.8956300616264343,0.8670146465301514,0.229924738407135,-0.4420637488365173],"rotationconfidence":1},"13":{"id":13,"position":[513.4647488594055,-332.7496349811554,2639.955759048462],"positionconfidence":1,"rotation":[-0.2614349126815796,-0.545350193977356,-0.7963950634002686,-0.424190491437912,0.8060570955276489,-0.4127162396907806,0.8670146465301514,0.229924738407135,-0.4420637488365173],"rotationconfidence":1},"14":{"id":14,"position":[449.8620629310608,-465.4240906238556,2446.206331253052],"positionconfidence":1,"rotation":[0.2280587106943131,-0.0563119687139988,-0.9720175862312317,0,-0.9983261227607727,0.05783610045909882,-0.97364741563797,-0.01319002639502287,-0.2276769727468491],"rotationconfidence":1},"15":{"id":15,"position":[462.4261260032654,-468.5263931751251,2392.656564712524],"positionconfidence":1,"rotation":[0.2280587106943131,-0.0563119687139988,-0.9720175862312317,0,-0.9983261227607727,0.05783610045909882,-0.97364741563797,-0.01319002639502287,-0.2276769727468491],"rotationconfidence":1},"17":{"id":17,"position":[149.1505354642868,-428.4060299396515,2487.869739532471],"positionconfidence":1,"rotation":[0.956110954284668,-0.2416251450777054,-0.1657383143901825,0.2836900353431702,0.9048799276351929,0.3173521459102631,0.07329300045967102,-0.3504421412944794,0.9337121844291687],"rotationconfidence":1},"18":{"id":18,"position":[50.37884414196014,-743.4559464454651,2377.377986907959],"positionconfidence":1,"rotation":[0.8290812969207764,-0.5591281652450562,0,0.5544228553771973,0.822104275226593,0.1294599771499634,-0.07238472253084183,-0.1073328480124474,0.9915847182273865],"rotationconfidence":1},"19":{"id":19,"position":[-153.0218869447708,-1045.060753822327,2329.883098602295],"positionconfidence":0.5,"rotation":[0.3285841047763825,-0.9444746375083923,0,0.8512729406356812,0.2961591184139252,-0.4331559538841248,0.4091048836708069,0.1423281878232956,0.9013190269470215],"rotationconfidence":0.5},"20":{"id":20,"position":[-196.2766200304031,-1060.10913848877,2234.586477279663],"positionconfidence":0.5,"rotation":[0.3285841047763825,-0.9444746375083923,0,0.8512729406356812,0.2961591184139252,-0.4331559538841248,0.4091048836708069,0.1423281878232956,0.9013190269470215],"rotationconfidence":0.5},"21":{"id":21,"position":[315.220981836319,-428.2633364200592,2474.887371063232],"positionconfidence":1,"rotation":[0.9763127565383911,0.2163476943969727,-0.002677959389984608,-0.2032987922430039,0.9215222597122192,0.3308570981025696,0.07404796034097672,-0.3224755227565765,0.9436770677566528],"rotationconfidence":1},"22":{"id":22,"position":[385.6003880500794,-747.2823858261108,2360.34893989563],"positionconfidence":1,"rotation":[0.8675440549850464,0.4719405770301819,0.1569693088531494,-0.4917033016681671,0.7663759589195251,0.4133952558040619,0.07480049133300781,-0.4358209371566773,0.8969196677207947],"rotationconfidence":1},"23":{"id":23,"position":[570.4035758972168,-1035.319328308106,2204.97727394104],"positionconfidence":0.5,"rotation":[0.01543174218386412,0.9998809099197388,0,-0.9836363196372986,0.01518103014677763,-0.1795241385698319,-0.1795027703046799,0.002770370338112116,0.983753502368927],"rotationconfidence":0.5},"24":{"id":24,"position":[589.2810821533203,-1035.610675811768,2101.520299911499],"positionconfidence":0.5,"rotation":[0.01543174218386412,0.9998809099197388,0,-0.9836363196372986,0.01518103014677763,-0.1795241385698319,-0.1795027703046799,0.002770370338112116,0.983753502368927],"rotationconfidence":0.5}},"skeletonTracked":true,"frameCount":3},{"position":[223.5484719276428,-409.378319978714,2409.828662872315],"positionTracked":true,"id":4232,"skeleton":{"1":{"id":1,"position":[242.3660308122635,258.2255303859711,2686.73300743103],"positionconfidence":1,"rotation":[0.9900596141815186,0.1406483054161072,0,-0.1399415284395218,0.9850844740867615,0.1001248061656952,0.01408238429576159,-0.09912952780723572,0.9949749112129211],"rotationconfidence":1},"2":{"id":2,"position":[272.0875442028046,49.00814592838287,2665.467977523804],"positionconfidence":1,"rotation":[0.988506019115448,0.1448336690664291,-0.04334942623972893,-0.1399415284395218,0.9850844740867615,0.1001248061656952,0.05720428749918938,-0.09290758520364761,0.9940301179885864],"rotationconfidence":1},"3":{"id":3,"position":[247.0377385616303,-305.3503930568695,2582.592725753784],"positionconfidence":1,"rotation":[0.9960552453994751,-0.05393145233392716,-0.07046638429164886,0.06867065280675888,0.9714260101318359,0.2271912842988968,0.05620012059807777,-0.2311340272426605,0.9712974429130554],"rotationconfidence":1},"4":{"id":4,"position":[238.5810613632202,-352.4088263511658,2513.046026229858],"positionconfidence":1,"rotation":[0.994036078453064,-0.02028151042759419,-0.1071485206484795,0.100201852619648,0.5575880408287048,0.8240480422973633,0.04303179308772087,-0.8298699855804443,0.556294858455658],"rotationconfidence":1},"6":{"id":6,"position":[75.89156925678253,-85.99697053432465,2648.128509521484],"positionconfidence":1,"rotation":[0.2170642614364624,0.9662019610404968,-0.1390567570924759,0.06554096937179565,-0.1565572321414948,-0.9854918122291565,-0.9739545583724976,0.20480115711689,-0.09730879962444305],"rotationconfidence":1},"7":{"id":7,"position":[20.20739950239658,-333.8597714900971,2683.801174163818],"positionconfidence":1,"rotation":[0.04113548994064331,0.5816318392753601,0.812411367893219,0.2229806780815125,0.7872489094734192,-0.5749076008796692,-0.9739545583724976,0.20480115711689,-0.09730879962444305],"rotationconfidence":1},"8":{"id":8,"position":[8.904212154448032,-493.6802387237549,2460.567235946655],"positionconfidence":1,"rotation":[-0.00327704194933176,0.5787177681922913,0.815521240234375,0,0.8155256509780884,-0.5787209272384644,-0.9999945759773254,-0.001896492787636817,-0.002672511851415038],"rotationconfidence":1},"9":{"id":9,"position":[9.189438074827194,-544.0504550933838,2389.586210250855],"positionconfidence":1,"rotation":[-0.00327704194933176,0.5787177681922913,0.815521240234375,0,0.8155256509780884,-0.5787209272384644,-0.9999945759773254,-0.001896492787636817,-0.002672511851415038],"rotationconfidence":1},"12":{"id":12,"position":[441.4976835250855,-85.20492911338806,2627.16269493103],"positionconfidence":1,"rotation":[0.2789206206798554,-0.9589967727661133,0.05028361827135086,-0.4084977805614471,-0.1658723801374435,-0.8975611329078674,0.8690989017486572,0.2298075556755066,-0.4380132853984833],"rotationconfidence":1},"13":{"id":13,"position":[513.491690158844,-332.7378034591675,2640.141725540161],"positionconfidence":1,"rotation":[-0.2589816749095917,-0.5430347323417664,-0.7987752556800842,-0.4214210212230682,0.8076521158218384,-0.4124349355697632,0.8690989017486572,0.2298075556755066,-0.4380132853984833],"rotationconfidence":1},"14":{"id":14,"position":[450.9080350399017,-463.9636874198914,2447.115421295166],"positionconfidence":1,"rotation":[0.4404821395874023,0.2650391161441803,-0.8577468991279602,0,-0.9554286003112793,-0.2952222228050232,-0.897761344909668,0.1300401091575623,-0.4208492338657379],"rotationconfidence":1},"15":{"id":15,"position":[477.0707786083221,-448.2215046882629,2396.168947219849],"positionconfidence":1,"rotation":[0.4404821395874023,0.2650391161441803,-0.8577468991279602,0,-0.9554286003112793,-0.2952222228050232,-0.897761344909668,0.1300401091575623,-0.4208492338657379],"rotationconfidence":1},"17":{"id":17,"position":[149.1687893867493,-428.2690286636353,2487.563610076904],"positionconfidence":1,"rotation":[0.9566943645477295,-0.2406295537948608,-0.1638090312480927,0.2820335626602173,0.9055324792861938,0.3169669210910797,0.07206278294324875,-0.3494400978088379,0.9341834187507629],"rotationconfidence":1},"18":{"id":18,"position":[51.06789618730545,-743.2441115379333,2377.311706542969],"positionconfidence":1,"rotation":[0.8286803960800171,-0.5597220659255981,0,0.5549284815788269,0.8215833902359009,0.1305953860282898,-0.0730971172451973,-0.1082218363881111,0.9914357662200928],"rotationconfidence":1},"19":{"id":19,"position":[-152.7785509824753,-1045.043110847473,2329.339027404785],"positionconfidence":0.5,"rotation":[0.3294042050838471,-0.9441890120506287,0,0.8519631624221802,0.2972289025783539,-0.431061178445816,0.4070032238960266,0.1419933587312698,0.9023227095603943],"rotationconfidence":0.5},"20":{"id":20,"position":[-195.8264410495758,-1060.061454772949,2233.902215957642],"positionconfidence":0.5,"rotation":[0.3294042050838471,-0.9441890120506287,0,0.8519631624221802,0.2972289025783539,-0.431061178445816,0.4070032238960266,0.1419933587312698,0.9023227095603943],"rotationconfidence":0.5},"21":{"id":21,"position":[315.2399063110352,-428.2371699810028,2474.764823913574],"positionconfidence":1,"rotation":[0.9764090776443481,0.2159239053726196,-0.001458134036511183,-0.2032905369997025,0.9215153455734253,0.3308812975883484,0.07278887182474136,-0.3227790594100952,0.9436712265014648],"rotationconfidence":1},"22":{"id":22,"position":[385.6360614299774,-747.3427057266235,2360.186100006104],"positionconfidence":1,"rotation":[0.8676547408103943,0.4715734422206879,0.1574603021144867,-0.4916194975376129,0.7666231989860535,0.4130364954471588,0.07406432181596756,-0.4357836246490479,0.896998941898346],"rotationconfidence":1},"23":{"id":23,"position":[570.3789591789246,-1035.427689552307,2204.973459243774],"positionconfidence":0.5,"rotation":[0.01815476268529892,0.999835193157196,0,-0.983447253704071,0.01785719394683838,-0.1803124099969864,-0.1802826970815659,0.003273529233410955,0.9836093783378601],"rotationconfidence":0.5},"24":{"id":24,"position":[589.3392562866211,-1035.77196598053,2101.527452468872],"positionconfidence":0.5,"rotation":[0.01815476268529892,0.999835193157196,0,-0.983447253704071,0.01785719394683838,-0.1803124099969864,-0.1802826970815659,0.003273529233410955,0.9836093783378601],"rotationconfidence":0.5}},"skeletonTracked":true,"frameCount":4},{"position":[222.2958356142044,-412.0321869850159,2405.328750610352],"positionTracked":true,"id":4232,"skeleton":{"1":{"id":1,"position":[243.3469295501709,258.1590116024017,2685.490608215332],"positionconfidence":1,"rotation":[0.9905611872673035,0.1370713263750076,0,-0.1364137679338455,0.985809326171875,0.09783241152763367,0.01341001875698566,-0.09690898656845093,0.995202898979187],"rotationconfidence":1},"2":{"id":2,"position":[272.2763419151306,49.09738525748253,2664.743185043335],"positionconfidence":1,"rotation":[0.9891439080238342,0.1409871280193329,-0.04143392667174339,-0.1364137679338455,0.985809326171875,0.09783241152763367,0.0546390675008297,-0.09111818671226501,0.9943399429321289],"rotationconfidence":1},"3":{"id":3,"position":[247.0288723707199,-305.2589595317841,2582.348585128784],"positionconfidence":1,"rotation":[0.9961615204811096,-0.05517411231994629,-0.06795664876699448,0.06923100352287292,0.9716793894767761,0.2259339541196823,0.05356637760996819,-0.2297714352607727,0.9717694520950317],"rotationconfidence":1},"4":{"id":4,"position":[238.6310398578644,-352.355569601059,2512.832403182983],"positionconfidence":1,"rotation":[0.994152843952179,-0.02089508250355721,-0.1059413924813271,0.09951607882976532,0.5581047534942627,0.8237813711166382,0.04191341251134872,-0.8295073509216309,0.5569207668304443],"rotationconfidence":1},"6":{"id":6,"position":[76.09483599662781,-85.78692376613617,2647.176504135132],"positionconfidence":1,"rotation":[0.21845443546772,0.965936541557312,-0.1387235969305039,0.0640711560845375,-0.1560477465391159,-0.9856693148612976,-0.9737415313720703,0.2064356654882431,-0.09597799926996231],"rotationconfidence":1},"7":{"id":7,"position":[20.02682350575924,-333.7019681930542,2682.780981063843],"positionconfidence":1,"rotation":[0.04193876311182976,0.5770371556282043,0.815640389919281,0.2237601429224014,0.7901977300643921,-0.5705426931381226,-0.9737415313720703,0.2064356654882431,-0.09597799926996231],"rotationconfidence":1},"8":{"id":8,"position":[8.608004078269005,-490.8139705657959,2460.703611373901],"positionconfidence":1,"rotation":[0.01162712462246418,0.578269362449646,0.815762996673584,0,0.8158181309700012,-0.5783084630966187,-0.9999322891235352,0.006724064704030752,0.009485619142651558],"rotationconfidence":1},"9":{"id":9,"position":[7.614731788635254,-540.2138829231262,2391.015291213989],"positionconfidence":1,"rotation":[0.01162712462246418,0.578269362449646,0.815762996673584,0,0.8158181309700012,-0.5783084630966187,-0.9999322891235352,0.006724064704030752,0.009485619142651558],"rotationconfidence":1},"12":{"id":12,"position":[441.9374167919159,-85.35130321979523,2627.113342285156],"positionconfidence":1,"rotation":[0.2770175337791443,-0.9594264626502991,0.05255706608295441,-0.4156043231487274,-0.1689558774232864,-0.8937152624130249,0.8663338422775269,0.2257318198680878,-0.445545494556427],"rotationconfidence":1},"13":{"id":13,"position":[513.4172439575195,-332.9155445098877,2640.674829483032],"positionconfidence":1,"rotation":[-0.2618641555309296,-0.5543337464332581,-0.790026068687439,-0.4253149330615997,0.8010987043380737,-0.4211270213127136,0.8663338422775269,0.2257318198680878,-0.445545494556427],"rotationconfidence":1},"14":{"id":14,"position":[449.1976499557495,-468.8604176044464,2446.92873954773],"positionconfidence":1,"rotation":[-0.1143960803747177,-0.5066755414009094,-0.8545135855674744,0,-0.8601603507995605,0.5100237131118774,-0.993435263633728,0.05834471434354782,0.09839897602796555],"rotationconfidence":1},"15":{"id":15,"position":[441.2188827991486,-504.1994452476502,2387.3291015625],"positionconfidence":1,"rotation":[-0.1143960803747177,-0.5066755414009094,-0.8545135855674744,0,-0.8601603507995605,0.5100237131118774,-0.993435263633728,0.05834471434354782,0.09839897602796555],"rotationconfidence":1},"17":{"id":17,"position":[149.2139548063278,-428.2019436359406,2487.293720245361],"positionconfidence":1,"rotation":[0.9569886922836304,-0.2404267191886902,-0.1623814404010773,0.2813587188720703,0.9056398868560791,0.3172597289085388,0.07078137993812561,-0.3493013978004456,0.9343332052230835],"rotationconfidence":1},"18":{"id":18,"position":[51.27045884728432,-743.4633374214172,2376.852750778198],"positionconfidence":1,"rotation":[0.829230546951294,-0.5589066743850708,0,0.5540479421615601,0.8220217823982239,0.1315717548131943,-0.07353632897138596,-0.1091033145785332,0.9913066625595093],"rotationconfidence":1},"19":{"id":19,"position":[-152.199998497963,-1045.345425605774,2328.533887863159],"positionconfidence":0.5,"rotation":[0.3387175798416138,-0.9408881068229675,0,0.8508588671684265,0.3063072562217712,-0.4268665015697479,0.4016335904598236,0.1445871889591217,0.9043146371841431],"rotationconfidence":0.5},"20":{"id":20,"position":[-194.7149336338043,-1060.650706291199,2232.807636260986],"positionconfidence":0.5,"rotation":[0.3387175798416138,-0.9408881068229675,0,0.8508588671684265,0.3063072562217712,-0.4268665015697479,0.4016335904598236,0.1445871889591217,0.9043146371841431],"rotationconfidence":0.5},"21":{"id":21,"position":[315.3069019317627,-428.2759130001068,2474.683523178101],"positionconfidence":1,"rotation":[0.9765228629112244,0.215413972735405,-0.0002041593397734687,-0.2032025158405304,0.9214791655540466,0.3310361206531525,0.07149793207645416,-0.3232228457927704,0.94361811876297],"rotationconfidence":1},"22":{"id":22,"position":[385.6821060180664,-747.4121451377869,2360.03565788269],"positionconfidence":1,"rotation":[0.867741048336029,0.470944881439209,0.1588595658540726,-0.4916974008083344,0.7667862176895142,0.4126409888267517,0.07251983880996704,-0.4361763596534729,0.8969342708587646],"rotationconfidence":1},"23":{"id":23,"position":[570.4560875892639,-1035.561203956604,2204.970121383667],"positionconfidence":0.5,"rotation":[0.02170811407268047,0.9997644424438477,0,-0.9830302596092224,0.02134476043283939,-0.1821977645158768,-0.1821548193693161,0.00395516911521554,0.9832618832588196],"rotationconfidence":0.5},"24":{"id":24,"position":[589.6167755126953,-1035.977244377136,2101.541757583618],"positionconfidence":0.5,"rotation":[0.02170811407268047,0.9997644424438477,0,-0.9830302596092224,0.02134476043283939,-0.1821977645158768,-0.1821548193693161,0.00395516911521554,0.9832618832588196],"rotationconfidence":0.5}},"skeletonTracked":true,"frameCount":5},{"position":[220.5711007118225,-410.4982018470764,2404.728174209595],"positionTracked":true,"id":4232,"skeleton":{"1":{"id":1,"position":[244.7439879179001,258.1121027469635,2684.189796447754],"positionconfidence":1,"rotation":[0.991256833076477,0.1319470256567001,0,-0.1313339471817017,0.9866509437561035,0.09628751128911972,0.01270485110580921,-0.0954456552863121,0.995353639125824],"rotationconfidence":1},"2":{"id":2,"position":[272.5545465946198,49.18428137898445,2663.800477981567],"positionconfidence":1,"rotation":[0.9900015592575073,0.1355787813663483,-0.03892642259597778,-0.1313339471817017,0.9866509437561035,0.09628751128911972,0.05146133527159691,-0.09021242707967758,0.9945920705795288],"rotationconfidence":1},"3":{"id":3,"position":[247.0360398292542,-305.1717281341553,2582.109212875366],"positionconfidence":1,"rotation":[0.9962805509567261,-0.05680958554148674,-0.06478995084762573,0.0700010284781456,0.9720508456230164,0.2240912020206451,0.05024860426783562,-0.2277930974960327,0.9724122285842896],"rotationconfidence":1},"4":{"id":4,"position":[238.7122958898544,-352.3151278495789,2512.625217437744],"positionconfidence":1,"rotation":[0.9943049550056458,-0.02180200070142746,-0.1043192595243454,0.09864713996648788,0.5587103366851807,0.8234753012657166,0.04033083841204643,-0.8290762901306152,0.5576791167259216],"rotationconfidence":1},"6":{"id":6,"position":[76.40489935874939,-85.49968898296356,2646.032810211182],"positionconfidence":1,"rotation":[0.2206698656082153,0.9655643105506897,-0.1378052830696106,0.06510744243860245,-0.1555557101964951,-0.9856791496276855,-0.9731730818748474,0.2085375487804413,-0.09719188511371613],"rotationconfidence":1},"7":{"id":7,"position":[19.74325254559517,-333.4287106990814,2681.417226791382],"positionconfidence":1,"rotation":[0.04171742126345635,0.5753740668296814,0.8168256878852844,0.2262605130672455,0.7908581495285034,-0.5686382055282593,-0.9731730818748474,0.2085375487804413,-0.09719188511371613],"rotationconfidence":1},"8":{"id":8,"position":[8.471452631056309,-488.8913631439209,2460.715770721436],"positionconfidence":1,"rotation":[0.02031704783439636,0.5800268650054932,0.8143439888954163,0,0.8145120739936829,-0.5801465511322021,-0.9997935891151428,0.01178686507046223,0.01654848083853722],"rotationconfidence":1},"9":{"id":9,"position":[6.754416506737471,-537.9106402397156,2391.893863677979],"positionconfidence":1,"rotation":[0.02031704783439636,0.5800268650054932,0.8143439888954163,0,0.8145120739936829,-0.5801465511322021,-0.9997935891151428,0.01178686507046223,0.01654848083853722],"rotationconfidence":1},"12":{"id":12,"position":[442.632406949997,-85.67053824663162,2627.068281173706],"positionconfidence":1,"rotation":[0.2738836109638214,-0.9601660370826721,0.05539720505475998,-0.423577219247818,-0.1721354573965073,-0.8893545866012573,0.8634639978408813,0.220114678144455,-0.453849583864212],"rotationconfidence":1},"13":{"id":13,"position":[513.2660865783691,-333.2941830158234,2641.355037689209],"positionconfidence":1,"rotation":[-0.2658559083938599,-0.5660455226898193,-0.7803288698196411,-0.4286613762378693,0.7944445013999939,-0.4302411377429962,0.8634639978408813,0.220114678144455,-0.453849583864212],"rotationconfidence":1},"14":{"id":14,"position":[447.0677375793457,-474.2400050163269,2447.052478790283],"positionconfidence":1,"rotation":[-0.2863786816596985,-0.6708420515060425,-0.6840745806694031,0,-0.7139785289764404,0.7001675367355347,-0.9581164121627808,0.2005130499601364,0.204468235373497],"rotationconfidence":1},"15":{"id":15,"position":[420.6389486789703,-536.1494421958923,2383.92186164856],"positionconfidence":1,"rotation":[-0.2863786816596985,-0.6708420515060425,-0.6840745806694031,0,-0.7139785289764404,0.7001675367355347,-0.9581164121627808,0.2005130499601364,0.204468235373497],"rotationconfidence":1},"17":{"id":17,"position":[149.2843180894852,-428.1483292579651,2487.004041671753],"positionconfidence":1,"rotation":[0.9570721983909607,-0.241037592291832,-0.1609771549701691,0.2815071940422058,0.9052767157554626,0.3181630969047546,0.06903961300849915,-0.3498212695121765,0.9342690110206604],"rotationconfidence":1},"18":{"id":18,"position":[51.0437935590744,-744.0722584724426,2375.97131729126],"positionconfidence":1,"rotation":[0.8309484720230103,-0.5563494563102722,0,0.5514218211174011,0.8235887289047241,0.1327995508909226,-0.07388295978307724,-0.1103495806455612,0.9911430478096008],"rotationconfidence":1},"19":{"id":19,"position":[-151.1214971542358,-1046.020865440369,2327.283620834351],"positionconfidence":0.5,"rotation":[0.3575731217861176,-0.9338851571083069,0,0.847688615322113,0.3245695233345032,-0.4196172952651978,0.3918743431568146,0.150043860077858,0.9077011346817017],"rotationconfidence":0.5},"20":{"id":20,"position":[-192.661464214325,-1061.926007270813,2231.064319610596],"positionconfidence":0.5,"rotation":[0.3575731217861176,-0.9338851571083069,0,0.847688615322113,0.3245695233345032,-0.4196172952651978,0.3918743431568146,0.150043860077858,0.9077011346817017],"rotationconfidence":0.5},"21":{"id":21,"position":[315.4319524765015,-428.3840358257294,2474.637985229492],"positionconfidence":1,"rotation":[0.9766843914985657,0.2146749943494797,0.001482388121075928,-0.2030283361673355,0.9214088320732117,0.331338495016098,0.06976421177387238,-0.3239141404628754,0.9435107707977295],"rotationconfidence":1},"22":{"id":22,"position":[385.7494294643402,-747.5076913833618,2359.881162643433],"positionconfidence":1,"rotation":[0.8677586913108826,0.4701221585273743,0.1611834764480591,-0.4920007586479187,0.7667985558509827,0.4122564196586609,0.0702156201004982,-0.4370414912700653,0.8966965675354004],"rotationconfidence":1},"23":{"id":23,"position":[570.6599354743958,-1035.696506500244,2204.941272735596],"positionconfidence":0.5,"rotation":[0.02468587271869183,0.9996952414512634,0,-0.9824258685112,0.02425943315029144,-0.1850697249174118,-0.1850133240222931,0.00456860801205039,0.9827253818511963],"rotationconfidence":0.5},"24":{"id":24,"position":[590.129554271698,-1036.177277565002,2101.525545120239],"positionconfidence":0.5,"rotation":[0.02468587271869183,0.9996952414512634,0,-0.9824258685112,0.02425943315029144,-0.1850697249174118,-0.1850133240222931,0.00456860801205039,0.9827253818511963],"rotationconfidence":0.5}},"skeletonTracked":true,"frameCount":6},{"position":[220.4164564609528,-412.5890135765076,2403.731822967529],"positionTracked":true,"id":4232,"skeleton":{"1":{"id":1,"position":[246.4451491832733,258.3687603473663,2682.69419670105],"positionconfidence":1,"rotation":[0.9920707941055298,0.1256808340549469,0,-0.1251203119754791,0.987646222114563,0.09433875977993011,0.01185657363384962,-0.09359072893857956,0.995540201663971],"rotationconfidence":1},"2":{"id":2,"position":[272.9234397411346,49.36045408248901,2662.729978561401],"positionconfidence":1,"rotation":[0.9909708499908447,0.1290242820978165,-0.03646179661154747,-0.1251203119754791,0.987646222114563,0.09433875977993011,0.04818334802985191,-0.08892485499382019,0.9948722124099731],"rotationconfidence":1},"3":{"id":3,"position":[247.055396437645,-305.0744831562042,2581.826210021973],"positionconfidence":1,"rotation":[0.99637770652771,-0.05866805464029312,-0.06155872344970703,0.07097432762384415,0.9724655747413635,0.2219762355089188,0.04684082046151161,-0.2255412489175797,0.973106861114502],"rotationconfidence":1},"4":{"id":4,"position":[238.8032227754593,-352.2810339927673,2512.391567230225],"positionconfidence":1,"rotation":[0.9944487810134888,-0.02272323332726955,-0.1027394682168961,0.09781325608491898,0.5595406293869019,0.8230108618736267,0.03878543898463249,-0.8284913897514343,0.5586571097373962],"rotationconfidence":1},"6":{"id":6,"position":[76.74282789230347,-85.18955111503601,2644.685029983521],"positionconfidence":1,"rotation":[0.2231656759977341,0.9650790095329285,-0.1371846944093704,0.06633437424898148,-0.155443087220192,-0.9856151342391968,-0.9725208282470703,0.2108553946018219,-0.09870746731758118],"rotationconfidence":1},"7":{"id":7,"position":[19.40140500664711,-333.1622779369354,2679.934024810791],"positionconfidence":1,"rotation":[0.04143894463777542,0.5739743709564209,0.8178241848945618,0.2290982007980347,0.7912607192993164,-0.566939651966095,-0.9725208282470703,0.2108553946018219,-0.09870746731758118],"rotationconfidence":1},"8":{"id":8,"position":[8.28323420137167,-487.16101050