{"motiondata":[{"position":[186.5096986293793,-676.1170029640198,2601.275682449341],"positionTracked":true,"id":4239,"skeleton":{"1":{"id":1,"position":[241.7395710945129,-168.6266958713532,2919.2795753479],"positionconfidence":1,"rotation":[0.9998080134391785,0.01959560252726078,0,-0.01661848649382591,0.8479093909263611,0.5298807621002197,0.01038333307951689,-0.5297790169715881,0.8480722308158875],"rotationconfidence":1},"2":{"id":2,"position":[244.7400689125061,-321.7182755470276,2823.608636856079],"positionconfidence":1,"rotation":[0.9864863157272339,-0.07248982787132263,0.1469362825155258,-0.01661848649382591,0.8479093909263611,0.5298807621002197,-0.1629996001720429,-0.5251619219779968,0.835246205329895],"rotationconfidence":1},"3":{"id":3,"position":[230.9295535087585,-670.5145239830017,2767.927408218384],"positionconfidence":1,"rotation":[0.9870861172676086,-0.06262113898992538,0.1474437564611435,0.03906985744833946,0.9867423176765442,0.1575218439102173,-0.1553531885147095,-0.1497270166873932,0.976446270942688],"rotationconfidence":1},"4":{"id":4,"position":[231.6778004169464,-721.8344807624817,2709.068298339844],"positionconfidence":1,"rotation":[0.9910767674446106,-0.09397062659263611,0.09453317523002625,-0.009581346996128559,0.6571551561355591,0.753694474697113,-0.132948100566864,-0.7478747963905334,0.6503908038139343],"rotationconfidence":1},"6":{"id":6,"position":[118.1892529129982,-465.6757414340973,2777.891635894775],"positionconfidence":1,"rotation":[0.304280161857605,0.9519298076629639,0.03525892645120621,-0.1925899982452393,0.09772586822509766,-0.9764009714126587,-0.9329109191894531,0.2903089225292206,0.2130682021379471],"rotationconfidence":1},"7":{"id":7,"position":[43.37772727012634,-699.7209787368774,2769.222736358643],"positionconfidence":1,"rotation":[0.2368714362382889,0.0490492656826973,0.9703020453453064,0.2712365090847015,0.9556751251220703,-0.1145244836807251,-0.9329109191894531,0.2903089225292206,0.2130682021379471],"rotationconfidence":1},"8":{"id":8,"position":[-2.549261320382357,-709.2311382293701,2581.090927124023],"positionconfidence":1,"rotation":[-0.4494906663894653,-0.6199237108230591,-0.6431583762168884,0,-0.7199923396110535,0.6939820051193237,-0.8932849764823914,0.3119384348392487,0.3236298263072968],"rotationconfidence":1},"9":{"id":9,"position":[6.501364521682262,-696.7487931251526,2594.041109085083],"positionconfidence":1,"rotation":[-0.4494906663894653,-0.6199237108230591,-0.6431583762168884,0,-0.7199923396110535,0.6939820051193237,-0.8932849764823914,0.3119384348392487,0.3236298263072968],"rotationconfidence":1},"12":{"id":12,"position":[399.0060389041901,-486.9703352451325,2819.304466247559],"positionconfidence":1,"rotation":[-0.008945024572312832,-0.9568345546722412,-0.2904954254627228,0.1101043894886971,0.2877981662750244,-0.9513406753540039,0.9938797354698181,-0.04049458727240562,0.102777324616909],"rotationconfidence":1},"13":{"id":13,"position":[397.18097448349,-682.1944713592529,2760.034322738648],"positionconfidence":0.5,"rotation":[0.0719183087348938,-0.4690124988555908,-0.8802585601806641,0.08384955674409866,0.8822627067565918,-0.4632297158241272,0.9938797354698181,-0.04049458727240562,0.102777324616909],"rotationconfidence":0.5},"14":{"id":14,"position":[409.5947444438934,-763.1503939628601,2608.093500137329],"positionconfidence":0.5,"rotation":[-0.00863511674106121,-0.3109413087368012,-0.9503898620605469,0,-0.9504253268241882,0.31095290184021,-0.9999626874923706,0.002685114508494735,0.008207033388316631],"rotationconfidence":0.5},"15":{"id":15,"position":[409.0673625469208,-782.140851020813,2550.049304962158],"positionconfidence":0.5,"rotation":[-0.00863511674106121,-0.3109413087368012,-0.9503898620605469,0,-0.9504253268241882,0.31095290184021,-0.9999626874923706,0.002685114508494735,0.008207033388316631],"rotationconfidence":0.5},"17":{"id":17,"position":[164.6313220262528,-777.4916291236877,2679.886817932129],"positionconfidence":1,"rotation":[0.5380883812904358,-0.7516441941261292,-0.3814339339733124,0.8319893479347229,0.4010970890522003,0.3832944929599762,-0.135109081864357,-0.52359539270401,0.8411858081817627],"rotationconfidence":1},"18":{"id":18,"position":[-87.40190416574478,-898.9953398704529,2563.776016235352],"positionconfidence":1,"rotation":[0.4836992919445038,-0.8752343058586121,0,0.7004563212394714,0.3871080279350281,0.5995901823043823,-0.5247818827629089,-0.2900213599205017,0.8003072738647461],"rotationconfidence":1},"19":{"id":19,"position":[-301.0660409927368,-1017.077088356018,2380.879640579224],"positionconfidence":0.5,"rotation":[-0.712649941444397,-0.701519787311554,0,0.6890317797660828,-0.6999638080596924,-0.1878451108932495,0.1317770630121231,-0.1338678151369095,0.9821986556053162],"rotationconfidence":0.5},"20":{"id":20,"position":[-312.3026490211487,-1005.662202835083,2297.127723693848],"positionconfidence":0.5,"rotation":[-0.712649941444397,-0.701519787311554,0,0.6890317797660828,-0.6999638080596924,-0.1878451108932495,0.1317770630121231,-0.1338678151369095,0.9821986556053162],"rotationconfidence":0.5},"21":{"id":21,"position":[293.2553887367249,-788.1718277931213,2693.89820098877],"positionconfidence":1,"rotation":[0.8317659497261047,0.1999192088842392,0.5178780555725098,-0.5403425097465515,0.5054331421852112,0.6727312207221985,-0.127260833978653,-0.8393864631652832,0.5284269452095032],"rotationconfidence":1},"22":{"id":22,"position":[464.348703622818,-948.2114911079407,2480.88550567627],"positionconfidence":1,"rotation":[0.8323903679847717,0.4752871096134186,0.285006195306778,-0.5185238122940063,0.4864232540130615,0.7032250761985779,0.1956001669168472,-0.7331402897834778,0.6513417363166809],"rotationconfidence":1},"23":{"id":23,"position":[616.9095635414124,-1091.327667236328,2273.98157119751],"positionconfidence":0.5,"rotation":[-0.3715709149837494,0.9284045696258545,0,-0.8892021775245667,-0.3558811247348785,-0.2875208258628845,-0.2669356465339661,-0.1068343743681908,0.9577744603157043],"rotationconfidence":0.5},"24":{"id":24,"position":[639.5641565322876,-1082.260727882385,2192.69609451294],"positionconfidence":0.5,"rotation":[-0.3715709149837494,0.9284045696258545,0,-0.8892021775245667,-0.3558811247348785,-0.2875208258628845,-0.2669356465339661,-0.1068343743681908,0.9577744603157043],"rotationconfidence":0.5}},"skeletonTracked":true,"frameCount":1},{"position":[184.3739002943039,-676.3646602630615,2601.294279098511],"positionTracked":true,"id":4239,"skeleton":{"1":{"id":1,"position":[241.7790591716766,-168.1135594844818,2919.108152389526],"positionconfidence":1,"rotation":[0.9999883770942688,-0.004825115203857422,0,0.004040270578116179,0.837332010269165,0.5466799139976501,-0.002637793542817235,-0.5466735363006592,0.8373417854309082],"rotationconfidence":1},"2":{"id":2,"position":[241.0611361265183,-316.9006109237671,2821.967601776123],"positionconfidence":1,"rotation":[0.9832137227058411,-0.1030494645237923,0.1505710482597351,0.004040270578116179,0.837332010269165,0.5466799139976501,-0.1824129968881607,-0.5368947982788086,0.8236925601959229],"rotationconfidence":1},"3":{"id":3,"position":[230.3063124418259,-669.8221564292908,2767.462968826294],"positionconfidence":1,"rotation":[0.982854425907135,-0.05703070387244225,0.1753417551517487,0.03010300360620022,0.9878356456756592,0.1525597423315048,-0.181909441947937,-0.1446657180786133,0.9726154804229736],"rotationconfidence":1},"4":{"id":4,"position":[231.8940609693527,-721.6901183128357,2708.909273147583],"positionconfidence":1,"rotation":[0.9890644550323486,-0.09605932235717773,0.1119107380509377,-0.02029356732964516,0.6629424691200256,0.7483951449394226,-0.1460807323455811,-0.7424822449684143,0.65374356508255],"rotationconfidence":1},"6":{"id":6,"position":[120.2748194336891,-462.8943204879761,2774.339437484741],"positionconfidence":1,"rotation":[0.311999648809433,0.9489027261734009,0.04732745513319969,-0.1280630826950073,0.09136217087507248,-0.9875488877296448,-0.9414117336273193,0.3020539879798889,0.1500243693590164],"rotationconfidence":1},"7":{"id":7,"position":[43.65558177232742,-695.9208846092224,2762.717008590698],"positionconfidence":1,"rotation":[0.1758066117763519,0.05989774316549301,0.982600748538971,0.287812352180481,0.9514071345329285,-0.1094915270805359,-0.9414117336273193,0.3020539879798889,0.1500243693590164],"rotationconfidence":1},"8":{"id":8,"position":[9.157214313745499,-707.6745629310608,2569.902181625366],"positionconfidence":1,"rotation":[-0.01855099387466908,-0.5446552634239197,-0.8384547233581543,0,-0.8385991454124451,0.5447490811347961,-0.9998278617858887,0.01010563690215349,0.01555684767663479],"rotationconfidence":1},"9":{"id":9,"position":[9.637419134378433,-693.5757994651794,2591.606140136719],"positionconfidence":1,"rotation":[-0.01855099387466908,-0.5446552634239197,-0.8384547233581543,0,-0.8385991454124451,0.5447490811347961,-0.9998278617858887,0.01010563690215349,0.01555684767663479],"rotationconfidence":1},"12":{"id":12,"position":[397.6180255413055,-481.8734526634216,2823.388338088989],"positionconfidence":1,"rotation":[-0.009754969738423824,-0.9659841656684875,-0.2584170997142792,0.1222913190722466,0.2553370296955109,-0.9590869545936584,0.9924463033676147,-0.04095803201198578,0.1156406775116921],"rotationconfidence":1},"13":{"id":13,"position":[395.5784440040588,-683.842658996582,2769.358158111572],"positionconfidence":0.5,"rotation":[0.08699356019496918,-0.4296837151050568,-0.8987792134284973,0.08650114387273788,0.9020500779151917,-0.422874927520752,0.9924463033676147,-0.04095803201198578,0.1156406775116921],"rotationconfidence":0.5},"14":{"id":14,"position":[411.5028381347656,-762.4973654747009,2604.834318161011],"positionconfidence":0.5,"rotation":[0.03839604929089546,-0.2999872267246246,-0.9531701803207397,0,-0.9538735151290894,0.3002085983753204,-0.9992625117301941,-0.01152682397514582,-0.036624975502491],"rotationconfidence":0.5},"15":{"id":15,"position":[413.9561355113983,-781.6649079322815,2543.93196105957],"positionconfidence":0.5,"rotation":[0.03839604929089546,-0.2999872267246246,-0.9531701803207397,0,-0.9538735151290894,0.3002085983753204,-0.9992625117301941,-0.01152682397514582,-0.036624975502491],"rotationconfidence":0.5},"17":{"id":17,"position":[166.0723984241486,-776.6576409339905,2679.258823394775],"positionconfidence":1,"rotation":[0.5334396958351135,-0.7671422362327576,-0.3562794029712677,0.8327106237411499,0.4023780524730682,0.3803747594356537,-0.1484425216913223,-0.4995846152305603,0.8534518480300903],"rotationconfidence":1},"18":{"id":18,"position":[-86.59829944372177,-898.7518548965454,2563.841104507446],"positionconfidence":1,"rotation":[0.4829111397266388,-0.8756694197654724,0,0.7012635469436646,0.3867303729057312,0.598889946937561,-0.5244296193122864,-0.2892106175422669,0.8008314371109009],"rotationconfidence":1},"19":{"id":19,"position":[-300.5709052085877,-1016.75271987915,2381.105184555054],"positionconfidence":0.5,"rotation":[-0.7432698607444763,-0.66899174451828,0,0.6583238840103149,-0.7314175367355347,-0.1778715550899506,0.1189945936203003,-0.1322065591812134,0.9840537905693054],"rotationconfidence":0.5},"20":{"id":20,"position":[-310.6827139854431,-1005.518198013306,2297.483205795288],"positionconfidence":0.5,"rotation":[-0.7432698607444763,-0.66899174451828,0,0.6583238840103149,-0.7314175367355347,-0.1778715550899506,0.1189945936203003,-0.1322065591812134,0.9840537905693054],"rotationconfidence":0.5},"21":{"id":21,"position":[293.5493290424347,-788.1276607513428,2694.716930389404],"positionconfidence":1,"rotation":[0.8435041904449463,0.1898739784955978,0.5024425983428955,-0.5183860063552856,0.5326941609382629,0.6689639687538147,-0.1406294107437134,-0.8247331976890564,0.5477578043937683],"rotationconfidence":1},"22":{"id":22,"position":[446.9849169254303,-945.7982778549194,2496.71220779419],"positionconfidence":1,"rotation":[0.8422912955284119,0.4464940428733826,0.3019742667675018,-0.5141252279281616,0.4971791505813599,0.698919415473938,0.1619280427694321,-0.7439463138580322,0.6483235359191895],"rotationconfidence":1},"23":{"id":23,"position":[609.4469428062439,-1102.90539264679,2275.855779647827],"positionconfidence":0.5,"rotation":[-0.3115319907665253,0.9502356052398682,0,-0.9046511650085449,-0.2965872585773468,-0.3060100674629211,-0.290781706571579,-0.09533194452524185,0.9520282745361328],"rotationconfidence":0.5},"24":{"id":24,"position":[634.2540383338928,-1094.772458076477,2194.636583328247],"positionconfidence":0.5,"rotation":[-0.3115319907665253,0.9502356052398682,0,-0.9046511650085449,-0.2965872585773468,-0.3060100674629211,-0.290781706571579,-0.09533194452524185,0.9520282745361328],"rotationconfidence":0.5}},"skeletonTracked":true,"frameCount":2},{"position":[184.8163902759552,-675.7621765136719,2600.011825561523],"positionTracked":true,"id":4239,"skeleton":{"1":{"id":1,"position":[241.9316917657852,-167.4533039331436,2918.945789337158],"positionconfidence":1,"rotation":[0.9998759031295776,-0.01575649343430996,0,0.01309886574745178,0.8312280774116516,0.5557771325111389,-0.008757098577916622,-0.5557081699371338,0.8313313126564026],"rotationconfidence":1},"2":{"id":2,"position":[239.6237701177597,-313.9094412326813,2821.022033691406],"positionconfidence":1,"rotation":[0.9799924492835999,-0.1210699900984764,0.157976970076561,0.01309886574745178,0.8312280774116516,0.5557771325111389,-0.1986028403043747,-0.5425881147384644,0.8161832094192505],"rotationconfidence":1},"3":{"id":3,"position":[229.9238592386246,-669.2802309989929,2767.083168029785],"positionconfidence":1,"rotation":[0.9789031147956848,-0.05652204900979996,0.1963521540164948,0.02697628363966942,0.9883166551589966,0.1500086039304733,-0.2025368809700012,-0.1415470242500305,0.9689909219741821],"rotationconfidence":1},"4":{"id":4,"position":[232.2799861431122,-721.5875387191772,2708.739757537842],"positionconfidence":1,"rotation":[0.9862022399902344,-0.1014718860387802,0.1308003515005112,-0.03005508705973625,0.6672393679618835,0.7442367672920227,-0.1627942472696304,-0.737899124622345,0.6549831628799438],"rotationconfidence":1},"6":{"id":6,"position":[121.9626739621162,-461.0303342342377,2770.952224731445],"positionconfidence":1,"rotation":[0.3194765746593475,0.9460779428482056,0.05358458682894707,-0.08764223754405975,0.08580650389194489,-0.9924495220184326,-0.9435324668884277,0.3123680949211121,0.1103295460343361],"rotationconfidence":1},"7":{"id":7,"position":[43.78438368439674,-692.5426125526428,2757.839679718018],"positionconfidence":1,"rotation":[0.1347691714763641,0.05769329145550728,0.9891960024833679,0.3026280105113983,0.9482075572013855,-0.09653308242559433,-0.9435324668884277,0.3123680949211121,0.1103295460343361],"rotationconfidence":1},"8":{"id":8,"position":[17.19778776168823,-703.9240598678589,2562.695980072022],"positionconfidence":1,"rotation":[0.1215226054191589,-0.4534952938556671,-0.8829349875450134,0,-0.8895275592803955,0.4568813741207123,-0.9925885796546936,-0.0555214136838913,-0.1080977097153664],"rotationconfidence":1},"9":{"id":9,"position":[13.69531080126762,-690.8535957336426,2588.143587112427],"positionconfidence":1,"rotation":[0.1215226054191589,-0.4534952938556671,-0.8829349875450134,0,-0.8895275592803955,0.4568813741207123,-0.9925885796546936,-0.0555214136838913,-0.1080977097153664],"rotationconfidence":1},"12":{"id":12,"position":[396.6288566589356,-479.1995882987976,2825.708389282227],"positionconfidence":1,"rotation":[-0.02728692628443241,-0.9607781171798706,-0.2759725749492645,0.1803857088088989,0.2668105959892273,-0.9467171430587769,0.9832174777984619,-0.07561451196670532,0.1660301983356476],"rotationconfidence":1},"13":{"id":13,"position":[390.7700479030609,-685.4894161224365,2766.453981399536],"positionconfidence":0.5,"rotation":[0.1196639910340309,-0.419653594493866,-0.8997617959976196,0.1377102136611939,0.904529333114624,-0.4035624265670776,0.9832174777984619,-0.07561451196670532,0.1660301983356476],"rotationconfidence":0.5},"14":{"id":14,"position":[412.7924740314484,-762.7205848693848,2600.865840911865],"positionconfidence":0.5,"rotation":[0.0722707062959671,-0.3041502237319946,-0.9498787522315979,0,-0.9523690938949585,0.3049476146697998,-0.9973850250244141,-0.0220387801527977,-0.06882838904857635],"rotationconfidence":0.5},"15":{"id":15,"position":[417.4159467220306,-782.1784019470215,2540.097951889038],"positionconfidence":0.5,"rotation":[0.0722707062959671,-0.3041502237319946,-0.9498787522315979,0,-0.9523690938949585,0.3049476146697998,-0.9973850250244141,-0.0220387801527977,-0.06882838904857635],"rotationconfidence":0.5},"17":{"id":17,"position":[167.7546054124832,-775.8811116218567,2678.414583206177],"positionconfidence":1,"rotation":[0.5260323882102966,-0.7867375016212463,-0.3230077028274536,0.8341225981712341,0.403168648481369,0.3764232397079468,-0.1659197062253952,-0.4674388766288757,0.8683153390884399],"rotationconfidence":1},"18":{"id":18,"position":[-86.0588327050209,-898.5604643821716,2563.873529434204],"positionconfidence":1,"rotation":[0.4824768602848053,-0.8759087324142456,0,0.7016268968582153,0.3864772021770477,0.5986276268959045,-0.5243431925773621,-0.2888239920139313,0.8010274171829224],"rotationconfidence":1},"19":{"id":19,"position":[-299.963653087616,-1016.385674476624,2381.370067596436],"positionconfidence":0.5,"rotation":[-0.778356671333313,-0.6278223395347595,0,0.6189755201339722,-0.767388641834259,-0.1672837883234024,0.1050245016813278,-0.1302064508199692,0.9859087467193604],"rotationconfidence":0.5},"20":{"id":20,"position":[-308.859646320343,-1005.356669425964,2297.85966873169],"positionconfidence":0.5,"rotation":[-0.778356671333313,-0.6278223395347595,0,0.6189755201339722,-0.767388641834259,-0.1672837883234024,0.1050245016813278,-0.1302064508199692,0.9859087467193604],"rotationconfidence":0.5},"21":{"id":21,"position":[294.0552234649658,-788.2188558578491,2695.906639099121],"positionconfidence":1,"rotation":[0.8446029424667358,0.1712694019079208,0.5072599649429321,-0.5123205780982971,0.5336809158325195,0.6728389263153076,-0.1554782539606094,-0.8281615376472473,0.5384933352470398],"rotationconfidence":1},"22":{"id":22,"position":[445.1909065246582,-945.655882358551,2497.417688369751],"positionconfidence":1,"rotation":[0.8472644686698914,0.4311463534832001,0.3102512061595917,-0.5109955072402954,0.502142608165741,0.6976648569107056,0.1450053155422211,-0.7496436238288879,0.6457614302635193],"rotationconfidence":1},"23":{"id":23,"position":[607.9329252243042,-1105.578422546387,2275.225162506104],"positionconfidence":0.5,"rotation":[-0.2923782169818878,0.9563027620315552,0,-0.907764732837677,-0.2775382995605469,-0.3145406544208527,-0.3007960915565491,-0.09196482598781586,0.9492440819740295],"rotationconfidence":0.5},"24":{"id":24,"position":[633.5723996162415,-1097.739458084106,2194.312810897827],"positionconfidence":0.5,"rotation":[-0.2923782169818878,0.9563027620315552,0,-0.907764732837677,-0.2775382995605469,-0.3145406544208527,-0.3007960915565491,-0.09196482598781586,0.9492440819740295],"rotationconfidence":0.5}},"skeletonTracked":true,"frameCount":3},{"position":[186.647355556488,-676.7308115959167,2601.976633071899],"positionTracked":true,"id":4239,"skeleton":{"1":{"id":1,"position":[242.6041513681412,-166.1648601293564,2919.20280456543],"positionconfidence":1,"rotation":[0.9997203946113586,-0.02364845015108585,0,0.01951868273317814,0.8251375555992126,0.5645946264266968,-0.01335178781300783,-0.5644367337226868,0.8253684043884277],"rotationconfidence":1},"2":{"id":2,"position":[239.1867190599442,-310.6342256069183,2820.350646972656],"positionconfidence":1,"rotation":[0.9773702621459961,-0.1347149908542633,0.1630929708480835,0.01951868273317814,0.8251375555992126,0.5645946264266968,-0.2106334865093231,-0.5486346483230591,0.8090943098068237],"rotationconfidence":1},"3":{"id":3,"position":[229.5978218317032,-668.8077449798584,2766.746520996094],"positionconfidence":1,"rotation":[0.9753764271736145,-0.05795932933688164,0.2127954363822937,0.02646750770509243,0.9886392951011658,0.1479594111442566,-0.2189535200595856,-0.1386839300394058,0.9658293128013611],"rotationconfidence":1},"4":{"id":4,"position":[232.692301273346,-721.5808033943176,2708.577394485474],"positionconfidence":1,"rotation":[0.9825100302696228,-0.1088884547352791,0.1510549336671829,-0.03936914354562759,0.671398937702179,0.7400497794151306,-0.1820009797811508,-0.7330530881881714,0.6553692817687988],"rotationconfidence":1},"6":{"id":6,"position":[123.2565045356751,-459.9404335021973,2768.2945728302],"positionconfidence":1,"rotation":[0.3264829814434052,0.9435199499130249,0.05638355389237404,-0.04977268353104591,0.07673094421625137,-0.9958087801933289,-0.943891704082489,0.322308212518692,0.07201285660266876],"rotationconfidence":1},"7":{"id":7,"position":[43.72650384902954,-689.7782683372498,2754.559755325317],"positionconfidence":1,"rotation":[0.1005340218544006,0.07271559536457062,0.9922727346420288,0.3145811855792999,0.9438377618789673,-0.1010385900735855,-0.943891704082489,0.322308212518692,0.07201285660266876],"rotationconfidence":1},"8":{"id":8,"position":[23.8715410232544,-704.139232635498,2558.590888977051],"positionconfidence":1,"rotation":[0.2224123924970627,-0.5142179727554321,-0.8283190727233887,0,-0.849599301815033,0.5274286866188049,-0.9749526381492615,-0.1173066794872284,-0.1889614164829254],"rotationconfidence":1},"9":{"id":9,"position":[17.05926842987537,-688.389241695404,2583.961486816406],"positionconfidence":1,"rotation":[0.2224123924970627,-0.5142179727554321,-0.8283190727233887,0,-0.849599301815033,0.5274286866188049,-0.9749526381492615,-0.1173066794872284,-0.1889614164829254],"rotationconfidence":1},"12":{"id":12,"position":[395.7592844963074,-477.0873486995697,2827.608823776245],"positionconfidence":1,"rotation":[-0.03801665455102921,-0.9583863019943237,-0.2829318940639496,0.2156623303890228,0.2685950696468353,-0.9388005137443542,0.9757276177406311,-0.0967077910900116,0.1964767277240753],"rotationconfidence":1},"13":{"id":13,"position":[387.3688876628876,-688.6062622070312,2765.164852142334],"positionconfidence":0.5,"rotation":[0.1426729410886765,-0.3999216258525848,-0.9053767919540405,0.1661322861909866,0.9114330410957336,-0.3764169812202454,0.9757276177406311,-0.0967077910900116,0.1964767277240753],"rotationconfidence":0.5},"14":{"id":14,"position":[413.7171804904938,-762.4622583389282,2597.963333129883],"positionconfidence":0.5,"rotation":[0.09690112620592117,-0.3037844300270081,-0.9478000998497009,0,-0.9522815346717834,0.3052208125591278,-0.9952938556671143,-0.02957624010741711,-0.0922771543264389],"rotationconfidence":0.5},"15":{"id":15,"position":[419.9187755584717,-781.9042205810547,2537.304878234863],"positionconfidence":0.5,"rotation":[0.09690112620592117,-0.3037844300270081,-0.9478000998497009,0,-0.9522815346717834,0.3052208125591278,-0.9952938556671143,-0.02957624010741711,-0.0922771543264389],"rotationconfidence":0.5},"17":{"id":17,"position":[169.251024723053,-775.2951979637146,2677.587985992432],"positionconfidence":1,"rotation":[0.5146226286888123,-0.8083155155181885,-0.2859888672828674,0.8370285034179688,0.4013104736804962,0.3719317615032196,-0.1858678609132767,-0.4307853281497955,0.883106529712677],"rotationconfidence":1},"18":{"id":18,"position":[-85.96035838127136,-897.6554274559021,2564.185380935669],"positionconfidence":1,"rotation":[0.4873045682907105,-0.8732320666313171,0,0.6986612677574158,0.3898858428001404,0.5998845100402832,-0.5238384008407593,-0.2923264503479004,0.8000865578651428],"rotationconfidence":1},"19":{"id":19,"position":[-298.6080646514893,-1016.32285118103,2381.601810455322],"positionconfidence":0.5,"rotation":[-0.8354277610778809,-0.5496002435684204,0,0.543646514415741,-0.8263777494430542,-0.146792933344841,0.08067743480205536,-0.1226348951458931,0.9891672134399414],"rotationconfidence":0.5},"20":{"id":20,"position":[-305.4168224334717,-1005.973100662231,2298.121213912964],"positionconfidence":0.5,"rotation":[-0.8354277610778809,-0.5496002435684204,0,0.543646514415741,-0.8263777494430542,-0.146792933344841,0.08067743480205536,-0.1226348951458931,0.9891672134399414],"rotationconfidence":0.5},"21":{"id":21,"position":[294.6640551090241,-788.6645197868347,2697.46208190918],"positionconfidence":1,"rotation":[0.8441037535667419,0.1489290297031403,0.5150814652442932,-0.5078849196434021,0.5300299525260925,0.6790589690208435,-0.1718770265579224,-0.8347983956336975,0.5230391025543213],"rotationconfidence":1},"22":{"id":22,"position":[445.3192949295044,-945.8886981010437,2496.031045913696],"positionconfidence":1,"rotation":[0.8522847294807434,0.4149734675884247,0.3184458613395691,-0.5070304274559021,0.5057582259178162,0.6979460716247559,0.1285724937915802,-0.7563105225563049,0.6414541602134705],"rotationconfidence":1},"23":{"id":23,"position":[606.5167784690857,-1106.681704521179,2274.136781692505],"positionconfidence":0.5,"rotation":[-0.2748230993747711,0.9614948630332947,0,-0.910004198551178,-0.2601055800914764,-0.3228585720062256,-0.3104268312454224,-0.08872899413108826,0.9464472532272339],"rotationconfidence":0.5},"24":{"id":24,"position":[632.9436898231506,-1099.128127098084,2193.564891815186],"positionconfidence":0.5,"rotation":[-0.2748230993747711,0.9614948630332947,0,-0.910004198551178,-0.2601055800914764,-0.3228585720062256,-0.3104268312454224,-0.08872899413108826,0.9464472532272339],"rotationconfidence":0.5}},"skeletonTracked":true,"frameCount":4},{"position":[185.4559183120728,-677.4017214775085,2604.506015777588],"positionTracked":true,"id":4239,"skeleton":{"1":{"id":1,"position":[243.9254820346832,-164.1196757555008,2920.490741729736],"positionconfidence":1,"rotation":[0.9992033243179321,-0.03990952670574188,0,0.03269054368138313,0.8184638023376465,0.5736274123191833,-0.02289319783449173,-0.5731704235076904,0.8191164135932922],"rotationconfidence":1},"2":{"id":2,"position":[238.2110953330994,-307.1891367435455,2820.219278335571],"positionconfidence":1,"rotation":[0.9719048738479614,-0.1598837971687317,0.1727375537157059,0.03269054368138313,0.8184638023376465,0.5736274123191833,-0.2330931425094605,-0.5518643856048584,0.8006955981254578],"rotationconfidence":1},"3":{"id":3,"position":[229.1621416807175,-668.2410836219788,2766.418695449829],"positionconfidence":1,"rotation":[0.9690667390823364,-0.0599612221121788,0.2394040524959564,0.02478143386542797,0.9887756705284119,0.1473380923271179,-0.2455514818429947,-0.1368476748466492,0.9596755504608154],"rotationconfidence":1},"4":{"id":4,"position":[233.231708407402,-721.5522527694702,2708.474159240723],"positionconfidence":1,"rotation":[0.9749411940574646,-0.125341922044754,0.1837914884090424,-0.0516161136329174,0.6761691570281982,0.7349361777305603,-0.2163924276828766,-0.726006031036377,0.6527554392814636],"rotationconfidence":1},"6":{"id":6,"position":[126.6051977872849,-457.7600061893463,2765.550136566162],"positionconfidence":1,"rotation":[0.4135091602802277,0.9104964733123779,-0.002528815064579248,0.05586448311805725,-0.02814325876533985,-0.9980416297912598,-0.9087845087051392,0.4125581085681915,-0.06250190734863281],"rotationconfidence":1},"7":{"id":7,"position":[32.96093642711639,-663.9531850814819,2766.122817993164],"positionconfidence":1,"rotation":[0.0080280601978302,0.1670489609241486,0.9859158396720886,0.4171884655952454,0.8954832553863525,-0.1551235467195511,-0.9087845087051392,0.4125581085681915,-0.06250190734863281],"rotationconfidence":1},"8":{"id":8,"position":[31.34817257523537,-697.5117921829224,2568.061351776123],"positionconfidence":1,"rotation":[0.473774641752243,-0.8489464521408081,-0.2341527342796326,0,-0.265887439250946,0.9640040397644043,-0.8806461095809937,-0.4567206799983978,-0.125970721244812],"rotationconfidence":1},"9":{"id":9,"position":[22.94128388166428,-682.4476718902588,2572.216272354126],"positionconfidence":1,"rotation":[0.473774641752243,-0.8489464521408081,-0.2341527342796326,0,-0.265887439250946,0.9640040397644043,-0.8806461095809937,-0.4567206799983978,-0.125970721244812],"rotationconfidence":1},"12":{"id":12,"position":[395.645022392273,-475.10626912117,2831.915616989136],"positionconfidence":1,"rotation":[-0.03246326372027397,-0.9597103595733643,-0.2791094183921814,0.2265764027833939,0.2649198174476624,-0.9372729659080505,0.9734522700309753,-0.09366656094789505,0.2088475823402405],"rotationconfidence":1},"13":{"id":13,"position":[388.241171836853,-693.9860582351685,2768.259525299072],"positionconfidence":0.5,"rotation":[0.1686312258243561,-0.323490172624588,-0.9310840368270874,0.1547715812921524,0.9415841102600098,-0.2991071343421936,0.9734522700309753,-0.09366656094789505,0.2088475823402405],"rotationconfidence":0.5},"14":{"id":14,"position":[419.4450676441193,-753.8453936576843,2595.969676971436],"positionconfidence":0.5,"rotation":[0.1768409013748169,-0.1744007617235184,-0.9686649441719055,0,-0.9841760396957397,0.1771934181451798,-0.9842395186424255,-0.03133504465222359,-0.1740425825119019],"rotationconfidence":0.5},"15":{"id":15,"position":[430.5011630058289,-764.7489309310913,2535.408735275269],"positionconfidence":0.5,"rotation":[0.1768409013748169,-0.1744007617235184,-0.9686649441719055,0,-0.9841760396957397,0.1771934181451798,-0.9842395186424255,-0.03133504465222359,-0.1740425825119019],"rotationconfidence":0.5},"17":{"id":17,"position":[171.4469939470291,-774.1937041282654,2676.280736923218],"positionconfidence":1,"rotation":[0.495179295539856,-0.8418102264404297,-0.2148323655128479,0.8402495384216309,0.4011780023574829,0.3647421598434448,-0.2208576798439026,-0.3611255884170532,0.9059857726097107],"rotationconfidence":1},"18":{"id":18,"position":[-85.5480283498764,-896.896243095398,2564.722299575806],"positionconfidence":1,"rotation":[0.4903573095798492,-0.8715214729309082,0,0.6961929202079773,0.391709566116333,0.6015638113021851,-0.5242757797241211,-0.2949812114238739,0.7988247275352478],"rotationconfidence":1},"19":{"id":19,"position":[-297.0656752586365,-1015.905618667603,2381.954908370972],"positionconfidence":0.5,"rotation":[-0.9116624593734741,-0.4109399616718292,0,0.4074939489364624,-0.9040175080299377,-0.1292331516742706,0.05310706421732903,-0.1178170070052147,0.9916142821311951],"rotationconfidence":0.5},"20":{"id":20,"position":[-301.5335500240326,-1005.993723869324,2298.53081703186],"positionconfidence":0.5,"rotation":[-0.9116624593734741,-0.4109399616718292,0,0.4074939489364624,-0.9040175080299377,-0.1292331516742706,0.05310706421732903,-0.1178170070052147,0.9916142821311951],"rotationconfidence":0.5},"21":{"id":21,"position":[295.7757115364075,-789.4783020019531,2700.496673583984],"positionconfidence":1,"rotation":[0.8413084149360657,0.1107586696743965,0.5290866494178772,-0.5020251870155334,0.5230075120925903,0.6887915134429932,-0.2004266679286957,-0.845100998878479,0.4956142902374268],"rotationconfidence":1},"22":{"id":22,"position":[446.5599358081818,-946.5646147727966,2493.616819381714],"positionconfidence":1,"rotation":[0.8585986495018005,0.3912085890769959,0.3313066959381104,-0.5014637112617493,0.5066532492637634,0.7013107538223267,0.1065011769533157,-0.7682827711105347,0.631188690662384],"rotationconfidence":1},"23":{"id":23,"position":[604.6003103256226,-1106.240510940552,2272.593021392822],"positionconfidence":0.5,"rotation":[-0.2540152072906494,0.9672001600265503,0,-0.911091148853302,-0.2392793297767639,-0.3356460928916931,-0.3246369957923889,-0.08525922149419785,0.9419882297515869],"rotationconfidence":0.5},"24":{"id":24,"position":[632.178783416748,-1098.997592926025,2192.569494247437],"positionconfidence":0.5,"rotation":[-0.2540152072906494,0.9672001600265503,0,-0.911091148853302,-0.2392793297767639,-0.3356460928916931,-0.3246369957923889,-0.08525922149419785,0.9419882297515869],"rotationconfidence":0.5}},"skeletonTracked":true,"frameCount":5},{"position":[186.4583194255829,-671.3535189628601,2605.234861373901],"positionTracked":true,"id":4239,"skeleton":{"1":{"id":1,"position":[245.484784245491,-161.7755442857742,2922.561168670654],"positionconfidence":1,"rotation":[0.9895422458648682,0.1442428231239319,0,-0.1230520978569984,0.844168484210968,0.5217640399932861,0.0752607211470604,-0.516307532787323,0.8530897498130798],"rotationconfidence":1},"2":{"id":2,"position":[266.3854062557221,-305.1590919494629,2833.938598632813],"positionconfidence":1,"rotation":[0.9602459073066711,-0.03146843612194061,0.2773762047290802,-0.1230520978569984,0.844168484210968,0.5217640399932861,-0.2505713701248169,-0.5351535081863403,0.8067371249198914],"rotationconfidence":1},"3":{"id":3,"position":[229.6770960092545,-667.6046252250671,2766.536951065064],"positionconfidence":1,"rotation":[0.9576907157897949,-0.1433980166912079,0.2495303899049759,0.09908245503902435,0.9783068895339966,0.1819293946027756,-0.2702056169509888,-0.149507999420166,0.9511236548423767],"rotationconfidence":1},"4":{"id":4,"position":[234.9699586629868,-721.431314945221,2708.732128143311],"positionconfidence":1,"rotation":[0.9640563130378723,-0.1445890814065933,0.2229116559028626,-0.0668606087565422,0.6799506545066833,0.7302033305168152,-0.2571483254432678,-0.7188610434532166,0.6458433270454407],"rotationconfidence":1},"6":{"id":6,"position":[129.2699873447418,-456.0559391975403,2763.486623764038],"positionconfidence":1,"rotation":[0.4577986598014832,0.8888774514198303,-0.01781424321234226,0.106207437813282,-0.07457183301448822,-0.991543710231781,-0.8826892375946045,0.4520353376865387,-0.1285442709922791],"rotationconfidence":1},"7":{"id":7,"position":[27.92955935001373,-652.821958065033,2767.430067062378],"positionconfidence":1,"rotation":[-0.03783717006444931,0.2042785882949829,0.9781813621520996,0.4684313833713532,0.8682939410209656,-0.1632107794284821,-0.8826892375946045,0.4520353376865387,-0.1285442709922791],"rotationconfidence":1},"8":{"id":8,"position":[35.55183857679367,-693.9737796783447,2570.375919342041],"positionconfidence":1,"rotation":[0.4857282638549805,-0.8433056473731995,0.2300077974796295,0,0.2631337642669678,0.9647594094276428,-0.8741098642349243,-0.4686109125614166,0.1278115063905716],"rotationconfidence":1},"9":{"id":9,"position":[26.97639539837837,-679.085373878479,2566.315174102783],"positionconfidence":1,"rotation":[0.4857282638549805,-0.8433056473731995,0.2300077974796295,0,0.2631337642669678,0.9647594094276428,-0.8741098642349243,-0.4686109125614166,0.1278115063905716],"rotationconfidence":1},"12":{"id":12,"position":[394.4613337516785,-469.9438810348511,2836.642026901245],"positionconfidence":1,"rotation":[-0.02357907593250275,-0.9591354131698608,-0.281963437795639,0.633156418800354,0.2039393931627274,-0.7466739416122437,0.7736647725105286,-0.1961328238248825,0.6024739742279053],"rotationconfidence":1},"13":{"id":13,"position":[388.9136016368866,-695.6111788749695,2770.301103591919],"positionconfidence":0.5,"rotation":[0.3509805500507355,-0.6589889526367188,-0.6652414202690125,0.5274993777275085,0.726130485534668,-0.4409977197647095,0.7736647725105286,-0.1961328238248825,0.6024739742279053],"rotationconfidence":0.5},"14":{"id":14,"position":[450.7588148117065,-811.7296099662781,2653.080940246582],"positionconfidence":0.5,"rotation":[0.3599922955036163,-0.6089822053909302,0.7067859172821045,0,0.7575774192810059,0.652745246887207,-0.932955265045166,-0.2349832653999329,0.2727220356464386],"rotationconfidence":0.5},"15":{"id":15,"position":[470.3291058540344,-844.8357582092285,2691.504001617432],"positionconfidence":0.5,"rotation":[0.3599922955036163,-0.6089822053909302,0.7067859172821045,0,0.7575774192810059,0.652745246887207,-0.932955265045166,-0.2349832653999329,0.2727220356464386],"rotationconfidence":0.5},"17":{"id":17,"position":[174.33300614357,-772.9020714759827,2674.525737762451],"positionconfidence":1,"rotation":[0.4654672741889954,-0.8767229318618774,-0.1212324425578117,0.8454250693321228,0.3998951315879822,0.3540345430374146,-0.2619098722934723,-0.2672843933105469,0.9273415207862854],"rotationconfidence":1},"18":{"id":18,"position":[-82.79220759868622,-894.5250511169434,2566.850662231445],"positionconfidence":1,"rotation":[0.4944867491722107,-0.869185209274292,0,0.6932594776153564,0.3944011330604553,0.6031906604766846,-0.5242844223976135,-0.2982697784900665,0.7975969910621643],"rotationconfidence":1},"19":{"id":19,"position":[-294.9087023735046,-1015.199899673462,2382.29250907898],"positionconfidence":0.5,"rotation":[-0.972920298576355,-0.2311410903930664,0,0.2295103073120117,-0.9660559892654419,-0.1185785457491875,0.02740837261080742,-0.1153674647212029,0.9929446578025818],"rotationconfidence":0.5},"20":{"id":20,"position":[-297.2119152545929,-1005.505204200745,2298.852205276489],"positionconfidence":0.5,"rotation":[-0.972920298576355,-0.2311410903930664,0,0.2295103073120117,-0.9660559892654419,-0.1185785457491875,0.02740837261080742,-0.1153674647212029,0.9929446578025818],"rotationconfidence":0.5},"21":{"id":21,"position":[297.2402572631836,-790.1465892791748,2704.268217086792],"positionconfidence":1,"rotation":[0.8360705375671387,0.06844272464513779,0.5443360209465027,-0.4970338940620422,0.5145343542098999,0.6987214684486389,-0.2322571724653244,-0.8547338843345642,0.4642053544521332],"rotationconfidence":1},"22":{"id":22,"position":[448.6873149871826,-946.9260573387146,2491.366624832153],"positionconfidence":1,"rotation":[0.8646542429924011,0.3655547499656677,0.3445907533168793,-0.495282918214798,0.5055145025253296,0.7065054178237915,0.08407078683376312,-0.781552791595459,0.6181482672691345],"rotationconfidence":1},"23":{"id":23,"position":[603.0360460281372,-1104.463338851929,2271.193027496338],"positionconfidence":0.5,"rotation":[-0.2519786655902863,0.9677327871322632,0,-0.907309889793396,-0.236245721578598,-0.3478168547153473,-0.3365937769412994,-0.08764243125915527,0.9375624060630798],"rotationconfidence":0.5},"24":{"id":24,"position":[631.614089012146,-1097.022175788879,2191.590547561646],"positionconfidence":0.5,"rotation":[-0.2519786655902863,0.9677327871322632,0,-0.907309889793396,-0.236245721578598,-0.3478168547153473,-0.3365937769412994,-0.08764243125915527,0.9375624060630798],"rotationconfidence":0.5}},"skeletonTracked":true,"frameCount":6},{"position":[183.9911639690399,-666.4910316467285,2601.732730865479],"positionTracked":true,"id":4239,"skeleton":{"1":{"id":1,"position":[247.1495866775513,-158.9275002479553,2924.670457839966],"positionconfidence":1,"rotation":[0.9990992546081543,0.04243535920977593,0,-0.03550127148628235,0.8358429074287415,0.5478196144104004,0.02324692159891129,-0.5473261475563049,0.8365965485572815],"rotationconfidence":1},"2":{"id":2,"position":[253.3349096775055,-304.5549094676971,2829.224824905396],"positionconfidence":1,"rotation":[0.956940770149231,-0.129596546292305,0.2597478330135346,-0.03550127148628235,0.8358429074287415,0.5478196144104004,-0.2881039083003998,-0.5334522724151611,0.7952513098716736],"rotationconfidence":1},"3":{"id":3,"position":[229.3277382850647,-666.0124063491821,2766.690015792847],"positionconfidence":1,"rotation":[0.9466191530227661,-0.1149738878011704,0.3011526763439179,0.06530575454235077,0.9832584857940674,0.1701109707355499,-0.3156692981719971,-0.141363337635994,0.938279926776886],"rotationconfidence":1},"4":{"id":4,"position":[236.8422746658325,-720.2786207199097,2709.425449371338],"positionconfidence":1,"rotation":[0.9364396929740906,-0.184929296374321,0.2981306612491608,-0.09482095390558243,0.68474942445755,0.7225836515426636,-0.3377717137336731,-0.7049251198768616,0.6236914396286011],"rotationconfidence":1},"6":{"id":6,"position":[133.3042234182358,-452.5304138660431,2759.379386901856],"positionconfidence":1,"rotation":[0.5136012434959412,0.8580283522605896,-0.001085589174181223,0.1877193003892899,-0.1135999783873558,-0.9756312966346741,-0.837242603302002,0.5008816123008728,-0.2194135636091232],"rotationconfidence":1},"7":{"id":7,"position":[22.198386490345,-638.1451487541199,2759.614229202271],"positionconfidence":1,"rotation":[-0.08910705894231796,0.2709164023399353,0.958469808101654,0.539522647857666,0.8220230340957642,-0.1821906715631485,-0.837242603302002,0.5008816123008728,-0.21941356