{"motiondata":[{"position":[198.0315744876862,-494.6134984493256,2632.05885887146],"positionTracked":true,"id":4295,"skeleton":{"1":{"id":1,"position":[249.905064702034,133.6230933666229,2889.983654022217],"positionconfidence":1,"rotation":[0.9998866319656372,0.01505577936768532,0,-0.0150186512619257,0.9974208474159241,-0.0701863244175911,-0.001056709792464972,0.07017836719751358,0.997533917427063],"rotationconfidence":1},"2":{"id":2,"position":[252.7766823768616,-57.08720162510872,2903.403520584106],"positionconfidence":1,"rotation":[0.9978511333465576,0.01942853815853596,0.062577024102211,-0.0150186512619257,0.9974208474159241,-0.0701863244175911,-0.06377924233675003,0.069095678627491,0.9955692887306213],"rotationconfidence":1},"3":{"id":3,"position":[230.800524353981,-377.2784173488617,2817.719459533691],"positionconfidence":1,"rotation":[0.9961511492729187,-0.07869723439216614,0.0385904386639595,0.066156305372715,0.9638930559158325,0.2579404711723328,-0.05749626830220223,-0.2543947398662567,0.9653897285461426],"rotationconfidence":1},"4":{"id":4,"position":[229.2540371417999,-417.7285134792328,2750.321388244629],"positionconfidence":1,"rotation":[0.9980810880661011,-0.0604572705924511,0.01338291727006435,0.01967040821909905,0.5145014524459839,0.8572638034820557,-0.05871336534619331,-0.8553556203842163,0.5147034525871277],"rotationconfidence":1},"6":{"id":6,"position":[73.83280992507935,-177.6045858860016,2865.896940231323],"positionconfidence":1,"rotation":[0.3544279336929321,0.9316139221191406,0.08047660440206528,0.4123697578907013,-0.07847926020622253,-0.9076300859451294,-0.8392449617385864,0.3548755347728729,-0.4119845926761627],"rotationconfidence":1},"7":{"id":7,"position":[-10.26029698550701,-398.6433446407318,2846.802711486816],"positionconfidence":1,"rotation":[-0.2836339473724365,0.3607189059257507,0.8885008096694946,0.4639178216457367,0.8625226616859436,-0.2020767778158188,-0.8392449617385864,0.3548755347728729,-0.4119845926761627],"rotationconfidence":1},"8":{"id":8,"position":[51.06302350759506,-476.6328930854797,2654.703617095947],"positionconfidence":1,"rotation":[-0.3428599238395691,0.723523736000061,0.5991331934928894,0,0.6377919316291809,-0.7702087163925171,-0.9393866062164307,-0.2640736997127533,-0.2186732888221741],"rotationconfidence":1},"9":{"id":9,"position":[72.86339998245239,-522.6373672485352,2616.608381271362],"positionconfidence":0.5,"rotation":[-0.3428599238395691,0.723523736000061,0.5991331934928894,0,0.6377919316291809,-0.7702087163925171,-0.9393866062164307,-0.2640736997127533,-0.2186732888221741],"rotationconfidence":0.5},"12":{"id":12,"position":[432.28879570961,-172.7534532546997,2888.524055480957],"positionconfidence":1,"rotation":[0.2433919608592987,-0.9654824733734131,-0.0927579253911972,-0.4573803544044495,-0.02991503290832043,-0.8887678384780884,0.8553148508071899,0.2587445974349976,-0.44887375831604],"rotationconfidence":1},"13":{"id":13,"position":[484.6087992191315,-380.2954256534576,2868.584632873535],"positionconfidence":1,"rotation":[-0.3065785765647888,-0.4456607699394226,-0.8410683870315552,-0.4176673293113709,0.8569933772087097,-0.3018547296524048,0.8553148508071899,0.2587445974349976,-0.44887375831604],"rotationconfidence":1},"14":{"id":14,"position":[418.2887077331543,-476.7022430896759,2686.641931533814],"positionconfidence":1,"rotation":[-0.5322665572166443,0.2548786401748657,-0.8072974681854248,0,-0.953602135181427,-0.3010697066783905,-0.8465768098831177,-0.160249337553978,0.5075705051422119],"rotationconfidence":1},"15":{"id":15,"position":[387.6002132892609,-462.0068967342377,2640.096187591553],"positionconfidence":0.5,"rotation":[-0.5322665572166443,0.2548786401748657,-0.8072974681854248,0,-0.953602135181427,-0.3010697066783905,-0.8465768098831177,-0.160249337553978,0.5075705051422119],"rotationconfidence":0.5},"17":{"id":17,"position":[146.9766795635223,-488.1038069725037,2713.199138641357],"positionconfidence":1,"rotation":[0.9123591780662537,-0.4072889983654022,-0.04143037274479866,0.4053192436695099,0.8844109773635864,0.2313730418682098,-0.05759422108530998,-0.2278878539800644,0.9719825983047485],"rotationconfidence":1},"18":{"id":18,"position":[4.234550055116415,-799.5686531066895,2631.716012954712],"positionconfidence":1,"rotation":[0.8921419978141785,-0.4517551362514496,0,0.4165803790092468,0.8226776123046875,0.3868622481822968,-0.1747670024633408,-0.3451360464096069,0.9221375584602356],"rotationconfidence":1},"19":{"id":19,"position":[-97.03192114830017,-999.5532631874084,2537.673711776733],"positionconfidence":1,"rotation":[0.7313775420188904,0.681972861289978,0,0.06186104193329811,-0.06634248793125153,-0.9958775043487549,-0.6791613698005676,0.7283623814582825,-0.09070894867181778],"rotationconfidence":1},"20":{"id":20,"position":[-42.5863228738308,-1057.943105697632,2544.945478439331],"positionconfidence":1,"rotation":[0.7313775420188904,0.681972861289978,0,0.06186104193329811,-0.06634248793125153,-0.9958775043487549,-0.6791613698005676,0.7283623814582825,-0.09070894867181778],"rotationconfidence":1},"21":{"id":21,"position":[303.0702173709869,-494.0984845161438,2721.04287147522],"positionconfidence":1,"rotation":[0.9822284579277039,0.1349732577800751,0.1304212659597397,-0.1772623360157013,0.8954954147338867,0.4082476496696472,-0.06168912723660469,-0.4241111874580383,0.9035066366195679],"rotationconfidence":1},"22":{"id":22,"position":[358.7573170661926,-775.4190564155579,2592.791557312012],"positionconfidence":1,"rotation":[0.9811367988586426,0.147063136100769,0.125471293926239,-0.1905420124530792,0.845224142074585,0.4992892742156982,-0.03262431919574738,-0.5137786269187927,0.857302188873291],"rotationconfidence":1},"23":{"id":23,"position":[421.5413331985474,-1053.922295570374,2428.274631500244],"positionconfidence":0.5,"rotation":[-0.04266609251499176,0.9990893602371216,0,-0.9911053776741028,-0.04232513532042503,-0.1261696368455887,-0.1260547488927841,-0.005383165553212166,0.9920087456703186],"rotationconfidence":0.5},"24":{"id":24,"position":[433.57253074646,-1053.40850353241,2333.593130111694],"positionconfidence":0.5,"rotation":[-0.04266609251499176,0.9990893602371216,0,-0.9911053776741028,-0.04232513532042503,-0.1261696368455887,-0.1260547488927841,-0.005383165553212166,0.9920087456703186],"rotationconfidence":0.5}},"skeletonTracked":true,"frameCount":1},{"position":[197.1085220575333,-492.0966625213623,2630.653142929077],"positionTracked":true,"id":4295,"skeleton":{"1":{"id":1,"position":[250.2942085266113,133.1918090581894,2889.241695404053],"positionconfidence":1,"rotation":[0.9999392628669739,0.01102868095040321,0,-0.01100241485983133,0.9975578188896179,-0.068975068628788,-0.0007607040461152792,0.06897088140249252,0.997618556022644],"rotationconfidence":1},"2":{"id":2,"position":[252.3965537548065,-57.42187798023224,2902.421474456787],"positionconfidence":1,"rotation":[0.9976789951324463,0.01558711566030979,0.06628728657960892,-0.01100241485983133,0.9975578188896179,-0.068975068628788,-0.06720051169395447,0.06808564811944962,0.9954137802124023],"rotationconfidence":1},"3":{"id":3,"position":[230.874627828598,-377.440482378006,2817.721128463745],"positionconfidence":1,"rotation":[0.9960333108901978,-0.07821420580148697,0.04242536425590515,0.06487652659416199,0.9646763801574707,0.2553240060806274,-0.06089672446250916,-0.2515588700771332,0.9659242630004883],"rotationconfidence":1},"4":{"id":4,"position":[229.4447422027588,-417.8912043571472,2750.348567962647],"positionconfidence":1,"rotation":[0.9980015158653259,-0.06123838946223259,0.01558659877628088,0.01819280162453651,0.5146649479866028,0.8571984171867371,-0.06051531806588173,-0.8552016615867615,0.5147504806518555],"rotationconfidence":1},"6":{"id":6,"position":[74.31796938180923,-177.628830075264,2864.903450012207],"positionconfidence":1,"rotation":[0.3551248013973236,0.9317387342453003,0.07582434266805649,0.408135861158371,-0.0815618485212326,-0.9092704057693481,-0.8410180807113647,0.3538510799407959,-0.4092406034469605],"rotationconfidence":1},"7":{"id":7,"position":[-10.03286894410849,-398.9396095275879,2846.893310546875],"positionconfidence":1,"rotation":[-0.2948532104492188,0.3344284296035767,0.8951085209846497,0.4535968005657196,0.8734683394432068,-0.1769262254238129,-0.8410180807113647,0.3538510799407959,-0.4092406034469605],"rotationconfidence":1},"8":{"id":8,"position":[54.02877181768417,-471.5996086597443,2652.416467666626],"positionconfidence":1,"rotation":[-0.3635565340518951,0.6986789107322693,0.6161772608757019,0,0.66143798828125,-0.7499997615814209,-0.9315720796585083,-0.2726673185825348,-0.2404700964689255],"rotationconfidence":1},"9":{"id":9,"position":[77.0232304930687,-515.7901048660278,2613.444089889526],"positionconfidence":0.5,"rotation":[-0.3635565340518951,0.6986789107322693,0.6161772608757019,0,0.66143798828125,-0.7499997615814209,-0.9315720796585083,-0.2726673185825348,-0.2404700964689255],"rotationconfidence":0.5},"12":{"id":12,"position":[432.1998953819275,-172.7692782878876,2888.731718063355],"positionconfidence":1,"rotation":[0.2540285289287567,-0.9651555418968201,-0.06280262768268585,-0.4452399015426636,-0.05904941633343697,-0.8934621214866638,0.8586215376853943,0.2549271285533905,-0.4447260499000549],"rotationconfidence":1},"13":{"id":13,"position":[485.6078028678894,-375.6871819496155,2875.527858734131],"positionconfidence":1,"rotation":[-0.3035510182380676,-0.4462451636791229,-0.8418563008308411,-0.4130688607692719,0.8578329682350159,-0.3057723045349121,0.8586215376853943,0.2549271285533905,-0.4447260499000549],"rotationconfidence":1},"14":{"id":14,"position":[417.4304008483887,-475.9136140346527,2686.447381973267],"positionconfidence":1,"rotation":[-0.5348247289657593,0.2365562617778778,-0.811174213886261,0,-0.9600116014480591,-0.2799605131149292,-0.8449630737304688,-0.1497298032045364,0.5134379267692566],"rotationconfidence":1},"15":{"id":15,"position":[386.7653608322144,-462.3502790927887,2639.937400817871],"positionconfidence":0.5,"rotation":[-0.5348247289657593,0.2365562617778778,-0.811174213886261,0,-0.9600116014480591,-0.2799605131149292,-0.8449630737304688,-0.1497298032045364,0.5134379267692566],"rotationconfidence":0.5},"17":{"id":17,"position":[147.1612900495529,-488.1331622600555,2713.157653808594],"positionconfidence":1,"rotation":[0.911987841129303,-0.4081442356109619,-0.04118791222572327,0.4059385359287262,0.8834511637687683,0.2339401841163635,-0.05909383296966553,-0.2300703674554825,0.9713781476020813],"rotationconfidence":1},"18":{"id":18,"position":[4.220495466142893,-799.217700958252,2630.781650543213],"positionconfidence":1,"rotation":[0.8917343020439148,-0.4525593221187592,0,0.4175063669681549,0.8226650357246399,0.3858892321586609,-0.1746377646923065,-0.3441106677055359,0.9225450158119202],"rotationconfidence":1},"19":{"id":19,"position":[-97.47488051652908,-999.6008276939392,2536.787509918213],"positionconfidence":1,"rotation":[0.7314113974571228,0.6819364428520203,0,0.06264468282461166,-0.06718959659337997,-0.9957716464996338,-0.679053008556366,0.7283187508583069,-0.09186293184757233],"rotationconfidence":1},"20":{"id":20,"position":[-43.19309070706368,-1057.820796966553,2544.130802154541],"positionconfidence":1,"rotation":[0.7314113974571228,0.6819364428520203,0,0.06264468282461166,-0.06718959659337997,-0.9957716464996338,-0.679053008556366,0.7283187508583069,-0.09186293184757233],"rotationconfidence":1},"21":{"id":21,"position":[303.2642900943756,-494.3494200706482,2721.181869506836],"positionconfidence":1,"rotation":[0.9820855855941772,0.1343474537134171,0.1321311444044113,-0.1774706691503525,0.8951499462127686,0.4089139699935913,-0.06334064155817032,-0.4250379502773285,0.9029566645622253],"rotationconfidence":1},"22":{"id":22,"position":[359.02139544487,-775.5844593048096,2592.710733413696],"positionconfidence":1,"rotation":[0.9809568524360657,0.1463146656751633,0.1277325004339218,-0.191111758351326,0.8444194793701172,0.500432014465332,-0.03463926911354065,-0.5153133869171143,0.8563015460968018],"rotationconfidence":1},"23":{"id":23,"position":[421.96124792099,-1053.681612014771,2427.900791168213],"positionconfidence":0.5,"rotation":[-0.04631885886192322,0.9989266991615295,0,-0.9906599521636963,-0.04593554139137268,-0.1283853799104691,-0.1282475888729096,-0.005946665070950985,0.9917243719100952],"rotationconfidence":0.5},"24":{"id":24,"position":[434.2038929462433,-1053.11393737793,2333.229780197144],"positionconfidence":0.5,"rotation":[-0.04631885886192322,0.9989266991615295,0,-0.9906599521636963,-0.04593554139137268,-0.1283853799104691,-0.1282475888729096,-0.005946665070950985,0.9917243719100952],"rotationconfidence":0.5}},"skeletonTracked":true,"frameCount":2},{"position":[194.6032345294952,-493.7714338302612,2631.302118301392],"positionTracked":true,"id":4295,"skeleton":{"1":{"id":1,"position":[250.4778802394867,133.0456733703613,2888.698577880859],"positionconfidence":1,"rotation":[0.9999665021896362,0.008180349133908749,0,-0.008161553181707859,0.997668981552124,-0.06774946302175522,-0.0005542142898775637,0.06774719059467316,0.9977023005485535],"rotationconfidence":1},"2":{"id":2,"position":[252.036452293396,-57.47430399060249,2901.636362075806],"positionconfidence":1,"rotation":[0.9974844455718994,0.01289347466081381,0.0697038322687149,-0.008161553181707859,0.997668981552124,-0.06774946302175522,-0.07041487842798233,0.06701014190912247,0.9952645301818848],"rotationconfidence":1},"3":{"id":3,"position":[230.8931201696396,-377.5479793548584,2817.667484283447],"positionconfidence":1,"rotation":[0.9959056973457336,-0.07784391939640045,0.04595779627561569,0.0637654960155487,0.9652999043464661,0.2532390356063843,-0.06407617777585983,-0.2492716908454895,0.9663114547729492],"rotationconfidence":1},"4":{"id":4,"position":[229.5787930488586,-418.0010557174683,2750.332593917847],"positionconfidence":1,"rotation":[0.9979312419891357,-0.06181593611836433,0.01765855215489864,0.0167295653373003,0.5149116516113281,0.8570799231529236,-0.06207380071282387,-0.855011522769928,0.5148805975914001],"rotationconfidence":1},"6":{"id":6,"position":[74.63359087705612,-177.6195615530014,2863.932371139526],"positionconfidence":1,"rotation":[0.355638861656189,0.9318397641181946,0.07208091020584106,0.395317018032074,-0.08009178936481476,-0.9150463938713074,-0.8469035029411316,0.3539208471775055,-0.3968558609485626],"rotationconfidence":1},"7":{"id":7,"position":[-9.9245086312294,-399.1774618625641,2846.794128417969],"positionconfidence":1,"rotation":[-0.344805896282196,0.2026365995407105,0.9165409207344055,0.4048004746437073,0.9130599498748779,-0.04957965016365051,-0.8469035029411316,0.3539208471775055,-0.3968558609485626],"rotationconfidence":1},"8":{"id":8,"position":[71.5576484799385,-447.063148021698,2630.203485488892],"positionconfidence":1,"rotation":[-0.3586343824863434,0.724521279335022,0.5886001586914062,0,0.6305453181266785,-0.7761525511741638,-0.9334781169891357,-0.2783550024032593,-0.2261352241039276],"rotationconfidence":1},"9":{"id":9,"position":[93.50337088108063,-491.3983941078186,2594.185590744019],"positionconfidence":0.5,"rotation":[-0.3586343824863434,0.724521279335022,0.5886001586914062,0,0.6305453181266785,-0.7761525511741638,-0.9334781169891357,-0.2783550024032593,-0.2261352241039276],"rotationconfidence":0.5},"12":{"id":12,"position":[432.0859014987946,-172.7407425642014,2888.893604278565],"positionconfidence":1,"rotation":[0.2535218000411987,-0.9655842185020447,-0.05808403342962265,-0.4402474462985992,-0.06170704215764999,-0.8957535028457642,0.8613412976264954,0.2526644170284271,-0.4407400786876679],"rotationconfidence":1},"13":{"id":13,"position":[485.1770401000977,-374.9480843544006,2876.729965209961],"positionconfidence":1,"rotation":[-0.3095883727073669,-0.4268003106117249,-0.8497037887573242,-0.4027979075908661,0.8683329820632935,-0.2893987596035004,0.8613412976264954,0.2526644170284271,-0.4407400786876679],"rotationconfidence":1},"14":{"id":14,"position":[414.9848222732544,-471.7154800891876,2684.078693389893],"positionconfidence":1,"rotation":[-0.5278849005699158,0.1910492330789566,-0.8275492191314697,0,-0.9743714928627014,-0.2249448448419571,-0.849315881729126,-0.1187449842691422,0.5143560171127319],"rotationconfidence":1},"15":{"id":15,"position":[385.4823708534241,-461.0381126403809,2637.828588485718],"positionconfidence":0.5,"rotation":[-0.5278849005699158,0.1910492330789566,-0.8275492191314697,0,-0.9743714928627014,-0.2249448448419571,-0.849315881729126,-0.1187449842691422,0.5143560171127319],"rotationconfidence":0.5},"17":{"id":17,"position":[147.2979038953781,-488.1424009799957,2713.024616241455],"positionconfidence":1,"rotation":[0.91168212890625,-0.4089002311229706,-0.0404522716999054,0.4063820838928223,0.8827328085899353,0.2358735650777817,-0.06074021756649017,-0.2314808070659638,0.9709414839744568],"rotationconfidence":1},"18":{"id":18,"position":[4.231917206197977,-798.906683921814,2629.985809326172],"positionconfidence":1,"rotation":[0.8913814425468445,-0.4532538056373596,0,0.4183532297611237,0.8227449655532837,0.3848002254962921,-0.1744121611118317,-0.3430037796497345,0.9229997992515564],"rotationconfidence":1},"19":{"id":19,"position":[-97.82437980175018,-999.6134042739868,2536.114692687988],"positionconfidence":1,"rotation":[0.7313510775566101,0.6820012331008911,0,0.06242569908499718,-0.06694284081459045,-0.9958020448684692,-0.6791381239891052,0.7282808423042297,-0.0915331169962883],"rotationconfidence":1},"20":{"id":20,"position":[-43.64973679184914,-1057.708144187927,2543.416261672974],"positionconfidence":1,"rotation":[0.7313510775566101,0.6820012331008911,0,0.06242569908499718,-0.06694284081459045,-0.9958020448684692,-0.6791381239891052,0.7282808423042297,-0.0915331169962883],"rotationconfidence":1},"21":{"id":21,"position":[303.4037351608276,-494.5088922977448,2721.272468566895],"positionconfidence":1,"rotation":[0.9819328784942627,0.1337334662675858,0.1338775306940079,-0.1776979714632034,0.8948686122894287,0.4094309508800507,-0.06504817306995392,-0.425823450088501,0.9024649858474731],"rotationconfidence":1},"22":{"id":22,"position":[359.2422604560852,-775.7059335708618,2592.615842819214],"positionconfidence":1,"rotation":[0.9807694554328918,0.145616888999939,0.1299498975276947,-0.1916974633932114,0.8437749147415161,0.5012941956520081,-0.03665156289935112,-0.5165650844573975,0.8554630279541016],"rotationconfidence":1},"23":{"id":23,"position":[422.3435521125794,-1053.452372550964,2427.604198455811],"positionconfidence":0.5,"rotation":[-0.04873023182153702,0.9988119602203369,0,-0.9902607798576355,-0.04831303283572197,-0.130573958158493,-0.1304188370704651,-0.006362899206578732,0.991438627243042],"rotationconfidence":0.5},"24":{"id":24,"position":[434.7951412200928,-1052.844882011414,2332.947731018066],"positionconfidence":0.5,"rotation":[-0.04873023182153702,0.9988119602203369,0,-0.9902607798576355,-0.04831303283572197,-0.130573958158493,-0.1304188370704651,-0.006362899206578732,0.991438627243042],"rotationconfidence":0.5}},"skeletonTracked":true,"frameCount":3},{"position":[195.4011023044586,-491.629958152771,2630.248785018921],"positionTracked":true,"id":4295,"skeleton":{"1":{"id":1,"position":[250.2789795398712,133.1472247838974,2887.827396392822],"positionconfidence":1,"rotation":[0.9999838471412659,0.005677636712789536,0,-0.00566462567076087,0.9976922273635864,-0.06766258180141449,-0.0003841635480057448,0.06766148656606674,0.997708261013031],"rotationconfidence":1},"2":{"id":2,"position":[251.3601183891296,-57.27026611566544,2900.741338729858],"positionconfidence":1,"rotation":[0.9973047375679016,0.01058640982955694,0.0726046934723854,-0.00566462567076087,0.9976922273635864,-0.06766258180141449,-0.07315343618392944,0.0670689269900322,0.995063066482544],"rotationconfidence":1},"3":{"id":3,"position":[230.8095842599869,-377.6193261146545,2817.522764205933],"positionconfidence":1,"rotation":[0.9958404898643494,-0.07667132467031479,0.04922618716955185,0.0619703121483326,0.9660153985023499,0.2509463429450989,-0.06679363548755646,-0.2468519508838654,0.9667484760284424],"rotationconfidence":1},"4":{"id":4,"position":[229.6421527862549,-418.0878400802612,2750.252962112427],"positionconfidence":1,"rotation":[0.9978506565093994,-0.06234249845147133,0.02018715627491474,0.01486927829682827,0.5154371857643127,0.8567983508110046,-0.06382016092538834,-0.8546566367149353,0.5152563452720642],"rotationconfidence":1},"6":{"id":6,"position":[74.75768029689789,-177.5175333023071,2862.954378128052],"positionconfidence":1,"rotation":[0.3560974299907684,0.9319013357162476,0.06895344704389572,0.391207367181778,-0.08166123926639557,-0.91667240858078,-0.8486173748970032,0.353399783372879,-0.3936460018157959],"rotationconfidence":1},"7":{"id":7,"position":[-9.997946210205555,-399.3216753005981,2846.542596817017],"positionconfidence":1,"rotation":[-0.3610019385814667,0.1570582240819931,0.9192444086074829,0.3866861164569855,0.9221937656402588,-0.005704330746084452,-0.8486173748970032,0.353399783372879,-0.3936460018157959],"rotationconfidence":1},"8":{"id":8,"position":[76.71622931957245,-437.0477199554443,2625.736236572266],"positionconfidence":1,"rotation":[-0.3914947509765625,0.6793529987335205,0.6206539869308472,0,0.6744916439056396,-0.7382824420928955,-0.9201803207397461,-0.2890337109565735,-0.2640599310398102],"rotationconfidence":1},"9":{"id":9,"position":[100.4901975393295,-478.3022105693817,2588.046312332153],"positionconfidence":0.5,"rotation":[-0.3914947509765625,0.6793529987335205,0.6206539869308472,0,0.6744916439056396,-0.7382824420928955,-0.9201803207397461,-0.2890337109565735,-0.2640599310398102],"rotationconfidence":0.5},"12":{"id":12,"position":[431.7375719547272,-172.6227402687073,2888.86833190918],"positionconfidence":1,"rotation":[0.2531789839267731,-0.9657952785491943,-0.05603532493114471,-0.4360839128494263,-0.06223003193736076,-0.8977517485618591,0.8635572791099548,0.251727968454361,-0.436923086643219],"rotationconfidence":1},"13":{"id":13,"position":[484.6798777580261,-374.5803833007813,2877.150774002075],"positionconfidence":1,"rotation":[-0.3110183477401733,-0.4161298274993897,-0.8544608950614929,-0.3969084322452545,0.8737670183181763,-0.2810599207878113,0.8635572791099548,0.251727968454361,-0.436923086643219],"rotationconfidence":1},"14":{"id":14,"position":[413.970947265625,-469.1860377788544,2682.892084121704],"positionconfidence":1,"rotation":[-0.5151146054267883,0.1709104776382446,-0.8399086594581604,0,-0.9799181222915649,-0.1994005739688873,-0.8571213483810425,-0.1027141511440277,0.5047701597213745],"rotationconfidence":1},"15":{"id":15,"position":[385.2086961269379,-459.6429765224457,2635.99443435669],"positionconfidence":0.5,"rotation":[-0.5151146054267883,0.1709104776382446,-0.8399086594581604,0,-0.9799181222915649,-0.1994005739688873,-0.8571213483810425,-0.1027141511440277,0.5047701597213745],"rotationconfidence":0.5},"17":{"id":17,"position":[147.3697423934937,-488.1211221218109,2712.778806686401],"positionconfidence":1,"rotation":[0.9114373326301575,-0.4095971882343292,-0.03888511285185814,0.4066125452518463,0.882280707359314,0.2371643632650375,-0.06283427774906158,-0.2319716513156891,0.9706909656524658],"rotationconfidence":1},"18":{"id":18,"position":[4.263903945684433,-798.6366748809814,2629.30965423584],"positionconfidence":1,"rotation":[0.8910890221595764,-0.4538286030292511,0,0.419096827507019,0.8228934407234192,0.3836720585823059,-0.1741213500499725,-0.3418859541416168,0.9234694242477417],"rotationconfidence":1},"19":{"id":19,"position":[-98.09288382530212,-999.6134638786316,2535.60471534729],"positionconfidence":1,"rotation":[0.7310925722122192,0.6822782754898071,0,0.0623219907283783,-0.06678088009357452,-0.9958195090293884,-0.6794260144233704,0.7280362248420715,-0.0913439467549324],"rotationconfidence":1},"20":{"id":20,"position":[-43.96924003958702,-1057.609438896179,2542.88125038147],"positionconfidence":1,"rotation":[0.7310925722122192,0.6822782754898071,0,0.0623219907283783,-0.06678088009357452,-0.9958195090293884,-0.6794260144233704,0.7280362248420715,-0.0913439467549324],"rotationconfidence":1},"21":{"id":21,"position":[303.4950792789459,-494.6235120296478,2721.331119537354],"positionconfidence":1,"rotation":[0.9817339777946472,0.1330241411924362,0.1360254436731339,-0.1780057400465012,0.8946229815483093,0.4098337590694428,-0.06717370450496674,-0.4265609979629517,0.9019607901573181],"rotationconfidence":1},"22":{"id":22,"position":[359.4465851783752,-775.8251428604126,2592.510461807251],"positionconfidence":1,"rotation":[0.9806076884269714,0.1450759768486023,0.1317630559206009,-0.1922108381986618,0.8431764841079712,0.5021040439605713,-0.03825627639889717,-0.5176934003829956,0.8547105193138123],"rotationconfidence":1},"23":{"id":23,"position":[422.6816296577454,-1053.22003364563,2427.324295043945],"positionconfidence":0.5,"rotation":[-0.05018213763833046,0.9987400770187378,0,-0.9899514317512512,-0.04974054917693138,-0.1323704123497009,-0.1322036385536194,-0.006642630323767662,0.9912002682685852],"rotationconfidence":0.5},"24":{"id":24,"position":[435.3035390377045,-1052.58584022522,2332.691192626953],"positionconfidence":0.5,"rotation":[-0.05018213763833046,0.9987400770187378,0,-0.9899514317512512,-0.04974054917693138,-0.1323704123497009,-0.1322036385536194,-0.006642630323767662,0.9912002682685852],"rotationconfidence":0.5}},"skeletonTracked":true,"frameCount":4},{"position":[194.3975985050201,-491.220623254776,2630.161285400391],"positionTracked":true,"id":4295,"skeleton":{"1":{"id":1,"position":[249.8862445354462,133.8675022125244,2886.959075927734],"positionconfidence":1,"rotation":[0.9999961853027344,0.002736669266596437,0,-0.002730549778789282,0.9977601170539856,-0.06683811545372009,-0.0001829138200264424,0.0668378621339798,0.9977638125419617],"rotationconfidence":1},"2":{"id":2,"position":[250.4080832004547,-56.81564286351204,2899.73258972168],"positionconfidence":1,"rotation":[0.9969879984855652,0.00789687130600214,0.07715445011854172,-0.002730549778789282,0.9977601170539856,-0.06683811545372009,-0.07750944048166275,0.066426120698452,0.9947763681411743],"rotationconfidence":1},"3":{"id":3,"position":[230.4248958826065,-377.5900900363922,2817.196846008301],"positionconfidence":1,"rotation":[0.9956356287002563,-0.07597177475690842,0.05420474335551262,0.06022210419178009,0.966698169708252,0.2487328946590424,-0.07129629701375961,-0.2443829923868179,0.9670541882514954],"rotationconfidence":1},"4":{"id":4,"position":[229.538694024086,-418.11603307724,2750.054359436035],"positionconfidence":1,"rotation":[0.9976989030838013,-0.06306301057338715,0.02489519864320755,0.01129928324371576,0.5167153477668762,0.856082558631897,-0.06685089319944382,-0.8538315296173096,0.5162389874458313],"rotationconfidence":1},"6":{"id":6,"position":[74.67272132635117,-177.1593689918518,2861.314535140991],"positionconfidence":1,"rotation":[0.3571866154670715,0.9318220615386963,0.06422995775938034,0.3847336769104004,-0.0841173380613327,-0.9191868305206299,-0.8511156439781189,0.3530326187610626,-0.388548880815506],"rotationconfidence":1},"7":{"id":7,"position":[-10.44615730643272,-399.215966463089,2846.00830078125],"positionconfidence":1,"rotation":[-0.3545277416706085,0.1593414843082428,0.9213688373565674,0.3871852159500122,0.9219427704811096,-0.01045817323029041,-0.8511156439781189,0.3530326187610626,-0.388548880815506],"rotationconfidence":1},"8":{"id":8,"position":[74.93092119693756,-437.5884532928467,2624.125003814697],"positionconfidence":1,"rotation":[-0.4651141464710236,0.5998504757881165,0.6510363221168518,0,0.7354258894920349,-0.677605152130127,-0.8852507472038269,-0.3151637315750122,-0.3420569896697998],"rotationconfidence":1},"9":{"id":9,"position":[102.966770529747,-473.7458527088165,2584.882259368897],"positionconfidence":0.5,"rotation":[-0.4651141464710236,0.5998504757881165,0.6510363221168518,0,0.7354258894920349,-0.677605152130127,-0.8852507472038269,-0.3151637315750122,-0.3420569896697998],"rotationconfidence":0.5},"12":{"id":12,"position":[431.3824772834778,-172.4797934293747,2888.795614242554],"positionconfidence":1,"rotation":[0.2470497488975525,-0.9669204354286194,-0.06349198520183563,-0.4342091381549835,-0.05188832804560661,-0.8993163108825684,0.8662728667259216,0.2497446835041046,-0.4326647222042084],"rotationconfidence":1},"13":{"id":13,"position":[483.1154346466065,-374.9558329582214,2875.500202178955],"positionconfidence":1,"rotation":[-0.3091440200805664,-0.4123398959636688,-0.8569748401641846,-0.3924298286437988,0.8761297464370728,-0.2799917757511139,0.8662728667259216,0.2497446835041046,-0.4326647222042084],"rotationconfidence":1},"14":{"id":14,"position":[413.2651686668396,-468.1229293346405,2681.869029998779],"positionconfidence":1,"rotation":[-0.1519160717725754,0.5224888920783997,-0.8390035033226013,0,-0.8488558530807495,-0.528624415397644,-0.9883934259414673,-0.08030654489994049,0.1289548426866531],"rotationconfidence":1},"15":{"id":15,"position":[404.3412804603577,-437.4307692050934,2632.584095001221],"positionconfidence":1,"rotation":[-0.1519160717725754,0.5224888920783997,-0.8390035033226013,0,-0.8488558530807495,-0.528624415397644,-0.9883934259414673,-0.08030654489994049,0.1289548426866531],"rotationconfidence":1},"17":{"id":17,"position":[147.2334861755371,-487.9722595214844,2712.295770645142],"positionconfidence":1,"rotation":[0.911331832408905,-0.4101506173610687,-0.03536269068717957,0.406304270029068,0.8822972178459167,0.2376308292150497,-0.06626403331756592,-0.2309285700321198,0.9707115292549133],"rotationconfidence":1},"18":{"id":18,"position":[4.290188197046518,-798.3762621879578,2628.6940574646],"positionconfidence":1,"rotation":[0.8909090161323547,-0.4541819095611572,0,0.4196673333644867,0.8232063055038452,0.3823751211166382,-0.1736678630113602,-0.3406614363193512,0.92400723695755],"rotationconfidence":1},"19":{"id":19,"position":[-98.29637408256531,-999.6068477630615,2535.223484039307],"positionconfidence":1,"rotation":[0.7307111620903015,0.6826866865158081,0,0.06225200369954109,-0.06663119792938232,-0.9958337545394897,-0.6798425316810608,0.7276669144630432,-0.09118678420782089],"rotationconfidence":1},"20":{"id":20,"position":[-44.18841376900673,-1057.521104812622,2542.480945587158],"positionconfidence":1,"rotation":[0.7307111620903015,0.6826866865158081,0,0.06225200369954109,-0.06663119792938232,-0.9958337545394897,-0.6798425316810608,0.7276669144630432,-0.09118678420782089],"rotationconfidence":1},"21":{"id":21,"position":[303.4697473049164,-494.7282075881958,2721.353769302368],"positionconfidence":1,"rotation":[0.9813670516014099,0.1319999098777771,0.1396233439445496,-0.178648054599762,0.8943575620651245,0.4101333618164063,-0.0707356333732605,-0.4274348318576813,0.9012746214866638],"rotationconfidence":1},"22":{"id":22,"position":[359.639972448349,-775.930643081665,2592.400312423706],"positionconfidence":1,"rotation":[0.9804186224937439,0.1442477405071259,0.1340593248605728,-0.1927289068698883,0.8426360487937927,0.5028122067451477,-0.04043369367718697,-0.5188035368919373,0.8539367914199829],"rotationconfidence":1},"23":{"id":23,"position":[423.0062365531921,-1052.976250648499,2427.083492279053],"positionconfidence":0.5,"rotation":[-0.05168701708316803,0.9986633658409119,0,-0.9895690679550171,-0.05121633037924767,-0.1346476525068283,-0.134467676281929,-0.006959535647183657,0.990893542766571],"rotationconfidence":0.5},"24":{"id":24,"position":[435.844749212265,-1052.311778068543,2332.476377487183],"positionconfidence":0.5,"rotation":[-0.05168701708316803,0.9986633658409119,0,-0.9895690679550171,-0.05121633037924767,-0.1346476525068283,-0.134467676281929,-0.006959535647183657,0.990893542766571],"rotationconfidence":0.5}},"skeletonTracked":true,"frameCount":5},{"position":[193.2801753282547,-492.0928180217743,2628.239393234253],"positionTracked":true,"id":4295,"skeleton":{"1":{"id":1,"position":[249.3793517351151,134.7258239984512,2886.059999465942],"positionconfidence":1,"rotation":[0.9999992847442627,-0.001189797301776707,0,0.001187256653793156,0.9978640079498291,-0.06531446427106857,0.00007771097443765029,0.06531441956758499,0.9978647232055664],"rotationconfidence":1},"2":{"id":2,"position":[249.1521835327148,-56.20421469211578,2898.557186126709],"positionconfidence":1,"rotation":[0.9965160489082336,0.004266232717782259,0.08329303562641144,0.001187256653793156,0.9978640079498291,-0.06531446427106857,-0.08339377492666245,0.0651858001947403,0.9943824410438538],"rotationconfidence":1},"3":{"id":3,"position":[229.6479493379593,-377.4870038032532,2816.534042358398],"positionconfidence":1,"rotation":[0.9952762126922607,-0.0758810043334961,0.06055803969502449,0.05871923640370369,0.9672505259513855,0.2469379901885986,-0.07731270790100098,-0.2422156184911728,0.9671372175216675],"rotationconfidence":1},"4":{"id":4,"position":[229.1748076677322,-418.1069433689117,2749.57013130188],"positionconfidence":1,"rotation":[0.997464656829834,-0.06375099718570709,0.03162330016493797,0.006040964275598526,0.5186260938644409,0.8549798727035522,-0.07090648263692856,-0.8526210784912109,0.5176963210105896],"rotationconfidence":1},"6":{"id":6,"position":[74.40004497766495,-176.5756607055664,2858.98232460022],"positionconfidence":1,"rotation":[0.3587454557418823,0.9316396713256836,0.05787104740738869,0.3837399780750275,-0.09068180620670319,-0.9189778566360474,-0.8509085178375244,0.3518866300582886,-0.3900391459465027],"rotationconfidence":1},"7":{"id":7,"position":[-11.24527677893639,-398.9912271499634,2845.166444778442],"positionconfidence":1,"rotation":[-0.3612345159053803,0.1471185684204102,0.920796275138855,0.3813979029655457,0.9244089722633362,0.001929153455421329,-0.8509085178375244,0.3518866300582886,-0.3900391459465027],"rotationconfidence":1},"8":{"id":8,"position":[76.3452798128128,-434.6638917922974,2621.895790100098],"positionconfidence":1,"rotation":[-0.4826650321483612,0.5674256682395935,0.6671299338340759,0,0.7617334723472595,-0.6478905081748962,-0.8758049011230469,-0.3127140998840332,-0.3676621019840241],"rotationconfidence":1},"9":{"id":9,"position":[105.4653003811836,-468.897670507431,2581.646680831909],"positionconfidence":0.5,"rotation":[-0.4826650321483612,0.5674256682395935,0.6671299338340759,0,0.7617334723472595,-0.6478905081748962,-0.8758049011230469,-0.3127140998840332,-0.3676621019840241],"rotationconfidence":0.5},"12":{"id":12,"position":[430.6817352771759,-172.1501797437668,2888.571739196777],"positionconfidence":1,"rotation":[0.235385850071907,-0.968187689781189,-0.08488797396421432,-0.4296851456165314,-0.02532559260725975,-0.9026234745979309,0.8717592358589172,0.2489399313926697,-0.4219772219657898],"rotationconfidence":1},"13":{"id":13,"position":[480.4640412330627,-376.9144713878632,2870.618581771851],"positionconfidence":1,"rotation":[-0.2998652160167694,-0.4100187122821808,-0.8613741397857666,-0.3874489665031433,0.8774471282958984,-0.2827891707420349,0.8717592358589172,0.2489399313926697,-0.4219772219657898],"rotationconfidence":1},"14":{"id":14,"position":[413.7237370014191,-468.1713879108429,2678.904533386231],"positionconfidence":1,"rotation":[0.004844913724809885,0.6093884706497192,-0.7928569316864014,0,-0.7928662896156311,-0.6093956232070923,-0.9999881982803345,0.0029524692799896,-0.003841368714347482],"rotationconfidence":1},"15":{"id":15,"position":[414.0316247940064,-429.4455647468567,2628.519535064697],"positionconfidence":1,"rotation":[0.004844913724809885,0.6093884706497192,-0.7928569316864014,0,-0.7928662896156311,-0.6093956232070923,-0.9999881982803345,0.0029524692799896,-0.003841368714347482],"rotationconfidence":1},"17":{"id":17,"position":[146.914929151535,-487.7051711082459,2711.518526077271],"positionconfidence":1,"rotation":[0.9113081693649292,-0.4105890989303589,-0.03056060150265694,0.405629426240921,0.8826150298118591,0.2376035004854202,-0.07058416306972504,-0.2289263010025024,0.9708813428878784],"rotationconfidence":1},"18":{"id":18,"position":[4.267523996531963,-798.0937361717224,2627.960681915283],"positionconfidence":1,"rotation":[0.890892505645752,-0.4542141854763031,0,0.4200435280799866,0.8238704204559326,0.3805272579193115,-0.172840878367424,-0.3390088677406311,0.9247696995735168],"rotationconfidence":1},"19":{"id":19,"position":[-98.47193956375122,-999.606192111969,2534.886598587036],"positionconfidence":1,"rotation":[0.7294765710830688,0.6840057373046875,0,0.06215355172753334,-0.06628534942865372,-0.9958629608154297,-0.6811760067939758,0.7264587879180908,-0.09086700528860092],"rotationconfidence":1},"20":{"id":20,"position":[-44.28689554333687,-1057.393312454224,2542.114734649658],"positionconfidence":1,"rotation":[0.7294765710830688,0.6840057373046875,0,0.06215355172753334,-0.06628534942865372,-0.9958629608154297,-0.6811760067939758,0.7264587879180908,-0.09086700528860092],"rotationconfidence":1},"21":{"id":21,"position":[303.1950891017914,-494.8221743106842,2721.20213508606],"positionconfidence":1,"rotation":[0.9799202084541321,0.1352159678936005,0.1465374827384949,-0.1846169531345367,0.8929129242897034,0.4106375575065613,-0.07532045245170593,-0.4294452965259552,0.8999464511871338],"rotationconfidence":1},"22":{"id":22,"position":[361.4214956760407,-776.438295841217,2591.691017150879],"positionconfidence":1,"rotation":[0.9810867309570312,0.1385716199874878,0.1351545453071594,-0.1884288787841797,0.8435214161872864,0.502957284450531,-0.04431014880537987,-0.5189117193222046,0.8536785840988159],"rotationconfidence":1},"23":{"id":23,"position":[423.1583476066589,-1052.809715270996,2426.902055740356],"positionconfidence":0.5,"rotation":[-0.04965176060795784,0.9987666010856628,0,-0.9895278215408325,-0.04919247329235077,-0.1357014179229736,-0.1355340480804443,-0.006737815216183662,0.9907498359680176],"rotationconfidence":0.5},"24":{"id":24,"position":[436.095267534256,-1052.16658115387,2332.333564758301],"positionconfidence":0.5,"rotation":[-0.04965176060795784,0.9987666010856628,0,-0.9895278215408325,-0.04919247329235077,-0.1357014179229736,-0.1355340480804443,-0.006737815216183662,0.9907498359680176],"rotationconfidence":0.5}},"skeletonTracked":true,"frameCount":6},{"position":[193.8036382198334,-496.4008033275604,2626.787185668945],"positionTracked":true,"id":4295,"skeleton":{"1":{"id":1,"position":[248.5132366418839,135.6140226125717,2885.269641876221],"positionconfidence":1,"rotation":[0.9999913573265076,-0.004166866187006235,0,0.004158986732363701,0.9981003403663635,-0.06146842241287231,0.0002561307046562433,0.06146788969635963,0.9981090426445007],"rotationconfidence":1},"2":{"id":2,"position":[247.7169036865234,-55.49507960677147,2897.039175033569],"positionconfidence":1,"rotation":[0.9962068200111389,0.001207399996928871,0.08700918406248093,0.004158986732363701,0.9981003403663635,-0.06146842241287231,-0.08691811561584473,0.06159713119268417,0.9943093657493591],"rotationconfidence":1},"3":{"id":3,"position":[228.7283092737198,-377.2949874401093,2815.624237060547],"positionconfidence":1,"rotation":[0.995097815990448,-0.07502098381519318,0.06443826109170914,0.05711168795824051,0.9678723216056824,0.2448703795671463,-0.08073841780424118,-0.2399897873401642,0.9674121141433716],"rotationconfidence":1},"4":{"id":4,"position":[228.6067456007004,-418.0284440517426,2748.831033706665],"positionconfidence":1,"rotation":[0.997244656085968,-0.06412704288959503,0.03729252517223358,0.001553846755996347,0.5206617116928101,0.8537616729736328,-0.07416599988937378,-0.8513513207435608,0.5193267464637756],"rotationconfidence":1},"6":{"id":6,"position":[73.88735562562943,-176.061749458313,2856.993913650513],"positionconfidence":1,"rotation":[0.3600423038005829,0.9314233064651489,0.05310404673218727,0.3834484815597534,-0.09585075825452805,-0.9185749292373657,-0.8504921197891235,0.3510885536670685,-0.3916632235050201],"rotationconfidence":1},"7":{"id":7,"position":[-12.20066007226706,-398.7699747085571,2844.296455383301],"positionconfidence":1,"rotation":[-0.3626759946346283,0.147880420088768,0.9201073050498962,0.3809584677219391,0.924590885639