{"motiondata":[{"position":[355.8463156223297,-554.7960996627808,3039.367914199829],"positionTracked":true,"id":4692,"skeleton":{"1":{"id":1,"position":[419.3587601184845,136.4746540784836,3300.919055938721],"positionconfidence":1,"rotation":[0.9998647570610046,0.01644809544086456,0,-0.01627586781978607,0.989395260810852,0.144333079457283,0.002374004339799285,-0.1443135589361191,0.9895291328430176],"rotationconfidence":1},"2":{"id":2,"position":[422.8529632091522,-75.9347751736641,3269.932746887207],"positionconfidence":1,"rotation":[0.9849346280097961,0.04071974381804466,-0.1680644303560257,-0.01627586781978607,0.989395260810852,0.144333079457283,0.1721593737602234,-0.139423280954361,0.9751524925231934],"rotationconfidence":1},"3":{"id":3,"position":[399.8336493968964,-409.8681807518005,3250.74028968811],"positionconfidence":1,"rotation":[0.9820244312286377,-0.05735930427908897,-0.1798278987407684,0.06865787506103516,0.9959966540336609,0.05724381655454636,0.1758245080709457,-0.06856141984462738,0.9820311069488525],"rotationconfidence":1},"4":{"id":4,"position":[387.468695640564,-461.1941576004028,3195.357799530029],"positionconfidence":1,"rotation":[0.9817596077919006,-0.03483553975820541,-0.1869082450866699,0.1616027653217316,0.6708006858825684,0.723816990852356,0.100163608789444,-0.7408191561698914,0.6641944646835327],"rotationconfidence":1},"6":{"id":6,"position":[216.6344672441483,-182.7878803014755,3282.266139984131],"positionconfidence":1,"rotation":[0.2966636121273041,0.9370939135551453,0.1839720606803894,0.3299991190433502,0.08018386363983154,-0.9405696988105774,-0.8961536884307861,0.3397434055805206,-0.2854525148868561],"rotationconfidence":1},"7":{"id":7,"position":[139.0924900770187,-427.725613117218,3234.179496765137],"positionconfidence":1,"rotation":[-0.235158309340477,0.1819209903478622,0.9547802805900574,0.3763101100921631,0.9227563738822937,-0.0831356793642044,-0.8961536884307861,0.3397434055805206,-0.2854525148868561],"rotationconfidence":1},"8":{"id":8,"position":[193.6831474304199,-469.9575304985046,3012.532711029053],"positionconfidence":1,"rotation":[0.9570571780204773,-0.271659791469574,0.1012055352330208,0,0.3491058349609375,0.93708336353302,-0.2898993194103241,-0.896842360496521,0.3341142535209656],"rotationconfidence":1},"9":{"id":9,"position":[160.9325110912323,-460.6612920761108,3009.069442749023],"positionconfidence":1,"rotation":[0.9570571780204773,-0.271659791469574,0.1012055352330208,0,0.3491058349609375,0.93708336353302,-0.2898993194103241,-0.896842360496521,0.3341142535209656],"rotationconfidence":1},"12":{"id":12,"position":[584.180474281311,-195.3254491090775,3215.584754943848],"positionconfidence":1,"rotation":[0.3196317851543427,-0.9475412964820862,-0.0009262264939025044,-0.3685950934886932,-0.1234366521239281,-0.9213582277297974,0.8729107975959778,0.2948368191719055,-0.3887134194374085],"rotationconfidence":1},"13":{"id":13,"position":[661.6021394729614,-424.8402416706085,3215.360403060913],"positionconfidence":1,"rotation":[-0.3232588171958923,-0.2472289055585861,-0.9134449362754822,-0.365418404340744,0.9230110049247742,-0.1205001771450043,0.8729107975959778,0.2948368191719055,-0.3887134194374085],"rotationconfidence":1},"14":{"id":14,"position":[586.202085018158,-482.5063347816467,3002.299547195435],"positionconfidence":1,"rotation":[0.08890112489461899,-0.3626174330711365,-0.9276880621910095,0,-0.9313759207725525,0.3640589416027069,-0.9960404634475708,-0.03236524760723114,-0.08280036598443985],"rotationconfidence":1},"15":{"id":15,"position":[590.7862782478333,-501.2047290802002,2954.463243484497],"positionconfidence":1,"rotation":[0.08890112489461899,-0.3626174330711365,-0.9276880621910095,0,-0.9313759207725525,0.3640589416027069,-0.9960404634475708,-0.03236524760723114,-0.08280036598443985],"rotationconfidence":1},"17":{"id":17,"position":[297.3007261753082,-541.6495203971863,3186.161756515503],"positionconfidence":1,"rotation":[0.8693586587905884,-0.3733871281147003,-0.3237245380878449,0.4762583076953888,0.8078569173812866,0.3471961319446564,0.1318845748901367,-0.456014484167099,0.8801462054252625],"rotationconfidence":1},"18":{"id":18,"position":[118.9930737018585,-844.1053032875061,3056.174039840698],"positionconfidence":1,"rotation":[0.9406545758247375,-0.3393656611442566,0,0.335448145866394,0.929796040058136,0.1515057235956192,-0.05141583830118179,-0.1425145566463471,0.9884564876556396],"rotationconfidence":1},"19":{"id":19,"position":[-1.181264990009368,-1177.204847335815,3001.897096633911],"positionconfidence":1,"rotation":[0.9864306449890137,0.1641780138015747,0,0.008016707375645638,-0.04816677421331406,-0.9988070726394653,-0.1639821827411652,0.9852540493011475,-0.04882935807108879],"rotationconfidence":1},"20":{"id":20,"position":[11.13149989396334,-1251.18362903595,3005.563497543335],"positionconfidence":1,"rotation":[0.9864306449890137,0.1641780138015747,0,0.008016707375645638,-0.04816677421331406,-0.9988070726394653,-0.1639821827411652,0.9852540493011475,-0.04882935807108879],"rotationconfidence":1},"21":{"id":21,"position":[464.420348405838,-541.3807034492493,3161.259174346924],"positionconfidence":1,"rotation":[0.9492665529251099,0.3144620358943939,0.002546413103118539,-0.2841169536113739,0.8541367053985596,0.4355778396129608,0.1347977072000504,-0.4142029583454132,0.9001473784446716],"rotationconfidence":1},"22":{"id":22,"position":[564.4872188568115,-842.2102928161621,3007.847309112549],"positionconfidence":1,"rotation":[-0.8095998167991638,-0.05869942530989647,-0.5840397477149963,-0.2917683124542236,0.9036067724227905,0.3136334121227264,0.5093321800231934,0.4243218302726746,-0.7486864924430847],"rotationconfidence":1},"23":{"id":23,"position":[657.8280925750732,-1131.287097930908,2907.511472702026],"positionconfidence":1,"rotation":[0.9998590350151062,0.01678911969065666,0,0.00129258306697011,-0.07697847485542297,-0.9970318675041199,-0.01673928834497929,0.9968913793563843,-0.07698933035135269],"rotationconfidence":1},"24":{"id":24,"position":[659.47425365448,-1229.322552680969,2915.082693099976],"positionconfidence":1,"rotation":[0.9998590350151062,0.01678911969065666,0,0.00129258306697011,-0.07697847485542297,-0.9970318675041199,-0.01673928834497929,0.9968913793563843,-0.07698933035135269],"rotationconfidence":1}},"skeletonTracked":true,"frameCount":1},{"position":[357.6259016990662,-551.575243473053,3035.574913024902],"positionTracked":true,"id":4692,"skeleton":{"1":{"id":1,"position":[425.4192411899567,136.4268511533737,3295.33052444458],"positionconfidence":1,"rotation":[0.9999938607215881,-0.003506665118038654,0,0.003476833226159215,0.9914867281913757,0.130161464214325,-0.0004564326663967222,-0.1301606595516205,0.9914928078651428],"rotationconfidence":1},"2":{"id":2,"position":[424.6825575828552,-73.65283370018005,3267.751455307007],"positionconfidence":1,"rotation":[0.9861849546432495,0.01815680973231792,-0.16464963555336,0.003476833226159215,0.9914867281913757,0.130161464214325,0.1656112372875214,-0.1289357393980026,0.97772616147995],"rotationconfidence":1},"3":{"id":3,"position":[400.853157043457,-409.5087349414825,3247.779607772827],"positionconfidence":1,"rotation":[0.9831071496009827,-0.05945898219943047,-0.1731037944555283,0.0706491693854332,0.9957422614097595,0.0592123344540596,0.1688460558652878,-0.07044170051813126,0.9831219911575317],"rotationconfidence":1},"4":{"id":4,"position":[388.6633813381195,-461.8403315544128,3192.463397979736],"positionconfidence":1,"rotation":[0.9828484058380127,-0.03824347630143166,-0.1804056912660599,0.1580680757761002,0.6785978078842163,0.7173000574111938,0.09499087184667587,-0.7335137128829956,0.6730039119720459],"rotationconfidence":1},"6":{"id":6,"position":[218.5987383127213,-182.5216561555862,3278.270959854126],"positionconfidence":1,"rotation":[0.3073148727416992,0.9314132332801819,0.1950047165155411,0.386800616979599,0.06496559083461761,-0.9198721051216125,-0.8694497346878052,0.3581183552742004,-0.3403063714504242],"rotationconfidence":1},"7":{"id":7,"position":[137.6487165689468,-427.8658628463745,3226.904630661011],"positionconfidence":1,"rotation":[-0.2690948843955994,0.2343803197145462,0.9341593384742737,0.4143007099628449,0.9037792682647705,-0.1074140891432762,-0.8694497346878052,0.3581183552742004,-0.3403063714504242],"rotationconfidence":1},"8":{"id":8,"position":[199.3451416492462,-481.6031455993652,3012.726306915283],"positionconfidence":1,"rotation":[0.8241617679595947,-0.5539592504501343,-0.1178405359387398,0,-0.2080685496330261,0.9781142473220825,-0.5663543343544006,-0.8061243891716003,-0.1714821457862854],"rotationconfidence":1},"9":{"id":9,"position":[163.1643921136856,-457.2843015193939,3017.899513244629],"positionconfidence":1,"rotation":[0.8241617679595947,-0.5539592504501343,-0.1178405359387398,0,-0.2080685496330261,0.9781142473220825,-0.5663543343544006,-0.8061243891716003,-0.1714821457862854],"rotationconfidence":1},"12":{"id":12,"position":[586.9210958480835,-196.9598978757858,3213.979005813599],"positionconfidence":1,"rotation":[0.3136474192142487,-0.9495379328727722,0.001746635651215911,-0.3381690084934235,-0.1134210526943207,-0.9342254996299744,0.8872806429862976,0.2924267649650574,-0.3566785156726837],"rotationconfidence":1},"13":{"id":13,"position":[662.7007722854614,-426.3757169246674,3214.401006698608],"positionconfidence":1,"rotation":[-0.2631624341011047,-0.3141183853149414,-0.9121814966201782,-0.3787855505943298,0.9032253623008728,-0.2017554193735123,0.8872806429862976,0.2924267649650574,-0.3566785156726837],"rotationconfidence":1},"14":{"id":14,"position":[601.5281081199646,-499.3931949138641,3002.362489700317],"positionconfidence":1,"rotation":[-0.1667483448982239,0.03583097830414772,-0.9853482246398926,0,-0.9993394613265991,-0.03633975610136986,-0.9859994649887085,-0.006059593986719847,0.166638195514679],"rotationconfidence":1},"15":{"id":15,"position":[592.896580696106,-497.5384473800659,2951.357126235962],"positionconfidence":1,"rotation":[-0.1667483448982239,0.03583097830414772,-0.9853482246398926,0,-0.9993394613265991,-0.03633975610136986,-0.9859994649887085,-0.006059593986719847,0.166638195514679],"rotationconfidence":1},"17":{"id":17,"position":[298.3174324035645,-542.3327088356018,3182.87992477417],"positionconfidence":1,"rotation":[0.8695254921913147,-0.3761188089847565,-0.3200938105583191,0.4778823554515839,0.8043833374977112,0.3529814779758453,0.1247151494026184,-0.4598935544490814,0.8791723251342773],"rotationconfidence":1},"18":{"id":18,"position":[119.3542331457138,-843.567967414856,3050.6911277771],"positionconfidence":1,"rotation":[0.9400952458381653,-0.3409120440483093,0,0.3372188210487366,0.9299108982086182,0.1467966884374619,-0.05004476010799408,-0.138002872467041,0.989166796207428],"rotationconfidence":1},"19":{"id":19,"position":[-0.9751422330737114,-1175.386905670166,2998.309850692749],"positionconfidence":1,"rotation":[0.9875342845916748,0.1574043780565262,0,0.01639122702181339,-0.1028363928198814,-0.9945633411407471,-0.1565486043691635,0.9821652770042419,-0.1041345074772835],"rotationconfidence":1},"20":{"id":20,"position":[11.1836064606905,-1251.66928768158,3006.397724151611],"positionconfidence":1,"rotation":[0.9875342845916748,0.1574043780565262,0,0.01639122702181339,-0.1028363928198814,-0.9945633411407471,-0.1565486043691635,0.9821652770042419,-0.1041345074772835],"rotationconfidence":1},"21":{"id":21,"position":[465.6777679920197,-542.5425171852112,3159.029245376587],"positionconfidence":1,"rotation":[0.9508987069129944,0.3094000816345215,0.007933324202895164,-0.2818853855133057,0.855182945728302,0.4349742829799652,0.1277966499328613,-0.4158528447151184,0.9004078507423401],"rotationconfidence":1},"22":{"id":22,"position":[564.5595192909241,-842.5296545028687,3006.44588470459],"positionconfidence":1,"rotation":[0.9066649675369263,0.3660497665405273,-0.2096814960241318,-0.2923679947853088,0.9035663604736328,0.3131913542747498,0.3041047751903534,-0.2226554751396179,0.9262531995773315],"rotationconfidence":1},"23":{"id":23,"position":[658.4072113037109,-1132.566928863525,2905.914068222046],"positionconfidence":1,"rotation":[0.997209370136261,0.07465506345033646,0,-0.06101073324680328,0.8149544596672058,-0.57630455493927,-0.04302405565977097,0.5746963620185852,0.8172350525856018],"rotationconfidence":1},"24":{"id":24,"position":[662.010908126831,-1180.703520774841,2837.462425231934],"positionconfidence":1,"rotation":[0.997209370136261,0.07465506345033646,0,-0.06101073324680328,0.8149544596672058,-0.57630455493927,-0.04302405565977097,0.5746963620185852,0.8172350525856018],"rotationconfidence":1}},"skeletonTracked":true,"frameCount":2},{"position":[362.5941872596741,-553.6109805107117,3035.995244979858],"positionTracked":true,"id":4692,"skeleton":{"1":{"id":1,"position":[429.6831786632538,136.5386694669724,3291.929960250855],"positionconfidence":1,"rotation":[0.9998541474342346,-0.01708287000656128,0,0.01695694588124752,0.9924838542938232,0.1211949363350868,-0.002070357324555516,-0.1211772561073303,0.9926287531852722],"rotationconfidence":1},"2":{"id":2,"position":[426.1289238929749,-71.490578353405,3266.526937484741],"positionconfidence":1,"rotation":[0.9868998527526855,0.002836323576048017,-0.1613088250160217,0.01695694588124752,0.9924838542938232,0.1211949363350868,0.1604401618242264,-0.1223425716161728,0.9794341325759888],"rotationconfidence":1},"3":{"id":3,"position":[401.6785025596619,-409.1905653476715,3245.393514633179],"positionconfidence":1,"rotation":[0.9839392304420471,-0.06073562428355217,-0.1678530424833298,0.07207349687814713,0.9954519271850586,0.06229584664106369,0.1633060723543167,-0.0733930841088295,0.9838417172431946],"rotationconfidence":1},"4":{"id":4,"position":[389.6311819553375,-462.2939825057983,3190.093040466309],"positionconfidence":1,"rotation":[0.9837608933448792,-0.04128282889723778,-0.1746716201305389,0.1552297323942184,0.684237539768219,0.7125466465950012,0.09010093659162521,-0.7280897498130798,0.6795344352722168],"rotationconfidence":1},"6":{"id":6,"position":[220.1209217309952,-182.1500360965729,3275.241136550903],"positionconfidence":1,"rotation":[0.391505241394043,0.9126818776130676,0.1171985790133476,0.3615203201770783,-0.03543872758746147,-0.9316905736923218,-0.8461836576461792,0.4071314036846161,-0.3438274562358856],"rotationconfidence":1},"7":{"id":7,"position":[119.0728694200516,-417.7145063877106,3244.992017745972],"positionconfidence":1,"rotation":[-0.2586584091186523,0.250311017036438,0.9329738020896912,0.4659067392349243,0.8784010410308838,-0.1065011322498322,-0.8461836576461792,0.4071314036846161,-0.3438274562358856],"rotationconfidence":1},"8":{"id":8,"position":[179.3735325336456,-476.0691523551941,3027.489185333252],"positionconfidence":1,"rotation":[0.5735076665878296,-0.8006698489189148,0.1732531487941742,0,0.2114906162023544,0.9773800373077393,-0.8192001581192017,-0.5605349540710449,0.1212914884090424],"rotationconfidence":1},"9":{"id":9,"position":[164.4919961690903,-455.2931487560272,3022.993564605713],"positionconfidence":1,"rotation":[0.5735076665878296,-0.8006698489189148,0.1732531487941742,0,0.2114906162023544,0.9773800373077393,-0.8192001581192017,-0.5605349540710449,0.1212914884090424],"rotationconfidence":1},"12":{"id":12,"position":[589.2194509506226,-198.136031627655,3212.782621383667],"positionconfidence":1,"rotation":[0.3091362714767456,-0.9510095715522766,0.003933514934033155,-0.3410390913486481,-0.1147176772356033,-0.9330231547355652,0.8877652883529663,0.2870898246765137,-0.3597948551177979],"rotationconfidence":1},"13":{"id":13,"position":[663.8317704200745,-427.6691973209381,3213.732004165649],"positionconfidence":1,"rotation":[-0.2691176235675812,-0.3104124069213867,-0.9117125868797302,-0.3734281957149506,0.9062139391899109,-0.1983124315738678,0.8877652883529663,0.2870898246765137,-0.3597948551177979],"rotationconfidence":1},"14":{"id":14,"position":[601.4503836631775,-499.6227025985718,3002.397298812866],"positionconfidence":1,"rotation":[-0.2226416915655136,0.1409481912851334,-0.9646575450897217,0,-0.9894935488700867,-0.1445770412683487,-0.9749003052711487,-0.03218887746334076,0.2203025221824646],"rotationconfidence":1},"15":{"id":15,"position":[588.2649421691895,-491.2753701210022,2945.267677307129],"positionconfidence":1,"rotation":[-0.2226416915655136,0.1409481912851334,-0.9646575450897217,0,-0.9894935488700867,-0.1445770412683487,-0.9749003052711487,-0.03218887746334076,0.2203025221824646],"rotationconfidence":1},"17":{"id":17,"position":[299.115777015686,-542.8218245506287,3180.081367492676],"positionconfidence":1,"rotation":[0.8695951104164124,-0.3790143728256226,-0.3164682984352112,0.4794110953807831,0.8015137910842896,0.357407957315445,0.1181909814476967,-0.4625186920166016,0.8786963224411011],"rotationconfidence":1},"18":{"id":18,"position":[119.3267405033112,-843.4060215950012,3046.046018600464],"positionconfidence":1,"rotation":[0.9398715496063232,-0.3415278494358063,0,0.338050901889801,0.930303156375885,0.1423289179801941,-0.04860929027199745,-0.1337708979845047,0.9898192882537842],"rotationconfidence":1},"19":{"id":19,"position":[-0.8038676460273564,-1174.000859260559,2995.467662811279],"positionconfidence":1,"rotation":[0.9877828359603882,0.1558363884687424,0,0.02236217260360718,-0.1417446285486221,-0.9896506071090698,-0.1542235761880875,0.9775599837303162,-0.1434977650642395],"rotationconfidence":1},"20":{"id":20,"position":[11.50151342153549,-1251.999616622925,3006.917238235474],"positionconfidence":1,"rotation":[0.9877828359603882,0.1558363884687424,0,0.02236217260360718,-0.1417446285486221,-0.9896506071090698,-0.1542235761880875,0.9775599837303162,-0.1434977650642395],"rotationconfidence":1},"21":{"id":21,"position":[466.6845202445984,-543.4105396270752,3157.232284545898],"positionconfidence":1,"rotation":[0.9524309039115906,0.3044715821743012,0.0131285646930337,-0.2795819640159607,0.8558055758476257,0.4352364242076874,0.1212816163897514,-0.4182031154632568,0.9002204537391663],"rotationconfidence":1},"22":{"id":22,"position":[564.5363926887512,-842.9369330406189,3004.902362823486],"positionconfidence":1,"rotation":[0.6433863639831543,0.4279001951217651,-0.6347876787185669,-0.2933252453804016,0.9037103056907654,0.3118780553340912,0.7071168422698975,-0.01445883605629206,0.7069488167762756],"rotationconfidence":1},"23":{"id":23,"position":[658.88512134552,-1133.617401123047,2904.58607673645],"positionconfidence":1,"rotation":[0.9994308948516846,-0.03373535349965096,0,0.0194915384054184,0.5774489641189575,-0.8161942362785339,0.02753459475934506,0.815729558467865,0.5777778029441833],"rotationconfidence":1},"24":{"id":24,"position":[656.7784547805786,-1196.028709411621,2860.380411148071],"positionconfidence":0.5,"rotation":[0.9994308948516846,-0.03373535349965096,0,0.0194915384054184,0.5774489641189575,-0.8161942362785339,0.02753459475934506,0.815729558467865,0.5777778029441833],"rotationconfidence":0.5}},"skeletonTracked":true,"frameCount":3},{"position":[355.569452047348,-553.8440942764282,3036.185026168823],"positionTracked":true,"id":4692,"skeleton":{"1":{"id":1,"position":[432.3819279670715,136.9476914405823,3289.553165435791],"positionconfidence":1,"rotation":[0.9996951222419739,-0.0246933214366436,0,0.02453167736530304,0.993151068687439,0.1142330467700958,-0.002820793306455016,-0.1141982227563858,0.9934540390968323],"rotationconfidence":1},"2":{"id":2,"position":[427.3000061511993,-68.79102438688278,3265.888929367065],"positionconfidence":1,"rotation":[0.987267255783081,-0.006103407125920057,-0.1589532643556595,0.02453167736530304,0.993151068687439,0.1142330467700958,0.1571673899888992,-0.1166779324412346,0.9806551933288574],"rotationconfidence":1},"3":{"id":3,"position":[402.3706316947937,-408.8114202022553,3243.318796157837],"positionconfidence":1,"rotation":[0.984483003616333,-0.06126440316438675,-0.1644384860992432,0.07296132296323776,0.9951448440551758,0.06605648249387741,0.1595931947231293,-0.07702912390232086,0.984173059463501],"rotationconfidence":1},"4":{"id":4,"position":[390.3864324092865,-462.5847339630127,3188.044786453247],"positionconfidence":1,"rotation":[0.9843144416809082,-0.04366403445601463,-0.1709349602460861,0.1535627543926239,0.6890388131141663,0.7082683444023132,0.0868549644947052,-0.7234079241752625,0.684935986995697],"rotationconfidence":1},"6":{"id":6,"position":[221.3186174631119,-181.7692667245865,3273.007154464722],"positionconfidence":1,"rotation":[0.399653285741806,0.910842776298523,0.10316401720047,0.3115542829036713,-0.02912728488445282,-0.9497819542884827,-0.8620970249176025,0.4117246270179749,-0.2954177558422089],"rotationconfidence":1},"7":{"id":7,"position":[123.1595426797867,-405.4818749427795,3247.668981552124],"positionconfidence":1,"rotation":[-0.2028526365756989,0.2538324594497681,0.9457377791404724,0.4643701612949371,0.8752440214157104,-0.1353087872266769,-0.8620970249176025,0.4117246270179749,-0.2954177558422089],"rotationconfidence":1},"8":{"id":8,"position":[170.4902350902557,-464.7074639797211,3027.004241943359],"positionconfidence":1,"rotation":[0.4343551993370056,-0.8977823257446289,0.07295536994934082,0,0.08099476993083954,0.9967144727706909,-0.9007416367530823,-0.4329281151294708,0.03518049791455269],"rotationconfidence":1},"9":{"id":9,"position":[165.3460562229157,-454.0748000144959,3026.140213012695],"positionconfidence":1,"rotation":[0.4343551993370056,-0.8977823257446289,0.07295536994934082,0,0.08099476993083954,0.9967144727706909,-0.9007416367530823,-0.4329281151294708,0.03518049791455269],"rotationconfidence":1},"12":{"id":12,"position":[591.1603569984436,-198.9565640687943,3211.68851852417],"positionconfidence":1,"rotation":[0.3058285415172577,-0.9520660042762756,0.006264571566134691,-0.346040666103363,-0.1172823682427406,-0.9308602809906006,0.886975109577179,0.2825158536434174,-0.3653218448162079],"rotationconfidence":1},"13":{"id":13,"position":[664.8952960968018,-428.4986853599548,3213.198900222778],"positionconfidence":1,"rotation":[-0.2748138308525085,-0.312859833240509,-0.9091733694076538,-0.3711504340171814,0.9068096280097961,-0.199859619140625,0.886975109577179,0.2825158536434174,-0.3653218448162079],"rotationconfidence":1},"14":{"id":14,"position":[601.3469099998474,-500.8448958396912,3002.960205078125],"positionconfidence":1,"rotation":[-0.2744598090648651,0.19715316593647,-0.9411708116531372,0,-0.9787563681602478,-0.2050264626741409,-0.9615985155105591,-0.05627152323722839,0.2686292827129364],"rotationconfidence":1},"15":{"id":15,"position":[583.747386932373,-488.2026016712189,2942.60835647583],"positionconfidence":1,"rotation":[-0.2744598090648651,0.19715316593647,-0.9411708116531372,0,-0.9787563681602478,-0.2050264626741409,-0.9615985155105591,-0.05627152323722839,0.2686292827129364],"rotationconfidence":1},"17":{"id":17,"position":[299.6887564659119,-543.1544780731201,3177.842378616333],"positionconfidence":1,"rotation":[0.8695224523544312,-0.3813159763813019,-0.3138931691646576,0.4805873334407806,0.7997686862945557,0.3597303032875061,0.1138710156083107,-0.4636466503143311,0.8786724209785461],"rotationconfidence":1},"18":{"id":18,"position":[119.3149462342262,-843.323290348053,3042.828559875488],"positionconfidence":1,"rotation":[0.9397276639938354,-0.341923713684082,0,0.3385376334190369,0.9304214715957642,0.1403861790895462,-0.04800136387348175,-0.1319247782230377,0.9900968670845032],"rotationconfidence":1},"19":{"id":19,"position":[-0.5669884849339724,-1172.801375389099,2993.115425109863],"positionconfidence":1,"rotation":[0.9882993102073669,0.1525274813175201,0,0.02662639878690243,-0.1725253164768219,-0.9846451878547668,-0.1501854211091995,0.9731240272521973,-0.1745678782463074],"rotationconfidence":1},"20":{"id":20,"position":[11.68244797736406,-1252.171397209168,3007.35354423523],"positionconfidence":1,"rotation":[0.9882993102073669,0.1525274813175201,0,0.02662639878690243,-0.1725253164768219,-0.9846451878547668,-0.1501854211091995,0.9731240272521973,-0.1745678782463074],"rotationconfidence":1},"21":{"id":21,"position":[467.4825370311737,-544.0393090248108,3155.630350112915],"positionconfidence":1,"rotation":[0.9535487294197083,0.3007971346378326,0.01630726456642151,-0.277610570192337,0.8564503192901611,0.4352300763130188,0.116949588060379,-0.419540137052536,0.9001715779304504],"rotationconfidence":1},"22":{"id":22,"position":[564.464271068573,-843.2355523109436,3003.58510017395],"positionconfidence":1,"rotation":[0.3533029556274414,0.4048546552658081,-0.8433680534362793,-0.2942111492156982,0.9038495421409607,0.3106378316879273,0.8880410194396973,0.1383790224790573,0.4384454786777496],"rotationconfidence":1},"23":{"id":23,"position":[659.2639684677124,-1134.470820426941,2903.492450714111],"positionconfidence":1,"rotation":[0.9971120357513428,-0.07594416290521622,0,0.03452881053090096,0.4533474743366242,-0.89066481590271,0.06764080375432968,0.8880926966667175,0.4546605050563812],"rotationconfidence":1},"24":{"id":24,"position":[654.1740894317627,-1201.298594474793,2869.279861450195],"positionconfidence":0.5,"rotation":[0.9971120357513428,-0.07594416290521622,0,0.03452881053090096,0.4533474743366242,-0.89066481590271,0.06764080375432968,0.8880926966667175,0.4546605050563812],"rotationconfidence":0.5}},"skeletonTracked":true,"frameCount":4},{"position":[357.4498295783997,-554.0897250175476,3036.946296691895],"positionTracked":true,"id":4692,"skeleton":{"1":{"id":1,"position":[435.3558123111725,137.5665962696075,3285.667657852173],"positionconfidence":1,"rotation":[0.999359130859375,-0.03579506278038025,0,0.03560856357216835,0.9941522479057312,0.1019481644034386,-0.003649241058155894,-0.1018828302621841,0.994789719581604],"rotationconfidence":1},"2":{"id":2,"position":[428.0466735363007,-66.4965808391571,3264.74142074585],"positionconfidence":1,"rotation":[0.9873829483985901,-0.01924794539809227,-0.1571769267320633,0.03560856357216835,0.9941522479057312,0.1019481644034386,0.154295489192009,-0.10625871270895,0.9822942614555359],"rotationconfidence":1},"3":{"id":3,"position":[403.210312128067,-408.1001579761505,3241.207838058472],"positionconfidence":1,"rotation":[0.985104501247406,-0.06053413450717926,-0.1609501987695694,0.07234324514865875,0.995021402835846,0.06854851543903351,0.1559993624687195,-0.07917110621929169,0.9845792651176453],"rotationconfidence":1},"4":{"id":4,"position":[391.2939429283142,-462.5510275363922,3186.058282852173],"positionconfidence":1,"rotation":[0.9846764802932739,-0.04478829726576805,-0.1685418337583542,0.1519721299409866,0.6944241523742676,0.703334629535675,0.085538350045681,-0.718170702457428,0.6905896663665771],"rotationconfidence":1},"6":{"id":6,"position":[222.324326634407,-181.3354939222336,3271.151304244995],"positionconfidence":1,"rotation":[0.4265112578868866,0.9016609787940979,0.07138422131538391,0.3438183963298798,-0.0886244997382164,-0.9348447918891907,-0.836586594581604,0.4232649803161621,-0.3478069603443146],"rotationconfidence":1},"7":{"id":7,"position":[118.6292842030525,-400.5507528781891,3253.796100616455],"positionconfidence":1,"rotation":[-0.241292804479599,0.2852898836135864,0.9275707006454468,0.4918340146541596,0.8599165081977844,-0.1365388929843903,-0.836586594581604,0.4232649803161621,-0.3478069603443146],"rotationconfidence":1},"8":{"id":8,"position":[173.8657653331757,-465.8589959144592,3041.457653045654],"positionconfidence":1,"rotation":[0.3754991292953491,-0.6416977643966675,0.6687482595443726,0,0.7215493321418762,0.6923630237579346,-0.9268226623535156,-0.2599817216396332,0.2709411382675171],"rotationconfidence":1},"9":{"id":9,"position":[166.3778275251389,-453.0627131462097,3028.121948242188],"positionconfidence":1,"rotation":[0.3754991292953491,-0.6416977643966675,0.6687482595443726,0,0.7215493321418762,0.6923630237579346,-0.9268226623535156,-0.2599817216396332,0.2709411382675171],"rotationconfidence":1},"12":{"id":12,"position":[593.6338305473328,-199.6051520109177,3210.850954055786],"positionconfidence":1,"rotation":[0.2982422411441803,-0.9544646143913269,0.006991893518716097,-0.3290425837039948,-0.1096868887543678,-0.9379231929779053,0.8959813714027405,0.2774276733398438,-0.3467727601528168],"rotationconfidence":1},"13":{"id":13,"position":[665.5244827270508,-429.6768009662628,3212.536334991455],"positionconfidence":1,"rotation":[-0.2456899285316467,-0.3408074378967285,-0.9074617028236389,-0.3699377179145813,0.8982673287391663,-0.2371959239244461,0.8959813714027405,0.2774276733398438,-0.3467727601528168],"rotationconfidence":1},"14":{"id":14,"position":[608.6635589599609,-508.5511207580566,3002.519130706787],"positionconfidence":1,"rotation":[-0.1901589334011078,-0.1920763105154038,-0.9627804756164551,0,-0.9806745648384094,0.1956462115049362,-0.9817533493041992,0.03720387443900108,0.1864840239286423],"rotationconfidence":1},"15":{"id":15,"position":[595.5758094787598,-521.7708349227905,2936.25545501709],"positionconfidence":1,"rotation":[-0.1901589334011078,-0.1920763105154038,-0.9627804756164551,0,-0.9806745648384094,0.1956462115049362,-0.9817533493041992,0.03720387443900108,0.1864840239286423],"rotationconfidence":1},"17":{"id":17,"position":[300.2770245075226,-543.3073043823242,3176.025629043579],"positionconfidence":1,"rotation":[0.8693838715553284,-0.3827284276485443,-0.3125550150871277,0.4812919497489929,0.7991520762443542,0.3601581752300263,0.1119362339377403,-0.463545948266983,0.8789741396903992],"rotationconfidence":1},"18":{"id":18,"position":[119.8147982358933,-842.9523706436157,3040.982961654663],"positionconfidence":1,"rotation":[0.9393252730369568,-0.3430280387401581,0,0.3396870195865631,0.9301764369010925,0.1392281651496887,-0.04775916412472725,-0.1307805329561234,0.9902604222297668],"rotationconfidence":1},"19":{"id":19,"position":[-0.3810609050560743,-1172.088742256165,2991.718053817749],"positionconfidence":1,"rotation":[0.988213837146759,0.1530802994966507,0,0.03039696998894215,-0.1962284296751022,-0.9800869822502136,-0.1500319838523865,0.9685353636741638,-0.1985687911510468],"rotationconfidence":1},"20":{"id":20,"position":[12.01571337878704,-1252.116441726685,3008.125305175781],"positionconfidence":1,"rotation":[0.988213837146759,0.1530802994966507,0,0.03039696998894215,-0.1962284296751022,-0.9800869822502136,-0.1500319838523865,0.9685353636741638,-0.1985687911510468],"rotationconfidence":1},"21":{"id":21,"position":[468.5926139354706,-544.4520115852356,3153.987169265747],"positionconfidence":1,"rotation":[0.9544991254806519,0.2977652251720429,0.01634756475687027,-0.2750999331474304,0.8580338954925537,0.4337023198604584,0.1151147186756134,-0.4184657335281372,0.9009079337120056],"rotationconfidence":1},"22":{"id":22,"position":[564.3942952156067,-843.2564735412598,3002.953290939331],"positionconfidence":1,"rotation":[0.9043647646903992,0.3685844838619232,-0.2151046991348267,-0.2944954931735992,0.9037973880767822,0.3105202317237854,0.3088639974594116,-0.2174761891365051,0.9259089827537537],"rotationconfidence":1},"23":{"id":23,"position":[659.5132946968079,-1135.173678398132,2902.658462524414],"positionconfidence":1,"rotation":[0.9991422891616821,-0.04140827804803848,0,0.03658443689346314,0.8827475905418396,-0.4684210121631622,0.01939650811254978,0.4680192470550537,0.8835054039955139],"rotationconfidence":1},"24":{"id":24,"position":[657.8671336174011,-1174.893975257874,2827.676296234131],"positionconfidence":1,"rotation":[0.9991422891616821,-0.04140827804803848,0,0.03658443689346314,0.8827475905418396,-0.4684210121631622,0.01939650811254978,0.4680192470550537,0.8835054039955139],"rotationconfidence":1}},"skeletonTracked":true,"frameCount":5},{"position":[358.5945069789887,-554.7588467597961,3035.012245178223],"positionTracked":true,"id":4692,"skeleton":{"1":{"id":1,"position":[437.63667345047,138.4826004505158,3283.214569091797],"positionconfidence":1,"rotation":[0.999053955078125,-0.0434885285794735,0,0.04328825697302818,0.9944531321525574,0.09585928171873093,-0.004168779123574495,-0.09576859325170517,0.9953948855400085],"rotationconfidence":1},"2":{"id":2,"position":[428.8194179534912,-64.0745759010315,3263.689279556274],"positionconfidence":1,"rotation":[0.987581193447113,-0.02808876894414425,-0.1545776724815369,0.04328825697302818,0.9944531321525574,0.09585928171873093,0.1510276943445206,-0.1013602316379547,0.9833192229270935],"rotationconfidence":1},"3":{"id":3,"position":[404.0113091468811,-407.3318839073181,3239.345073699951],"positionconfidence":1,"rotation":[0.9857102632522583,-0.06007883697748184,-0.157372459769249,0.07190494984388351,0.9949125647544861,0.07056035101413727,0.1523326337337494,-0.08086790889501572,0.9850153923034668],"rotationconfidence":1},"4":{"id":4,"position":[392.1493291854858,-462.3807966709137,3184.315919876099],"positionconfidence":1,"rotation":[0.9848885536193848,-0.04505960270762444,-0.1672249138355255,0.1506558358669281,0.6991615295410156,0.6989105939865112,0.08542458713054657,-0.7135424613952637,0.6953846216201782],"rotationconfidence":1},"6":{"id":6,"position":[223.2739925384522,-180.9831708669663,3269.548416137695],"positionconfidence":1,"rotation":[0.4501261413097382,0.8919547200202942,0.04246333613991737,0.3356039524078369,-0.1249130293726921,-0.9336842894554138,-0.8274999856948853,0.4345266222953796,-0.3555701971054077],"rotationconfidence":1},"7":{"id":7,"position":[114.1721159219742,-397.1757590770721,3259.25612449646],"positionconfidence":1,"rotation":[-0.2511855661869049,0.2798748314380646,0.9265937209129333,0.5021448135375977,0.8560703992843628,-0.1224496066570282,-0.8274999856948853,0.4345266222953796,-0.3555701971054077],"rotationconfidence":1},"8":{"id":8,"position":[173.5801994800568,-463.3691608905792,3040.106773376465],"positionconfidence":1,"rotation":[-0.200707733631134,0.06122170761227608,0.9777363538742065,0,0.9980453252792358,-0.06249336898326874,-0.979651153087616,-0.01254290249198675,-0.2003154158592224],"rotationconfidence":1},"9":{"id":9,"position":[186.3692551851273,-467.2701954841614,2977.805614471436],"positionconfidence":1,"rotation":[-0.200707733631134,0.06122170761227608,0.9777363538742065,0,0.9980453252792358,-0.06249336898326874,-0.979651153087616,-0.01254290249198675,-0.2003154158592224],"rotationconfidence":1},"12":{"id":12,"position":[596.069872379303,-199.8226642608643,3210.348844528198],"positionconfidence":1,"rotation":[0.2890737652778626,-0.957288920879364,0.005859869066625834,-0.3252167105674744,-0.1039595827460289,-0.9399077892303467,0.9003724455833435,0.2697969377040863,-0.3413783311843872],"rotationconfidence":1},"13":{"id":13,"position":[665.7917499542236,-430.7117462158203,3211.762189865112],"positionconfidence":1,"rotation":[-0.2410565465688705,-0.3438745141029358,-0.9075472354888916,-0.3622447848320007,0.8994219899177551,-0.2445788234472275,0.9003724455833435,0.2697969377040863,-0.3413783311843872],"rotationconfidence":1},"14":{"id":14,"position":[610.0857257843018,-510.1780891418457,3002.036094665527],"positionconfidence":1,"rotation":[-0.2718101143836975,-0.188481330871582,-0.9437128901481628,0,-0.9806329011917114,0.1958551108837128,-0.9623509645462036,0.05323540046811104,0.2665459513664246],"rotationconfidence":1},"15":{"id":15,"position":[590.6625390052795,-523.6467123031616,2934.59963798523],"positionconfidence":1,"rotation":[-0.2718101143836975,-0.188481330871582,-0.9437128901481628,0,-0.9806329011917114,0.1958551108837128,-0.9623509645462036,0.05323540046811104,0.2665459513664246],"rotationconfidence":1},"17":{"id":17,"position":[300.7925152778626,-543.3822274208069,3174.5765209198],"positionconfidence":1,"rotation":[0.8690406680107117,-0.3836901485919952,-0.3123299479484558,0.4820508062839508,0.7987516522407532,0.3600315451622009,0.111333504319191,-0.463441014289856,0.8791059255599976],"rotationconfidence":1},"18":{"id":18,"position":[120.1446503400803,-842.7132964134216,3039.655208587647],"positionconfidence":1,"rotation":[0.9390630125999451,-0.3437449336051941,0,0.3404200673103333,0.9299799203872681,0.1387501657009125,-0.04769466817378998,-0.130295142531395,0.9903274178504944],"rotationconfidence":1},"19":{"id":19,"position":[-0.2230886020697653,-1171.541094779968,2990.595102310181],"positionconfidence":1,"rotation":[0.9905340075492859,0.1372678875923157,0,0.02992036938667297,-0.2159073352813721,-0.9759553670883179,-0.133967325091362,0.9667168855667114,-0.2179706394672394],"rotationconfidence":1},"20":{"id":20,"position":[10.93041244894266,-1252.025485038757,3008.742332458496],"positionconfidence":1,"rotation":[0.9905340075492859,0.1372678875923157,0,0.02992036938667297,-0.2159073352813721,-0.9759553670883179,-0.133967325091362,0.9667168855667114,-0.2179706394672394],"rotationconfidence":1},"21":{"id":21,"position":[469.6406722068787,-544.6678400039673,3152.515172958374],"positionconfidence":1,"rotation":[0.9552293419837952,0.2954750657081604,0.01520589366555214,-0.2727563679218292,0.859541118144989,0.4321955740451813,0.1146329268813133,-0.4169934093952179,0.9016516208648682],"rotationconfidence":1},"22":{"id":22,"position":[564.3827319145203,-843.2298898696899,3002.391815185547],"positionconfidence":1,"rotation":[0.9304009675979614,0.345352053642273,-0.1228252202272415,-0.2945519089698792,0.9038773775100708,0.3102337718009949,0.2181588113307953,-0.2524634003639221,0.9426925182342529],"rotationconfidence":1},"23":{"id":23,"position":[659.6958637237549,-1135.712742805481,2902.004241943359],"positionconfidence":1,"rotation":[0.9998235106468201,-0.01878377422690392,0,0.01779166050255299,0.9470152258872986,-0.3206953704357147,0.006023870315402746,0.3206388056278229,0.9471824169158936],"rotationconfidence":1},"24":{"id":24,"position":[659.1312885284424,-1165.763974189758,2813.231468200684],"positionconfidence":0.5,"rotation":[0.9998235106468201,-0.01878377422690392,0,0.01779166050255299,0.9470152258872986,-0.3206953704357147,0.006023870315402746,0.3206388056278229,0.9471824169158936],"rotationconfidence":0.5}},"skeletonTracked":true,"frameCount":6},{"position":[358.2082092761993,-553.2658696174622,3035.68959236145],"positionTracked":true,"id":4692,"skeleton":{"1":{"id":1,"position":[439.2240941524506,139.1648501157761,3281.548261642456],"positionconfidence":1,"rotation":[0.998807430267334,-0.04882267862558365,0,0.04861659929156303,0.9945915341377258,0.0917825922369957,-0.004481072071939707,-0.09167313575744629,0.9957789778709412],"rotationconfidence":1},"2":{"id":2,"position":[429.3791353702545,-62.24191933870316,3262.962102890015],"positionconfidence":1,"rotation":[0.9877027273178101,-0.03420170024037361,-0.152556449174881,0.04861659929156303,0.9945915341377258,0.0917825922369957,0.1485922485589981,-0.09807070344686508,0.9840236306190491],"rotationconfidence":1},"3":{"id":3,"position":[404.6573638916016,-406.7084789276123,3237.912178039551],"positionconfidence":1,"rotation":[0.9861655831336975,-0.05952494218945503,-0.1547073721885681,0.0713965892791748,0.9948210120201111,0.07234429568052292,0.1495998501777649,-0.08238902688026428,0.9853081107139587],"rotationconfidence":1},"4":{"id":4,"position":[392.8413391113281,-462.1996581554413,3182.954549789429],"positionconfidence":1,"rotation":[0.9850428104400635,-0.04502679780125618,-0.1663226932287216,0.1495911478996277,0.7025195956230164,0.6957648396492004,0.08551689237356186,-0.710238516330719,0.6987475156784058],"rotationconfidence":1},"6":{"id":6,"position":[223.9950448274612,-180.6792616844177,3268.373489379883],"positionconfidence":1,"rotation":[0.4393940567970276,0.8976451754570007,0.03414548560976982,0.3108909726142883,-0.116297721862793,-0.9433035254478455,-0.8427808880805969,0.4250975549221039,-0.3301703333854675],"rotationconfidence":1},"7":{"id":7,"position":[120.9365203976631,-391.2191689014435,3260.364770889282],"positionconfidence":1,"rotation":[-0.2432351559400559,0.2464214712381363,0.9381434321403503,0.4801635444164276,0.8709583878517151,-0.1042806357145309,-0.8427808880805969,0.4250975549221039,-0.3301703333854675],"rotationconfidence":1},"8":{"id":8,"position":[178.0415922403336,-449.0723013877869,3040.113925933838],"positionconfidence":1,"rotation":[-0.1301826