{"motiondata":[{"position":[371.1976110935211,-544.5510149002075,3024.969100952148],"positionTracked":true,"id":4692,"skeleton":{"1":{"id":1,"position":[436.1474514007568,146.8746066093445,3265.216112136841],"positionconfidence":1,"rotation":[0.9999008178710938,0.0140772545710206,0,-0.01401621755212545,0.9955653548240662,0.09302175045013428,0.001309490879066289,-0.09301252663135529,0.9956639409065247],"rotationconfidence":1},"2":{"id":2,"position":[438.9846324920654,-54.64904382824898,3246.386528015137],"positionconfidence":1,"rotation":[0.9742357134819031,0.03454016521573067,-0.2228714376688004,-0.01401621755212545,0.9955653548240662,0.09302175045013428,0.2250960916280747,-0.08750130236148834,0.9703995585441589],"rotationconfidence":1},"3":{"id":3,"position":[425.523579120636,-399.9366462230682,3224.382400512695],"positionconfidence":1,"rotation":[0.9733639359474182,-0.02341263182461262,-0.2280669212341309,0.03887671604752541,0.9972211718559265,0.06354986876249313,0.2259452790021896,-0.07072364538908005,0.971569299697876],"rotationconfidence":1},"4":{"id":4,"position":[411.0078811645508,-455.7360708713532,3169.619560241699],"positionconfidence":1,"rotation":[0.9700577855110168,-0.01440836023539305,-0.2424470335245132,0.1825440973043442,0.7017130851745605,0.6886773705482483,0.1602055281400681,-0.7123140096664429,0.6833323240280151],"rotationconfidence":1},"6":{"id":6,"position":[232.969805598259,-174.2234826087952,3273.097991943359],"positionconfidence":1,"rotation":[0.5002256631851196,0.8658770322799683,0.005586845334619284,0.2658762633800507,-0.1474525183439255,-0.9526633620262146,-0.8240655660629272,0.4780320823192596,-0.3039757013320923],"rotationconfidence":1},"7":{"id":7,"position":[107.2565764188767,-391.8296694755554,3271.69394493103],"positionconfidence":1,"rotation":[-0.3203569352626801,0.04930583015084267,0.9460127949714661,0.4672122299671173,0.8769572973251343,0.1125096529722214,-0.8240655660629272,0.4780320823192596,-0.3039757013320923],"rotationconfidence":1},"8":{"id":8,"position":[184.9406063556671,-403.7859439849854,3042.293310165405],"positionconfidence":1,"rotation":[-0.3540003597736359,0.2153330445289612,0.9101183414459229,0,0.9731333255767822,-0.2302423268556595,-0.9352452754974365,-0.08150586485862732,-0.3444895446300507],"rotationconfidence":1},"9":{"id":9,"position":[192.7688717842102,-408.5477590560913,3022.167205810547],"positionconfidence":1,"rotation":[-0.3540003597736359,0.2153330445289612,0.9101183414459229,0,0.9731333255767822,-0.2302423268556595,-0.9352452754974365,-0.08150586485862732,-0.3444895446300507],"rotationconfidence":1},"12":{"id":12,"position":[606.7371368408203,-187.0160400867462,3185.244560241699],"positionconfidence":1,"rotation":[0.4154511988162994,-0.8967037200927734,0.1527182161808014,-0.4782992899417877,-0.3581626415252686,-0.8018411993980408,0.7737118601799011,0.2600808441638947,-0.5776917934417725],"rotationconfidence":1},"13":{"id":13,"position":[707.9201936721802,-405.4080545902252,3222.439050674439],"positionconfidence":1,"rotation":[-0.5290372967720032,-0.2364389896392822,-0.8149945139884949,-0.348553329706192,0.9361914396286011,-0.04534318298101425,0.7737118601799011,0.2600808441638947,-0.5776917934417725],"rotationconfidence":1},"14":{"id":14,"position":[578.2472491264343,-463.3618891239166,3022.674798965454],"positionconfidence":1,"rotation":[0.4078137874603272,-0.07586852461099625,-0.9099076986312866,0,-0.9965419173240662,0.08309213072061539,-0.9130652546882629,-0.03388611599802971,-0.4064035415649414],"rotationconfidence":1},"15":{"id":15,"position":[599.784255027771,-467.3685729503632,2974.621772766113],"positionconfidence":1,"rotation":[0.4078137874603272,-0.07586852461099625,-0.9099076986312866,0,-0.9965419173240662,0.08309213072061539,-0.9130652546882629,-0.03388611599802971,-0.4064035415649414],"rotationconfidence":1},"17":{"id":17,"position":[319.8962807655335,-541.4617657661438,3169.976949691773],"positionconfidence":1,"rotation":[0.8375282287597656,-0.3654298484325409,-0.4062112867832184,0.5127782225608826,0.7824205756187439,0.3533786237239838,0.1886929869651794,-0.5042608976364136,0.8426838517189026],"rotationconfidence":1},"18":{"id":18,"position":[126.0163187980652,-837.292730808258,3036.365509033203],"positionconfidence":1,"rotation":[0.9311781525611877,-0.3645643591880798,0,0.3608965277671814,0.9218096733093262,0.1414943635463715,-0.05158380046486855,-0.131756454706192,0.9899390339851379],"rotationconfidence":1},"19":{"id":19,"position":[-3.002575598657131,-1166.83554649353,2985.781908035278],"positionconfidence":1,"rotation":[0.9776808619499207,0.2100953459739685,0,0.04594820737838745,-0.2138204574584961,-0.9757917523384094,-0.2050093114376068,0.9540129899978638,-0.2187016904354096],"rotationconfidence":1},"20":{"id":20,"position":[15.00281598418951,-1250.623822212219,3004.989862442017],"positionconfidence":1,"rotation":[0.9776808619499207,0.2100953459739685,0,0.04594820737838745,-0.2138204574584961,-0.9757917523384094,-0.2050093114376068,0.9540129899978638,-0.2187016904354096],"rotationconfidence":1},"21":{"id":21,"position":[489.3027544021606,-537.4448299407959,3134.447336196899],"positionconfidence":1,"rotation":[0.935707151889801,0.3458830714225769,-0.06940395385026932,-0.2907356917858124,0.8675068020820618,0.4036145210266113,0.1998118311166763,-0.3574867844581604,0.9122928977012634],"rotationconfidence":1},"22":{"id":22,"position":[590.2010798454285,-838.5086059570312,2994.374990463257],"positionconfidence":1,"rotation":[-0.3522699475288391,0.1769576966762543,-0.9190168380737305,-0.2969390749931335,0.9100942015647888,0.2890598773956299,0.887543261051178,0.374719113111496,-0.2680531740188599],"rotationconfidence":1},"23":{"id":23,"position":[685.461699962616,-1130.47468662262,2901.642084121704],"positionconfidence":1,"rotation":[0.7047384977340698,-0.7094670534133911,0,-0.0957791656255722,-0.09514080733060837,-0.990845263004303,0.7029721736907959,0.6982868909835815,-0.1350015699863434],"rotationconfidence":1},"24":{"id":24,"position":[625.2040266990662,-1190.330743789673,2913.214206695557],"positionconfidence":1,"rotation":[0.7047384977340698,-0.7094670534133911,0,-0.0957791656255722,-0.09514080733060837,-0.990845263004303,0.7029721736907959,0.6982868909835815,-0.1350015699863434],"rotationconfidence":1}},"skeletonTracked":true,"frameCount":1},{"position":[371.7045485973358,-543.5176491737366,3024.081230163574],"positionTracked":true,"id":4692,"skeleton":{"1":{"id":1,"position":[437.0572566986084,147.139385342598,3264.99080657959],"positionconfidence":1,"rotation":[0.9999361634254456,0.01129352208226919,0,-0.01124667562544346,0.9957882761955261,0.09099035710096359,0.00102760165464133,-0.09098454564809799,0.9958516955375671],"rotationconfidence":1},"2":{"id":2,"position":[439.3301010131836,-54.09979447722435,3246.602535247803],"positionconfidence":1,"rotation":[0.9754335284233093,0.03094656951725483,-0.2181093394756317,-0.01124667562544346,0.9957882761955261,0.09099035710096359,0.2200065553188324,-0.08630204200744629,0.971673309803009],"rotationconfidence":1},"3":{"id":3,"position":[425.3575205802918,-399.5232880115509,3224.616527557373],"positionconfidence":1,"rotation":[0.9744823575019836,-0.0252218209207058,-0.2230429202318192,0.04033603519201279,0.9971683025360107,0.06346919387578964,0.2208105325698853,-0.07084627449512482,0.9727402925491333],"rotationconfidence":1},"4":{"id":4,"position":[410.9229743480682,-455.3661346435547,3169.762134552002],"positionconfidence":1,"rotation":[0.971240758895874,-0.01782223396003246,-0.2374317646026611,0.1813438981771469,0.7015641331672668,0.6891459822654724,0.1542914807796478,-0.7123834490776062,0.6846196055412292],"rotationconfidence":1},"6":{"id":6,"position":[233.5933595895767,-173.091396689415,3272.359132766724],"positionconfidence":1,"rotation":[0.5002651810646057,0.8658379912376404,0.007693905849009752,0.2713939249515533,-0.1483560353517532,-0.9509657025337219,-0.8222408890724182,0.4778231680393219,-0.3092005848884583],"rotationconfidence":1},"7":{"id":7,"position":[107.48291015625,-391.3580775260925,3270.419597625732],"positionconfidence":1,"rotation":[-0.32797771692276,0.04619117453694344,0.943555474281311,0.465135008096695,0.877240777015686,0.1187350824475288,-0.8222408890724182,0.4778231680393219,-0.3092005848884583],"rotationconfidence":1},"8":{"id":8,"position":[187.0559602975845,-402.5648534297943,3041.496753692627],"positionconfidence":1,"rotation":[-0.2880966365337372,0.1886885762214661,0.9388274550437927,0,0.9803948402404785,-0.197042927145958,-0.9576013684272766,-0.05676740407943726,-0.2824484705924988],"rotationconfidence":1},"9":{"id":9,"position":[193.4236437082291,-406.735360622406,3020.746231079102],"positionconfidence":1,"rotation":[-0.2880966365337372,0.1886885762214661,0.9388274550437927,0,0.9803948402404785,-0.197042927145958,-0.9576013684272766,-0.05676740407943726,-0.2824484705924988],"rotationconfidence":1},"12":{"id":12,"position":[607.8556180000305,-186.6265684366226,3186.416387557983],"positionconfidence":1,"rotation":[0.4109014272689819,-0.8992171883583069,0.1502285599708557,-0.4755373597145081,-0.3519885838031769,-0.806206226348877,0.777833104133606,0.2598319351673126,-0.572243869304657],"rotationconfidence":1},"13":{"id":13,"position":[707.862913608551,-405.4826498031616,3222.979784011841],"positionconfidence":1,"rotation":[-0.5278754234313965,-0.2240236550569534,-0.8192441463470459,-0.3410619497299194,0.9393087029457092,-0.0370941236615181,0.777833104133606,0.2598319351673126,-0.572243869304657],"rotationconfidence":1},"14":{"id":14,"position":[576.1693120002747,-461.3717496395111,3018.595933914185],"positionconfidence":1,"rotation":[0.4693998694419861,-0.1484029889106751,-0.8704253435134888,0,-0.9857751727104187,0.1680695414543152,-0.8829857110977173,-0.078891821205616,-0.4627227485179901],"rotationconfidence":1},"15":{"id":15,"position":[604.4855713844299,-470.3240692615509,2966.088056564331],"positionconfidence":1,"rotation":[0.4693998694419861,-0.1484029889106751,-0.8704253435134888,0,-0.9857751727104187,0.1680695414543152,-0.8829857110977173,-0.078891821205616,-0.4627227485179901],"rotationconfidence":1},"17":{"id":17,"position":[319.8236525058746,-540.524423122406,3169.36182975769],"positionconfidence":1,"rotation":[0.8402489423751831,-0.3669242858886719,-0.3991842865943909,0.5103892087936401,0.7837316989898682,0.3539312779903412,0.1829874366521835,-0.5011298060417175,0.8458040356636047],"rotationconfidence":1},"18":{"id":18,"position":[126.6315430402756,-837.1819257736206,3035.392045974731],"positionconfidence":1,"rotation":[0.9309797883033752,-0.3650708198547363,0,0.3614602386951447,0.921772301197052,0.1402939260005951,-0.0512172169983387,-0.1306108087301254,0.9901099801063538],"rotationconfidence":1},"19":{"id":19,"position":[-2.59132613427937,-1166.717648506165,2985.236644744873],"positionconfidence":1,"rotation":[0.9785807728767395,0.2058631032705307,0,0.04516778141260147,-0.2147073596715927,-0.975633442401886,-0.200846940279007,0.9547361731529236,-0.2194068878889084],"rotationconfidence":1},"20":{"id":20,"position":[14.93156235665083,-1250.013589859009,3004.378795623779],"positionconfidence":1,"rotation":[0.9785807728767395,0.2058631032705307,0,0.04516778141260147,-0.2147073596715927,-0.975633442401886,-0.200846940279007,0.9547361731529236,-0.2194068878889084],"rotationconfidence":1},"21":{"id":21,"position":[489.3243908882141,-537.1118783950806,3134.71269607544],"positionconfidence":1,"rotation":[0.937013566493988,0.3434523344039917,-0.0636092945933342,-0.290587306022644,0.86754310131073,0.4036433696746826,0.193816065788269,-0.3597352504730225,0.9127025604248047],"rotationconfidence":1},"22":{"id":22,"position":[590.2742147445679,-838.4957313537598,2994.487285614014],"positionconfidence":1,"rotation":[-0.3414367139339447,0.1819553226232529,-0.9221242666244507,-0.2957404851913452,0.9104536175727844,0.2891568541526794,0.8921650052070618,0.3714382350444794,-0.2570507228374481],"rotationconfidence":1},"23":{"id":23,"position":[685.2762699127197,-1130.964875221252,2901.600122451782],"positionconfidence":1,"rotation":[0.7625959515571594,-0.6468751430511475,0,-0.0573725551366806,-0.06763605028390884,-0.9960590600967407,0.6443257927894592,0.7595906257629395,-0.08869185298681259],"rotationconfidence":1},"24":{"id":24,"position":[630.2436590194702,-1195.842385292053,2909.175395965576],"positionconfidence":1,"rotation":[0.7625959515571594,-0.6468751430511475,0,-0.0573725551366806,-0.06763605028390884,-0.9960590600967407,0.6443257927894592,0.7595906257629395,-0.08869185298681259],"rotationconfidence":1}},"skeletonTracked":true,"frameCount":2},{"position":[370.5399930477142,-539.8272275924683,3024.585723876953],"positionTracked":true,"id":4692,"skeleton":{"1":{"id":1,"position":[437.7862215042114,147.4249362945557,3264.895439147949],"positionconfidence":1,"rotation":[0.9999505281448364,0.00994575023651123,0,-0.009905221872031689,0.9958757162094116,0.09018483757972717,0.0008969558984972537,-0.09018037468194962,0.9959249496459961],"rotationconfidence":1},"2":{"id":2,"position":[439.7843778133392,-53.47066000103951,3246.702671051025],"positionconfidence":1,"rotation":[0.9765195846557617,0.02904344163835049,-0.213461771607399,-0.009905221872031689,0.9958757162094116,0.09018483757972717,0.2152007073163986,-0.08595288544893265,0.9727799296379089],"rotationconfidence":1},"3":{"id":3,"position":[425.2591133117676,-399.0455269813538,3224.735975265503],"positionconfidence":1,"rotation":[0.9754863381385803,-0.02712017111480236,-0.2183827608823776,0.04191066324710846,0.9971089363098145,0.06338189542293549,0.216032475233078,-0.0709807351231575,0.9738027453422546],"rotationconfidence":1},"4":{"id":4,"position":[410.9006822109222,-454.9219012260437,3169.797897338867],"positionconfidence":1,"rotation":[0.9725114703178406,-0.02198153361678124,-0.2318153530359268,0.1802349239587784,0.7013909816741943,0.6896129846572876,0.1474344432353973,-0.7124377489089966,0.686072587966919],"rotationconfidence":1},"6":{"id":6,"position":[234.5516234636307,-171.280562877655,3271.387338638306],"positionconfidence":1,"rotation":[0.5047892332077026,0.8632365465164185,0.003228862769901753,0.2724315822124481,-0.1557565927505493,-0.9494844675064087,-0.8191268444061279,0.4801692366600037,-0.3137971758842468],"rotationconfidence":1},"7":{"id":7,"position":[106.4052060246468,-390.4228508472443,3270.567655563355],"positionconfidence":1,"rotation":[-0.3384738862514496,0.03705661371350288,0.9402458071708679,0.4631053805351257,0.8763927221298218,0.1321706771850586,-0.8191268444061279,0.4801692366600037,-0.3137971758842468],"rotationconfidence":1},"8":{"id":8,"position":[189.8851692676544,-399.5623588562012,3038.668870925903],"positionconfidence":1,"rotation":[-0.2076634764671326,0.2798813879489899,0.9373058080673218,0,0.9581941962242126,-0.2861186861991882,-0.9782002568244934,-0.05941640213131905,-0.1989819407463074],"rotationconfidence":1},"9":{"id":9,"position":[194.1084861755371,-405.2543938159943,3019.606590270996],"positionconfidence":1,"rotation":[-0.2076634764671326,0.2798813879489899,0.9373058080673218,0,0.9581941962242126,-0.2861186861991882,-0.9782002568244934,-0.05941640213131905,-0.1989819407463074],"rotationconfidence":1},"12":{"id":12,"position":[608.7533235549927,-186.3237023353577,3187.276363372803],"positionconfidence":1,"rotation":[0.4071653485298157,-0.9013368487358093,0.1476762741804123,-0.4603298604488373,-0.3421594202518463,-0.8191601037979126,0.7888680100440979,0.2655538320541382,-0.5542277097702026],"rotationconfidence":1},"13":{"id":13,"position":[707.7733874320984,-405.5231809616089,3223.190307617188],"positionconfidence":1,"rotation":[-0.5031564831733704,-0.2387383282184601,-0.8305646777153015,-0.3528750240802765,0.9340691566467285,-0.05471789836883545,0.7888680100440979,0.2655538320541382,-0.5542277097702026],"rotationconfidence":1},"14":{"id":14,"position":[584.7848653793335,-463.8789296150208,3020.172119140625],"positionconfidence":1,"rotation":[0.2426224499940872,-0.07209089398384094,-0.9674384593963623,0,-0.997235119342804,0.0743112564086914,-0.9701207876205444,-0.01802957989275456,-0.2419516295194626],"rotationconfidence":1},"15":{"id":15,"position":[598.4722971916199,-467.9459035396576,2965.594530105591],"positionconfidence":1,"rotation":[0.2426224499940872,-0.07209089398384094,-0.9674384593963623,0,-0.997235119342804,0.0743112564086914,-0.9701207876205444,-0.01802957989275456,-0.2419516295194626],"rotationconfidence":1},"17":{"id":17,"position":[319.7799324989319,-539.4507646560669,3168.565511703491],"positionconfidence":1,"rotation":[0.8434182405471802,-0.3683214783668518,-0.3911332488059998,0.5074658393859863,0.7852106094360352,0.3548561036586762,0.1764208227396011,-0.4977788031101227,0.8491714000701904],"rotationconfidence":1},"18":{"id":18,"position":[127.5526434183121,-836.8873596191406,3034.146547317505],"positionconfidence":1,"rotation":[0.9306089878082275,-0.3660150170326233,0,0.362487256526947,0.9216394424438477,0.1385051012039185,-0.05069494619965553,-0.1288940906524658,0.990361750125885],"rotationconfidence":1},"19":{"id":19,"position":[-2.125553786754608,-1166.599750518799,2984.596967697144],"positionconfidence":1,"rotation":[0.9755686521530151,0.2196944653987885,0,0.04047683626413345,-0.1797402203083038,-0.9828808903694153,-0.2159335315227509,0.9588679075241089,-0.1842414885759354],"rotationconfidence":1},"20":{"id":20,"position":[16.4788831025362,-1249.214053153992,3000.470876693726],"positionconfidence":1,"rotation":[0.9755686521530151,0.2196944653987885,0,0.04047683626413345,-0.1797402203083038,-0.9828808903694153,-0.2159335315227509,0.9588679075241089,-0.1842414885759354],"rotationconfidence":1},"21":{"id":21,"position":[489.3835783004761,-536.7730855941772,3134.898900985718],"positionconfidence":1,"rotation":[0.9384910464286804,0.3405495285987854,-0.05710182338953018,-0.2902966737747192,0.8676729202270508,0.4035735428333283,0.1869824826717377,-0.3621736764907837,0.9131636023521423],"rotationconfidence":1},"22":{"id":22,"position":[590.3263688087463,-838.4827971458435,2994.567155838013],"positionconfidence":1,"rotation":[-0.3279995918273926,0.1882612109184265,-0.9257289171218872,-0.2943383753299713,0.9107949733734131,0.2895126640796661,0.8976532220840454,0.3674375712871552,-0.2433278858661652],"rotationconfidence":1},"23":{"id":23,"position":[684.9877238273621,-1131.401062011719,2901.457786560059],"positionconfidence":1,"rotation":[0.8014084696769714,-0.598117470741272,0,-0.02923879772424698,-0.03917662054300308,-0.9988043904304504,0.5974023342132568,0.8004502654075623,-0.04888470843434334],"rotationconfidence":1},"24":{"id":24,"position":[633.7836384773254,-1200.008630752564,2905.64775466919],"positionconfidence":1,"rotation":[0.8014084696769714,-0.598117470741272,0,-0.02923879772424698,-0.03917662054300308,-0.9988043904304504,0.5974023342132568,0.8004502654075623,-0.04888470843434334],"rotationconfidence":1}},"skeletonTracked":true,"frameCount":3},{"position":[372.6878166198731,-541.9864654541016,3024.58119392395],"positionTracked":true,"id":4692,"skeleton":{"1":{"id":1,"position":[438.4385943412781,147.8937715291977,3264.811754226685],"positionconfidence":1,"rotation":[0.9999562501907349,0.00935792364180088,0,-0.009320470504462719,0.9959540963172913,0.08937951922416687,0.0008364067180082202,-0.08937560766935349,0.9959977269172668],"rotationconfidence":1},"2":{"id":2,"position":[440.3171837329865,-52.84596607089043,3246.796846389771],"positionconfidence":1,"rotation":[0.9773057103157043,0.02798983454704285,-0.2099769860506058,-0.009320470504462719,0.9959540963172913,0.08937951922416687,0.2116291224956513,-0.08539401739835739,0.973612368106842],"rotationconfidence":1},"3":{"id":3,"position":[425.2313673496246,-398.6172676086426,3224.797010421753],"positionconfidence":1,"rotation":[0.9762006402015686,-0.0289158932864666,-0.2149332612752914,0.04350020363926888,0.997037410736084,0.06343689560890198,0.2124621421098709,-0.07127676904201508,0.9745662808418274],"rotationconfidence":1},"4":{"id":4,"position":[410.9285473823547,-454.5128047466278,3169.784545898438],"positionconfidence":1,"rotation":[0.9734789729118347,-0.02531994692981243,-0.2273706942796707,0.1794135421514511,0.701149582862854,0.6900724172592163,0.1419482827186585,-0.7125644683837891,0.6870971918106079],"rotationconfidence":1},"6":{"id":6,"position":[235.4569435119629,-169.5365905761719,3270.557403564453],"positionconfidence":1,"rotation":[0.5059369206428528,0.862568199634552,0.001978032290935516,0.2717399001121521,-0.1572110205888748,-0.949442982673645,-0.8186483979225159,0.4808957874774933,-0.3139330744743347],"rotationconfidence":1},"7":{"id":7,"position":[105.9917137026787,-390.2609050273895,3270.051240921021],"positionconfidence":1,"rotation":[-0.3449834287166596,0.02523152157664299,0.9382696151733398,0.4591309130191803,0.8764145970344543,0.1452453285455704,-0.8186483979225159,0.4808957874774933,-0.3139330744743347],"rotationconfidence":1},"8":{"id":8,"position":[192.046731710434,-396.5548276901245,3036.00287437439],"positionconfidence":1,"rotation":[-0.15279321372509,0.3441362380981445,0.9264040589332581,0,0.9374109506607056,-0.3482250571250916,-0.9882581830024719,-0.0532064251601696,-0.1432300359010696],"rotationconfidence":1},"9":{"id":9,"position":[195.0017958879471,-403.2105207443237,3018.085956573486],"positionconfidence":1,"rotation":[-0.15279321372509,0.3441362380981445,0.9264040589332581,0,0.9374109506607056,-0.3482250571250916,-0.9882581830024719,-0.0532064251601696,-0.1432300359010696],"rotationconfidence":1},"12":{"id":12,"position":[609.350860118866,-186.0096603631973,3187.841176986694],"positionconfidence":1,"rotation":[0.4052043557167053,-0.9024403691291809,0.1463241130113602,-0.4502509236335754,-0.3362842500209808,-0.8271558284759521,0.7956653833389282,0.2692846059799194,-0.542588472366333],"rotationconfidence":1},"13":{"id":13,"position":[707.8889012336731,-405.4661095142365,3223.424434661865],"positionconfidence":1,"rotation":[-0.4893147349357605,-0.242269366979599,-0.8377808332443237,-0.3570540547370911,0.9320897459983826,-0.06100042164325714,0.7956653833389282,0.2692846059799194,-0.542588472366333],"rotationconfidence":1},"14":{"id":14,"position":[590.6350612640381,-463.5207951068878,3022.668123245239],"positionconfidence":1,"rotation":[0.05945776775479317,-0.03316060453653336,-0.9976798892021179,0,-0.9994481205940247,0.03321937471628189,-0.9982308745384216,-0.001975149847567082,-0.05942495539784432],"rotationconfidence":1},"15":{"id":15,"position":[594.0331816673279,-465.4159843921661,2965.648889541626],"positionconfidence":1,"rotation":[0.05945776775479317,-0.03316060453653336,-0.9976798892021179,0,-0.9994481205940247,0.03321937471628189,-0.9982308745384216,-0.001975149847567082,-0.05942495539784432],"rotationconfidence":1},"17":{"id":17,"position":[319.8163211345673,-538.5632514953613,3167.866945266724],"positionconfidence":1,"rotation":[0.8462011814117432,-0.3688423037528992,-0.3845764100551605,0.5046505331993103,0.7864438891410828,0.3561375737190247,0.1710891425609589,-0.495440661907196,0.8516260981559753],"rotationconfidence":1},"18":{"id":18,"position":[128.5280883312225,-836.6655111312866,3032.872676849365],"positionconfidence":1,"rotation":[0.9302657842636108,-0.3668865263462067,0,0.3634403347969055,0.9215277433395386,0.1367399543523789,-0.05016804859042168,-0.1272045075893402,0.9906070828437805],"rotationconfidence":1},"19":{"id":19,"position":[-1.554174930788577,-1166.497945785523,2983.930826187134],"positionconfidence":1,"rotation":[0.9753153324127197,0.2208166867494583,0,0.03997888788580895,-0.1765809655189514,-0.9834738969802856,-0.2171674370765686,0.9591971635818481,-0.1810501217842102],"rotationconfidence":1},"20":{"id":20,"position":[17.06313714385033,-1248.727917671204,2999.451875686646],"positionconfidence":1,"rotation":[0.9753153324127197,0.2208166867494583,0,0.03997888788580895,-0.1765809655189514,-0.9834738969802856,-0.2171674370765686,0.9591971635818481,-0.1810501217842102],"rotationconfidence":1},"21":{"id":21,"position":[489.4640147686005,-536.4415645599365,3135.019540786743],"positionconfidence":1,"rotation":[0.9396885633468628,0.3380715847015381,-0.05189314484596252,-0.2899446189403534,0.8678461909294128,0.4034539461135864,0.1814315915107727,-0.3640749454498291,0.9135271906852722],"rotationconfidence":1},"22":{"id":22,"position":[590.3702974319458,-838.4686708450317,2994.609832763672],"positionconfidence":1,"rotation":[-0.4055197238922119,0.1561461687088013,-0.9006510376930237,-0.2930388152599335,0.9110915064811707,0.2898974716663361,0.8658418655395508,0.381484866142273,-0.3237086832523346],"rotationconfidence":1},"23":{"id":23,"position":[684.6989989280701,-1131.747484207153,2901.292324066162],"positionconfidence":1,"rotation":[0.8669887781143188,-0.4983275532722473,0,-0.03680668771266937,-0.06403616070747375,-0.9972684979438782,0.4969664216041565,0.8646206855773926,-0.07386042922735214],"rotationconfidence":1},"24":{"id":24,"position":[642.1511173248291,-1205.772161483765,2907.615900039673],"positionconfidence":1,"rotation":[0.8669887781143188,-0.4983275532722473,0,-0.03680668771266937,-0.06403616070747375,-0.9972684979438782,0.4969664216041565,0.8646206855773926,-0.07386042922735214],"rotationconfidence":1}},"skeletonTracked":true,"frameCount":4},{"position":[374.9742805957794,-539.9385094642639,3024.394035339356],"positionTracked":true,"id":4692,"skeleton":{"1":{"id":1,"position":[438.8933777809143,148.221880197525,3264.738321304321],"positionconfidence":1,"rotation":[0.9999496340751648,0.01002759393304586,0,-0.009988166391849518,0.9960179924964905,0.08859046548604965,0.0008883491973392665,-0.0885860025882721,0.996068000793457],"rotationconfidence":1},"2":{"id":2,"position":[440.9034550189972,-52.22262814640999,3246.909856796265],"positionconfidence":1,"rotation":[0.9778445363044739,0.02825447916984558,-0.2074161767959595,-0.009988166391849518,0.9960179924964905,0.08859046548604965,0.2090933471918106,-0.08455600589513779,0.974233090877533],"rotationconfidence":1},"3":{"id":3,"position":[425.252765417099,-398.2372581958771,3224.81107711792],"positionconfidence":1,"rotation":[0.9766845107078552,-0.03060588054358959,-0.2124869972467423,0.04509341344237328,0.9969516396522522,0.06367191672325134,0.2098904997110367,-0.07176913321018219,0.9750872254371643],"rotationconfidence":1},"4":{"id":4,"position":[410.9799265861511,-454.1392624378204,3169.73090171814],"positionconfidence":1,"rotation":[0.97417813539505,-0.0279791709035635,-0.2240405976772308,0.1789344549179077,0.7008272409439087,0.6905242204666138,0.1376934498548508,-0.7127821445465088,0.6877369284629822],"rotationconfidence":1},"6":{"id":6,"position":[236.2556159496307,-167.9771840572357,3269.883632659912],"positionconfidence":1,"rotation":[0.5059098601341248,0.8625849485397339,0.001548605738207698,0.2704508304595947,-0.1569153070449829,-0.9498599171638489,-0.8190918564796448,0.480962336063385,-0.3126718103885651],"rotationconfidence":1},"7":{"id":7,"position":[105.9484556317329,-390.1531398296356,3269.484758377075],"positionconfidence":1,"rotation":[-0.3473717570304871,0.01791833341121674,0.9375563263893127,0.4565318524837494,0.8765581250190735,0.1523959636688232,-0.8190918564796448,0.480962336063385,-0.3126718103885651],"rotationconfidence":1},"8":{"id":8,"position":[193.1785643100739,-394.6526944637299,3034.050703048706],"positionconfidence":1,"rotation":[-0.1334039866924286,0.3467907905578613,0.9284069538116455,0,0.9367801547050476,-0.3499184548854828,-0.9910616874694824,-0.0466805174946785,-0.1249702051281929],"rotationconfidence":1},"9":{"id":9,"position":[195.6688612699509,-401.126354932785,3016.719818115234],"positionconfidence":1,"rotation":[-0.1334039866924286,0.3467907905578613,0.9284069538116455,0,0.9367801547050476,-0.3499184548854828,-0.9910616874694824,-0.0466805174946785,-0.1249702051281929],"rotationconfidence":1},"12":{"id":12,"position":[609.7132563591003,-185.8019679784775,3188.183784484863],"positionconfidence":1,"rotation":[0.4045166969299316,-0.9028176069259644,0.1458992213010788,-0.4455848932266235,-0.3338850736618042,-0.8306472301483154,0.7986365556716919,0.2710002064704895,-0.5373439788818359],"rotationconfidence":1},"13":{"id":13,"position":[708.0367207527161,-405.2444696426392,3223.646640777588],"positionconfidence":1,"rotation":[-0.4825737774372101,-0.245120644569397,-0.8408558368682861,-0.3595862090587616,0.9308463335037231,-0.06498471647500992,0.7986365556716919,0.2710002064704895,-0.5373439788818359],"rotationconfidence":1},"14":{"id":14,"position":[593.4808850288391,-463.4324610233307,3024.03998374939],"positionconfidence":1,"rotation":[-0.02319498360157013,-0.003531273221597076,-0.9997246861457825,0,-0.9999937415122986,0.003532223403453827,-0.9997308850288391,0.00008192986570065841,0.02319483831524849],"rotationconfidence":1},"15":{"id":15,"position":[592.1109914779663,-463.6410176753998,2964.996337890625],"positionconfidence":1,"rotation":[-0.02319498360157013,-0.003531273221597076,-0.9997246861457825,0,-0.9999937415122986,0.003532223403453827,-0.9997308850288391,0.00008192986570065841,0.02319483831524849],"rotationconfidence":1},"17":{"id":17,"position":[319.8754489421845,-537.8103256225586,3167.260646820068],"positionconfidence":1,"rotation":[0.8485734462738037,-0.3687835335731506,-0.3793702721595764,0.5020371675491333,0.7875523567199707,0.3573792576789856,0.1669783592224121,-0.4937205314636231,0.8534390926361084],"rotationconfidence":1},"18":{"id":18,"position":[129.5450180768967,-836.3841772079468,3031.772375106812],"positionconfidence":1,"rotation":[0.9300419092178345,-0.367453396320343,0,0.3640345633029938,0.9213886857032776,0.1360944509506226,-0.05000836774706841,-0.1265735477209091,0.9906958341598511],"rotationconfidence":1},"19":{"id":19,"position":[-0.7735564140602946,-1166.226625442505,2983.052730560303],"positionconfidence":1,"rotation":[0.9769287705421448,0.2135655134916306,0,0.03933459147810936,-0.1799311637878418,-0.9828925132751465,-0.2099119424819946,0.9602159261703491,-0.1841804385185242],"rotationconfidence":1},"20":{"id":20,"position":[17.18165911734104,-1248.360514640808,2998.806953430176],"positionconfidence":1,"rotation":[0.9769287705421448,0.2135655134916306,0,0.03933459147810936,-0.1799311637878418,-0.9828925132751465,-0.2099119424819946,0.9602159261703491,-0.1841804385185242],"rotationconfidence":1},"21":{"id":21,"position":[489.5384311676025,-536.1211895942688,3135.042667388916],"positionconfidence":1,"rotation":[0.9406458735466003,0.3359736502170563,-0.04803138971328735,-0.2894754409790039,0.8681081533432007,0.4032273590564728,0.1771701872348785,-0.3653902113437653,0.9138383865356445],"rotationconfidence":1},"22":{"id":22,"position":[590.3498530387878,-838.4446501731873,2994.616508483887],"positionconfidence":1,"rotation":[0.8079072833061218,0.3976343274116516,-0.4349400103092194,-0.2921133935451508,0.9112123847007751,0.2904510200023651,0.5118160247802734,-0.1076056957244873,0.852329432964325],"rotationconfidence":1},"23":{"id":23,"position":[684.425413608551,-1131.901979446411,2901.076316833496],"positionconfidence":1,"rotation":[0.9396836161613464,-0.3420448303222656,0,0.2842725217342377,0.7809685468673706,-0.5561268925666809,0.1902203410863876,0.5225833654403687,0.8310973048210144],"rotationconfidence":1},"24":{"id":24,"position":[669.1829562187195,-1173.776865005493,2834.480047225952],"positionconfidence":1,"rotation":[0.9396836161613464,-0.3420448303222656,0,0.2842725217342377,0.7809685468673706,-0.5561268925666809,0.1902203410863876,0.5225833654403687,0.8310973048210144],"rotationconfidence":1}},"skeletonTracked":true,"frameCount":5},{"position":[373.8298118114471,-544.3840622901917,3022.615432739258],"positionTracked":true,"id":4692,"skeleton":{"1":{"id":1,"position":[439.3062293529511,148.6126780509949,3264.72282409668],"positionconfidence":1,"rotation":[0.9999436140060425,0.01062143780291081,0,-0.01058005169034004,0.99604731798172,0.08819159865379333,0.0009367215679958463,-0.08818662911653519,0.9961035251617432],"rotationconfidence":1},"2":{"id":2,"position":[441.4336383342743,-51.66990682482719,3246.989488601685],"positionconfidence":1,"rotation":[0.9782379269599915,0.02858683653175831,-0.2055075019598007,-0.01058005169034004,0.99604731798172,0.08819159865379333,0.2072163224220276,-0.08409809321165085,0.9746737480163574],"rotationconfidence":1},"3":{"id":3,"position":[425.2927005290985,-397.9001045227051,3224.797010421753],"positionconfidence":1,"rotation":[0.9770264625549316,-0.03204305842518807,-0.210695207118988,0.04647335037589073,0.9968737959861755,0.06389708071947098,0.2079890817403793,-0.07222085446119308,0.9754612445831299],"rotationconfidence":1},"4":{"id":4,"position":[411.0376238822937,-453.8060128688812,3169.658899307251],"positionconfidence":1,"rotation":[0.9747111201286316,-0.03015056066215038,-0.2214255630970001,0.1786231398582459,0.7005285620689392,0.6909077167510986,0.1342836767435074,-0.7129871845245361,0.6881985664367676],"rotationconfidence":1},"6":{"id":6,"position":[236.9060218334198,-166.7227894067764,3269.366025924683],"positionconfidence":1,"rotation":[0.5057852268218994,0.8626587986946106,0.001077530905604363,0.2703537940979004,-0.1573246568441391,-0.9498199224472046,-0.8192009329795837,0.4806961715221405,-0.3127955496311188],"rotationconfidence":1},"7":{"id":7,"position":[105.8571189641953,-390.2375996112824,3269.086837768555],"positionconfidence":1,"rotation":[-0.3495174944400787,0.01395867299288511,0.9368258118629456,0.4546947777271271,0.8767760992050171,0.1565767675638199,-0.8192009329795837,0.4806961715221405,-0.3127955496311188],"rotationconfidence":1},"8":{"id":8,"position":[193.8664317131043,-393.7524259090424,3033.191919326782],"positionconfidence":1,"rotation":[-0.1253228187561035,0.3058216273784638,0.9438046813011169,0,0.9513047337532043,-0.3082518577575684,-0.9921159744262695,-0.03863099217414856,-0.1192201897501946],"rotationconfidence":1},"9":{"id":9,"position":[196.197435259819,-399.4407057762146,3015.637159347534],"positionconfidence":1,"rotation":[-0.1253228187561035,0.3058216273784638,0.9438046813011169,0,0.9513047337532043,-0.3082518577575684,-0.9921159744262695,-0.03863099217414856,-0.1192201897501946],"rotationconfidence":1},"12":{"id":12,"position":[609.9967956542969,-185.6300234794617,3188.415288925171],"positionconfidence":1,"rotation":[0.4042258262634277,-0.9029732346534729,0.1457421332597733,-0.4425550401210785,-0.3325317203998566,-0.8328070044517517,0.8004663586616516,0.2721431851387024,-0.5340332984924316],"rotationconfidence":1},"13":{"id":13,"position":[708.2040309906006,-405.0086438655853,3223.823547363281],"positionconfidence":1,"rotation":[-0.478105902671814,-0.2474335879087448,-0.8427284359931946,-0.3614805638790131,0.9299002289772034,-0.06794899702072144,0.8004663586616516,0.2721431851387024,-0.5340332984924316],"rotationconfidence":1},"14":{"id":14,"position":[595.525860786438,-463.3228480815888,3025.212526321411],"positionconfidence":1,"rotation":[-0.08536666631698608,0.01805437728762627,-0.9961859583854675,0,-0.9998358488082886,-0.01812052540481091,-0.996349573135376,-0.001546888845041394,0.08535265177488327],"rotationconfidence":1},"15":{"id":15,"position":[590.3304815292358,-462.2240662574768,2964.585065841675],"positionconfidence":1,"rotation":[-0.08536666631698608,0.01805437728762627,-0.9961859583854675,0,-0.9998358488082886,-0.01812052540481091,-0.996349573135376,-0.001546888845041394,0.08535265177488327],"rotationconfidence":1},"17":{"id":17,"position":[319.9339807033539,-537.1912121772766,3166.742324829102],"positionconfidence":1,"rotation":[0.8505193591117859,-0.36861851811409,-0.3751497566699982,0.4998297095298767,0.7884736657142639,0.358440488576889,0.1636678874492645,-0.4923715591430664,0.8548585772514343],"rotationconfidence":1},"18":{"id":18,"position":[130.4442584514618,-836.1083269119263,3030.854463577271],"positionconfidence":1,"rotation":[0.9298944473266602,-0.3678264021873474,0,0.364419013261795,0.9212802648544312,0.1357996165752411,-0.04995068535208702,-0.1262793093919754,0.9907363653182983],"rotationconfidence":1},"19":{"id":19,"position":[-0.03157887840643525,-1165.961623191834,2982.233047485352],"positionconfidence":1,"rotation":[0.9793520569801331,0.2021623998880386,0,0.03834798932075501,-0.1857723444700241,-0.9818443059921265,-0.1984919905662537,0.9615711569786072,-0.1896890252828598],"rotationconfidence":1},"20":{"id":20,"position":[16.90107770264149,-1247.989892959595,2998.414754867554],"positionconfidence":1,"rotation":[0.9793520569801331,0.2021623998880386,0,0.03834798932075501,-0.1857723444700241,-0.9818443059921265,-0.1984919905662537,0.9615711569786072,-0.1896890252828598],"rotationconfidence":1},"21":{"id":21,"position":[489.6042346954346,-535.8386635780334,3135.036945343018],"positionconfidence":1,"rotation":[0.941429853439331,0.3341984152793884,-0.04495767131447792,-0.2890110313892365,0.8683549761772156,0.4030286967754364,0.1737307906150818,-0.3664300441741943,0.9140824675559998],"rotationconfidence":1},"22":{"id":22,"position":[590.3112292289734,-838.4202718734741,2994.600057601929],"positionconfidence":1,"rotation":[0.4324561059474945,0.3967793583869934,-0.8096591234207153,-0.2913981676101685,0.9112852811813354,0.2909400761127472,0.8532694578170776,0.1101143732666969,0.5097116827964783],"rotationconfidence":1},"23":{"id":23,"position":[684.1909289360046,-1132.008910179138,2900.867938995361],"positionconfidence":1,"rotation":[0.9505668878555298,-0.31051966547966,0,0.1658356934785843,0.5076584219932556,-0.8454474210739136,0.2625280916690826,0.8036544322967529,0.5340585708618164],"rotationconfidence":1},"24":{"id":24,"position":[663.8644933700562,-1194.23246383667,2859.518051147461],"positionconfidence":1,"rotation":[0.9505668878555298,-0.31051966547966,0,0.1658356934785843,0.5076584219932556,-0.8454474210739136,0.2625280916690826,0.8036544322967529,0.5340585708618164],"rotationconfidence":1}},"skeletonTracked":true,"frameCount":6},{"position":[371.7831671237946,-545.1032519340515,3022.686004638672],"positionTracked":true,"id":4692,"skeleton":{"1":{"id":1,"position":[439.7761225700378,148.9748805761337,3264.786720275879],"positionconfidence":1,"rotation":[0.9999446272850037,0.01051807310432196,0,-0.01047707349061966,0.9960468411445618,0.08820882439613342,0.0009277868666686118,-0.08820393681526184,0.9961018562316895],"rotationconfidence":1},"2":{"id":2,"position":[441.8820738792419,-51.23620107769966,3247.056245803833],"positionconfidence":1,"rotation":[0.9785194993019104,0.02837568894028664,-0.2041915357112885,-0.01047707349061966,0.9960468411445618,0.08820882439613342,0.2058873474597931,-0.0841747373342514,0.9749486446380615],"rotationconfidence":1},"3":{"id":3,"position":[425.3464639186859,-397.6123332977295,3224.764823913574],"positionconfidence":1,"rotation":[0.9772542715072632,-0.03317296504974365,-0.2094604820013046,0.0475863590836525,0.9968050122261047,0.06415049731731415,0.2066632062196732,-0.07265881448984146,0.9757105708122253],"rotationconfidence":1},"4":{"id":4,"position":[411.0995531082153,-453.5167217254639,3169.57688331604],"positionconfidence":1,"rotation":[0.9750969409942627,-0.03182680532336235,-0.2194838225841522,0.1784494519233704,0.7002295255661011,0.6912556886672974,0.131688579916954,-0.7132080793380737,0.6884710788726807],"rotationconfidence":1},"6":{"id":6,"position":[237.4594509601593,-165.6959056854248,3268.977165222168],"positionconfidence":1,"rotation":[0.5056264996528625,0.8627519607543945,0.0009313527261838317,0.2703787982463837,-0.1574335396289825,-0.9497946500778198,-0.8192906379699707,0.4804931581020355,-0.3128724098205566],"rotationconfidence":1},"7":{"id":7,"position":[105.8228388428688,-390.3078436851502,3268.734693527222],"positionconfidence":1,"rotation":[-0.3510620892047882,0.01106451917439699,0.9362868070602417,0.4533411860466003,0.8769286870956421,0.1596178710460663,-0.8192906379699707,0.4804931581020355,-0.3128724098205566],"rotationconfidence":1},"8":{"id":8,"position":[194.3647712469101,-39