{"motiondata":[{"position":[304.5001029968262,-661.9095206260681,3007.400751113892],"positionTracked":true,"id":4625,"skeleton":{"1":{"id":1,"position":[325.1861929893494,-85.19357442855835,3320.689678192139],"positionconfidence":1,"rotation":[0.969086766242981,0.2467201501131058,0,-0.2294640392065048,0.9013068675994873,0.367412805557251,0.09064814448356628,-0.3560549020767212,0.930057942867279],"rotationconfidence":1},"2":{"id":2,"position":[363.5969460010529,-236.0663414001465,3259.1872215271],"positionconfidence":1,"rotation":[0.973174512386322,0.205992117524147,0.1024636253714562,-0.2294640392065048,0.9013068675994873,0.367412805557251,-0.01666702702641487,-0.3810684978961945,0.9243966937065125],"rotationconfidence":1},"3":{"id":3,"position":[335.7053995132446,-597.676157951355,3189.701557159424],"positionconfidence":1,"rotation":[0.997121274471283,-0.07290966063737869,-0.0208158902823925,0.07552949339151382,0.9792288541793823,0.188165158033371,0.006664464250206947,-0.1891956925392151,0.9819167852401733],"rotationconfidence":1},"4":{"id":4,"position":[330.4699957370758,-651.2364149093628,3126.765489578247],"positionconfidence":1,"rotation":[0.9978715777397156,-0.02878784015774727,-0.05850979685783386,0.06322389096021652,0.646805465221405,0.7600298523902893,0.01596484147012234,-0.7621114253997803,0.6472489237785339],"rotationconfidence":1},"6":{"id":6,"position":[234.4867587089539,-359.5553040504456,3226.150989532471],"positionconfidence":1,"rotation":[0.2616752684116364,0.9646747708320618,-0.03047179616987705,-0.1907810866832733,0.02075027860701084,-0.9814131855964661,-0.946112334728241,0.2626250386238098,0.1894715577363968],"rotationconfidence":1},"7":{"id":7,"position":[166.4431542158127,-610.400378704071,3234.074592590332],"positionconfidence":1,"rotation":[0.2986642122268677,0.4814573526382446,0.8240135908126831,0.1251841336488724,0.8361977934837341,-0.5339494347572327,-0.946112334728241,0.2626250386238098,0.1894715577363968],"rotationconfidence":1},"8":{"id":8,"position":[103.7132441997528,-711.5232348442078,3061.002969741821],"positionconfidence":0.5,"rotation":[-0.07575520873069763,-0.7043271660804749,0.7058218121528625,0,0.7078559398651123,0.706356942653656,-0.9971265196800232,0.05351021885871887,-0.05362377315759659],"rotationconfidence":0.5},"9":{"id":9,"position":[108.3324104547501,-668.5769557952881,3017.96555519104],"positionconfidence":1,"rotation":[-0.07575520873069763,-0.7043271660804749,0.7058218121528625,0,0.7078559398651123,0.706356942653656,-0.9971265196800232,0.05351021885871887,-0.05362377315759659],"rotationconfidence":1},"12":{"id":12,"position":[500.3072619438171,-389.6023035049439,3218.557357788086],"positionconfidence":1,"rotation":[0.2691265046596527,-0.9592984914779663,0.08554215729236603,-0.349642813205719,-0.1800761967897415,-0.919414222240448,0.8973966836929321,0.2175295203924179,-0.3838750422000885],"rotationconfidence":1},"13":{"id":13,"position":[566.7844414710999,-626.5594959259033,3239.687204360962],"positionconfidence":1,"rotation":[-0.3269035518169403,-0.2565240263938904,-0.9095764756202698,-0.2963328957557678,0.9417410492897034,-0.1590926349163055,0.8973966836929321,0.2175295203924179,-0.3838750422000885],"rotationconfidence":1},"14":{"id":14,"position":[496.2477087974548,-681.9102764129639,3043.425798416138],"positionconfidence":0.5,"rotation":[-0.4359826743602753,-0.3222114145755768,-0.8402969241142273,0,-0.9337098002433777,0.3580305576324463,-0.8999550342559814,0.1560951173305512,0.4070813059806824],"rotationconfidence":0.5},"15":{"id":15,"position":[469.8331356048584,-701.4318704605103,2992.515325546265],"positionconfidence":0.5,"rotation":[-0.4359826743602753,-0.3222114145755768,-0.8402969241142273,0,-0.9337098002433777,0.3580305576324463,-0.8999550342559814,0.1560951173305512,0.4070813059806824],"rotationconfidence":0.5},"17":{"id":17,"position":[261.6955041885376,-705.8393359184265,3110.582590103149],"positionconfidence":1,"rotation":[0.818093478679657,-0.4655351042747498,-0.3376392424106598,0.5735485553741455,0.7033753395080566,0.4198871850967407,0.04201488569378853,-0.5371594429016113,0.8424336910247803],"rotationconfidence":1},"18":{"id":18,"position":[90.39637446403503,-915.9132242202759,2985.176801681519],"positionconfidence":1,"rotation":[0.8576558232307434,-0.5142241716384888,0,0.4933511912822723,0.822842538356781,0.2820190489292145,-0.1450210064649582,-0.2418752759695053,0.9594088196754456],"rotationconfidence":1},"19":{"id":19,"position":[-30.39123490452766,-1117.37048625946,2916.12982749939],"positionconfidence":1,"rotation":[0.9220883846282959,-0.3869794011116028,0,0.09080829471349716,0.2163765579462051,-0.9720776677131653,0.3761740028858185,0.8963415026664734,0.2346592396497726],"rotationconfidence":1},"20":{"id":20,"position":[-49.72369968891144,-1163.435578346252,2904.070138931274],"positionconfidence":1,"rotation":[0.9220883846282959,-0.3869794011116028,0,0.09080829471349716,0.2163765579462051,-0.9720776677131653,0.3761740028858185,0.8963415026664734,0.2346592396497726],"rotationconfidence":1},"21":{"id":21,"position":[389.7126615047455,-711.8170857429504,3100.386381149292],"positionconfidence":1,"rotation":[0.9342221021652222,0.3086463809013367,0.1787921637296677,-0.3547264337539673,0.7513796091079712,0.5564151406288147,0.03739473968744278,-0.5832376480102539,0.8114404678344727],"rotationconfidence":1},"22":{"id":22,"position":[496.0398077964783,-937.0386600494385,2933.604240417481],"positionconfidence":1,"rotation":[0.9129094481468201,0.3732982575893402,0.1650591045618057,-0.3971271812915802,0.7189632654190063,0.5704225897789001,0.09426632523536682,-0.586293637752533,0.8045952320098877],"rotationconfidence":1},"23":{"id":23,"position":[625.6469488143921,-1171.680808067322,2747.440099716187],"positionconfidence":0.5,"rotation":[0.2665557563304901,0.9638195037841797,0,-0.9429574012756348,0.2607860863208771,-0.2069342583417893,-0.1994472742080689,0.05515952035784721,0.9783547520637512],"rotationconfidence":0.5},"24":{"id":24,"position":[643.1096792221069,-1176.510334014893,2661.779642105103],"positionconfidence":0.5,"rotation":[0.2665557563304901,0.9638195037841797,0,-0.9429574012756348,0.2607860863208771,-0.2069342583417893,-0.1994472742080689,0.05515952035784721,0.9783547520637512],"rotationconfidence":0.5}},"skeletonTracked":true,"frameCount":1},{"position":[307.0859014987946,-656.8617224693298,3008.507966995239],"positionTracked":true,"id":4625,"skeleton":{"1":{"id":1,"position":[325.5608975887299,-84.97129380702972,3320.879459381104],"positionconfidence":1,"rotation":[0.9694498777389526,0.2452897876501083,0,-0.2279151380062103,0.9007807374000549,0.3696602880954742,0.09067389369010925,-0.3583671152591705,0.9291670322418213],"rotationconfidence":1},"2":{"id":2,"position":[363.691508769989,-235.6735169887543,3259.034633636475],"positionconfidence":1,"rotation":[0.9734910130500793,0.2033105790615082,0.1047856360673904,-0.2279151380062103,0.9007807374000549,0.3696602880954742,-0.01923303678631783,-0.3837431967258453,0.923239529132843],"rotationconfidence":1},"3":{"id":3,"position":[335.5801999568939,-597.4122285842896,3189.308404922485],"positionconfidence":1,"rotation":[0.9970952272415161,-0.07405047863721848,-0.01782296970486641,0.07608583569526672,0.9790789484977722,0.1887204200029373,0.003475257195532322,-0.189528301358223,0.981869101524353],"rotationconfidence":1},"4":{"id":4,"position":[330.3625881671906,-650.9908437728882,3126.359224319458],"positionconfidence":1,"rotation":[0.997916579246521,-0.0301869660615921,-0.05702004954218864,0.06299327313899994,0.6468653678894043,0.759998083114624,0.01394225843250752,-0.7620065212249756,0.6474192142486572],"rotationconfidence":1},"6":{"id":6,"position":[233.9887470006943,-359.5139086246491,3225.94952583313],"positionconfidence":1,"rotation":[0.2643710374832153,0.9640184640884399,-0.02786273695528507,-0.1704471558332443,0.01826831884682179,-0.9851973652839661,-0.9492394924163818,0.2652067840099335,0.1691438257694244],"rotationconfidence":1},"7":{"id":7,"position":[165.7496094703674,-608.3452105522156,3233.141422271729],"positionconfidence":1,"rotation":[0.2597083747386932,0.3573946356773377,0.8971179723739624,0.1774706691503525,0.8955078721046448,-0.4081295132637024,-0.9492394924163818,0.2652067840099335,0.1691438257694244],"rotationconfidence":1},"8":{"id":8,"position":[111.5634739398956,-682.9128265380859,3045.96471786499],"positionconfidence":1,"rotation":[-0.05176126956939697,-0.6806207895278931,0.7308050990104675,0,0.7317860722541809,0.6815344095230103,-0.9986594915390015,0.03527708724141121,-0.03787817433476448],"rotationconfidence":1},"9":{"id":9,"position":[115.0265708565712,-637.3757719993591,2997.070074081421],"positionconfidence":0.5,"rotation":[-0.05176126956939697,-0.6806207895278931,0.7308050990104675,0,0.7317860722541809,0.6815344095230103,-0.9986594915390015,0.03527708724141121,-0.03787817433476448],"rotationconfidence":0.5},"12":{"id":12,"position":[500.8254051208496,-388.7260556221008,3219.366312026978],"positionconfidence":1,"rotation":[0.264708012342453,-0.9612080454826355,0.07751604914665222,-0.3607740700244904,-0.173257976770401,-0.9164189100265503,0.8942995071411133,0.2146176546812058,-0.3926417231559753],"rotationconfidence":1},"13":{"id":13,"position":[566.2187933921814,-626.1826157569885,3238.515853881836],"positionconfidence":1,"rotation":[-0.3439415395259857,-0.2316137403249741,-0.9099775552749634,-0.2862384617328644,0.9488382935523987,-0.1333161294460297,0.8942995071411133,0.2146176546812058,-0.3926417231559753],"rotationconfidence":1},"14":{"id":14,"position":[489.872008562088,-677.595317363739,3036.522626876831],"positionconfidence":1,"rotation":[-0.4275046586990356,-0.3188644647598267,-0.845910906791687,0,-0.9357285499572754,0.3527210652828217,-0.9040132164955139,0.1507899016141892,0.4000283181667328],"rotationconfidence":1},"15":{"id":15,"position":[465.1929438114166,-696.0027813911438,2987.689733505249],"positionconfidence":0.5,"rotation":[-0.4275046586990356,-0.3188644647598267,-0.845910906791687,0,-0.9357285499572754,0.3527210652828217,-0.9040132164955139,0.1507899016141892,0.4000283181667328],"rotationconfidence":0.5},"17":{"id":17,"position":[261.6474330425263,-705.5451273918152,3110.063076019287],"positionconfidence":1,"rotation":[0.8184409141540527,-0.4669435918331146,-0.3348404765129089,0.5731955170631409,0.7040795683860779,0.4191882908344269,0.04001705721020699,-0.5350099205970764,0.8438975214958191],"rotationconfidence":1},"18":{"id":18,"position":[90.48225730657578,-915.794312953949,2984.886884689331],"positionconfidence":1,"rotation":[0.8576669096946716,-0.5142056345939636,0,0.4935086071491242,0.8231453895568848,0.2808575034141541,-0.1444185078144074,-0.2408821880817413,0.9597494602203369],"rotationconfidence":1},"19":{"id":19,"position":[-30.39323724806309,-1117.408037185669,2916.096210479736],"positionconfidence":1,"rotation":[0.8522619009017944,-0.5231152176856995,0,0.3825833201408386,0.6233066320419312,-0.6819961071014404,0.3567625880241394,0.5812394022941589,0.7313557267189026],"rotationconfidence":1},"20":{"id":20,"position":[-50.09402707219124,-1149.504661560059,2875.710010528565],"positionconfidence":1,"rotation":[0.8522619009017944,-0.5231152176856995,0,0.3825833201408386,0.6233066320419312,-0.6819961071014404,0.3567625880241394,0.5812394022941589,0.7313557267189026],"rotationconfidence":1},"21":{"id":21,"position":[389.5359933376312,-711.641252040863,3100.133895874023],"positionconfidence":1,"rotation":[0.9342870116233826,0.3073771893978119,0.1806294769048691,-0.3547831773757935,0.7515994310379028,0.556082010269165,0.03516590595245361,-0.5836244821548462,0.8112618327140808],"rotationconfidence":1},"22":{"id":22,"position":[495.8951771259308,-936.9605779647827,2933.428049087524],"positionconfidence":1,"rotation":[0.9128374457359314,0.3733494579792023,0.1653420329093933,-0.3973499238491058,0.718976616859436,0.5702504515647888,0.0940256416797638,-0.5862445831298828,0.8046591281890869],"rotationconfidence":1},"23":{"id":23,"position":[625.5859136581421,-1171.626806259155,2747.304439544678],"positionconfidence":0.5,"rotation":[0.2672459483146668,0.9636282920837402,0,-0.942674458026886,0.2614347636699677,-0.2074048072099686,-0.1998611688613892,0.05542810261249542,0.9782552719116211],"rotationconfidence":0.5},"24":{"id":24,"position":[643.0826187133789,-1176.47922039032,2661.663770675659],"positionconfidence":0.5,"rotation":[0.2672459483146668,0.9636282920837402,0,-0.942674458026886,0.2614347636699677,-0.2074048072099686,-0.1998611688613892,0.05542810261249542,0.9782552719116211],"rotationconfidence":0.5}},"skeletonTracked":true,"frameCount":2},{"position":[306.6754043102264,-654.9693942070007,3011.270761489868],"positionTracked":true,"id":4625,"skeleton":{"1":{"id":1,"position":[326.2217044830322,-84.8919227719307,3321.276426315308],"positionconfidence":1,"rotation":[0.9702701568603516,0.2420242130756378,0,-0.2245593369007111,0.9002538323402405,0.3729827404022217,0.09027085453271866,-0.3618940114974976,0.9278382062911987],"rotationconfidence":1},"2":{"id":2,"position":[363.7575209140778,-235.3722602128983,3258.931159973145],"positionconfidence":1,"rotation":[0.9742311239242554,0.1991068869829178,0.1059726029634476,-0.2245593369007111,0.9002538323402405,0.3729827404022217,-0.02113880962133408,-0.3871685266494751,0.9217666387557983],"rotationconfidence":1},"3":{"id":3,"position":[335.5593681335449,-596.833348274231,3188.993453979492],"positionconfidence":1,"rotation":[0.9970792531967163,-0.07476349920034409,-0.01560958381742239,0.07636743038892746,0.9789242148399353,0.1894082427024841,0.001119777210988104,-0.1900470703840256,0.9817744493484497],"rotationconfidence":1},"4":{"id":4,"position":[330.4322063922882,-650.2245664596558,3126.040935516357],"positionconfidence":1,"rotation":[0.9980024695396423,-0.03080817125737667,-0.05515322461724281,0.06199422106146812,0.6455709934234619,0.7611798644065857,0.01215476449579001,-0.7630785703659058,0.646191418170929],"rotationconfidence":1},"6":{"id":6,"position":[233.4681153297424,-359.495222568512,3225.895881652832],"positionconfidence":1,"rotation":[0.2728787064552307,0.96156245470047,-0.03057724609971046,-0.1429512798786163,0.009096055291593075,-0.989687979221344,-0.9513685703277588,0.2744357883930206,0.1399386823177338],"rotationconfidence":1},"7":{"id":7,"position":[164.1857922077179,-603.6303639411926,3233.659267425537],"positionconfidence":1,"rotation":[0.2342798858880997,0.3496025800704956,0.9071334004402161,0.2000269442796707,0.8958030343055725,-0.396895706653595,-0.9513685703277588,0.2744357883930206,0.1399386823177338],"rotationconfidence":1},"8":{"id":8,"position":[115.1244267821312,-676.8418550491333,3043.69330406189],"positionconfidence":0.5,"rotation":[0.02842157334089279,-0.6368539929389954,0.7704603672027588,0,0.7707717418670654,0.6371113657951355,-0.9995959997177124,-0.0181077066808939,0.02190654538571835],"rotationconfidence":0.5},"9":{"id":9,"position":[113.2915839552879,-635.7725858688354,2994.00806427002],"positionconfidence":0.5,"rotation":[0.02842157334089279,-0.6368539929389954,0.7704603672027588,0,0.7707717418670654,0.6371113657951355,-0.9995959997177124,-0.0181077066808939,0.02190654538571835],"rotationconfidence":0.5},"12":{"id":12,"position":[501.3629198074341,-387.9741728305817,3220.077514648438],"positionconfidence":1,"rotation":[0.2605509757995606,-0.9627299308776855,0.07255472987890244,-0.3792711198329926,-0.1711741983890533,-0.9093144536018372,0.8878437876701355,0.209404855966568,-0.4097352921962738],"rotationconfidence":1},"13":{"id":13,"position":[565.4011964797974,-624.5941519737244,3237.910032272339],"positionconfidence":1,"rotation":[-0.2588614523410797,-0.5088797807693481,-0.8209945559501648,-0.3804262578487396,0.8349795937538147,-0.3975988924503326,0.8878437876701355,0.209404855966568,-0.4097352921962738],"rotationconfidence":1},"14":{"id":14,"position":[502.2711157798767,-748.6976981163025,3037.689208984375],"positionconfidence":1,"rotation":[-0.4796169698238373,-0.1015856638550758,-0.8715778589248657,0,-0.9932760000228882,0.1157700419425964,-0.8774779438972473,0.0555252768099308,0.4763920307159424],"rotationconfidence":1},"15":{"id":15,"position":[474.3868708610535,-754.6037435531616,2987.016916275024],"positionconfidence":0.5,"rotation":[-0.4796169698238373,-0.1015856638550758,-0.8715778589248657,0,-0.9932760000228882,0.1157700419425964,-0.8774779438972473,0.0555252768099308,0.4763920307159424],"rotationconfidence":0.5},"17":{"id":17,"position":[261.6559565067291,-704.8951387405396,3109.620094299316],"positionconfidence":1,"rotation":[0.8192369341850281,-0.4678996801376343,-0.3315430581569672,0.5721865892410278,0.7053974270820618,0.4183503985404968,0.03812358900904656,-0.5324325561523438,0.8456134796142578],"rotationconfidence":1},"18":{"id":18,"position":[90.78343957662582,-915.5485033988953,2984.687805175781],"positionconfidence":1,"rotation":[0.8574113845825195,-0.5146316885948181,0,0.4941000044345856,0.8232042789459229,0.2796425223350525,-0.1439128965139389,-0.2397686839103699,0.96010422706604],"rotationconfidence":1},"19":{"id":19,"position":[-30.39411455392838,-1117.438554763794,2916.1057472229],"positionconfidence":1,"rotation":[0.793408215045929,-0.6086899042129517,0,0.5121853947639465,0.6676176190376282,-0.5403265357017517,0.3288913369178772,0.4286995232105255,0.8414553999900818],"rotationconfidence":1},"20":{"id":20,"position":[-50.40621012449265,-1143.523693084717,2864.905595779419],"positionconfidence":1,"rotation":[0.793408215045929,-0.6086899042129517,0,0.5121853947639465,0.6676176190376282,-0.5403265357017517,0.3288913369178772,0.4286995232105255,0.8414553999900818],"rotationconfidence":1},"21":{"id":21,"position":[389.7763192653656,-711.0017538070679,3099.998950958252],"positionconfidence":1,"rotation":[0.9349350333213806,0.3051171004772186,0.1811081022024155,-0.3532676696777344,0.7527773976325989,0.5554531812667847,0.03314417228102684,-0.5832922458648682,0.8115859031677246],"rotationconfidence":1},"22":{"id":22,"position":[495.7507252693176,-936.8224143981934,2933.372259140015],"positionconfidence":1,"rotation":[0.9128273725509644,0.3732018172740936,0.1657304465770721,-0.3974703550338745,0.7190036773681641,0.5701324939727783,0.09361368417739868,-0.5863054990768433,0.8046628832817078],"rotationconfidence":1},"23":{"id":23,"position":[625.5125999450684,-1171.555042266846,2747.241497039795],"positionconfidence":0.5,"rotation":[0.2674577236175537,0.9635696411132812,0,-0.9425162076950073,0.2616139352321625,-0.2078972607851028,-0.2003234773874283,0.05560372769832611,0.9781506061553955],"rotationconfidence":0.5},"24":{"id":24,"position":[643.0493593215942,-1176.422715187073,2661.612033843994],"positionconfidence":0.5,"rotation":[0.2674577236175537,0.9635696411132812,0,-0.9425162076950073,0.2616139352321625,-0.2078972607851028,-0.2003234773874283,0.05560372769832611,0.9781506061553955],"rotationconfidence":0.5}},"skeletonTracked":true,"frameCount":3},{"position":[306.4319491386414,-666.561484336853,3007.987499237061],"positionTracked":true,"id":4625,"skeleton":{"1":{"id":1,"position":[326.8235921859741,-84.87439155578613,3321.636915206909],"positionconfidence":1,"rotation":[0.9710289835929871,0.2389615923166275,0,-0.2214379459619522,0.8998210430145264,0.3758821189403534,0.08982139080762863,-0.3649924397468567,0.9266674518585205],"rotationconfidence":1},"2":{"id":2,"position":[363.8045489788055,-235.1478338241577,3258.863210678101],"positionconfidence":1,"rotation":[0.9748327732086182,0.1940534263849258,0.1097461357712746,-0.2214379459619522,0.8998210430145264,0.3758821189403534,-0.02581066638231278,-0.3907241523265839,0.9201458096504211],"rotationconfidence":1},"3":{"id":3,"position":[335.5764150619507,-595.2788591384888,3188.976764678955],"positionconfidence":1,"rotation":[0.9970393180847168,-0.076302669942379,-0.009524008259177208,0.07672068476676941,0.9787930250167847,0.1899429857730866,-0.005171122029423714,-0.1901112645864487,0.9817489385604858],"rotationconfidence":1},"4":{"id":4,"position":[330.723375082016,-647.8082537651062,3126.211881637573],"positionconfidence":1,"rotation":[0.9979546070098877,-0.01942780055105686,-0.06090321391820908,0.05919080972671509,0.6406823992729187,0.7655210494995117,0.02414722926914692,-0.7675601840019226,0.6405219435691833],"rotationconfidence":1},"6":{"id":6,"position":[232.930988073349,-359.5774471759796,3225.893974304199],"positionconfidence":1,"rotation":[0.2800003886222839,0.9593428373336792,-0.03551378473639488,-0.121322475373745,-0.001335370587185025,-0.9926122426986694,-0.9523027539253235,0.2822403907775879,0.1160159260034561],"rotationconfidence":1},"7":{"id":7,"position":[162.812277674675,-599.819540977478,3234.787464141846],"positionconfidence":1,"rotation":[0.2143583297729492,0.3481318950653076,0.9126086831092834,0.2171861827373505,0.8939487338066101,-0.3920275270938873,-0.9523027539253235,0.2822403907775879,0.1160159260034561],"rotationconfidence":1},"8":{"id":8,"position":[117.6785454154015,-673.1196641921997,3042.635202407837],"positionconfidence":0.5,"rotation":[0.04578050598502159,-0.6451740264892578,0.7626627683639526,0,0.7634633183479309,0.6458512544631958,-0.9989514946937561,-0.02956739813089371,0.03495173528790474],"rotationconfidence":0.5},"9":{"id":9,"position":[114.6863624453545,-630.9515237808228,2992.788076400757],"positionconfidence":1,"rotation":[0.04578050598502159,-0.6451740264892578,0.7626627683639526,0,0.7634633183479309,0.6458512544631958,-0.9989514946937561,-0.02956739813089371,0.03495173528790474],"rotationconfidence":1},"12":{"id":12,"position":[502.0304322242737,-386.1199915409088,3222.171545028687],"positionconfidence":1,"rotation":[0.2556206583976746,-0.9645962715148926,0.06489937752485275,-0.3863554000854492,-0.1634599268436432,-0.9077500700950623,0.8862209320068359,0.2069654911756516,-0.4144607782363892],"rotationconfidence":1},"13":{"id":13,"position":[565.1111602783203,-624.1580247879028,3238.187074661255],"positionconfidence":1,"rotation":[-0.2126529514789581,-0.6130869388580322,-0.7608568668365479,-0.411571592092514,0.762423574924469,-0.4993186593055725,0.8862209320068359,0.2069654911756516,-0.4144607782363892],"rotationconfidence":1},"14":{"id":14,"position":[509.8205208778381,-783.5631370544434,3040.361166000366],"positionconfidence":0.5,"rotation":[-0.4650577902793884,-0.1673502177000046,-0.8693187236785889,0,-0.9819700121879578,0.1890364140272141,-0.885280191898346,0.08791285753250122,0.4566728174686432],"rotationconfidence":0.5},"15":{"id":15,"position":[482.973039150238,-793.2241559028625,2990.17596244812],"positionconfidence":0.5,"rotation":[-0.4650577902793884,-0.1673502177000046,-0.8693187236785889,0,-0.9819700121879578,0.1890364140272141,-0.885280191898346,0.08791285753250122,0.4566728174686432],"rotationconfidence":0.5},"17":{"id":17,"position":[262.0182037353516,-703.016459941864,3110.365867614746],"positionconfidence":1,"rotation":[0.8207105994224548,-0.457693338394165,-0.3419810831546783,0.569165050983429,0.7071763277053833,0.4194673597812653,0.04985348880290985,-0.5389049649238586,0.840890109539032],"rotationconfidence":1},"18":{"id":18,"position":[91.43983572721481,-914.9566888809204,2984.651803970337],"positionconfidence":1,"rotation":[0.8568937182426453,-0.5154930353164673,0,0.495108962059021,0.8230096697807312,0.2784280478954315,-0.1435277163982391,-0.2385832518339157,0.9604570269584656],"rotationconfidence":1},"19":{"id":19,"position":[-30.39312735199928,-1117.477178573608,2916.138172149658],"positionconfidence":1,"rotation":[0.7236705422401428,-0.6901455521583557,0,0.6235367655754089,0.653826117515564,-0.4286180436611176,0.2958088517189026,0.310178279876709,0.903485894203186],"rotationconfidence":1},"20":{"id":20,"position":[-50.30161142349243,-1138.352751731873,2855.331897735596],"positionconfidence":1,"rotation":[0.7236705422401428,-0.6901455521583557,0,0.6235367655754089,0.653826117515564,-0.4286180436611176,0.2958088517189026,0.310178279876709,0.903485894203186],"rotationconfidence":1},"21":{"id":21,"position":[390.1572227478027,-707.9785466194153,3099.588871002197],"positionconfidence":1,"rotation":[0.9358823299407959,0.3113520741462708,0.1648763567209244,-0.3492172062397003,0.7579063177108765,0.5510220527648926,0.04660101607441902,-0.5732694864273071,0.818040668964386],"rotationconfidence":1},"22":{"id":22,"position":[495.1366186141968,-935.8153939247131,2933.944225311279],"positionconfidence":1,"rotation":[0.9129490256309509,0.3722680807113648,0.1671547889709473,-0.3975419402122498,0.7188883423805237,0.5702279210090637,0.09211202710866928,-0.5870400667190552,0.8043006062507629],"rotationconfidence":1},"23":{"id":23,"position":[625.186026096344,-1170.988082885742,2747.403383255005],"positionconfidence":0.5,"rotation":[0.2648200690746307,0.964297890663147,0,-0.9429835081100464,0.2589665949344635,-0.2090895473957062,-0.2016245871782303,0.05537110194563866,0.9778964519500732],"rotationconfidence":0.5},"24":{"id":24,"position":[642.8370475769043,-1175.835490226746,2661.794424057007],"positionconfidence":0.5,"rotation":[0.2648200690746307,0.964297890663147,0,-0.9429835081100464,0.2589665949344635,-0.2090895473957062,-0.2016245871782303,0.05537110194563866,0.9778964519500732],"rotationconfidence":0.5}},"skeletonTracked":true,"frameCount":4},{"position":[307.3146045207977,-660.5352759361267,3010.457754135132],"positionTracked":true,"id":4625,"skeleton":{"1":{"id":1,"position":[328.6129832267761,-84.69732105731964,3322.166919708252],"positionconfidence":1,"rotation":[0.9735482335090637,0.228481650352478,0,-0.2113957703113556,0.90074622631073,0.3794311881065369,0.08669306337833405,-0.3693945705890656,0.9252199530601501],"rotationconfidence":1},"2":{"id":2,"position":[363.873690366745,-234.9413335323334,3258.877992630005],"positionconfidence":1,"rotation":[0.9765505194664001,0.1784609258174896,0.1204187944531441,-0.2113957703113556,0.90074622631073,0.3794311881065369,-0.04075313732028008,-0.3959897458553314,0.9173501133918762],"rotationconfidence":1},"3":{"id":3,"position":[335.6441855430603,-593.7051773071289,3189.104318618774],"positionconfidence":1,"rotation":[0.996791422367096,-0.07975519448518753,0.006798464339226484,0.07700894773006439,0.9786933064460754,0.1903397589921951,-0.02183419279754162,-0.1892054677009583,0.981694757938385],"rotationconfidence":1},"4":{"id":4,"position":[331.217497587204,-645.6748843193054,3126.492977142334],"positionconfidence":1,"rotation":[0.9982692003250122,-0.01732329279184341,-0.05619971826672554,0.05432182922959328,0.6377430558204651,0.7683312296867371,0.02253095246851444,-0.7700543403625488,0.6375802755355835],"rotationconfidence":1},"6":{"id":6,"position":[232.61459171772,-359.5833480358124,3225.922822952271],"positionconfidence":1,"rotation":[0.2877355515956879,0.9567084908485413,-0.04378454014658928,-0.1068900898098946,-0.01335169840604067,-0.9941810965538025,-0.9517261385917664,0.2907414138317108,0.09842090308666229],"rotationconfidence":1},"7":{"id":7,"position":[161.5885347127914,-595.7419872283936,3236.730813980103],"positionconfidence":1,"rotation":[0.2095310837030411,0.3810552954673767,0.9004963636398315,0.2243077754974365,0.8776481747627258,-0.4235796630382538,-0.9517261385917664,0.2907414138317108,0.09842090308666229],"rotationconfidence":1},"8":{"id":8,"position":[117.8861707448959,-675.2195358276367,3048.912286758423],"positionconfidence":1,"rotation":[0.02322535589337349,-0.6362327337265015,0.7711474299430847,0,0.7713555693626404,0.6364043951034546,-0.9997301697731018,-0.01478071883320808,0.01791500672698021],"rotationconfidence":1},"9":{"id":9,"position":[116.4354309439659,-635.478138923645,3000.743627548218],"positionconfidence":1,"rotation":[0.02322535589337349,-0.6362327337265015,0.7711474299430847,0,0.7713555693626404,0.6364043951034546,-0.9997301697731018,-0.01478071883320808,0.01791500672698021],"rotationconfidence":1},"12":{"id":12,"position":[507.1647763252258,-385.0736618041992,3227.116346359253],"positionconfidence":1,"rotation":[0.2358115017414093,-0.9704739451408386,0.05072622001171112,-0.4100227952003479,-0.1466829627752304,-0.9002029895782471,0.8810642957687378,0.1914793252944946,-0.4325060248374939],"rotationconfidence":1},"13":{"id":13,"position":[565.1342272758484,-623.6448884010315,3239.586353302002],"positionconfidence":1,"rotation":[-0.302538275718689,-0.474751740694046,-0.8264874219894409,-0.3635882437229157,0.8590381741523743,-0.3603569865226746,0.8810642957687378,0.1914793252944946,-0.4325060248374939],"rotationconfidence":1},"14":{"id":14,"position":[491.9000267982483,-738.5661005973816,3039.521932601929],"positionconfidence":0.5,"rotation":[-0.4683364033699036,-0.1539185345172882,-0.8700402975082397,0,-0.9847095012664795,0.174204632639885,-0.8835502862930298,0.08158636838197708,0.4611752927303314],"rotationconfidence":0.5},"15":{"id":15,"position":[464.6182358264923,-747.5322484970093,2988.839864730835],"positionconfidence":0.5,"rotation":[-0.4683364033699036,-0.1539185345172882,-0.8700402975082397,0,-0.9847095012664795,0.174204632639885,-0.8835502862930298,0.08158636838197708,0.4611752927303314],"rotationconfidence":0.5},"17":{"id":17,"position":[262.3469531536102,-701.4511823654175,3110.537052154541],"positionconfidence":1,"rotation":[0.8230872750282288,-0.4566056728363037,-0.3376961350440979,0.5658608078956604,0.7099003195762634,0.4193365275859833,0.04825914651155472,-0.5362395644187927,0.8426851630210876],"rotationconfidence":1},"18":{"id":18,"position":[92.84494817256927,-914.0998125076294,2984.925985336304],"positionconfidence":1,"rotation":[0.8576652407646179,-0.5142084360122681,0,0.4945863485336304,0.8249369263648987,0.2736119329929352,-0.1406935602426529,-0.2346674501895905,0.9618402123451233],"rotationconfidence":1},"19":{"id":19,"position":[-30.11686354875565,-1119.191884994507,2916.901826858521],"positionconfidence":1,"rotation":[0.6901096701622009,-0.7237046957015991,0,0.6699810028076172,0.6388798952102661,-0.3780975937843323,0.2736310362815857,0.2609288394451141,0.9257657527923584],"rotationconfidence":1},"20":{"id":20,"position":[-49.62106049060822,-1137.790679931641,2850.914001464844],"positionconfidence":1,"rotation":[0.6901096701622009,-0.7237046957015991,0,0.6699810028076172,0.6388798952102661,-0.3780975937843323,0.2736310362815857,0.2609288394451141,0.9257657527923584],"rotationconfidence":1},"21":{"id":21,"position":[391.0595774650574,-706.3908576965332,3100.022554397583],"positionconfidence":1,"rotation":[0.9375386834144592,0.3072344064712524,0.1631814390420914,-0.3449656367301941,0.7604575753211975,0.5501844882965088,0.04494305327534676,-0.5721112489700317,0.8189437389373779],"rotationconfidence":1},"22":{"id":22,"position":[494.8837757110596,-935.2655410766602,2934.433698654175],"positionconfidence":1,"rotation":[0.9135087132453918,0.36971715092659,0.1697381287813187,-0.3970410227775574,0.7193151116371155,0.5700387358665466,0.08865789324045181,-0.5881283283233643,0.803893506526947],"rotationconfidence":1},"23":{"id":23,"position":[624.8793601989746,-1170.777201652527,2747.796773910523],"positionconfidence":0.5,"rotation":[0.2630789875984192,0.9647742509841919,0,-0.942931592464447,0.2571228444576263,-0.2115835398435593,-0.2041303664445877,0.05566319078207016,0.9773598313331604],"rotationconfidence":0.5},"24":{"id":24,"position":[642.7486538887024,-1175.649881362915,2662.240028381348],"positionconfidence":0.5,"rotation":[0.2630789875984192,0.9647742509841919,0,-0.942931592464447,0.2571228444576263,-0.2115835398435593,-0.2041303664445877,0.05566319078207016,0.9773598313331604],"rotationconfidence":0.5}},"skeletonTracked":true,"frameCount":5},{"position":[306.6079616546631,-659.0082049369812,3014.015674591065],"positionTracked":true,"id":4625,"skeleton":{"1":{"id":1,"position":[330.2626311779022,-84.55872535705566,3322.650909423828],"positionconfidence":1,"rotation":[0.9757673144340515,0.2188109010457993,0,-0.2022208571434021,0.9017854928970337,0.3819550573825836,0.08357592672109604,-0.3726992607116699,0.9241809248924255],"rotationconfidence":1},"2":{"id":2,"position":[363.9488220214844,-234.7792237997055,3259.024381637573],"positionconfidence":1,"rotation":[0.9781792759895325,0.1670034676790237,0.1235929429531097,-0.2022208571434021,0.9017854928970337,0.3819550573825836,-0.04766650497913361,-0.3986135721206665,0.9158794283866882],"rotationconfidence":1},"3":{"id":3,"position":[335.7762396335602,-592.3373103141785,3189.33916091919],"positionconfidence":1,"rotation":[0.9965798258781433,-0.08135092258453369,0.01451457105576992,0.07710633426904678,0.9786107540130615,0.1907234489917755,-0.0297196488827467,-0.1889520138502121,0.9815365672111511],"rotationconfidence":1},"4":{"id":4,"position":[331.6206932067871,-643.9617872238159,3126.846790313721],"positionconfidence":1,"rotation":[0.9984891414642334,-0.01720129325985909,-0.05218653380870819,0.05119915679097176,0.6360486149787903,0.7699484825134277,0.01994906738400459,-0.7714571952819824,0.6359684467315674],"rotationconfidence":1},"6":{"id":6,"position":[232.2167754173279,-359.6752882003784,3226.334571838379],"positionconfidence":1,"rotation":[0.2975740730762482,0.9532500505447388,-0.05257375538349152,-0.09989888966083527,-0.02367545291781426,-0.9947158694267273,-0.9494576454162598,0.3012537062168121,0.08818342536687851],"rotationconfidence":1},"7":{"id":7,"position":[160.1033061742783,-590.6838774681091,3239.075183868408],"positionconfidence":1,"rotation":[0.2073772847652435,0.3911124765872955,0.8966748714447021,0.2356369942426682,0.8696420788764954,-0.4338178932666779,-0.9494576454162598,0.3012537062168121,0.08818342536687851],"rotationconfidence":1},"8":{"id":8,"position":[116.6011467576027,-672.7287173271179,3050.976991653442],"positionconfidence":0.5,"rotation":[-0.04308434948325157,-0.5612789392471313,0.8265045881271362,0,0.8272727131843567,0.5618005990982056,-0.9990715384483337,0.02420481294393539,-0.03564250841736794],"rotationconfidence":0.5},"9":{"id":9,"position":[119.1097274422646,-640.0483250617981,3002.853870391846],"positionconfidence":1,"rotation":[-0.04308434948325157,-0.5612789392471313,0.8265045881271362,0,0.8272727131843567,0.5618005990982056,-0.9990715384483337,0.02420481294393539,-0.03564250841736794],"rotationconfidence":1},"12":{"id":12,"position":[510.2262496948242,-384.6058249473572,3229.953050613403],"positionconfidence":1,"rotation":[0.2237321734428406,-0.973791241645813,0.04092126339673996,-0.4187229573726654,-0.1339470893144608,-0.898181140422821,0.880122184753418,0.1838173419237137,-0.4377170205116272],"rotationconfidence":1},"13":{"id":13,"position":[564.8661255836487,-622.4251389503479,3239.946842193604],"positionconfidence":1,"rotation":[-0.3581236302852631,-0.3482102453708649,-0.8663123250007629,-0.3116607666015625,0.9192175269126892,-0.2406382262706757,0.880122184753418,0.1838173419237137,-0.4377170205116272],"rotationconfidence":1},"14":{"id":14,"position":[481.4012944698334,-703.5795450210571,3038.042783737183],"positionconfidence":0.5,"rotation":[-0.4662128388881683,-0.1647978723049164,-0.8691877126693726,0,-0.982496440410614,0.1862811893224716,-0.8846725821495056,0.08684667944908142,0.4580524563789368],"rotationconfidence":0.5},"15":{"id":15,"position":[454.0913701057434,-713.2331132888794,2987.127304077148],"positionconfidence":0.5,"rotation":[-0.4662128388881683,-0.1647978723049164,-0.8691877126693726,0,-0.982496440410614,0.1862811893224716,-0.8846725821495056,0.08684667944908142,0.4580524563789368],"rotationconfidence":0.5},"17":{"id":17,"position":[262.4973952770233,-700.206995010376,3110.716581344605],"positionconfidence":1,"rotation":[0.8250004649162292,-0.4565533995628357,-0.3330663442611694,0.5632613897323608,0.7122005224227905,0.4189355969429016,0.04594355821609497,-0.5332254767417908,0.8447246551513672],"rotationconfidence":1},"18":{"id":18,"position":[93.85427832603455,-913.4432077407837,2985.28528213501],"positionconfidence":1,"rotation":[0.8577122688293457,-0.5141298174858093,0,0.4948423206806183,0.8255352973937988,0.2713347971439362,-0.139501303434372,-0.2327271848917007,0.9624849557876587],"rotationconfidence":1},"19":{"id":19,"position":[-29.96362373232842,-1120.006084442139,2917.392730712891],"positionconfidence":1,"rotation":[0.6585074663162231,-0.7525742650032043,0,0.7059420943260193,0.6177039742469788,-0.3465367257595062,0.2607945799827576,0.228196993470192,0.9380364418029785],"rotationconfidence":1},"20":{"id":20,"position":[-49.28069561719894,-1136.908650398254,2847.912311553955],"positionconfidence":1,"rotation":[0.6585074663162231,-0.7525742650032043,0,0.7059420943260193,0.6177039742469788,-0.3465367257595062,0.2607945799827576,0.228196993470192,0.9380364418029785],"rotationconfidence":1},"21":{"id":21,"position":[391.7644619941711,-705.3218483924866,3100.457191467285],"positionconfidence":1,"rotation":[0.9387431144714355,0.3034826219081879,0.1632774770259857,-0.3420003652572632,0.7621320486068726,0.5497186183929443,0.04239103570580483,-0.5718854665756226,0.8192373514175415],"rotationconfidence":1},"22":{"id":22,"position":[494.7512447834015,-934.8231554031372,2934.920072555542],"positionconfidence":1,"rotation":[0.9139916896820068,0.3673606216907501,0.1722366660833359,-0.3966765403747559,0.7198872566223145,0.5695700645446777,0.08524663001298904,-0.5889045596122742,0.8036943078041077],"rotationconfidence":1},"23":{"id":23,"position":[624.68022108078,-1170.617818832398,2748.360872268677],"positionconfidence":0.5,"rotation":[0.2617731988430023,0.9651294350624084,0,-0.9427575469017029,0.2557052373886108,-0.2140633463859558,-0.2065988332033157,0.05603604391217232,0.9768198132514954],"rotationconfidence":0.5},"24":{"id":24,"position":[642.7494287490845,-1175.518751144409,2662.927865982056],"positionconfidence":0.5,"rotation":[0.2617731988430023,0.9651294350624084,0,-0.9427575469017029,0.2557052373886108,-0.2140633463859558,-0.2065988332033157,0.05603604391217232,0.9768198132514954],"rotationconfidence":0.5}},"skeletonTracked":true,"frameCount":6},{"position":[307.4700832366943,-662.5396013259888,3013.217926025391],"positionTracked":true,"id":4625,"skeleton":{"1":{"id":1,"position":[331.3943445682526,-84.5659077167511,3323.121070861816],"positionconfidence":1,"rotation":[0.9771056771278381,0.2127542346715927,0,-0.1964700073003769,0.9023179411888123,0.3836950361728668,0.08163274079561234,-0.3749105930328369,0.9234598278999329],"rotationconfidence":1},"2":{"id":2,"position":[364.0813231468201,-234.6857488155365,3259.28521156311],"positionconfidence":1,"rotation":[0.979171872138977,0.1601188629865646,0.1248381659388542,-0.1964700073003769,0.9023179411888123,0.3836950361728668,-0.05120690539479256,-0.400230348110199,0.9149829149246216],"rotationconfidence":1},"3":{"id":3,"position":[335.9629511833191,-591.0734534263611,3189.68939781189],"positionconfidence":1,"rotation":[0.996442437171936,-0.08222592622041702,0.01847769692540169,0.07720446586608887,0.9785318374633789,0.191088855266571,-0.03379347175359726,-0.1889824718236923,0.9813988208770752],"rotationconfidence":1},"4":{"id":4,"position":[332.0049941539764,-642.4147486686707,3127.310991287231],"positionconfidence":1,"rotation":[0.9986538887023926,-0.01778899691998959,-0.04872389882802963,0.04893210902810097,0.6347309350967407,0.7711824774742126,0.01720800064504147,-0.7725284695625305,0.6347469091415405],"rotationconfidence":1},"6":{"id":6,"position":[231.7687124013901,-359.7302138805389,3226.96328163147],"positionconfidence":1,"rotation":[0.3038195371627808,0.9510084986686707,-0.05724070966243744,-0.09965213388204575,-0.0280301570892334,-0.9946274757385254,-0.9475036859512329,0.3078914284706116,0.08625391870737076],"rotationconfidence":1},"7":{"id":7,"position":[159.0929478406906,-587.2181057929993,3240.655660629273],"positionconfidence":1,"rotation":[0.2091047316789627,0.3925938606262207,0.8956255912780762,0.2418926805257797,0.8666446805000305,-0.4363656938076019,-0.9475036859512329,0.3078914284706116,0.08625391870737076],"rotationconfidence":1},"8":{"id":8,"position":[115.2487248182297,-669.5355772972107,3052.86455154419],"p