{"motiondata":[{"position":[218.7359780073166,-460.2375030517578,2423.512697219849],"positionTracked":true,"id":4749,"skeleton":{"1":{"id":1,"position":[278.2972157001495,126.9661784172058,2643.714666366577],"positionconfidence":1,"rotation":[0.9977794289588928,-0.06660493463277817,0,0.06505437940359116,0.9745511412620544,-0.2145181149244309,0.01428796537220478,0.2140417695045471,0.9767200350761414],"rotationconfidence":1},"2":{"id":2,"position":[265.5524015426636,-63.9583021402359,2685.740947723389],"positionconfidence":1,"rotation":[0.9840042591094971,-0.02692251279950142,0.1760989725589752,0.06505437940359116,0.9745511412620544,-0.2145181149244309,-0.1658420860767365,0.2225427478551865,0.9607138633728027],"rotationconfidence":1},"3":{"id":3,"position":[246.1145222187042,-382.0304572582245,2603.34038734436],"positionconfidence":1,"rotation":[0.9834139943122864,-0.09940072894096375,0.1517116129398346,0.05905536189675331,0.9663536548614502,0.2503459751605988,-0.1714916378259659,-0.2372343391180039,0.9561958312988281],"rotationconfidence":1},"4":{"id":4,"position":[251.6848146915436,-422.4745333194733,2538.334608078003],"positionconfidence":1,"rotation":[0.9935587644577026,-0.03590961173176765,0.1074788123369217,-0.07256515324115753,0.526871919631958,0.8468413949012756,-0.08703731000423431,-0.8491858243942261,0.5208724141120911],"rotationconfidence":1},"6":{"id":6,"position":[89.43218737840652,-166.6938364505768,2617.854833602905],"positionconfidence":1,"rotation":[0.4089223742485046,0.9083855748176575,0.08728272467851639,0.5796193480491638,-0.1846617013216019,-0.7936885952949524,-0.7048574090003967,0.3751477301120758,-0.6020300984382629],"rotationconfidence":1},"7":{"id":7,"position":[-8.779928088188171,-384.8635256290436,2596.8918800354],"positionconfidence":1,"rotation":[-0.5939421057701111,0.1518937051296234,0.7900386452674866,0.3878257870674133,0.914435625076294,0.1157526299357414,-0.7048574090003967,0.3751477301120758,-0.6020300984382629],"rotationconfidence":1},"8":{"id":8,"position":[131.6590309143066,-420.7791388034821,2410.085439682007],"positionconfidence":1,"rotation":[-0.525834858417511,0.1760016232728958,0.8321784734725952,0,0.9783583283424377,-0.206917941570282,-0.8505866527557373,-0.1088046655058861,-0.5144549012184143],"rotationconfidence":1},"9":{"id":9,"position":[168.0704057216644,-432.9663515090942,2352.461338043213],"positionconfidence":0.5,"rotation":[-0.525834858417511,0.1760016232728958,0.8321784734725952,0,0.9783583283424377,-0.206917941570282,-0.8505866527557373,-0.1088046655058861,-0.5144549012184143],"rotationconfidence":0.5},"12":{"id":12,"position":[436.9012415409088,-171.5638935565949,2678.964376449585],"positionconfidence":1,"rotation":[0.07578074187040329,-0.9814980626106262,-0.1758381575345993,-0.209751233458519,0.1567083597183228,-0.9651151299476624,0.97481369972229,0.1100193783640862,-0.1939949095249176],"rotationconfidence":1},"13":{"id":13,"position":[457.4718773365021,-437.9909336566925,2631.233215332031],"positionconfidence":1,"rotation":[-0.2122936993837357,0.1912313848733902,-0.9583119750022888,-0.06833497434854507,0.9753595590591431,0.2097713947296143,0.97481369972229,0.1100193783640862,-0.1939949095249176],"rotationconfidence":1},"14":{"id":14,"position":[413.2996797561646,-398.201197385788,2431.836128234863],"positionconfidence":0.5,"rotation":[-0.3832134902477264,0.8180361390113831,-0.428910493850708,0,-0.4643598198890686,-0.8856465816497803,-0.9236596822738647,-0.3393917083740234,0.1779489517211914],"rotationconfidence":0.5},"15":{"id":15,"position":[392.875611782074,-354.6024560928345,2408.976554870606],"positionconfidence":0.5,"rotation":[-0.3832134902477264,0.8180361390113831,-0.428910493850708,0,-0.4643598198890686,-0.8856465816497803,-0.9236596822738647,-0.3393917083740234,0.1779489517211914],"rotationconfidence":0.5},"17":{"id":17,"position":[169.2381352186203,-488.3630871772766,2503.642082214356],"positionconfidence":1,"rotation":[0.9422861933708191,-0.3295266628265381,-0.05923619121313095,0.326479434967041,0.8651310801506042,0.3807351589202881,-0.07421533018350601,-0.3781009316444397,0.9227848649024963],"rotationconfidence":1},"18":{"id":18,"position":[53.47618833184242,-795.1182723045349,2368.642330169678],"positionconfidence":1,"rotation":[0.7747783660888672,-0.6322328448295593,0,0.556108832359314,0.6814911365509033,0.4757235050201416,-0.3007680177688599,-0.3685802817344666,0.8795948624610901],"rotationconfidence":1},"19":{"id":19,"position":[-118.5410171747208,-1005.919098854065,2221.490144729614],"positionconfidence":0.5,"rotation":[-0.1788178831338882,-0.9838821887969971,0,0.9759523868560791,-0.1773766726255417,-0.1267059147357941,0.1246636956930161,-0.02265728451311588,0.9919403195381165],"rotationconfidence":0.5},"20":{"id":20,"position":[-129.9997121095657,-1003.836512565613,2130.314111709595],"positionconfidence":0.5,"rotation":[-0.1788178831338882,-0.9838821887969971,0,0.9759523868560791,-0.1773766726255417,-0.1267059147357941,0.1246636956930161,-0.02265728451311588,0.9919403195381165],"rotationconfidence":0.5},"21":{"id":21,"position":[327.4372816085815,-499.596893787384,2511.762380599976],"positionconfidence":1,"rotation":[0.953363835811615,0.2268824130296707,0.1990523487329483,-0.2916403114795685,0.8623337149620056,0.4139160513877869,-0.07773928344249725,-0.4526642560958862,0.8882858157157898],"rotationconfidence":1},"22":{"id":22,"position":[413.6540293693543,-754.5260190963745,2389.397621154785],"positionconfidence":1,"rotation":[0.9678710103034973,0.1670299023389816,0.1879543215036392,-0.249017134308815,0.7403920888900757,0.6243476271629333,-0.03487516939640045,-0.6510918140411377,0.7581973671913147],"rotationconfidence":1},"23":{"id":23,"position":[503.5658478736877,-1021.857023239136,2163.966417312622],"positionconfidence":0.5,"rotation":[-0.3675870001316071,0.9299891591072083,0,-0.912714421749115,-0.3607589900493622,-0.1918477416038513,-0.1784163117408752,-0.07052072882652283,0.9814248085021973],"rotationconfidence":0.5},"24":{"id":24,"position":[520.4492807388306,-1015.183687210083,2071.094751358032],"positionconfidence":0.5,"rotation":[-0.3675870001316071,0.9299891591072083,0,-0.912714421749115,-0.3607589900493622,-0.1918477416038513,-0.1784163117408752,-0.07052072882652283,0.9814248085021973],"rotationconfidence":0.5}},"skeletonTracked":true,"frameCount":1},{"position":[216.2266969680786,-459.2494070529938,2417.291641235352],"positionTracked":true,"id":4749,"skeleton":{"1":{"id":1,"position":[277.3795425891876,126.0189116001129,2644.007921218872],"positionconfidence":1,"rotation":[0.9978018403053284,-0.06626787781715393,0,0.06474154442548752,0.9748197793960571,-0.2133891582489014,0.01414084620773792,0.2129200994968414,0.9769672751426697],"rotationconfidence":1},"2":{"id":2,"position":[264.7002339363098,-64.8946762084961,2685.79912185669],"positionconfidence":1,"rotation":[0.982805073261261,-0.02523164823651314,0.182914674282074,0.06474154442548752,0.9748197793960571,-0.2133891582489014,-0.1729246824979782,0.2215621173381805,0.9596913456916809],"rotationconfidence":1},"3":{"id":3,"position":[245.2811747789383,-382.8886449337006,2603.529691696167],"positionconfidence":1,"rotation":[0.9822934865951538,-0.1008362621068955,0.1578971147537231,0.05901781469583511,0.966437578201294,0.2500307559967041,-0.177809864282608,-0.2362848222255707,0.9552764296531677],"rotationconfidence":1},"4":{"id":4,"position":[251.1103451251984,-423.4299063682556,2538.59806060791],"positionconfidence":1,"rotation":[0.9929581880569458,-0.03730910271406174,0.1124364212155342,-0.07592994719743729,0.5280846953392029,0.8457902073860168,-0.09093163907527924,-0.848371684551239,0.521533191204071],"rotationconfidence":1},"6":{"id":6,"position":[88.54417502880096,-167.4654483795166,2616.965055465698],"positionconfidence":1,"rotation":[0.4080019891262054,0.908017098903656,0.09507522732019424,0.582491934299469,-0.1787060052156448,-0.7929484844207764,-0.7030202746391296,0.3789051175117493,-0.6018250584602356],"rotationconfidence":1},"7":{"id":7,"position":[-9.140105918049812,-384.8638832569122,2594.202041625977],"positionconfidence":1,"rotation":[-0.5873326063156128,0.1678273379802704,0.7917539477348328,0.4010023176670075,0.9100905656814575,0.1045573055744171,-0.7030202746391296,0.3789051175117493,-0.6018250584602356],"rotationconfidence":1},"8":{"id":8,"position":[128.3662170171738,-424.1556227207184,2408.836603164673],"positionconfidence":1,"rotation":[-0.5733137130737305,0.1347879022359848,0.808172881603241,0,0.986375629901886,-0.1645087450742722,-0.8193358182907104,-0.09431511908769608,-0.5655027031898499],"rotationconfidence":1},"9":{"id":9,"position":[168.7280982732773,-433.6448311805725,2351.940393447876],"positionconfidence":0.5,"rotation":[-0.5733137130737305,0.1347879022359848,0.808172881603241,0,0.986375629901886,-0.1645087450742722,-0.8193358182907104,-0.09431511908769608,-0.5655027031898499],"rotationconfidence":0.5},"12":{"id":12,"position":[435.8581602573395,-171.7843264341354,2680.543899536133],"positionconfidence":1,"rotation":[-0.06769746541976929,-0.9007115960121155,-0.4291103780269623,0.1680877655744553,0.4136528074741364,-0.8947837352752686,0.9834447503089905,-0.1327027976512909,0.1233953386545181],"rotationconfidence":1},"13":{"id":13,"position":[417.030394077301,-422.286868095398,2561.201333999634],"positionconfidence":1,"rotation":[0.1696814745664597,0.4353942573070526,-0.8841041326522827,0.06359747052192688,0.8904054760932922,0.4507034122943878,0.9834447503089905,-0.1327027976512909,0.1233953386545181],"rotationconfidence":1},"14":{"id":14,"position":[453.9913535118103,-327.4468779563904,2368.620872497559],"positionconfidence":0.5,"rotation":[-0.3458986282348633,0.8894512057304382,-0.2987152338027954,0,-0.3183674514293671,-0.9479674100875854,-0.9382719397544861,-0.327900618314743,0.1101228669285774],"rotationconfidence":0.5},"15":{"id":15,"position":[427.7214407920837,-259.8958611488342,2345.934391021729],"positionconfidence":0.5,"rotation":[-0.3458986282348633,0.8894512057304382,-0.2987152338027954,0,-0.3183674514293671,-0.9479674100875854,-0.9382719397544861,-0.327900618314743,0.1101228669285774],"rotationconfidence":0.5},"17":{"id":17,"position":[168.8232421875,-489.3347024917603,2503.355503082275],"positionconfidence":1,"rotation":[0.9407094120979309,-0.3350038528442383,-0.05327333882451057,0.3292513787746429,0.8639712929725647,0.380981832742691,-0.08160373568534851,-0.3759334981441498,0.9230464100837708],"rotationconfidence":1},"18":{"id":18,"position":[54.69003319740295,-788.8256907463074,2371.29020690918],"positionconfidence":1,"rotation":[0.7850169539451599,-0.6194743514060974,0,0.5448681116104126,0.6904736161231995,0.4757782816886902,-0.2947324514389038,-0.373494029045105,0.8795652985572815],"rotationconfidence":1},"19":{"id":19,"position":[-117.948479950428,-1007.598519325256,2220.542430877686],"positionconfidence":0.5,"rotation":[-0.1207208633422852,-0.9926865100860596,0,0.9865614771842957,-0.1199759989976883,-0.1109152138233185,0.1101040318608284,-0.01338977925479412,0.9938298463821411],"rotationconfidence":0.5},"20":{"id":20,"position":[-128.040224313736,-1006.371259689331,2129.451513290405],"positionconfidence":0.5,"rotation":[-0.1207208633422852,-0.9926865100860596,0,0.9865614771842957,-0.1199759989976883,-0.1109152138233185,0.1101040318608284,-0.01338977925479412,0.9938298463821411],"rotationconfidence":0.5},"21":{"id":21,"position":[327.0630240440369,-500.4878640174866,2512.802600860596],"positionconfidence":1,"rotation":[0.9518439173698425,0.2259585112333298,0.2072091549634934,-0.294567734003067,0.861393392086029,0.4138009250164032,-0.08498676121234894,-0.454911082983017,0.886472225189209],"rotationconfidence":1},"22":{"id":22,"position":[413.9518439769745,-754.5735836029053,2390.743494033814],"positionconfidence":1,"rotation":[0.9676346182823181,0.1585497260093689,0.1963293552398682,-0.2482050061225891,0.7384642362594604,0.6269487142562866,-0.04557966068387032,-0.6553872227668762,0.7539163827896118],"rotationconfidence":1},"23":{"id":23,"position":[503.9187073707581,-1022.244691848755,2163.493394851685],"positionconfidence":0.5,"rotation":[-0.3481478989124298,0.9374396204948425,0,-0.9185179471969604,-0.3411207497119904,-0.1999033838510513,-0.1873973459005356,-0.06959594786167145,0.9798156023025513],"rotationconfidence":0.5},"24":{"id":24,"position":[521.6436982154846,-1015.661954879761,2070.817470550537],"positionconfidence":0.5,"rotation":[-0.3481478989124298,0.9374396204948425,0,-0.9185179471969604,-0.3411207497119904,-0.1999033838510513,-0.1873973459005356,-0.06959594786167145,0.9798156023025513],"rotationconfidence":0.5}},"skeletonTracked":true,"frameCount":2},{"position":[215.7387584447861,-460.5096578598023,2411.547899246216],"positionTracked":true,"id":4749,"skeleton":{"1":{"id":1,"position":[276.4194011688232,125.7231086492539,2644.362211227417],"positionconfidence":1,"rotation":[0.9978875517845154,-0.06496451795101166,0,0.06349250674247742,0.97527676820755,-0.2116692066192627,0.01375098805874586,0.2112220674753189,0.9773412942886353],"rotationconfidence":1},"2":{"id":2,"position":[263.9932334423065,-65.14905393123627,2685.788154602051],"positionconfidence":1,"rotation":[0.9817422032356262,-0.02293099649250507,0.188828632235527,0.06349250674247742,0.97527676820755,-0.2116692066192627,-0.1793064028024674,0.219793826341629,0.9589263796806335],"rotationconfidence":1},"3":{"id":3,"position":[244.6493208408356,-383.4973871707916,2603.55019569397],"positionconfidence":1,"rotation":[0.9813829064369202,-0.1017172634601593,0.1629142761230469,0.05873048305511475,0.966544508934021,0.2496844977140427,-0.1828611344099045,-0.2354680746793747,0.9545242786407471],"rotationconfidence":1},"4":{"id":4,"position":[250.6590783596039,-424.1117537021637,2538.629055023193],"positionconfidence":1,"rotation":[0.992498517036438,-0.03857912495732307,0.1160106211900711,-0.07823773473501205,0.5287361741065979,0.8451727628707886,-0.09394503384828568,-0.8479090332984924,0.5217515230178833],"rotationconfidence":1},"6":{"id":6,"position":[87.46855705976486,-168.071910738945,2615.623950958252],"positionconfidence":1,"rotation":[0.4068135023117065,0.9073451161384583,0.1059600189328194,0.5701277852058411,-0.1615518033504486,-0.805515468120575,-0.7137625813484192,0.3881053626537323,-0.5830241441726685],"rotationconfidence":1},"7":{"id":7,"position":[-9.461084380745888,-384.2609822750092,2590.377330780029],"positionconfidence":1,"rotation":[-0.550322949886322,0.2041317969560623,0.8096141219139099,0.4332293570041657,0.898723840713501,0.06788165122270584,-0.7137625813484192,0.3881053626537323,-0.5830241441726685],"rotationconfidence":1},"8":{"id":8,"position":[117.019422352314,-431.1765134334564,2404.304027557373],"positionconfidence":1,"rotation":[-0.6287581920623779,0.1136923655867577,0.7692444920539856,0,0.9892536997795105,-0.1462091654539108,-0.7776008248329163,-0.09193021059036255,-0.6220013499259949],"rotationconfidence":1},"9":{"id":9,"position":[161.9635820388794,-439.3033385276794,2349.317789077759],"positionconfidence":0.5,"rotation":[-0.6287581920623779,0.1136923655867577,0.7692444920539856,0,0.9892536997795105,-0.1462091654539108,-0.7776008248329163,-0.09193021059036255,-0.6220013499259949],"rotationconfidence":0.5},"12":{"id":12,"position":[434.502899646759,-171.4164614677429,2681.281328201294],"positionconfidence":1,"rotation":[-0.1326975375413895,-0.8335691690444946,-0.5362404584884644,0.905227541923523,-0.3222718238830566,0.2769548296928406,-0.4036761820316315,-0.4486684203147888,0.7973344326019287],"rotationconfidence":1},"13":{"id":13,"position":[395.744800567627,-414.8841202259064,2524.657011032105],"positionconfidence":1,"rotation":[0.2893107533454895,-0.8893768787384033,-0.3539887964725494,0.8679543733596802,0.08778057992458344,0.488824874162674,-0.4036761820316315,-0.4486684203147888,0.7973344326019287],"rotationconfidence":1},"14":{"id":14,"position":[448.2323527336121,-576.2373208999634,2460.435390472412],"positionconfidence":1,"rotation":[0.2544815838336945,-0.7618520259857178,-0.5956683158874512,0,-0.6159467101097107,0.7877878546714783,-0.9670777320861816,-0.2004774957895279,-0.1567470878362656],"rotationconfidence":1},"15":{"id":15,"position":[457.0794701576233,-602.7233004570007,2439.726829528809],"positionconfidence":0.5,"rotation":[0.2544815838336945,-0.7618520259857178,-0.5956683158874512,0,-0.6159467101097107,0.7877878546714783,-0.9670777320861816,-0.2004774957895279,-0.1567470878362656],"rotationconfidence":0.5},"17":{"id":17,"position":[168.6862260103226,-490.1575744152069,2502.582550048828],"positionconfidence":1,"rotation":[0.9398928284645081,-0.3381317555904388,-0.04762866720557213,0.3298379480838776,0.8629066348075867,0.3828825652599335,-0.08836565911769867,-0.3755783140659332,0.9225684404373169],"rotationconfidence":1},"18":{"id":18,"position":[55.57882413268089,-786.0638499259949,2371.285200119019],"positionconfidence":1,"rotation":[0.7882834672927856,-0.6153122782707214,0,0.5422523021697998,0.6946855187416077,0.4726250171661377,-0.2908119857311249,-0.3725624978542328,0.8812636137008667],"rotationconfidence":1},"19":{"id":19,"position":[-118.0779859423637,-1008.537530899048,2219.926595687866],"positionconfidence":0.5,"rotation":[-0.08308876305818558,-0.9965421557426453,0,0.9910262227058411,-0.08262886106967926,-0.1050684005022049,0.1047050878405571,-0.00873000267893076,0.9944649338722229],"rotationconfidence":0.5},"20":{"id":20,"position":[-127.6616752147675,-1007.738471031189,2128.902912139893],"positionconfidence":0.5,"rotation":[-0.08308876305818558,-0.9965421557426453,0,0.9910262227058411,-0.08262886106967926,-0.1050684005022049,0.1047050878405571,-0.00873000267893076,0.9944649338722229],"rotationconfidence":0.5},"21":{"id":21,"position":[326.6918659210205,-501.0899901390076,2513.266086578369],"positionconfidence":1,"rotation":[0.9504644274711609,0.2251478284597397,0.2143032550811768,-0.2970843017101288,0.8607867956161499,0.4132638275623322,-0.09142396599054337,-0.45645871758461,0.8850351572036743],"rotationconfidence":1},"22":{"id":22,"position":[414.1652286052704,-754.5396685600281,2391.584873199463],"positionconfidence":1,"rotation":[0.9670743346214294,0.1507406830787659,0.2050476521253586,-0.2481493502855301,0.7373200058937073,0.6283161640167236,-0.05647292733192444,-0.6585108637809753,0.7504494786262512],"rotationconfidence":1},"23":{"id":23,"position":[504.3736100196838,-1022.573590278626,2163.176536560059],"positionconfidence":0.5,"rotation":[-0.3312029540538788,0.943559467792511,0,-0.9228468537330627,-0.3239325284957886,-0.2083777636289597,-0.1966168433427811,-0.06901533901691437,0.9780484437942505],"rotationconfidence":0.5},"24":{"id":24,"position":[522.9562520980835,-1016.050815582275,2070.739269256592],"positionconfidence":0.5,"rotation":[-0.3312029540538788,0.943559467792511,0,-0.9228468537330627,-0.3239325284957886,-0.2083777636289597,-0.1966168433427811,-0.06901533901691437,0.9780484437942505],"rotationconfidence":0.5}},"skeletonTracked":true,"frameCount":3},{"position":[214.0173763036728,-461.9673192501068,2410.377979278565],"positionTracked":true,"id":4749,"skeleton":{"1":{"id":1,"position":[275.5285501480103,125.7189959287643,2644.650220870972],"positionconfidence":1,"rotation":[0.9979353547096252,-0.06422655284404755,0,0.06280140578746796,0.9757917523384094,-0.2094907760620117,0.01345487032085657,0.2090582549571991,0.9778106212615967],"rotationconfidence":1},"2":{"id":2,"position":[263.2758617401123,-64.66004997491837,2685.522317886353],"positionconfidence":1,"rotation":[0.9808589816093445,-0.02158122509717941,0.1935194581747055,0.06280140578746796,0.9757917523384094,-0.2094907760620117,-0.184313639998436,0.2176342308521271,0.9584695100784302],"rotationconfidence":1},"3":{"id":3,"position":[244.1763579845429,-383.8265240192413,2603.386878967285],"positionconfidence":1,"rotation":[0.9807069301605225,-0.1016565039753914,0.1669721603393555,0.0578564964234829,0.9668237566947937,0.2488058656454086,-0.1867254078388214,-0.2343452423810959,0.9540523290634155],"rotationconfidence":1},"4":{"id":4,"position":[250.3474950790405,-424.559473991394,2538.44428062439],"positionconfidence":1,"rotation":[0.9921042919158936,-0.03948310762643814,0.1190385892987251,-0.08024080842733383,0.5296341180801392,0.8444223999977112,-0.09638731181621552,-0.8473067879676819,0.5222840905189514],"rotationconfidence":1},"6":{"id":6,"position":[86.45639568567276,-168.455183506012,2614.205121994019],"positionconfidence":1,"rotation":[0.4053257405757904,0.9070903062820435,0.1135710254311562,0.5609530806541443,-0.1486932933330536,-0.8143845200538635,-0.7218329310417175,0.3937989473342896,-0.5691042542457581],"rotationconfidence":1},"7":{"id":7,"position":[-9.675340726971626,-383.5912048816681,2587.269306182861],"positionconfidence":1,"rotation":[-0.5132673978805542,0.2469908595085144,0.8219197988510132,0.4642347097396851,0.8853914141654968,0.02383802458643913,-0.7218329310417175,0.3937989473342896,-0.5691042542457581],"rotationconfidence":1},"8":{"id":8,"position":[106.3876822590828,-439.4422173500061,2401.412010192871],"positionconfidence":1,"rotation":[-0.6388570070266724,0.133955255150795,0.7575735449790955,0,0.9847244024276733,-0.1741203963756561,-0.7693254947662354,-0.111238032579422,-0.6290980577468872],"rotationconfidence":1},"9":{"id":9,"position":[152.0752459764481,-449.0219652652741,2347.234487533569],"positionconfidence":0.5,"rotation":[-0.6388570070266724,0.133955255150795,0.7575735449790955,0,0.9847244024276733,-0.1741203963756561,-0.7693254947662354,-0.111238032579422,-0.6290980577468872],"rotationconfidence":0.5},"12":{"id":12,"position":[433.2822561264038,-170.9632128477097,2681.469202041626],"positionconfidence":1,"rotation":[-0.1152708455920219,-0.83399897813797,-0.5395908951759338,0.8980911374092102,-0.3196064531803131,0.3021320998668671,-0.4244346022605896,-0.4497748017311096,0.7858483791351318],"rotationconfidence":1},"13":{"id":13,"position":[399.4276821613312,-415.9052968025208,2522.993564605713],"positionconfidence":1,"rotation":[0.2703184485435486,-0.8912640810012817,-0.3641104400157929,0.8641661405563354,0.05788824334740639,0.4998657405376434,-0.4244346022605896,-0.4497748017311096,0.7858483791351318],"rotationconfidence":1},"14":{"id":14,"position":[450.372040271759,-583.8733911514282,2454.373121261597],"positionconfidence":1,"rotation":[0.1547467559576035,-0.8743472099304199,-0.4599679708480835,0,-0.4655762016773224,0.8850077986717224,-0.9879542589187622,-0.1369520872831345,-0.07204640656709671],"rotationconfidence":1},"15":{"id":15,"position":[457.1759402751923,-622.3166584968567,2434.149265289307],"positionconfidence":0.5,"rotation":[0.1547467559576035,-0.8743472099304199,-0.4599679708480835,0,-0.4655762016773224,0.8850077986717224,-0.9879542589187622,-0.1369520872831345,-0.07204640656709671],"rotationconfidence":0.5},"17":{"id":17,"position":[168.716087937355,-490.7807111740112,2501.535654067993],"positionconfidence":1,"rotation":[0.9389526844024658,-0.3414618670940399,-0.04209279268980026,0.3307329416275024,0.8621314167976379,0.3838557302951813,-0.09478257596492767,-0.3743438124656677,0.9224331974983215],"rotationconfidence":1},"18":{"id":18,"position":[56.2661923468113,-783.9072346687317,2371.023893356323],"positionconfidence":1,"rotation":[0.7907009720802307,-0.6122026443481445,0,0.5402019023895264,0.6977071166038513,0.4705173373222351,-0.288051962852478,-0.3720385134220123,0.8823907375335693],"rotationconfidence":1},"19":{"id":19,"position":[-118.1136071681976,-1009.130477905273,2219.138622283936],"positionconfidence":0.5,"rotation":[-0.06450290977954865,-0.9979174733161926,0,0.9928619265556335,-0.06417613476514816,-0.1005316898226738,0.1003223359584808,-0.006484586745500565,0.9949339032173157],"rotationconfidence":0.5},"20":{"id":20,"position":[-127.2925585508347,-1008.537173271179,2128.10754776001],"positionconfidence":0.5,"rotation":[-0.06450290977954865,-0.9979174733161926,0,0.9928619265556335,-0.06417613476514816,-0.1005316898226738,0.1003223359584808,-0.006484586745500565,0.9949339032173157],"rotationconfidence":0.5},"21":{"id":21,"position":[326.4323174953461,-501.3855695724487,2513.437747955322],"positionconfidence":1,"rotation":[0.9492928981781006,0.2240417003631592,0.2205638736486435,-0.2989067733287811,0.860629677772522,0.4122757613658905,-0.09745685011148453,-0.4572984874248505,0.8839572072029114],"rotationconfidence":1},"22":{"id":22,"position":[414.328932762146,-754.4625997543335,2392.203807830811],"positionconfidence":1,"rotation":[0.9663829207420349,0.1439546942710877,0.2130282074213028,-0.2483970522880554,0.736584484577179,0.6290804147720337,-0.0663541927933693,-0.6608481407165527,0.7475805878639221],"rotationconfidence":1},"23":{"id":23,"position":[504.8381090164185,-1022.854089736939,2162.983894348145],"positionconfidence":0.5,"rotation":[-0.3166657984256744,0.9485371708869934,0,-0.9261128306388855,-0.3091795146465302,-0.2161549627780914,-0.2050310224294663,-0.06844888627529144,0.9763590097427368],"rotationconfidence":0.5},"24":{"id":24,"position":[524.1971015930176,-1016.391158103943,2070.796251296997],"positionconfidence":0.5,"rotation":[-0.3166657984256744,0.9485371708869934,0,-0.9261128306388855,-0.3091795146465302,-0.2161549627780914,-0.2050310224294663,-0.06844888627529144,0.9763590097427368],"rotationconfidence":0.5}},"skeletonTracked":true,"frameCount":4},{"position":[212.0328694581986,-461.7004096508026,2402.217626571655],"positionTracked":true,"id":4749,"skeleton":{"1":{"id":1,"position":[273.6941874027252,126.4597624540329,2644.254207611084],"positionconfidence":1,"rotation":[0.9978213906288147,-0.06597308814525604,0,0.06456831842660904,0.976574718952179,-0.2052627950906754,0.01354182045906782,0.204815611243248,0.9787068963050842],"rotationconfidence":1},"2":{"id":2,"position":[261.2046301364899,-62.44070455431938,2683.958530426025],"positionconfidence":1,"rotation":[0.9794269800186157,-0.02260852418839932,0.2005285024642944,0.06456831842660904,0.976574718952179,-0.2052627950906754,-0.1911903619766235,0.2139876931905747,0.9579433798789978],"rotationconfidence":1},"3":{"id":3,"position":[242.8654581308365,-383.7011456489563,2601.305246353149],"positionconfidence":1,"rotation":[0.9799085259437561,-0.1002921164035797,0.1723970025777817,0.05520037934184074,0.9669846892356873,0.2487840056419373,-0.1916563510894775,-0.2342692017555237,0.9530927538871765],"rotationconfidence":1},"4":{"id":4,"position":[249.266728758812,-424.8265624046326,2536.07964515686],"positionconfidence":1,"rotation":[0.991665244102478,-0.03992895781993866,0.1224981099367142,-0.08273211121559143,0.531518280506134,0.8429969549179077,-0.09876995533704758,-0.8461052179336548,0.5237846970558167],"rotationconfidence":1},"6":{"id":6,"position":[83.79098027944565,-168.5501337051392,2609.731197357178],"positionconfidence":1,"rotation":[0.4020178914070129,0.9076933264732361,0.1203103959560394,0.5543272495269775,-0.1366925835609436,-0.820997416973114,-0.7287682294845581,0.3967469036579132,-0.5581119060516357],"rotationconfidence":1},"7":{"id":7,"position":[-10.76342817395926,-382.0391595363617,2581.43424987793],"positionconfidence":1,"rotation":[-0.4772122800350189,0.2902585864067078,0.8294686675071716,0.4910858869552612,0.8708282709121704,-0.0221987422555685,-0.7287682294845581,0.3967469036579132,-0.5581119060516357],"rotationconfidence":1},"8":{"id":8,"position":[95.70871293544769,-446.7995464801788,2396.369218826294],"positionconfidence":1,"rotation":[-0.6339931488037109,0.1777589917182922,0.7526317834854126,0,0.9732239246368408,-0.2298591583967209,-0.773338794708252,-0.145729124546051,-0.6170173287391663],"rotationconfidence":1},"9":{"id":9,"position":[140.5094563961029,-459.3607783317566,2343.184947967529],"positionconfidence":0.5,"rotation":[-0.6339931488037109,0.1777589917182922,0.7526317834854126,0,0.9732239246368408,-0.2298591583967209,-0.773338794708252,-0.145729124546051,-0.6170173287391663],"rotationconfidence":0.5},"12":{"id":12,"position":[430.2075207233429,-169.6611046791077,2679.118633270264],"positionconfidence":1,"rotation":[-0.1376152485609055,-0.8086809515953064,-0.5719241499900818,0.6644930243492126,-0.503572404384613,0.5521449446678162,-0.7345142364501953,-0.3040559887886047,0.6066620349884033],"rotationconfidence":1},"13":{"id":13,"position":[388.8250291347504,-412.8407835960388,2507.134437561035],"positionconfidence":1,"rotation":[0.2561826407909393,-0.9520912766456604,-0.1670110523700714,0.6283783316612244,0.03274428471922875,0.7772184610366821,-0.7345142364501953,-0.3040559887886047,0.6066620349884033],"rotationconfidence":1},"14":{"id":14,"position":[451.7758190631867,-646.7945575714111,2466.095447540283],"positionconfidence":1,"rotation":[0.2266920804977417,-0.9610623717308044,-0.1580182313919067,0,-0.1622419506311417,0.9867510199546814,-0.9739664793014526,-0.2236886471509934,-0.03677896410226822],"rotationconfidence":1},"15":{"id":15,"position":[470.5743491649628,-726.4910340309143,2452.991724014282],"positionconfidence":0.5,"rotation":[0.2266920804977417,-0.9610623717308044,-0.1580182313919067,0,-0.1622419506311417,0.9867510199546814,-0.9739664793014526,-0.2236886471509934,-0.03677896410226822],"rotationconfidence":0.5},"17":{"id":17,"position":[168.6254888772965,-491.3835525512695,2497.782230377197],"positionconfidence":1,"rotation":[0.9374286532402039,-0.3466184437274933,-0.0329156406223774,0.3324156403541565,0.8628601431846619,0.3807523250579834,-0.1035741716623306,-0.3678697645664215,0.924091100692749],"rotationconfidence":1},"18":{"id":18,"position":[56.86409398913384,-781.4855575561523,2369.76957321167],"positionconfidence":1,"rotation":[0.7929884791374207,-0.6092365384101868,0,0.5382344126701355,0.7005712985992432,0.4685121178627014,-0.2854346930980682,-0.3715247213840485,0.8834570646286011],"rotationconfidence":1},"19":{"id":19,"position":[-118.2845532894135,-1009.460806846619,2217.309474945068],"positionconfidence":0.5,"rotation":[-0.07142982631921768,-0.9974455833435059,0,0.9927703142166138,-0.07109501957893372,-0.09670931100845337,0.09646228700876236,-0.006907930132001638,0.9953127503395081],"rotationconfidence":0.5},"20":{"id":20,"position":[-127.1087974309921,-1008.82887840271,2126.259565353394],"positionconfidence":0.5,"rotation":[-0.07142982631921768,-0.9974455833435059,0,0.9927703142166138,-0.07109501957893372,-0.09670931100845337,0.09646228700876236,-0.006907930132001638,0.9953127503395081],"rotationconfidence":0.5},"21":{"id":21,"position":[324.8066008090973,-501.1971592903137,2511.380672454834],"positionconfidence":1,"rotation":[0.94652259349823,0.2272276431322098,0.2290472835302353,-0.3048883974552155,0.8621661067008972,0.4046142101287842,-0.1055372804403305,-0.4528103470802307,0.8853387832641602],"rotationconfidence":1},"22":{"id":22,"position":[414.3685102462769,-754.4611096382141,2392.524003982544],"positionconfidence":1,"rotation":[0.9648566842079163,0.1377621591091156,0.2237701863050461,-0.2510388493537903,0.7349029779434204,0.6299976706504822,-0.07765953987836838,-0.6640324592590332,0.7436596751213074],"rotationconfidence":1},"23":{"id":23,"position":[506.0213804244995,-1022.770047187805,2162.51540184021],"positionconfidence":0.5,"rotation":[-0.3128449618816376,0.9498041868209839,0,-0.9249837398529053,-0.3046696484088898,-0.2271154969930649,-0.2157152593135834,-0.0710519403219223,0.9738678336143494],"rotationconfidence":0.5},"24":{"id":24,"position":[526.387095451355,-1016.062021255493,2070.572376251221],"positionconfidence":0.5,"rotation":[-0.3128449618816376,0.9498041868209839,0,-0.9249837398529053,-0.3046696484088898,-0.2271154969930649,-0.2157152593135834,-0.0710519403219223,0.9738678336143494],"rotationconfidence":0.5}},"skeletonTracked":true,"frameCount":5},{"position":[207.9788446426392,-458.6884379386902,2401.623725891113],"positionTracked":true,"id":4749,"skeleton":{"1":{"id":1,"position":[271.5743780136108,127.7909576892853,2642.920970916748],"positionconfidence":1,"rotation":[0.9972696304321289,-0.07384707033634186,0,0.07240218669176102,0.9777572154998779,-0.1968475431203842,0.01453661452978849,0.1963100731372833,0.980434238910675],"rotationconfidence":1},"2":{"id":2,"position":[257.7222287654877,-59.27575379610062,2680.582284927368],"positionconfidence":1,"rotation":[0.9774664640426636,-0.03032342903316021,0.2089015692472458,0.07240218669176102,0.9777572154998779,-0.1968475431203842,-0.1982858777046204,0.2075367569923401,0.9579201936721802],"rotationconfidence":1},"3":{"id":3,"position":[241.0078644752502,-383.0126225948334,2598.096609115601],"positionconfidence":1,"rotation":[0.9792481064796448,-0.09603062272071838,0.1784691065549851,0.04996852204203606,0.9678294062614441,0.2465955168008804,-0.1964083760976791,-0.2325603663921356,0.9525436758995056],"rotationconfidence":1},"4":{"id":4,"position":[247.8696703910828,-424.6186316013336,2532.811164855957],"positionconfidence":1,"rotation":[0.9903435707092285,-0.04331491887569428,0.1316940784454346,-0.088289275765419,0.5353349447250366,0.840012788772583,-0.1068855226039887,-0.8435284495353699,0.5263412594795227],"rotationconfidence":1},"6":{"id":6,"position":[80.561563372612,-168.1025177240372,2604.173421859741],"positionconfidence":1,"rotation":[0.3982671499252319,0.9087613821029663,0.1246436163783073,0.5566191673278809,-0.1314286142587662,-0.8203058242797852,-0.7290804982185364,0.3960798680782318,-0.5581777095794678],"rotationconfidence":1},"7":{"id":7,"position":[-12.47555017471314,-380.3935348987579,2575.056076049805],"positionconfidence":1,"rotation":[-0.4633308351039887,0.3146287202835083,0.8284522891044617,0.5037519931793213,0.8626293540000916,-0.04587364941835403,-0.7290804982185364,0.3960798680782318,-0.5581777095794678],"rotationconfidence":1},"8":{"id":8,"position":[89.71461653709412,-449.7866332530975,2392.336368560791],"positionconfidence":1,"rotation":[-0.6221585273742676,0.2135062664747238,0.7532155513763428,0,0.962094783782959,-0.2727151215076447,-0.7828911542892456,-0.169672042131424,-0.5985754728317261],"rotationconfidence":1},"9":{"id":9,"position":[133.2785040140152,-464.7364616394043,2339.595794677734],"positionconfidence":0.5,"rotation":[-0.6221585273742676,0.2135062664747238,0.7532155513763428,0,0.962094783782959,-0.2727151215076447,-0.7828911542892456,-0.169672042131424,-0.5985754728317261],"rotationconfidence":0.5},"12":{"id":12,"position":[425.3576993942261,-167.5018966197968,2675.414800643921],"positionconfidence":1,"rotation":[-0.1141750067472458,-0.823905348777771,-0.5551072359085083,0.640568196773529,-0.4881508946418762,0.5927742123603821,-0.7593659162521362,-0.2879040241241455,0.5835022330284119],"rotationconfidence":1},"13":{"id":13,"position":[391.2452757358551,-413.6626720428467,2509.563684463501],"positionconfidence":1,"rotation":[0.05109132453799248,-0.920394241809845,-0.3876390159130096,0.6486549377441406,-0.2645479440689087,0.713625431060791,-0.7593659162521362,-0.2879040241241455,0.5835022330284119],"rotationconfidence":1},"14":{"id":14,"position":[403.1927287578583,-628.8923025131226,2418.91622543335],"positionconfidence":0.5,"rotation":[-0.104714073240757,-0.6830912232398987,-0.7227872014045715,0,-0.7267827987670898,0.686867356300354,-0.9945023655891418,0.07192467898130417,0.07610438764095306],"rotationconfidence":0.5},"15":{"id":15,"position":[395.9310054779053,-676.2633919715881,2368.792295455933],"positionconfidence":0.5,"rotation":[-0.104714073240757,-0.6830912232398987,-0.7227872014045715,0,-0.7267827987670898,0.686867356300354,-0.9945023655891418,0.07192467898130417,0.07610438764095306],"rotationconfidence":0.5},"17":{"id":17,"position":[168.3345884084702,-491.3017153739929,2492.558240890503],"positionconfidence":1,"rotation":[0.9349589943885803,-0.354489266872406,-0.0137516101822257,0.3336724638938904,0.8655685186386108,0.3734352886676788,-0.1204758211970329,-0.3537351787090302,0.9275543093681335],"rotationconfidence":1},"18":{"id":18,"position":[57.16739594936371,-779.6767950057983,2368.143558502197],"positionconfidence":1,"rotation":[0.7943837642669678,-0.6074161529541016,0,0.5372881293296814,0.7026697397232056,0.4664511680603027,-0.283329963684082,-0.3705412447452545,0.8845469355583191],"rotationconfidence":1},"19":{"id":19,"position":[-118.6100691556931,-1009.559988975525,2215.540885925293],"positionconfidence":0.5,"rotation":[-0.08128711581230164,-0.9966906905174255,0,0.9923099875450134,-0.08092983812093735,-0.09365381300449371,0.09334389120340347,-0.007612848654389381,0.9956047534942627],"rotationconfidence":0.5},"20":{"id":20,"position":[-127.1491348743439,-1008.863568305969,2124.463319778442],"positionconfidence":0.5,"rotation":[-0.08128711581230164,-0.9966906905174255,0,0.9923099875450134,-0.08092983812093735,-0.09365381300449371,0.09334389120340347,-0.007612848654389381,0.9956047534942627],"rotationconfidence":0.5},"21":{"id":21,"position":[323.1610655784607,-500.5800724029541,2509.129524230957],"positionconfidence":1,"rotation":[0.942985475063324,0.2258197814226151,0.2445070296525955,-0.3098025619983673,0.864041805267334,0.3968048989772797,-0.1216579005122185,-0.4499301612377167,0.8847384452819824],"rotationconfidence":1},"22":{"id":22,"position":[414.165735244751,-754.3928027153015,2392.567873001099],"positionconfidence":1,"rotation":[0.9636561870574951,0.1333454847335815,0.2314860075712204,-0.2529204189777374,0.7343841791152954,0.6298501491546631,-0.08601199090480804,-0.6655065417289734,0.7414196729660034],"rotationconfidence":1},"23":{"id":23,"position":[506.647527217865,-1022.924542427063,2162.259578704834],"positionconfidence":0.5,"rotation":[-0.3067927956581116,0.9517763257026672,0,-0.9251560568809509,-0.298212081193924,-0.2348531931638718,-0.2235277146100998,-0.0720512717962265,0.9720309376716614],"rotationconfidence":0.5},"24":{"id":24,"position":[527.724027633667,-1016.130805015564,2070.606470108032],"positionconfidence":0.5,"rotation":[-0.3067927956581116,0.9517763257026672,0,-0.9251560568809509,-0.298212081193924,-0.2348531931638718,-0.2235277146100998,-0.0720512717962265,0.9720309376716614],"rotationconfidence":0.5}},"skeletonTracked":true,"frameCount":6},{"position":[217.0415073633194,-450.7504403591156,2409.672975540161],"positionTracked":true,"id":4749,"skeleton":{"1":{"id":1,"position":[234.8444163799286,136.4723742008209,2642.458915710449],"positionconfidence":1,"rotation":[0.996509313583374,0.08348207920789719,0,-0.0823729857802391,0.9832702875137329,-0.1624637246131897,-0.01356280967593193,0.1618966162204742,0.9867146611213684],"rotationconfidence":1},"2":{"id":2,"position":[250.8415877819061,-54.48273941874504,2674.010038375855],"positionconfidence":1,"rotation":[0.995378851890564,0.08924439549446106,0.03544814139604569,-0.0823729857802391,0.9832702875137329,-0.1624637246131897,-0.04935406893491745,0.1587929427623749,0.9860775470733643],"rotationconfidence":1},"3":{"id":3,"position":[240.3528243303299,-381.2044560909271,2594.609260559082],"positionconfidence":1,"rotation":[0.9990831613540649,-0.03721658885478973,0.02116253785789013,0.03117990307509899,0.9712443351745605,0.2360343635082245,-0.02933838963508606,-0.2351581156253815,0.9715142846107483],"rotationconfidence":1},"4":{"id":4,"position":[244.0024167299271,-422.7500855922699,2528.457164764404],"positionconfidence":1,"rotation":[0.9966083765029907,-0.03269543126225472,0.07551638036966324,-0.04666914790868759,0.5312645435333252,0.8459196090698242,-0.0677768811583519,-0.8465748429298401,0.5279368162155151],"rotationconfidence":1},"6":{"id":6,"position":[65.69121032953262,-170.1661050319672,2618.79825592041],"positionconfidence":1,"rotation":[0.3429640233516693,0.9240686893463135,0.1687386631965637,0.5690796971321106,-0.06147962436079979,-0.819980800151825,-0.7473446130752563,0.37724968791008,-0.5469540357589722],"rotationconfidence":1},"7":{"id":7,"position":[-12.89952825754881,-381.9178640842438,2580.131530761719],"positionconfidence":1,"rotation":[-0.4536747336387634,0.3117002844810486,0.8348786234855652,0.4854434430599213,0.8720812797546387,-0.06179887801408768,-0.7473446130752563,0.377249