{"motiondata":[{"position":[190.3134286403656,-684.1818690299988,2603.414297103882],"positionTracked":true,"id":4239,"skeleton":{"1":{"id":1,"position":[244.5174902677536,-175.9600937366486,2873.889923095703],"positionconfidence":1,"rotation":[0.9983344078063965,0.05769088864326477,0,-0.05110694468021393,0.8844000697135925,0.4639230370521545,0.02676413208246231,-0.4631503224372864,0.885875403881073],"rotationconfidence":1},"2":{"id":2,"position":[255.6656897068024,-368.8784539699554,2772.692203521729],"positionconfidence":1,"rotation":[0.9971880316734314,0.0196953434497118,0.07230653613805771,-0.05110694468021393,0.8844000697135925,0.4639230370521545,-0.0548107847571373,-0.4663138389587402,0.8829197287559509],"rotationconfidence":1},"3":{"id":3,"position":[230.734646320343,-692.5973892211914,2752.117156982422],"positionconfidence":1,"rotation":[0.9964095950126648,-0.0787186473608017,0.03116324543952942,0.07663336396217346,0.9950514435768127,0.06324384361505508,-0.03598750755190849,-0.06062864139676094,0.9975114464759827],"rotationconfidence":1},"4":{"id":4,"position":[229.3283492326737,-746.5364336967468,2700.788021087647],"positionconfidence":1,"rotation":[0.9963918924331665,-0.0706833228468895,0.04697854071855545,0.01888356916606426,0.7242862582206726,0.6892407536506653,-0.08274374157190323,-0.6858667731285095,0.7230077385902405],"rotationconfidence":1},"6":{"id":6,"position":[105.0453037023544,-497.5215792655945,2761.200904846191],"positionconfidence":1,"rotation":[0.2178879529237747,0.9743565320968628,0.05616137012839317,-0.06790370494127274,0.07253899425268173,-0.9950513243675232,-0.9736087322235107,0.2129961550235748,0.0819678008556366],"rotationconfidence":1},"7":{"id":7,"position":[51.79102718830109,-735.6653213500977,2747.474431991577],"positionconfidence":1,"rotation":[0.2108074724674225,0.7016973495483398,0.6805741190910339,0.08744308352470398,0.6798923015594482,-0.7280798554420471,-0.9736087322235107,0.2129961550235748,0.0819678008556366],"rotationconfidence":1},"8":{"id":8,"position":[9.075652807950974,-877.8484463691711,2609.57145690918],"positionconfidence":1,"rotation":[0.5267643332481384,-0.4760244488716126,0.7042158246040344,0,0.8284781575202942,0.5600212812423706,-0.8500112295150757,-0.2949992418289185,0.4364127516746521],"rotationconfidence":1},"9":{"id":9,"position":[-22.50475436449051,-849.3099808692932,2567.352533340454],"positionconfidence":0.5,"rotation":[0.5267643332481384,-0.4760244488716126,0.7042158246040344,0,0.8284781575202942,0.5600212812423706,-0.8500112295150757,-0.2949992418289185,0.4364127516746521],"rotationconfidence":0.5},"12":{"id":12,"position":[404.6522676944733,-514.1899585723877,2770.996809005737],"positionconfidence":1,"rotation":[0.1810944974422455,-0.982942521572113,0.03207515925168991,-0.2915743589401245,-0.08480975776910782,-0.9527811408042908,0.9392493367195129,0.1631911098957062,-0.3019593954086304],"rotationconfidence":1},"13":{"id":13,"position":[447.4770128726959,-746.6335892677307,2778.581857681274],"positionconfidence":1,"rotation":[-0.2033821940422058,-0.4440575838088989,-0.8726102113723755,-0.2764895856380463,0.8810117244720459,-0.3838906288146973,0.9392493367195129,0.1631911098957062,-0.3019593954086304],"rotationconfidence":1},"14":{"id":14,"position":[408.2078337669373,-832.3725461959839,2610.097646713257],"positionconfidence":0.5,"rotation":[-0.2111683338880539,-0.3354230523109436,-0.9180954694747925,0,-0.939276397228241,0.3431614637374878,-0.9774496555328369,0.07246483117341995,0.1983454376459122],"rotationconfidence":0.5},"15":{"id":15,"position":[394.8333561420441,-853.6167740821838,2551.949501037598],"positionconfidence":0.5,"rotation":[-0.2111683338880539,-0.3354230523109436,-0.9180954694747925,0,-0.939276397228241,0.3431614637374878,-0.9774496555328369,0.07246483117341995,0.1983454376459122],"rotationconfidence":0.5},"17":{"id":17,"position":[159.3485772609711,-811.6902709007263,2680.560111999512],"positionconfidence":1,"rotation":[0.5277515053749084,-0.6367037892341614,-0.5622158646583557,0.8454257249832153,0.3298034071922302,0.4201012849807739,-0.08205937594175339,-0.6970208287239075,0.7123399972915649],"rotationconfidence":1},"18":{"id":18,"position":[-77.89452373981476,-904.2395949363708,2562.671422958374],"positionconfidence":1,"rotation":[0.3947610855102539,-0.9187838435173035,0,0.7361077666282654,0.3162731826305389,0.5984285473823547,-0.5498265027999878,-0.2362363040447235,0.8011762499809265],"rotationconfidence":1},"19":{"id":19,"position":[-295.8042919635773,-997.8658556938171,2385.518789291382],"positionconfidence":0.5,"rotation":[-0.948573112487793,-0.316557914018631,0,0.3038849830627441,-0.9105983972549438,-0.2801148891448975,0.08867260068655014,-0.2657094895839691,0.9599664807319641],"rotationconfidence":0.5},"20":{"id":20,"position":[-301.7700612545013,-979.9892902374268,2320.93358039856],"positionconfidence":0.5,"rotation":[-0.948573112487793,-0.316557914018631,0,0.3038849830627441,-0.9105983972549438,-0.2801148891448975,0.08867260068655014,-0.2657094895839691,0.9599664807319641],"rotationconfidence":0.5},"21":{"id":21,"position":[293.7302589416504,-815.0791525840759,2692.724466323853],"positionconfidence":1,"rotation":[0.8686753511428833,0.25826296210289,0.4227330982685089,-0.4894415438175201,0.579200029373169,0.6519004106521606,-0.07648532092571259,-0.7731930613517761,0.6295415163040161],"rotationconfidence":1},"22":{"id":22,"position":[434.35338139534,-981.4910888671875,2505.424737930298],"positionconfidence":1,"rotation":[0.8110050559043884,0.5546936392784119,0.1859722584486008,-0.5253669619560242,0.5506458282470703,0.6486746072769165,0.2574108242988586,-0.6237820386886597,0.7379942536354065],"rotationconfidence":1},"23":{"id":23,"position":[606.0600280761719,-1161.459684371948,2293.41721534729],"positionconfidence":0.5,"rotation":[-0.07131791859865189,0.9974536299705505,0,-0.9743253588676453,-0.06966424733400345,-0.2140956521034241,-0.2135504931211472,-0.01526885665953159,0.9768126606941223],"rotationconfidence":0.5},"24":{"id":24,"position":[624.6616840362549,-1160.12966632843,2208.330392837524],"positionconfidence":0.5,"rotation":[-0.07131791859865189,0.9974536299705505,0,-0.9743253588676453,-0.06966424733400345,-0.2140956521034241,-0.2135504931211472,-0.01526885665953159,0.9768126606941223],"rotationconfidence":0.5}},"skeletonTracked":true,"frameCount":1},{"position":[192.4596130847931,-679.6756982803345,2604.770660400391],"positionTracked":true,"id":4239,"skeleton":{"1":{"id":1,"position":[244.6750998497009,-175.9160459041596,2874.838590621948],"positionconfidence":1,"rotation":[0.9981542825698853,0.06072923168540001,0,-0.05376152694225311,0.8836320638656616,0.4650849103927612,0.02824424952268601,-0.4642264842987061,0.8852660059928894],"rotationconfidence":1},"2":{"id":2,"position":[256.4112842082977,-368.8136339187622,2773.31018447876],"positionconfidence":1,"rotation":[0.9972187280654907,0.02343481965363026,0.07074889540672302,-0.05376152694225311,0.8836320638656616,0.4650849103927612,-0.05161681771278381,-0.4675949811935425,0.8824344277381897],"rotationconfidence":1},"3":{"id":3,"position":[231.3358336687088,-692.5397515296936,2752.257823944092],"positionconfidence":1,"rotation":[0.9964627027511597,-0.0790407806634903,0.02853904105722904,0.07706569135189056,0.9949243664741516,0.06470131874084473,-0.03350823372602463,-0.06227307766675949,0.997496485710144],"rotationconfidence":1},"4":{"id":4,"position":[229.6875864267349,-746.3494539260864,2700.802564620972],"positionconfidence":1,"rotation":[0.9963754415512085,-0.07272197306156158,0.04413299635052681,0.02213291078805924,0.7225647568702698,0.6909489631652832,-0.0821361094713211,-0.6874676942825317,0.7215551733970642],"rotationconfidence":1},"6":{"id":6,"position":[103.837788105011,-498.1320798397064,2762.438774108887],"positionconfidence":1,"rotation":[0.2117024064064026,0.975582480430603,0.05848946049809456,-0.05643970891833305,0.07194966077804565,-0.9958102703094482,-0.975703239440918,0.2075142860412598,0.07029350101947784],"rotationconfidence":1},"7":{"id":7,"position":[52.33834311366081,-735.455572605133,2748.210430145264],"positionconfidence":1,"rotation":[0.200080469250679,0.7131766080856323,0.6718236207962036,0.08928132057189941,0.6695648431777954,-0.7373682856559753,-0.975703239440918,0.2075142860412598,0.07029350101947784],"rotationconfidence":1},"8":{"id":8,"position":[12.70684879273176,-876.7200112342834,2615.137100219727],"positionconfidence":1,"rotation":[0.5322669744491577,-0.4427242279052734,0.7215864658355713,0,0.8523582220077515,0.5229582786560059,-0.846576452255249,-0.2783534228801727,0.4536821246147156],"rotationconfidence":1},"9":{"id":9,"position":[-20.80770581960678,-848.8435745239258,2569.701910018921],"positionconfidence":0.5,"rotation":[0.5322669744491577,-0.4427242279052734,0.7215864658355713,0,0.8523582220077515,0.5229582786560059,-0.846576452255249,-0.2783534228801727,0.4536821246147156],"rotationconfidence":0.5},"12":{"id":12,"position":[404.8427939414978,-514.1663551330566,2771.549224853516],"positionconfidence":1,"rotation":[0.1788837015628815,-0.983335554599762,0.03243265673518181,-0.2856856882572174,-0.08345818519592285,-0.9546823501586914,0.9414798021316528,0.161511555314064,-0.2958541810512543],"rotationconfidence":1},"13":{"id":13,"position":[447.0611214637756,-746.2432980537415,2779.203653335571],"positionconfidence":1,"rotation":[-0.2041183263063431,-0.4253021776676178,-0.8817333579063416,-0.2682375609874725,0.8905234336853027,-0.3674459457397461,0.9414798021316528,0.161511555314064,-0.2958541810512543],"rotationconfidence":1},"14":{"id":14,"position":[407.4910879135132,-828.6916613578796,2608.272314071655],"positionconfidence":0.5,"rotation":[-0.2078423649072647,-0.3275052011013031,-0.921705961227417,0,-0.9422832131385803,0.3348168134689331,-0.9781622886657715,0.06958911567926407,0.1958463788032532],"rotationconfidence":0.5},"15":{"id":15,"position":[394.2983448505402,-849.4799733161926,2549.767255783081],"positionconfidence":0.5,"rotation":[-0.2078423649072647,-0.3275052011013031,-0.921705961227417,0,-0.9422832131385803,0.3348168134689331,-0.9781622886657715,0.06958911567926407,0.1958463788032532],"rotationconfidence":0.5},"17":{"id":17,"position":[159.5805585384369,-811.4444613456726,2680.503129959106],"positionconfidence":1,"rotation":[0.5260315537452698,-0.6376935243606567,-0.5627056956291199,0.8465429544448853,0.3291384875774384,0.4183693528175354,-0.08158333599567413,-0.6964300274848938,0.7129721641540527],"rotationconfidence":1},"18":{"id":18,"position":[-77.62749493122101,-903.6716818809509,2563.272714614868],"positionconfidence":1,"rotation":[0.3927159905433655,-0.9196597933769226,0,0.733112633228302,0.3130560219287872,0.6037729978561401,-0.5552657246589661,-0.2371113151311874,0.7971563339233398],"rotationconfidence":1},"19":{"id":19,"position":[-298.7383008003235,-998.0911016464233,2381.171464920044],"positionconfidence":0.5,"rotation":[-0.7674928307533264,-0.6410576105117798,0,0.614687442779541,-0.7359216809272766,-0.2838641703128815,0.1819732487201691,-0.2178636938333511,0.9588645696640015],"rotationconfidence":0.5},"20":{"id":20,"position":[-313.1165504455566,-980.8770418167114,2305.408716201782],"positionconfidence":0.5,"rotation":[-0.7674928307533264,-0.6410576105117798,0,0.614687442779541,-0.7359216809272766,-0.2838641703128815,0.1819732487201691,-0.2178636938333511,0.9588645696640015],"rotationconfidence":0.5},"21":{"id":21,"position":[293.8832342624664,-814.7687315940857,2692.623853683472],"positionconfidence":1,"rotation":[0.8608500957489014,0.2554502189159393,0.4400933384895325,-0.5034134984016418,0.553710401058197,0.6633095741271973,-0.07424166798591614,-0.7925590872764587,0.6052587628364563],"rotationconfidence":1},"22":{"id":22,"position":[437.9684329032898,-973.2497334480286,2502.773761749268],"positionconfidence":1,"rotation":[0.7981253266334534,0.5738013386726379,0.1837064325809479,-0.5320435762405396,0.5281646251678467,0.6617943644523621,0.2827112674713135,-0.6259346604347229,0.7268288731575012],"rotationconfidence":1},"23":{"id":23,"position":[611.451268196106,-1145.467758178711,2286.983251571655],"positionconfidence":0.5,"rotation":[-0.1687717288732529,0.9856551885604858,0,-0.9650155901908875,-0.1652376502752304,-0.203572154045105,-0.2006519436836243,-0.0343572236597538,0.9790599942207336],"rotationconfidence":0.5},"24":{"id":24,"position":[628.8702487945557,-1142.48514175415,2201.98917388916],"positionconfidence":0.5,"rotation":[-0.1687717288732529,0.9856551885604858,0,-0.9650155901908875,-0.1652376502752304,-0.203572154045105,-0.2006519436836243,-0.0343572236597538,0.9790599942207336],"rotationconfidence":0.5}},"skeletonTracked":true,"frameCount":2},{"position":[192.1819001436234,-679.780900478363,2604.760885238648],"positionTracked":true,"id":4239,"skeleton":{"1":{"id":1,"position":[244.7647452354431,-175.829753279686,2875.657796859741],"positionconfidence":1,"rotation":[0.9979772567749023,0.06357132643461227,0,-0.05625221133232117,0.8830778002738953,0.4658425152301788,0.02961422689259052,-0.4649002254009247,0.8848676085472107],"rotationconfidence":1},"2":{"id":2,"position":[257.0492923259735,-368.6792552471161,2773.925542831421],"positionconfidence":1,"rotation":[0.9970799088478088,0.02555195987224579,0.0719633400440216,-0.05625221133232117,0.8830778002738953,0.4658425152301788,-0.05164603888988495,-0.4685303270816803,0.8819365501403809],"rotationconfidence":1},"3":{"id":3,"position":[231.8134754896164,-692.5101280212402,2752.386808395386],"positionconfidence":1,"rotation":[0.9964346289634705,-0.07952513545751572,0.02817481756210327,0.07752319425344467,0.9947925209999084,0.06616593152284622,-0.03328995406627655,-0.06374582648277283,0.9974108338356018],"rotationconfidence":1},"4":{"id":4,"position":[230.0010323524475,-746.2120056152344,2700.827836990356],"positionconfidence":1,"rotation":[0.9963202476501465,-0.0744299441576004,0.04249995201826096,0.02433850429952145,0.7211389541625977,0.6923627853393555,-0.08218089491128922,-0.688780665397644,0.7202968597412109],"rotationconfidence":1},"6":{"id":6,"position":[104.2494028806686,-497.9265630245209,2763.091802597046],"positionconfidence":1,"rotation":[0.2153414487838745,0.9755206108093262,0.04458224028348923,-0.05438778549432755,0.05756327882409096,-0.9968592524528503,-0.975023090839386,0.2122403979301453,0.06545216590166092],"rotationconfidence":1},"7":{"id":7,"position":[52.13439464569092,-734.0133190155029,2752.302408218384],"positionconfidence":1,"rotation":[0.1996742933988571,0.7085826992988586,0.6767869591712952,0.09726326167583466,0.6729520559310913,-0.7332634329795837,-0.975023090839386,0.2122403979301453,0.06545216590166092],"rotationconfidence":1},"8":{"id":8,"position":[11.94377802312374,-876.6374588012695,2616.07813835144],"positionconfidence":1,"rotation":[0.5230886936187744,-0.4411799609661102,0.729203999042511,0,0.8555938005447388,0.5176477432250977,-0.8522782325744629,-0.2707756757736206,0.447551429271698],"rotationconfidence":1},"9":{"id":9,"position":[-21.05429768562317,-848.8064408302307,2570.077657699585],"positionconfidence":0.5,"rotation":[0.5230886936187744,-0.4411799609661102,0.729203999042511,0,0.8555938005447388,0.5176477432250977,-0.8522782325744629,-0.2707756757736206,0.447551429271698],"rotationconfidence":0.5},"12":{"id":12,"position":[404.9449563026428,-514.1300559043884,2772.092342376709],"positionconfidence":1,"rotation":[0.1758837401866913,-0.9839302897453308,0.03075749799609184,-0.2706903517246246,-0.07838048785924911,-0.959470272064209,0.9464626908302307,0.1604294627904892,-0.280126303434372],"rotationconfidence":1},"13":{"id":13,"position":[446.4201331138611,-746.1508512496948,2779.345273971558],"positionconfidence":1,"rotation":[-0.1918339878320694,-0.4184041321277618,-0.8877712488174438,-0.2596306800842285,0.893980085849762,-0.3652280867099762,0.9464626908302307,0.1604294627904892,-0.280126303434372],"rotationconfidence":1},"14":{"id":14,"position":[409.169614315033,-827.3969888687134,2606.956958770752],"positionconfidence":0.5,"rotation":[-0.1648754179477692,-0.352245420217514,-0.9212705492973328,0,-0.9340535402297974,0.3571329712867737,-0.9863144755363464,0.0588824488222599,0.1540024727582932],"rotationconfidence":0.5},"15":{"id":15,"position":[398.8152146339417,-849.5184779167175,2549.099922180176],"positionconfidence":0.5,"rotation":[-0.1648754179477692,-0.352245420217514,-0.9212705492973328,0,-0.9340535402297974,0.3571329712867737,-0.9863144755363464,0.0588824488222599,0.1540024727582932],"rotationconfidence":0.5},"17":{"id":17,"position":[159.8004847764969,-811.2314343452454,2680.440664291382],"positionconfidence":1,"rotation":[0.5250577330589294,-0.6392008662223816,-0.5619044899940491,0.8471273183822632,0.3290725350379944,0.417236864566803,-0.08179081231355667,-0.6950780749320984,0.7142665982246399],"rotationconfidence":1},"18":{"id":18,"position":[-77.50596106052399,-903.414785861969,2563.559770584106],"positionconfidence":1,"rotation":[0.9979221820831299,-0.06443086266517639,0,0.06438130140304565,0.9971545338630676,0.0392150841653347,-0.002526661613956094,-0.03913360089063644,0.9992307424545288],"rotationconfidence":1},"19":{"id":19,"position":[-92.0535996556282,-1128.732442855835,2554.698705673218],"positionconfidence":0.5,"rotation":[0.8751500844955444,0.4838515818119049,0,-0.3401532769203186,0.6152406930923462,-0.7111783027648926,-0.3441047370433807,0.622387707233429,0.7030116319656372],"rotationconfidence":0.5},"20":{"id":20,"position":[-65.064437687397,-1177.548170089722,2499.55940246582],"positionconfidence":0.5,"rotation":[0.8751500844955444,0.4838515818119049,0,-0.3401532769203186,0.6152406930923462,-0.7111783027648926,-0.3441047370433807,0.622387707233429,0.7030116319656372],"rotationconfidence":0.5},"21":{"id":21,"position":[294.0047383308411,-814.5458102226257,2692.583084106445],"positionconfidence":1,"rotation":[0.8549851179122925,0.2509736120700836,0.4538863599300385,-0.5135157108306885,0.5324887633323669,0.6728724837303162,-0.07281613349914551,-0.8083736896514893,0.5841488242149353],"rotationconfidence":1},"22":{"id":22,"position":[441.3065016269684,-967.2899842262268,2499.569892883301],"positionconfidence":1,"rotation":[0.7906907796859741,0.5841437578201294,0.1832597404718399,-0.5336839556694031,0.5109861493110657,0.6738504767417908,0.2999823689460754,-0.6306101679801941,0.7157801985740662],"rotationconfidence":1},"23":{"id":23,"position":[614.2079830169678,-1132.837891578674,2281.257629394531],"positionconfidence":0.5,"rotation":[-0.2334998548030853,0.9723567962646484,0,-0.9530234932899475,-0.2288571894168854,-0.1984200477600098,-0.1929350942373276,-0.04633105173707008,0.9801170825958252],"rotationconfidence":0.5},"24":{"id":24,"position":[630.8936476707458,-1128.831028938294,2196.493864059448],"positionconfidence":0.5,"rotation":[-0.2334998548030853,0.9723567962646484,0,-0.9530234932899475,-0.2288571894168854,-0.1984200477600098,-0.1929350942373276,-0.04633105173707008,0.9801170825958252],"rotationconfidence":0.5}},"skeletonTracked":true,"frameCount":3},{"position":[190.3678178787231,-683.9607954025269,2602.657079696655],"positionTracked":true,"id":4239,"skeleton":{"1":{"id":1,"position":[244.843140244484,-175.7972687482834,2876.224040985107],"positionconfidence":1,"rotation":[0.9978712201118469,0.06521479040384293,0,-0.05769455805420876,0.8828018307685852,0.4661889672279358,0.0304024163633585,-0.4651965498924255,0.8846850991249084],"rotationconfidence":1},"2":{"id":2,"position":[257.4405372142792,-368.5538470745087,2774.433374404907],"positionconfidence":1,"rotation":[0.9969635605812073,0.02648627199232578,0.0732261911034584,-0.05769455805420876,0.8828018307685852,0.4661889672279358,-0.05229661613702774,-0.4689981937408447,0.8816494941711426],"rotationconfidence":1},"3":{"id":3,"position":[232.1154475212097,-692.5132870674133,2752.49195098877],"positionconfidence":1,"rotation":[0.9964064955711365,-0.07981308549642563,0.02835356630384922,0.0777588039636612,0.994693398475647,0.06736951321363449,-0.03358007222414017,-0.06492268294095993,0.9973251223564148],"rotationconfidence":1},"4":{"id":4,"position":[230.2033305168152,-746.1347579956055,2700.847625732422],"positionconfidence":1,"rotation":[0.9962749481201172,-0.07555601000785828,0.04156177863478661,0.02567570470273495,0.7200234532356262,0.693474531173706,-0.08232162892818451,-0.6898242235183716,0.7192813158035278],"rotationconfidence":1},"6":{"id":6,"position":[104.7309562563896,-497.6949393749237,2763.64016532898],"positionconfidence":1,"rotation":[0.2168588042259216,0.975189745426178,0.04446474090218544,-0.07776010036468506,0.06266003847122192,-0.995000958442688,-0.973101019859314,0.212317168712616,0.08941924571990967],"rotationconfidence":1},"7":{"id":7,"position":[52.25074291229248,-733.6925864219666,2752.879619598389],"positionconfidence":1,"rotation":[0.2152237296104431,0.6993634700775146,0.6815933585166931,0.08217741549015045,0.6825043559074402,-0.7262470126152039,-0.973101019859314,0.212317168712616,0.08941924571990967],"rotationconfidence":1},"8":{"id":8,"position":[8.286695927381516,-876.5525221824646,2613.649606704712],"positionconfidence":1,"rotation":[0.5064208507537842,-0.4569823145866394,0.7312353849411011,0,0.848019003868103,0.5299657583236694,-0.8622865080833435,-0.2683857083320618,0.429454505443573],"rotationconfidence":1},"9":{"id":9,"position":[-22.44292572140694,-848.822832107544,2569.278240203857],"positionconfidence":0.5,"rotation":[0.5064208507537842,-0.4569823145866394,0.7312353849411011,0,0.848019003868103,0.5299657583236694,-0.8622865080833435,-0.2683857083320618,0.429454505443573],"rotationconfidence":0.5},"12":{"id":12,"position":[405.0391018390656,-514.1922235488892,2772.677659988403],"positionconfidence":1,"rotation":[0.1715095937252045,-0.984809398651123,0.02711034566164017,-0.2599450349807739,-0.07177940011024475,-0.9629518389701843,0.9502699375152588,0.1581082791090012,-0.2683071494102478],"rotationconfidence":1},"13":{"id":13,"position":[445.5314576625824,-746.6996312141418,2779.078245162964],"positionconfidence":1,"rotation":[-0.1839267760515213,-0.4103099703788757,-0.8932058215141296,-0.2513123452663422,0.8981354832649231,-0.3608248829841614,0.9502699375152588,0.1581082791090012,-0.2683071494102478],"rotationconfidence":1},"14":{"id":14,"position":[409.8102450370789,-826.3877034187317,2605.604887008667],"positionconfidence":0.5,"rotation":[-0.1481367945671082,-0.3601093888282776,-0.9210736155509949,0,-0.9313493371009827,0.3641268610954285,-0.9889668226242065,0.05394058674573898,0.1379671096801758],"rotationconfidence":0.5},"15":{"id":15,"position":[400.5181789398193,-848.9760160446167,2547.829389572144],"positionconfidence":0.5,"rotation":[-0.1481367945671082,-0.3601093888282776,-0.9210736155509949,0,-0.9313493371009827,0.3641268610954285,-0.9889668226242065,0.05394058674573898,0.1379671096801758],"rotationconfidence":0.5},"17":{"id":17,"position":[159.9324196577072,-811.082661151886,2680.389642715454],"positionconfidence":1,"rotation":[0.5137578248977661,-0.6485766172409058,-0.5616059303283691,0.8539708852767944,0.3237369656562805,0.4073425829410553,-0.08238028734922409,-0.6888706684112549,0.7201880216598511],"rotationconfidence":1},"18":{"id":18,"position":[-77.5773748755455,-901.1216759681702,2567.097902297974],"positionconfidence":1,"rotation":[0.6901066303253174,-0.7237076759338379,0,0.5999650955200195,0.5721092820167542,0.5592252016067505,-0.4047155678272247,-0.3859250247478485,0.8290157318115234],"rotationconfidence":1},"19":{"id":19,"position":[-235.8768433332443,-1052.071452140808,2419.547557830811],"positionconfidence":0.5,"rotation":[0.247528076171875,-0.9688807725906372,0,0.9579014182090759,0.2447230964899063,-0.1501189321279526,0.1454473286867142,0.03715864568948746,0.9886680245399475],"rotationconfidence":0.5},"20":{"id":20,"position":[-249.3381351232529,-1055.510520935059,2328.04536819458],"positionconfidence":0.5,"rotation":[0.247528076171875,-0.9688807725906372,0,0.9579014182090759,0.2447230964899063,-0.1501189321279526,0.1454473286867142,0.03715864568948746,0.9886680245399475],"rotationconfidence":0.5},"21":{"id":21,"position":[294.0813899040222,-814.4023418426514,2692.559242248535],"positionconfidence":1,"rotation":[0.771098792552948,0.3267433345317841,0.5464847683906555,-0.632503867149353,0.4916442334651947,0.598518967628479,-0.07311400026082993,-0.8071708679199219,0.5857726335525513],"rotationconfidence":1},"22":{"id":22,"position":[468.5936868190765,-950.0504732131958,2527.423620223999],"positionconfidence":1,"rotation":[0.9125421047210693,-0.35881507396698,-0.1962619721889496,0.2959688603878021,0.2481884807348251,0.9223909378051758,-0.2822578251361847,-0.8998079895973206,0.3326805233955383],"rotationconfidence":1},"23":{"id":23,"position":[396.6121673583984,-1010.411500930786,2303.092241287231],"positionconfidence":0.5,"rotation":[-0.8011760115623474,-0.5984287261962891,0,0.582500696182251,-0.7798516154289246,-0.2291819900274277,0.1371490955352783,-0.183615118265152,0.9733836054801941],"rotationconfidence":0.5},"24":{"id":24,"position":[384.9806189537048,-994.8391914367676,2220.540046691895],"positionconfidence":0.5,"rotation":[-0.8011760115623474,-0.5984287261962891,0,0.582500696182251,-0.7798516154289246,-0.2291819900274277,0.1371490955352783,-0.183615118265152,0.9733836054801941],"rotationconfidence":0.5}},"skeletonTracked":true,"frameCount":4},{"position":[195.0912773609161,-682.8458905220032,2604.102611541748],"positionTracked":true,"id":4239,"skeleton":{"1":{"id":1,"position":[244.8645532131195,-175.7811307907105,2876.721143722534],"positionconfidence":1,"rotation":[0.9978227615356445,0.0659523457288742,0,-0.05832144990563393,0.8823714852333069,0.4669252038002014,0.03079481236636639,-0.4659085869789124,0.8842967748641968],"rotationconfidence":1},"2":{"id":2,"position":[257.6052248477936,-368.540495634079,2774.718523025513],"positionconfidence":1,"rotation":[0.9968793392181396,0.02655140869319439,0.07434005290269852,-0.05832144990563393,0.8823714852333069,0.4669252038002014,-0.05319802090525627,-0.4698037207126617,0.8811664581298828],"rotationconfidence":1},"3":{"id":3,"position":[232.3137521743774,-692.7712559700012,2752.541065216065],"positionconfidence":1,"rotation":[0.9963998794555664,-0.07970049232244492,0.02890006639063358,0.07758811116218567,0.9946613907814026,0.0680350661277771,-0.03416820988059044,-0.06554783880710602,0.9972643256187439],"rotationconfidence":1},"4":{"id":4,"position":[230.3414940834045,-746.4016675949097,2700.811386108398],"positionconfidence":1,"rotation":[0.9959403872489929,-0.0787261575460434,0.04364737495779991,0.02645939402282238,0.7194941639900208,0.6939943432807922,-0.08603952825069427,-0.6900220513343811,0.7186563014984131],"rotationconfidence":1},"6":{"id":6,"position":[105.176754295826,-497.4595010280609,2764.101982116699],"positionconfidence":1,"rotation":[0.2209369838237763,0.9745569825172424,0.03775836899876595,-0.09176512062549591,0.05931577458977699,-0.9940125346183777,-0.9709613919258118,0.2161491811275482,0.1025353670120239],"rotationconfidence":1},"7":{"id":7,"position":[51.77496001124382,-733.015775680542,2754.975557327271],"positionconfidence":1,"rotation":[0.2258875668048859,0.6871482729911804,0.6905086040496826,0.07879587262868881,0.693618655204773,-0.716019868850708,-0.9709613919258118,0.2161491811275482,0.1025353670120239],"rotationconfidence":1},"8":{"id":8,"position":[4.55138785764575,-876.6695261001587,2610.619306564331],"positionconfidence":1,"rotation":[0.492305338382721,-0.4750381410121918,0.7293655872344971,0,0.8379442095756531,0.5457557439804077,-0.8704224824905396,-0.2686784565448761,0.412524402141571],"rotationconfidence":1},"9":{"id":9,"position":[-24.17797222733498,-848.9478230476379,2568.055868148804],"positionconfidence":0.5,"rotation":[0.492305338382721,-0.4750381410121918,0.7293655872344971,0,0.8379442095756531,0.5457557439804077,-0.8704224824905396,-0.2686784565448761,0.412524402141571],"rotationconfidence":0.5},"12":{"id":12,"position":[405.0309062004089,-514.2090320587158,2773.274660110474],"positionconfidence":1,"rotation":[0.1696991324424744,-0.9851734042167664,0.02520891837775707,-0.2565860450267792,-0.06886651366949081,-0.9640647768974304,0.9515070915222168,0.1571327149868012,-0.2644683420658112],"rotationconfidence":1},"13":{"id":13,"position":[445.0892210006714,-746.764063835144,2779.22534942627],"positionconfidence":1,"rotation":[-0.179746076464653,-0.4137023985385895,-0.8924918174743652,-0.249650850892067,0.8967494368553162,-0.3653967678546906,0.9515070915222168,0.1571327149868012,-0.2644683420658112],"rotationconfidence":1},"14":{"id":14,"position":[410.2043211460114,-827.0549178123474,2606.011629104614],"positionconfidence":0.5,"rotation":[-0.1411975920200348,-0.4074483513832092,-0.9022467136383057,0,-0.9113773703575134,0.4115716814994812,-0.9899814128875732,0.05811293050646782,0.1286842972040176],"rotationconfidence":0.5},"15":{"id":15,"position":[401.4668762683868,-852.2682189941406,2550.179719924927],"positionconfidence":0.5,"rotation":[-0.1411975920200348,-0.4074483513832092,-0.9022467136383057,0,-0.9113773703575134,0.4115716814994812,-0.9899814128875732,0.05811293050646782,0.1286842972040176],"rotationconfidence":0.5},"17":{"id":17,"position":[160.0164771080017,-810.9809160232544,2680.352210998535],"positionconfidence":1,"rotation":[0.5109230875968933,-0.6563769578933716,-0.5550919771194458,0.8552663922309875,0.3231869637966156,0.4050551652908325,-0.08647038042545319,-0.6817034482955933,0.7265007495880127],"rotationconfidence":1},"18":{"id":18,"position":[-77.36045867204666,-900.6806015968323,2567.930221557617],"positionconfidence":1,"rotation":[0.6481431126594543,-0.7615185379981995,0,0.6283313035964966,0.5347848534584045,0.5649821758270264,-0.4302443861961365,-0.3661893010139465,0.8251030445098877],"rotationconfidence":1},"19":{"id":19,"position":[-250.3211498260498,-1047.890782356262,2412.407636642456],"positionconfidence":0.5,"rotation":[0.2492846697568893,-0.9684302806854248,0,0.9517253041267395,0.2449846267700195,-0.1849363148212433,0.1790979206562042,0.04610178619623184,0.9827504754066467],"rotationconfidence":0.5},"20":{"id":20,"position":[-267.0398354530335,-1052.194356918335,2320.668458938599],"positionconfidence":0.5,"rotation":[0.2492846697568893,-0.9684302806854248,0,0.9517253041267395,0.2449846267700195,-0.1849363148212433,0.1790979206562042,0.04610178619623184,0.9827504754066467],"rotationconfidence":0.5},"21":{"id":21,"position":[294.075608253479,-815.280020236969,2692.274332046509],"positionconfidence":1,"rotation":[0.715309202671051,0.3585564196109772,0.599808394908905,-0.694502592086792,0.4598952531814575,0.5533195734024048,-0.07745274156332016,-0.8123630285263062,0.5779856443405151],"rotationconfidence":1},"22":{"id":22,"position":[485.0708842277527,-941.7558908462524,2540.105819702148],"positionconfidence":1,"rotation":[0.4112158417701721,-0.878349781036377,-0.2437277734279633,0.6358693242073059,0.084830641746521,0.7671204805374146,-0.6531245112419128,-0.4704311192035675,0.5933994054794312],"rotationconfidence":1},"23":{"id":23,"position":[308.92413854599,-965.2554392814636,2327.600240707398],"positionconfidence":0.5,"rotation":[-0.7140357494354248,-0.7001093029975891,0,0.6765235066413879,-0.6899808049201965,-0.2573760747909546,0.1801913678646088,-0.1837756931781769,0.9663112759590149],"rotationconfidence":0.5},"24":{"id":24,"position":[293.5553789138794,-949.5809674263,2245.182275772095],"positionconfidence":0.5,"rotation":[-0.7140357494354248,-0.7001093029975891,0,0.6765235066413879,-0.6899808049201965,-0.2573760747909546,0.1801913678646088,-0.1837756931781769,0.9663112759590149],"rotationconfidence":0.5}},"skeletonTracked":true,"frameCount":5},{"position":[191.5156543254852,-685.3175163269043,2603.870630264282],"positionTracked":true,"id":4239,"skeleton":{"1":{"id":1,"position":[244.5757985115051,-176.090732216835,2877.070903778076],"positionconfidence":1,"rotation":[0.9976701736450195,0.068222776055336,0,-0.06031018868088722,0.8819587826728821,0.4674519300460815,0.031890869140625,-0.4663628339767456,0.8840184807777405],"rotationconfidence":1},"2":{"id":2,"position":[257.7469348907471,-368.7016367912293,2774.984121322632],"positionconfidence":1,"rotation":[0.9971299171447754,0.03176087513566017,0.06872431188821793,-0.06031018868088722,0.8819587826728821,0.4674519300460815,-0.04576532915234566,-0.4702551364898682,0.8813430666923523],"rotationconfidence":1},"3":{"id":3,"position":[232.5074523687363,-693.0665969848633,2752.573251724243],"positionconfidence":1,"rotation":[0.9965701699256897,-0.07920186966657639,0.02397931553423405,0.07739409804344177,0.9946295022964478,0.06872046738862991,-0.02929331921041012,-0.06662890315055847,0.9973476529121399],"rotationconfidence":1},"4":{"id":4,"position":[230.4548621177673,-746.6603517532349,2700.764894485474],"positionconfidence":1,"rotation":[0.9955449104309082,-0.08241264522075653,0.04581031948328018,0.02752587199211121,0.718708872795105,0.694766104221344,-0.09018179029226303,-0.6904098391532898,0.7177754044532776],"rotationconfidence":1},"6":{"id":6,"position":[100.423589348793,-499.652624130249,2766.479969024658],"positionconfidence":1,"rotation":[0.2040871232748032,0.9770804643630981,0.06051509454846382,-0.1374949514865875,0.08981283754110336,-0.986422061920166,-0.96924889087677,0.192995548248291,0.1526732891798019],"rotationconfidence":1},"7":{"id":7,"position":[50.92284455895424,-736.6406917572021,2751.802206039429],"positionconfidence":1,"rotation":[0.2440317422151566,0.6738991141319275,0.6973581910133362,0.03170063346624374,0.7131707668304443,-0.7002730369567871,-0.96924889087677,0.192995548248291,0.1526732891798019],"rotationconfidence":1},"8":{"id":8,"position":[-0.0718763330951333,-877.4637579917908,2606.076955795288],"positionconfidence":1,"rotation":[0.4783653616905212,-0.5012935400009155,0.7210210561752319,0,0.8210579752922058,0.5708447098731995,-0.878160834312439,-0.2730723321437836,0.3927657008171082],"rotationconfidence":1},"9":{"id":9,"position":[-26.78944543004036,-849.4656085968018,2565.80662727356],"positionconfidence":0.5,"rotation":[0.4783653616905212,-0.5012935400009155,0.7210210561752319,0,0.8210579752922058,0.5708447098731995,-0.878160834312439,-0.2730723321437836,0.3927657008171082],"rotationconfidence":0.5},"12":{"id":12,"position":[405.0711393356323,-514.374315738678,2774.444341659546],"positionconfidence":1,"rotation":[0.1676107347011566,-0.9856348037719727,0.02075175382196903,-0.2549887895584106,-0.06367580592632294,-0.9648451209068298,0.95230633020401,0.1564269363880158,-0.2619985938072205],"rotationconfidence":1},"13":{"id":13,"position":[444.6268081665039,-746.9813823699951,2779.341697692871],"positionconfidence":1,"rotation":[-0.1784703135490418,-0.4109119176864624,-0.8940356373786926,-0.2475095987319946,0.8981547951698303,-0.3633964657783508,0.95230633020401,0.1564269363880158,-0.2619985938072205],"rotationconfidence":1},"14":{"id":14,"position":[409.9796414375305,-826.7533779144287,2605.778932571411],"positionconfidence":0.5,"rotation":[-0.1449243128299713,-0.4204156994819641,-0.895682692527771,0,-0.9052395820617676,0.42490154504776,-0.9894427061080933,0.06157856434583664,0.131191223859787],"rotationconfidence":0.5},"15":{"id":15,"position":[401.0519087314606,-852.6521325111389,2550.602436065674],"positionconfidence":0.5,"rotation":[-0.1449243128299713,-0.4204156994819641,-0.895682692527771,0,-0.9052395820617676,0.42490154504776,-0.9894427061080933,0.06157856434583664,0.131191223859787],"rotationconfidence":0.5},"17":{"id":17,"position":[159.819096326828,-810.9614849090576,2680.340528488159],"positionconfidence":1,"rotation":[0.5111132264137268,-0.6629059314727783,-0.5471005439758301,0.8547149300575256,0.3248335123062134,0.4049018919467926,-0.09069528430700302,-0.6745657324790955,0.7326223254203796],"rotationconfidence":1},"18":{"id":18,"position":[-77.20620185136795,-901.0426998138428,2568.055152893066],"positionconfidence":1,"rotation":[0.4938915371894836,-0.8695235252380371,0,0.6878011226654053,0.3906727731227875,0.6118041276931763,-0.5319780707359314,-0.3021648824214935,0.791009247303009],"rotationconfidence":1},"19":{"id":19,"position":[-293.8683331012726,-1024.107336997986,2375.332593917847],"positionconfidence":0.5,"rotation":[-0.1542623341083527,-0.9880298376083374,0,0.9632560014724731,-0.1503943651914597,-0.2225290238857269,0.2198653519153595,-0.03432785347104073,0.9749259948730469],"rotationconfidence":0.5},"20":{"id":20,"position":[-314.8078620433807,-1020.838022232056,2282.482624053955],"positionconfidence":0.5,"rotation":[-0.1542623341083527,-0.9880298376083374,0,0.9632560014724731,-0.1503943651914597,-0.2225290238857269,0.2198653519153595,-0.03432785347104073,0.9749259948730469],"rotationconfidence":0.5},"21":{"id":21,"position":[294.546365737915,-817.0074820518494,2691.452264785767],"positionconfidence":1,"rotation":[0.6864250302314758,0.3671445846557617,0.6277145743370056,-0.7223703861236572,0.4435803294181824,0.5304879546165466,-0.0836760550737381,-0.8175826668739319,0.5696990489959717],"rotationconfidence":1},"22":{"id":22,"position":[493.2123124599457,-939.0007257461548,2545.557737350464],"positionconfidence":1,"rotation":[0.9962896108627319,0.08552251756191254,0.009642509743571281,-0.04217031225562096,0.3874267637729645,0.9209354519844055,0.07502495497465134,-0.9179250597953796,0.3895957767963409],"rotationconfidence":1},"23":{"id":23,"position":[502.7238130569458,-1026.384711265564,2337.841033935547],"positionconfidence":0.5,"rotation":[-0.9957569241523743,-0.09202245622873306,0,-0.0515528991818428,0.557843804359436,-0.8283433318138123,0.07622618973255157,-0.8248286247253418,-0.5602208375930786],"rotationconfidence":0.5},"24":{"id":24,"position":[497.7729022502899,-972.8118777275085,2374.227523803711],"positionconfidence":1,"rotation":[-0.9957569241523743,-0.09202245622873306,0,-0.0515528991818428,0.557843804359436,-0.8283433318138123,0.07622618973255157,-0.8248286247253418,-0.5602208375930786],"rotationconfidence":1}},"skeletonTracked":true,"frameCount":6},{"position":[193.4082359075546,-683.3982467651367,2607.265710830689],"positionTracked":true,"id":4239,"skeleton":{"1":{"id":1,"position":[244.3436533212662,-176.357313990593,2877.315521240234],"positionconfidence":1,"rotation":[0.9978913068771362,0.06490711867809296,0,-0.05733247101306915,0.8814376592636108,0.4688076078891754,0.03042895160615444,-0.4678190350532532,0.883300244808197],"rotationconfidence":1},"2":{"id":2,"position":[256.8363845348358,-368.4223592281342,2775.1624584198],"positionconfidence":1,"rotation":[0.9972614645957947,0.02858924679458141,0.06820671260356903,-0.05733247101306915,0.8814376592636108,0.4688076078891754,-0.04671711102128029,-0.4714342653751373,0.8806629776954651],"rotationconfidence":1},"3":{"id":3,"position":[232.5549721717835,-693.5310959815979,2752.559185028076],"positionconfidence":1,"rotation":[0.9967857599258423,-0.07617272436618805,0.02482177875936031,0.07430124282836914,0.9948343634605408,0.06916613131761551,-0.02996212989091873,-0.06709951907396317,0.9972963929176331],"rotationconfidence":1},"4":{"id":4,"position":[230.5008172988892,-747.2612857818604,2700.632810592651],"positionconfidence":1,"rotation":[0.9950722455978394,-0.0859011709690094,0.04952114820480347,0.0274804849177599,0.7188025116920471,0.6946710348129272,-0.09526897221803665,-0.6898869276046753,0.7176209688186646],"rotationconfidence":1},"6":{"id":6,"position":[100.3051623702049,-499.4855225086212,2767.239809036255],"positionconfidence":1,"rotation":[0.2026725560426712,0.9767646789550781,0.06967475265264511,-0.1512095928192139,0.1015142202377319,-0.9832754135131836,-0.967501699924469,0.188747450709343,0.1682703346014023],"rotationconfidence":1},"7":{"id":7,"position":[51.04297772049904,-736.900806427002,2750.304460525513],"positionconfidence":1,"rotation":[0.2521795332431793,0.6712712049484253,0.696993887424469,0.01860078983008862,0.7167770862579346,-0.6970542669296265,-0.967501699924469,0.188747450709343,0.1682703346014023],