{"motiondata":[{"position":[245.8628863096237,-484.2950403690338,2664.487600326538],"positionTracked":true,"id":4301,"skeleton":{"1":{"id":1,"position":[324.7702419757843,127.2686719894409,2855.36789894104],"positionconfidence":1,"rotation":[0.9977880120277405,-0.06647632271051407,0,0.06536319851875305,0.9810804724693298,-0.1822328269481659,0.01211416814476252,0.1818297356367111,0.9832554459571838],"rotationconfidence":1},"2":{"id":2,"position":[312.243789434433,-60.74932217597961,2890.291690826416],"positionconfidence":1,"rotation":[0.9977996349334717,-0.06629499793052673,0.0009803308639675379,0.06536319851875305,0.9810804724693298,-0.1822328269481659,0.01111934240907431,0.1818959414958954,0.9832549691200256],"rotationconfidence":1},"3":{"id":3,"position":[278.6323726177216,-379.9424171447754,2873.309135437012],"positionconfidence":1,"rotation":[0.994510293006897,-0.1046223714947701,-0.001893776003271341,0.1045759245753288,0.993112325668335,0.05283818766474724,-0.003647324163466692,-0.05274616181850433,0.9986013174057007],"rotationconfidence":1},"4":{"id":4,"position":[272.8844881057739,-432.7716827392578,2819.86927986145],"positionconfidence":1,"rotation":[0.992194414138794,-0.1237220242619515,0.01558994967490435,0.07626793533563614,0.7009846568107605,0.709086537361145,-0.09865793585777283,-0.7023626565933228,0.7049490809440613],"rotationconfidence":1},"6":{"id":6,"position":[144.5678472518921,-145.5191373825073,2890.506029129028],"positionconfidence":1,"rotation":[0.2450709491968155,0.9559304714202881,-0.1616696864366531,0.1465940624475479,-0.2013747096061707,-0.9684825539588928,-0.9583582282066345,0.2136471271514893,-0.1894848346710205],"rotationconfidence":1},"7":{"id":7,"position":[84.31421965360641,-380.5460929870606,2930.254459381104],"positionconfidence":1,"rotation":[-0.08446741104125977,0.4217677116394043,0.902760922908783,0.2727908492088318,0.8811736702919006,-0.3861583471298218,-0.9583582282066345,0.2136471271514893,-0.1894848346710205],"rotationconfidence":1},"8":{"id":8,"position":[105.5362671613693,-486.5132868289948,2703.439950942993],"positionconfidence":1,"rotation":[0.2932650148868561,-0.2453370839357376,0.9240158796310425,0,0.9665122032165527,0.2566203773021698,-0.9560311436653137,-0.07525777816772461,0.2834442257881165],"rotationconfidence":1},"9":{"id":9,"position":[88.2759764790535,-472.0738232135773,2649.056434631348],"positionconfidence":0.5,"rotation":[0.2932650148868561,-0.2453370839357376,0.9240158796310425,0,0.9665122032165527,0.2566203773021698,-0.9560311436653137,-0.07525777816772461,0.2834442257881165],"rotationconfidence":0.5},"12":{"id":12,"position":[464.4258916378021,-165.6417846679688,2890.611410140991],"positionconfidence":1,"rotation":[0.1395389437675476,-0.946262001991272,0.291748434305191,-0.2662769556045532,-0.3196359574794769,-0.9093565940856934,0.9537428617477417,0.04920477792620659,-0.2965694069862366],"rotationconfidence":1},"13":{"id":13,"position":[498.1946647167206,-394.6395516395569,2961.215257644653],"positionconfidence":1,"rotation":[-0.254471629858017,-0.3931022584438324,-0.88358074426651,-0.1600584983825684,0.9181773066520691,-0.3623972535133362,0.9537428617477417,0.04920477792620659,-0.2965694069862366],"rotationconfidence":1},"14":{"id":14,"position":[429.4592142105103,-500.8205771446228,2722.550868988037],"positionconfidence":1,"rotation":[-0.3881410658359528,0.2184497117996216,-0.8953357934951782,0,-0.9715015888214111,-0.2370331287384033,-0.9215999841690063,-0.09200228750705719,0.3770796656608582],"rotationconfidence":1},"15":{"id":15,"position":[406.6539108753204,-487.9855215549469,2669.945240020752],"positionconfidence":1,"rotation":[-0.3881410658359528,0.2184497117996216,-0.8953357934951782,0,-0.9715015888214111,-0.2370331287384033,-0.9215999841690063,-0.09200228750705719,0.3770796656608582],"rotationconfidence":1},"17":{"id":17,"position":[189.2224848270416,-495.0308501720429,2802.806377410889],"positionconfidence":1,"rotation":[0.9262996912002563,-0.3542588651180267,-0.128334254026413,0.3677732050418854,0.7760201096534729,0.512382447719574,-0.08192605525255203,-0.5218175649642944,0.8491140007972717],"rotationconfidence":1},"18":{"id":18,"position":[58.49480628967285,-770.8728909492493,2620.676279067993],"positionconfidence":1,"rotation":[0.8427066802978516,-0.5383730530738831,0,0.4844360649585724,0.7582799792289734,0.436271995306015,-0.2348770797252655,-0.3676493167877197,0.8998149037361145],"rotationconfidence":1},"19":{"id":19,"position":[-58.72615054249764,-954.3569684028625,2515.109777450562],"positionconfidence":1,"rotation":[0.9988710284233093,-0.04750404879450798,0,-0.01088282652199268,-0.2288339734077454,-0.9734046459197998,0.0462406650185585,0.9723057150840759,-0.229092612862587],"rotationconfidence":1},"20":{"id":20,"position":[-62.03682348132134,-1023.970723152161,2531.512022018433],"positionconfidence":1,"rotation":[0.9988710284233093,-0.04750404879450798,0,-0.01088282652199268,-0.2288339734077454,-0.9734046459197998,0.0462406650185585,0.9723057150840759,-0.229092612862587],"rotationconfidence":1},"21":{"id":21,"position":[343.527615070343,-512.5983953475952,2806.898355484009],"positionconfidence":1,"rotation":[0.9738976955413818,0.1303794980049133,0.1858083158731461,-0.2105872929096222,0.8244819641113281,0.5252452492713928,-0.0847143828868866,-0.550663948059082,0.830417275428772],"rotationconfidence":1},"22":{"id":22,"position":[413.0162000656128,-784.6570014953613,2633.580446243286],"positionconfidence":1,"rotation":[0.9286114573478699,0.3586968779563904,0.09496007114648819,-0.3385370671749115,0.7142525911331177,0.6125649213790894,0.1518996506929398,-0.6009823083877563,0.7846953272819519],"rotationconfidence":1},"23":{"id":23,"position":[511.3819241523743,-992.1910762786865,2455.59287071228],"positionconfidence":0.5,"rotation":[0.7844977378845215,0.6201318502426147,0,-0.5902014970779419,0.7466343641281128,-0.3069193661212921,-0.1903304308652878,0.2407775074243546,0.9517354965209961],"rotationconfidence":0.5},"24":{"id":24,"position":[530.0247669219971,-1015.775203704834,2362.370491027832],"positionconfidence":0.5,"rotation":[0.7844977378845215,0.6201318502426147,0,-0.5902014970779419,0.7466343641281128,-0.3069193661212921,-0.1903304308652878,0.2407775074243546,0.9517354965209961],"rotationconfidence":0.5}},"skeletonTracked":true,"frameCount":1},{"position":[245.1342046260834,-481.2045097351074,2663.717746734619],"positionTracked":true,"id":4301,"skeleton":{"1":{"id":1,"position":[325.8998692035675,126.4475882053375,2853.832721710205],"positionconfidence":1,"rotation":[0.997439444065094,-0.07151640951633453,0,0.07026376575231552,0.9799688458442688,-0.1863434910774231,0.0133266169577837,0.1858663409948349,0.9824845790863037],"rotationconfidence":1},"2":{"id":2,"position":[312.4259114265442,-61.47371605038643,2889.566421508789],"positionconfidence":1,"rotation":[0.9975203275680542,-0.06977987289428711,0.009162839502096176,0.07026376575231552,0.9799688458442688,-0.1863434910774231,0.004023728426545858,0.1865252703428268,0.9824420213699341],"rotationconfidence":1},"3":{"id":3,"position":[278.6783277988434,-380.4544508457184,2873.032331466675],"positionconfidence":1,"rotation":[0.994403064250946,-0.1055006310343742,0.005683279130607843,0.1050715073943138,0.9931313991546631,0.05147810652852058,-0.01107521541416645,-0.05059283226728439,0.9986580014228821],"rotationconfidence":1},"4":{"id":4,"position":[273.091197013855,-433.3439767360687,2819.677352905273],"positionconfidence":1,"rotation":[0.9917033314704895,-0.126695066690445,0.02174240909516811,0.07416439801454544,0.7020633816719055,0.708241879940033,-0.1049953103065491,-0.700753390789032,0.7056349515914917],"rotationconfidence":1},"6":{"id":6,"position":[145.3480869531632,-146.4584171772003,2888.219833374023],"positionconfidence":1,"rotation":[0.2509876489639282,0.9534260630607605,-0.1672843098640442,0.1446978002786636,-0.2078282088041306,-0.9674037098884583,-0.9571142196655273,0.2186006903648377,-0.1901209503412247],"rotationconfidence":1},"7":{"id":7,"position":[83.74705165624619,-380.462110042572,2929.277181625366],"positionconfidence":1,"rotation":[-0.08591271191835403,0.4125626683235169,0.9068688154220581,0.2766789495944977,0.8843108415603638,-0.3760890066623688,-0.9571142196655273,0.2186006903648377,-0.1901209503412247],"rotationconfidence":1},"8":{"id":8,"position":[105.3673699498177,-484.2853546142578,2701.059579849243],"positionconfidence":1,"rotation":[0.2166299372911453,-0.1165486872196198,0.9692717790603638,0,0.9928482174873352,0.1193835958838463,-0.9762537479400635,-0.02586206048727036,0.2150806486606598],"rotationconfidence":1},"9":{"id":9,"position":[92.53024309873581,-477.3788750171661,2643.622159957886],"positionconfidence":0.5,"rotation":[0.2166299372911453,-0.1165486872196198,0.9692717790603638,0,0.9928482174873352,0.1193835958838463,-0.9762537479400635,-0.02586206048727036,0.2150806486606598],"rotationconfidence":0.5},"12":{"id":12,"position":[465.1120603084564,-166.647419333458,2890.743255615234],"positionconfidence":1,"rotation":[0.1171293258666992,-0.953445315361023,0.2778899669647217,-0.2531235814094544,-0.2992357611656189,-0.9199926853179932,0.9603172540664673,0.03741761296987534,-0.2763887643814087],"rotationconfidence":1},"13":{"id":13,"position":[493.7644302845001,-399.8807966709137,2958.721160888672],"positionconfidence":1,"rotation":[-0.2421437352895737,-0.3799160122871399,-0.8927655220031738,-0.1384096741676331,0.9242639541625977,-0.3557794690132141,0.9603172540664673,0.03741761296987534,-0.2763887643814087],"rotationconfidence":1},"14":{"id":14,"position":[428.7955462932587,-501.8149614334106,2719.185829162598],"positionconfidence":1,"rotation":[-0.3506824672222138,0.222245991230011,-0.9097408652305603,0,-0.9714322686195374,-0.2373169362545013,-0.9364943504333496,-0.0832228884100914,0.340664267539978],"rotationconfidence":1},"15":{"id":15,"position":[407.5941145420075,-488.3784949779511,2664.185047149658],"positionconfidence":1,"rotation":[-0.3506824672222138,0.222245991230011,-0.9097408652305603,0,-0.9714322686195374,-0.2373169362545013,-0.9364943504333496,-0.0832228884100914,0.340664267539978],"rotationconfidence":1},"17":{"id":17,"position":[189.3787235021591,-495.5069720745087,2801.975965499878],"positionconfidence":1,"rotation":[0.9255654811859131,-0.3583788573741913,-0.1220373809337616,0.3680673539638519,0.776350200176239,0.5116705298423767,-0.08862817287445068,-0.5185025930404663,0.8504705429077148],"rotationconfidence":1},"18":{"id":18,"position":[58.79664048552513,-770.9386944770813,2620.446681976318],"positionconfidence":1,"rotation":[0.8420774340629578,-0.539356529712677,0,0.4847318828105927,0.7567939758300781,0.4385178983211517,-0.2365174889564514,-0.3692660331726074,0.8987224102020264],"rotationconfidence":1},"19":{"id":19,"position":[-58.56272578239441,-954.1675448417664,2514.276266098023],"positionconfidence":1,"rotation":[0.9983794093132019,-0.05690724030137062,0,-0.01229617092758417,-0.2157237678766251,-0.976377010345459,0.05556292831897736,0.9747948050498962,-0.2160739302635193],"rotationconfidence":1},"20":{"id":20,"position":[-62.53216415643692,-1023.807287216187,2529.712677001953],"positionconfidence":1,"rotation":[0.9983794093132019,-0.05690724030137062,0,-0.01229617092758417,-0.2157237678766251,-0.976377010345459,0.05556292831897736,0.9747948050498962,-0.2160739302635193],"rotationconfidence":1},"21":{"id":21,"position":[343.6773121356964,-513.4492516517639,2807.116746902466],"positionconfidence":1,"rotation":[0.9732179045677185,0.1260454058647156,0.1922480463981628,-0.2107107937335968,0.8234682083129883,0.5267837047576904,-0.09191147983074188,-0.5531840920448303,0.8279731273651123],"rotationconfidence":1},"22":{"id":22,"position":[413.0847454071045,-784.6969366073608,2633.595943450928],"positionconfidence":1,"rotation":[0.9338772296905518,0.3330510854721069,0.1301932632923126,-0.3398895561695099,0.713580846786499,0.6125988960266113,0.1111233085393906,-0.6163434982299805,0.7795974612236023],"rotationconfidence":1},"23":{"id":23,"position":[514.7569179534912,-998.152494430542,2450.347423553467],"positionconfidence":0.5,"rotation":[0.646937906742096,0.762542724609375,0,-0.7376202940940857,0.6257938146591187,-0.2535711526870728,-0.1933588236570358,0.1640447825193405,0.9673166871070862],"rotationconfidence":0.5},"24":{"id":24,"position":[534.9597930908203,-1015.292525291443,2349.278450012207],"positionconfidence":0.5,"rotation":[0.646937906742096,0.762542724609375,0,-0.7376202940940857,0.6257938146591187,-0.2535711526870728,-0.1933588236570358,0.1640447825193405,0.9673166871070862],"rotationconfidence":0.5}},"skeletonTracked":true,"frameCount":2},{"position":[245.3790903091431,-481.2829196453095,2662.78076171875],"positionTracked":true,"id":4301,"skeleton":{"1":{"id":1,"position":[326.8536925315857,125.8825808763504,2852.636098861694],"positionconfidence":1,"rotation":[0.9971417784690857,-0.07555366307497025,0,0.07418756932020187,0.9791123270988464,-0.1893016844987869,0.01430243533104658,0.1887606233358383,0.9819189310073853],"rotationconfidence":1},"2":{"id":2,"position":[312.6153647899628,-62.03195080161095,2888.967514038086],"positionconfidence":1,"rotation":[0.997241199016571,-0.07236509025096893,0.01653101295232773,0.07418756932020187,0.9791123270988464,-0.1893016844987869,-0.002486885292455554,0.1900058537721634,0.9817798733711243],"rotationconfidence":1},"3":{"id":3,"position":[278.6954641342163,-380.8490335941315,2872.734785079956],"positionconfidence":1,"rotation":[0.9942399263381958,-0.106425054371357,0.01266594976186752,0.1056605577468872,0.9931157827377319,0.05056498199701309,-0.01796013675630093,-0.04893543943762779,0.9986403584480286],"rotationconfidence":1},"4":{"id":4,"position":[273.2518911361694,-433.7563812732697,2819.460153579712],"positionconfidence":1,"rotation":[0.991152286529541,-0.1298188120126724,0.02764841541647911,0.07231147587299347,0.7028120160102844,0.707690954208374,-0.1113032177090645,-0.6994301080703735,0.7059810161590576],"rotationconfidence":1},"6":{"id":6,"position":[145.9316611289978,-147.1877694129944,2886.206150054932],"positionconfidence":1,"rotation":[0.2562792003154755,0.9513211846351624,-0.1711986362934113,0.1455409973859787,-0.2130723297595978,-0.966135561466217,-0.9555829167366028,0.2226840257644653,-0.1930622458457947],"rotationconfidence":1},"7":{"id":7,"position":[83.11060070991516,-380.3826868534088,2928.171634674072],"positionconfidence":1,"rotation":[-0.08807460218667984,0.409365177154541,0.9081096053123474,0.2812544703483582,0.8847779035568237,-0.3715695738792419,-0.9555829167366028,0.2226840257644653,-0.1930622458457947],"rotationconfidence":1},"8":{"id":8,"position":[105.3189113736153,-483.6055040359497,2699.188709259033],"positionconfidence":1,"rotation":[0.1489239037036896,-0.001824895618483424,0.9888469576835632,0,0.9999982118606567,0.001845475053414702,-0.9888485670089722,-0.0002748353581409901,0.1489236354827881],"rotationconfidence":1},"9":{"id":9,"position":[96.27889841794968,-483.4947288036346,2639.163494110107],"positionconfidence":0.5,"rotation":[0.1489239037036896,-0.001824895618483424,0.9888469576835632,0,0.9999982118606567,0.001845475053414702,-0.9888485670089722,-0.0002748353581409901,0.1489236354827881],"rotationconfidence":0.5},"12":{"id":12,"position":[465.8929407596588,-167.5721108913422,2890.961647033691],"positionconfidence":1,"rotation":[0.1034438461065292,-0.9573997855186462,0.269601434469223,-0.2475625276565552,-0.2873084545135498,-0.9252927303314209,0.9633339047431946,0.02897262386977673,-0.266736626625061],"rotationconfidence":1},"13":{"id":13,"position":[491.3012087345123,-402.732253074646,2957.182168960571],"positionconfidence":1,"rotation":[-0.237080529332161,-0.3735459744930267,-0.8968033790588379,-0.1256211400032044,0.9271591901779175,-0.3529806435108185,0.9633339047431946,0.02897262386977673,-0.266736626625061],"rotationconfidence":1},"14":{"id":14,"position":[427.6153147220612,-503.0762553215027,2716.277837753296],"positionconfidence":1,"rotation":[-0.2343542873859406,0.2917842864990234,-0.927329421043396,0,-0.953894317150116,-0.300142914056778,-0.9721512794494629,-0.07033977657556534,0.2235492169857025],"rotationconfidence":1},"15":{"id":15,"position":[413.186639547348,-485.1117432117462,2659.184217453003],"positionconfidence":1,"rotation":[-0.2343542873859406,0.2917842864990234,-0.927329421043396,0,-0.953894317150116,-0.300142914056778,-0.9721512794494629,-0.07033977657556534,0.2235492169857025],"rotationconfidence":1},"17":{"id":17,"position":[189.4315183162689,-495.8589375019074,2800.981760025024],"positionconfidence":1,"rotation":[0.9249007701873779,-0.3622875213623047,-0.1153525933623314,0.368044376373291,0.7769817113876343,0.5107276439666748,-0.09540341049432755,-0.514827311038971,0.8519688844680786],"rotationconfidence":1},"18":{"id":18,"position":[59.11580845713615,-770.969569683075,2620.145320892334],"positionconfidence":1,"rotation":[0.8413302302360535,-0.540521502494812,0,0.4850034713745117,0.7549155354499817,0.4414456188678742,-0.2386108487844467,-0.3714015483856201,0.8972880840301514],"rotationconfidence":1},"19":{"id":19,"position":[-58.40989202260971,-953.900158405304,2513.174533843994],"positionconfidence":1,"rotation":[0.9979611039161682,-0.06382483243942261,0,-0.01325087621808052,-0.2071898728609085,-0.978210985660553,0.06243415921926498,0.9762165546417236,-0.2076131701469421],"rotationconfidence":1},"20":{"id":20,"position":[-62.86685913801193,-1023.589015007019,2527.995347976685],"positionconfidence":1,"rotation":[0.9979611039161682,-0.06382483243942261,0,-0.01325087621808052,-0.2071898728609085,-0.978210985660553,0.06243415921926498,0.9762165546417236,-0.2076131701469421],"rotationconfidence":1},"21":{"id":21,"position":[343.7808156013489,-514.10311460495,2807.241201400757],"positionconfidence":1,"rotation":[0.9724781513214111,0.121795579791069,0.1986256539821625,-0.2108599543571472,0.8227192163467407,0.5278931856155396,-0.09911807626485825,-0.5552467703819275,0.8257582187652588],"rotationconfidence":1},"22":{"id":22,"position":[413.1437838077545,-784.7388982772827,2633.589267730713],"positionconfidence":1,"rotation":[0.9356975555419922,0.3209447860717773,0.1465077847242355,-0.3405596315860748,0.7132132649421692,0.6126549243927002,0.09213710576295853,-0.62315434217453,0.7766527533531189],"rotationconfidence":1},"23":{"id":23,"position":[516.9792771339417,-1002.195239067078,2446.792840957642],"positionconfidence":0.5,"rotation":[0.5213069915771484,0.8533691763877869,0,-0.8312695026397705,0.5078067183494568,-0.2261044681072235,-0.1929505914449692,0.1178698465228081,0.9741030335426331],"rotationconfidence":0.5},"24":{"id":24,"position":[537.9288792610168,-1014.992952346802,2341.029644012451],"positionconfidence":0.5,"rotation":[0.5213069915771484,0.8533691763877869,0,-0.8312695026397705,0.5078067183494568,-0.2261044681072235,-0.1929505914449692,0.1178698465228081,0.9741030335426331],"rotationconfidence":0.5}},"skeletonTracked":true,"frameCount":3},{"position":[242.1689778566361,-482.7357530593872,2663.005352020264],"positionTracked":true,"id":4301,"skeleton":{"1":{"id":1,"position":[328.0225992202759,125.1659393310547,2851.399183273315],"positionconfidence":1,"rotation":[0.996715784072876,-0.08097988367080688,0,0.07945156842470169,0.9779049754142761,-0.1933630853891373,0.01565852016210556,0.1927280426025391,0.9811273217201233],"rotationconfidence":1},"2":{"id":2,"position":[312.7768635749817,-62.48146295547485,2888.503074645996],"positionconfidence":1,"rotation":[0.9968048334121704,-0.07633902877569199,0.02350701950490475,0.07945156842470169,0.9779049754142761,-0.1933630853891373,-0.008226481266319752,0.1946129351854324,0.9808456897735596],"rotationconfidence":1},"3":{"id":3,"position":[278.7209153175354,-381.230354309082,2872.395992279053],"positionconfidence":1,"rotation":[0.9940629005432129,-0.1071612313389778,0.01885933801531792,0.1061040610074997,0.9930879473686218,0.05018291622400284,-0.02410664223134518,-0.04788391664624214,0.9985620379447937],"rotationconfidence":1},"4":{"id":4,"position":[273.4331786632538,-434.1478645801544,2819.176912307739],"positionconfidence":1,"rotation":[0.9904041290283203,-0.1337919682264328,0.03462934121489525,0.07028176635503769,0.7033511996269226,0.7073595523834229,-0.1189956218004227,-0.6981379985809326,0.7060050964355469],"rotationconfidence":1},"6":{"id":6,"position":[146.3475227355957,-147.837907075882,2884.403467178345],"positionconfidence":1,"rotation":[0.2623352408409119,0.9494969248771667,-0.172150731086731,0.1429459452629089,-0.2146680057048798,-0.9661698937416077,-0.954330563545227,0.2288521379232407,-0.1920417100191116],"rotationconfidence":1},"7":{"id":7,"position":[82.11421221494675,-380.324125289917,2926.554918289185],"positionconfidence":1,"rotation":[-0.08756934106349945,0.4002968370914459,0.9121918678283691,0.2856307625770569,0.887349545955658,-0.3619750738143921,-0.954330563545227,0.2288521379232407,-0.1920417100191116],"rotationconfidence":1},"8":{"id":8,"position":[104.7371625900269,-483.738124370575,2690.896272659302],"positionconfidence":1,"rotation":[0.09516654908657074,0.08689765632152557,0.9916612505912781,0,0.9961826205253601,-0.08729385584592819,-0.9954613447189331,0.008307455107569695,0.09480325877666473],"rotationconfidence":1},"9":{"id":9,"position":[99.08461570739746,-488.8995289802551,2631.99520111084],"positionconfidence":0.5,"rotation":[0.09516654908657074,0.08689765632152557,0.9916612505912781,0,0.9961826205253601,-0.08729385584592819,-0.9954613447189331,0.008307455107569695,0.09480325877666473],"rotationconfidence":0.5},"12":{"id":12,"position":[466.5023386478424,-168.3106422424316,2891.150712966919],"positionconfidence":1,"rotation":[0.09417213499546051,-0.9597881436347961,0.2644585371017456,-0.2466403841972351,-0.2798502147197723,-0.9278212785720825,0.9645206332206726,0.02214875444769859,-0.2630766034126282],"rotationconfidence":1},"13":{"id":13,"position":[489.6482229232788,-404.2100012302399,2956.150054931641],"positionconfidence":0.5,"rotation":[-0.2362328320741653,-0.372495174407959,-0.897463858127594,-0.1178724691271782,0.9277697205543518,-0.354047030210495,0.9645206332206726,0.02214875444769859,-0.2630766034126282],"rotationconfidence":0.5},"14":{"id":14,"position":[425.8126318454742,-504.8668384552002,2713.634490966797],"positionconfidence":1,"rotation":[-0.113830141723156,0.383426308631897,-0.9165298342704773,0,-0.9225260019302368,-0.3859347999095917,-0.9935001730918884,-0.04393101111054421,0.1050112619996071],"rotationconfidence":1},"15":{"id":15,"position":[418.7936186790466,-481.2239408493042,2657.119274139404],"positionconfidence":1,"rotation":[-0.113830141723156,0.383426308631897,-0.9165298342704773,0,-0.9225260019302368,-0.3859347999095917,-0.9935001730918884,-0.04393101111054421,0.1050112619996071],"rotationconfidence":1},"17":{"id":17,"position":[189.5996183156967,-496.2379336357117,2799.546241760254],"positionconfidence":1,"rotation":[0.9238345623016357,-0.3675498068332672,-0.1069420948624611,0.3684149384498596,0.7778879404067993,0.5090782642364502,-0.1039226651191711,-0.5097032189369202,0.8540506958961487],"rotationconfidence":1},"18":{"id":18,"position":[59.47544053196907,-770.9879875183105,2619.739770889282],"positionconfidence":1,"rotation":[0.840627908706665,-0.541612982749939,0,0.4850044846534729,0.7527668476104736,0.4450986087322235,-0.2410711795091629,-0.3741623163223267,0.895481526851654],"rotationconfidence":1},"19":{"id":19,"position":[-58.18358436226845,-953.6044597625732,2511.761665344238],"positionconfidence":1,"rotation":[0.9975101351737976,-0.07052405923604965,0,-0.01449980307370424,-0.205088883638382,-0.9786359667778015,0.06901737302541733,0.976199209690094,-0.2056007981300354],"rotationconfidence":1},"20":{"id":20,"position":[-63.1147101521492,-1023.351550102234,2526.451349258423],"positionconfidence":1,"rotation":[0.9975101351737976,-0.07052405923604965,0,-0.01449980307370424,-0.205088883638382,-0.9786359667778015,0.06901737302541733,0.976199209690094,-0.2056007981300354],"rotationconfidence":1},"21":{"id":21,"position":[343.8953459262848,-514.6824717521667,2807.313442230225],"positionconfidence":1,"rotation":[0.97149658203125,0.1165289208292961,0.2064351886510849,-0.2109876722097397,0.8220451474189758,0.5288912653923035,-0.1080679148435593,-0.5573713183403015,0.8232002258300781],"rotationconfidence":1},"22":{"id":22,"position":[413.2225215435028,-784.7933769226074,2633.528232574463],"positionconfidence":1,"rotation":[0.9366568922996521,0.3130783438682556,0.1570216119289398,-0.3410430252552033,0.7131431102752686,0.6124675869941711,0.07977145910263062,-0.6272231340408325,0.7747436165809631],"rotationconfidence":1},"23":{"id":23,"position":[518.5539126396179,-1005.048155784607,2444.367170333862],"positionconfidence":0.5,"rotation":[0.412185400724411,0.9110999703407288,0,-0.8904184699058533,0.4028290212154388,-0.2118575870990753,-0.1930234432220459,0.0873246043920517,0.9773005247116089],"rotationconfidence":0.5},"24":{"id":24,"position":[540.1036143302917,-1014.797329902649,2335.258483886719],"positionconfidence":0.5,"rotation":[0.412185400724411,0.9110999703407288,0,-0.8904184699058533,0.4028290212154388,-0.2118575870990753,-0.1930234432220459,0.0873246043920517,0.9773005247116089],"rotationconfidence":0.5}},"skeletonTracked":true,"frameCount":4},{"position":[242.9297417402268,-482.2899997234345,2656.160593032837],"positionTracked":true,"id":4301,"skeleton":{"1":{"id":1,"position":[328.8730382919312,124.4075447320938,2850.02064704895],"positionconfidence":1,"rotation":[0.996383786201477,-0.08496757596731186,0,0.08327902853488922,0.9765828251838684,-0.1983698755502701,0.01685500703752041,0.1976525336503983,0.9801273345947266],"rotationconfidence":1},"2":{"id":2,"position":[312.896728515625,-62.940813601017,2888.076066970825],"positionconfidence":1,"rotation":[0.9963990449905396,-0.0784209594130516,0.03223562240600586,0.08327902853488922,0.9765828251838684,-0.1983698755502701,-0.01592439971864224,0.2003400921821594,0.9795969724655151],"rotationconfidence":1},"3":{"id":3,"position":[278.6975502967835,-381.6781640052795,2871.841907501221],"positionconfidence":1,"rotation":[0.993782639503479,-0.1080055758357048,0.0270333793014288,0.1065469160676003,0.9930204749107361,0.05057723075151444,-0.03230732306838036,-0.04738245531916618,0.9983541965484619],"rotationconfidence":1},"4":{"id":4,"position":[273.658812046051,-434.5795512199402,2818.648099899292],"positionconfidence":1,"rotation":[0.9892550110816956,-0.1391923576593399,0.0447208471596241,0.0670134574174881,0.7035700082778931,0.7074590921401978,-0.129937157034874,-0.6968606114387512,0.7053380012512207],"rotationconfidence":1},"6":{"id":6,"position":[146.5380936861038,-148.6276239156723,2882.062435150147],"positionconfidence":1,"rotation":[0.2698713839054108,0.9478116035461426,-0.1697721928358078,0.1449083238840103,-0.2142833322286606,-0.965962827205658,-0.9519301056861877,0.2360843271017075,-0.1951747387647629],"rotationconfidence":1},"7":{"id":7,"position":[80.57373017072678,-380.3001642227173,2923.559665679932],"positionconfidence":1,"rotation":[-0.08920247852802277,0.3958993852138519,0.9139510989189148,0.293039083480835,0.8874276280403137,-0.3558092415332794,-0.9519301056861877,0.2360843271017075,-0.1951747387647629],"rotationconfidence":1},"8":{"id":8,"position":[103.9501130580902,-484.0494692325592,2684.049844741821],"positionconfidence":1,"rotation":[0.05381897464394569,0.1494192481040955,0.987308144569397,0,0.9887411594390869,-0.1496361196041107,-0.9985507130622864,0.00805326271802187,0.05321303382515907],"rotationconfidence":1},"9":{"id":9,"position":[100.7968634366989,-492.8039312362671,2626.203536987305],"positionconfidence":0.5,"rotation":[0.05381897464394569,0.1494192481040955,0.987308144569397,0,0.9887411594390869,-0.1496361196041107,-0.9985507130622864,0.00805326271802187,0.05321303382515907],"rotationconfidence":0.5},"12":{"id":12,"position":[467.1452641487122,-169.1187620162964,2891.464948654175],"positionconfidence":1,"rotation":[0.08563422411680222,-0.9616501331329346,0.2605680823326111,-0.2448380589485169,-0.2738205492496491,-0.9300948977470398,0.9657748341560364,0.01585097797214985,-0.2588969767093658],"rotationconfidence":1},"13":{"id":13,"position":[488.138347864151,-404.8656523227692,2955.342769622803],"positionconfidence":0.5,"rotation":[-0.2343197613954544,-0.3747273981571198,-0.8970361351966858,-0.111234687268734,0.9269996285438538,-0.3581880927085877,0.9657748341560364,0.01585097797214985,-0.2588969767093658],"rotationconfidence":0.5},"14":{"id":14,"position":[423.8247573375702,-507.7168345451355,2709.133863449097],"positionconfidence":1,"rotation":[0.07893509417772293,0.5796299576759338,-0.8110476136207581,0,-0.8135862946510315,-0.581444263458252,-0.9968797564506531,0.04589635878801346,-0.06422051042318344],"rotationconfidence":1},"15":{"id":15,"position":[428.5880625247955,-472.7393090724945,2660.191535949707],"positionconfidence":1,"rotation":[0.07893509417772293,0.5796299576759338,-0.8110476136207581,0,-0.8135862946510315,-0.581444263458252,-0.9968797564506531,0.04589635878801346,-0.06422051042318344],"rotationconfidence":1},"17":{"id":17,"position":[189.7040158510208,-496.6561198234558,2797.339677810669],"positionconfidence":1,"rotation":[0.922295093536377,-0.3747074604034424,-0.09469053894281387,0.3686203062534332,0.7792186141014099,0.5068899989128113,-0.1161508336663246,-0.5024070143699646,0.8567942380905151],"rotationconfidence":1},"18":{"id":18,"position":[59.94028225541115,-770.9609270095825,2618.901491165161],"positionconfidence":1,"rotation":[0.8390556573867798,-0.544045627117157,0,0.4858177602291107,0.7492536306381226,0.4501112103462219,-0.2448810338973999,-0.3776683509349823,0.8929725289344788],"rotationconfidence":1},"19":{"id":19,"position":[-58.07444825768471,-952.9694318771362,2509.560585021973],"positionconfidence":1,"rotation":[0.9971952438354492,-0.07484511286020279,0,-0.01536828372627497,-0.2047585844993591,-0.9786919951438904,0.07325030118227005,0.975946843624115,-0.2053344994783402],"rotationconfidence":1},"20":{"id":20,"position":[-63.31709027290344,-1022.819519042969,2524.256706237793],"positionconfidence":1,"rotation":[0.9971952438354492,-0.07484511286020279,0,-0.01536828372627497,-0.2047585844993591,-0.9786919951438904,0.07325030118227005,0.975946843624115,-0.2053344994783402],"rotationconfidence":1},"21":{"id":21,"position":[344.1967666149139,-515.3734087944031,2807.307958602905],"positionconfidence":1,"rotation":[0.9701048731803894,0.1084690690040588,0.2170967012643814,-0.2105138301849365,0.8212018609046936,0.5303879976272583,-0.1207495257258415,-0.5602338314056396,0.819486141204834],"rotationconfidence":1},"22":{"id":22,"position":[413.2800698280335,-784.8632335662842,2633.25309753418],"positionconfidence":1,"rotation":[0.9372044801712036,0.3071417510509491,0.1652624160051346,-0.3416507840156555,0.7131320834159851,0.6121416687965393,0.07016032934188843,-0.6301639676094055,0.7732858061790466],"rotationconfidence":1},"23":{"id":23,"position":[519.7103023529053,-1007.01642036438,2442.560195922852],"positionconfidence":0.5,"rotation":[0.3270440697669983,0.9450091123580933,0,-0.9247496128082275,0.3200327754020691,-0.2059548944234848,-0.1946292370557785,0.06735632568597794,0.9785615801811218],"rotationconfidence":0.5},"24":{"id":24,"position":[541.7385697364807,-1014.639854431152,2331.805944442749],"positionconfidence":0.5,"rotation":[0.3270440697669983,0.9450091123580933,0,-0.9247496128082275,0.3200327754020691,-0.2059548944234848,-0.1946292370557785,0.06735632568597794,0.9785615801811218],"rotationconfidence":0.5}},"skeletonTracked":true,"frameCount":5},{"position":[245.2700585126877,-484.2349886894226,2652.397632598877],"positionTracked":true,"id":4301,"skeleton":{"1":{"id":1,"position":[329.3009698390961,123.8728761672974,2848.769664764404],"positionconfidence":1,"rotation":[0.9962019324302673,-0.08707267791032791,0,0.08526536077260971,0.9755244255065918,-0.2026868015527725,0.0176484826952219,0.201916977763176,0.9792435765266418],"rotationconfidence":1},"2":{"id":2,"position":[312.9352331161499,-63.36816400289536,2887.673139572144],"positionconfidence":1,"rotation":[0.9961110353469849,-0.0789288729429245,0.03915755078196526,0.08526536077260971,0.9755244255065918,-0.2026868015527725,-0.022201307117939,0.2052373290061951,0.9784604907035828],"rotationconfidence":1},"3":{"id":3,"position":[278.4170806407929,-382.2101354598999,2870.751619338989],"positionconfidence":1,"rotation":[0.9934417605400085,-0.1093277558684349,0.0334782600402832,0.1074825748801231,0.9928096532821655,0.05269020795822144,-0.03899805247783661,-0.04874633252620697,0.9980496168136597],"rotationconfidence":1},"4":{"id":4,"position":[273.6295163631439,-434.9938035011292,2817.511081695557],"positionconfidence":1,"rotation":[0.9881339073181152,-0.1438712626695633,0.05378041416406632,0.06372895836830139,0.7026220560073853,0.7087036371231079,-0.1397493928670883,-0.6968667507171631,0.7034534215927124],"rotationconfidence":1},"6":{"id":6,"position":[146.4751958847046,-149.2449790239334,2879.9889087677],"positionconfidence":1,"rotation":[0.2752833962440491,0.9465089440345764,-0.1683444976806641,0.1423141956329346,-0.213302493095398,-0.9665654301643372,-0.950771152973175,0.2421216070652008,-0.1934202909469605],"rotationconfidence":1},"7":{"id":7,"position":[79.27855104207993,-380.2877068519592,2921.081781387329],"positionconfidence":1,"rotation":[-0.08650629967451096,0.3919758200645447,0.9158993363380432,0.2975750863552094,0.887542724609375,-0.3517342507839203,-0.950771152973175,0.2421216070652008,-0.1934202909469605],"rotationconfidence":1},"8":{"id":8,"position":[102.4749130010605,-485.3946566581726,2675.486564636231],"positionconfidence":1,"rotation":[0.01594685204327107,0.1940756291151047,0.9808569550514221,0,0.9809817671775818,-0.1941003203392029,-0.9998729228973389,0.003095288993790746,0.01564357057213783],"rotationconfidence":1},"9":{"id":9,"position":[101.5671119093895,-496.4427351951599,2619.649648666382],"positionconfidence":0.5,"rotation":[0.01594685204327107,0.1940756291151047,0.9808569550514221,0,0.9809817671775818,-0.1941003203392029,-0.9998729228973389,0.003095288993790746,0.01564357057213783],"rotationconfidence":0.5},"12":{"id":12,"position":[467.4612283706665,-169.5820540189743,2891.53790473938],"positionconfidence":1,"rotation":[0.08350725471973419,-0.9646686315536499,0.2498818039894104,-0.2507876455783844,-0.2630313038825989,-0.931622326374054,0.9644336104393005,0.01512994524091482,-0.2638920247554779],"rotationconfidence":1},"13":{"id":13,"position":[486.8200421333313,-393.2134211063385,2949.465990066528],"positionconfidence":1,"rotation":[-0.2362718284130096,-0.3982518017292023,-0.8863246440887451,-0.1185055151581764,0.9171515107154846,-0.3805126547813416,0.9644336104393005,0.01512994524091482,-0.2638920247554779],"rotationconfidence":1},"14":{"id":14,"position":[421.5805530548096,-503.1788945198059,2704.733610153198],"positionconfidence":1,"rotation":[0.16086745262146,0.5333079695701599,-0.8304843306541443,0,-0.8414433598518372,-0.5403454303741455,-0.9869760274887085,0.0869239941239357,-0.1353608518838882],"rotationconfidence":1},"15":{"id":15,"position":[431.331604719162,-470.8521962165833,2654.393434524536],"positionconfidence":1,"rotation":[0.16086745262146,0.5333079695701599,-0.8304843306541443,0,-0.8414433598518372,-0.5403454303741455,-0.9869760274887085,0.0869239941239357,-0.1353608518838882],"rotationconfidence":1},"17":{"id":17,"position":[189.4659698009491,-496.9260394573212,2794.678688049316],"positionconfidence":1,"rotation":[0.9209888577461243,-0.38060262799263,-0.08319215476512909,0.3683990836143494,0.7813448905944824,0.5037679076194763,-0.1267336457967758,-0.4946126341819763,0.8598237633705139],"rotationconfidence":1},"18":{"id":18,"position":[60.31576544046402,-770.8432674407959,2618.072032928467],"positionconfidence":1,"rotation":[0.837375819683075,-0.5466275811195374,0,0.486853301525116,0.7458078265190125,0.4546916484832764,-0.2485470026731491,-0.3807477951049805,0.8906489014625549],"rotationconfidence":1},"19":{"id":19,"position":[-58.09962749481201,-952.2431492805481,2507.479190826416],"positionconfidence":1,"rotation":[0.9966216087341309,-0.08213069289922714,0,-0.01672402955591679,-0.2029391080141068,-0.9790485501289368,0.0804099291563034,0.9757408499717712,-0.2036270350217819],"rotationconfidence":1},"20":{"id":20,"position":[-63.86002153158188,-1022.143125534058,2522.066593170166],"positionconfidence":1,"rotation":[0.9966216087341309,-0.08213069289922714,0,-0.01672402955591679,-0.2029391080141068,-0.9790485501289368,0.0804099291563034,0.9757408499717712,-0.2036270350217819],"rotationconfidence":1},"21":{"id":21,"position":[344.0833687782288,-516.0088539123535,2806.491136550903],"positionconfidence":1,"rotation":[0.9685221910476685,0.1025280505418778,0.2268321663141251,-0.2112044990062714,0.8207462430000305,0.5308185815811157,-0.1317478567361832,-0.5620174407958984,0.8165652751922607],"rotationconfidence":1},"22":{"id":22,"position":[413.3040904998779,-785.0024104118347,2632.519245147705],"positionconfidence":1,"rotation":[0.9373289942741394,0.3037293255329132,0.1707712858915329,-0.3425453901290894,0.7133980989456177,0.6113312244415283,0.06385131180286407,-0.631515383720398,0.7727298140525818],"rotationconfidence":1},"23":{"id":23,"position":[520.5941200256348,-1008.448719978333,2441.041707992554],"positionconfidence":0.5,"rotation":[0.2604927122592926,0.9654757976531982,0,-0.9454736113548279,0.2550959587097168,-0.2024986296892166,-0.1955075263977051,0.05274941399693489,0.979282557964325],"rotationconfidence":0.5},"24":{"id":24,"position":[542.7590012550354,-1014.428973197937,2330.019474029541],"positionconfidence":0.5,"rotation":[0.2604927122592926,0.9654757976531982,0,-0.9454736113548279,0.2550959587097168,-0.2024986296892166,-0.1955075263977051,0.05274941399693489,0.979282557964325],"rotationconfidence":0.5}},"skeletonTracked":true,"frameCount":6},{"position":[254.6082139015198,-453.5237848758698,2644.119024276733],"positionTracked":true,"id":4301,"skeleton":{"1":{"id":1,"position":[240.0863766670227,159.5186442136765,2845.253944396973],"positionconfidence":1,"rotation":[0.9651878476142883,0.2615575790405273,0,-0.2560392618179321,0.9448244571685791,-0.2043296843767166,-0.05344397574663162,0.1972165256738663,0.9789021015167236],"rotationconfidence":1},"2":{"id":2,"position":[291.6972041130066,-30.93328326940537,2886.441469192505],"positionconfidence":1,"rotation":[0.9430166482925415,0.1976615488529205,-0.2676743566989899,-0.2560392618179321,0.9448244571685791,-0.2043296843767166,0.2125171720981598,0.2612214386463165,0.9415943026542664],"rotationconfidence":1},"3":{"id":3,"position":[279.8146605491638,-363.0363345146179,2859.569072723389],"positionconfidence":1,"rotation":[0.9768555760383606,-0.01770305819809437,-0.213166281580925,0.03564047068357468,0.9961090683937073,0.08060099929571152,0.210909977555275,-0.08633287996053696,0.973685622215271],"rotationconfidence":1},"4":{"id":4,"position":[267.5134837627411,-415.5426323413849,2806.526184082031],"positionconfidence":1,"rotation":[0.9766385555267334,-0.01206407230347395,-0.2145502418279648,0.1626227051019669,0.6941381096839905,0.7012318968772888,0.1404677778482437,-0.7197408080101013,0.6798838973045349],"rotationconfidence":1},"6":{"id":6,"position":[131.4920336008072,-123.5045567154884,2910.132169723511],"positionconfidence":1,"rotation":[0.1094886660575867,0.9653077125549316,-0.2370514422655106,-0.03079959191381931,-0.2350759655237198,-0.9714889526367188,-0.9935107231140137,0.1136680990457535,0.00399292865768075],"rotationconfidence":1},"7":{"id":7,"position":[107.9166382551193,-331.3572108745575,2961.174726486206],"positionconfidence":0.5,"rotation":[0.06443191319704056,0.5335401296615601,0.8433168530464172,0.09372783452272415,0.8381016254425049,-0.5374016761779785,-0.9935107231140137,0.1136680990457535,0.00399292865768075],"rotationconfidence":0.5},"8":{"id":8,"position":[90.5764251