{"motiondata":[{"position":[295.2295243740082,-513.4754180908203,2557.126522064209],"positionTracked":true,"id":4791,"skeleton":{"1":{"id":1,"position":[374.4777143001556,60.08664518594742,2769.636392593384],"positionconfidence":1,"rotation":[0.9956619143486023,-0.0930444747209549,0,0.09290658682584763,0.9941864013671875,-0.05442065745592117,0.005063541699200869,0.05418457463383675,0.9985179901123047],"rotationconfidence":1},"2":{"id":2,"position":[356.6979765892029,-130.172997713089,2780.050992965698],"positionconfidence":1,"rotation":[0.9940302968025208,-0.095754474401474,-0.05229320004582405,0.09290658682584763,0.9941864013671875,-0.05442065745592117,0.05720021948218346,0.04923740774393082,0.997147798538208],"rotationconfidence":1},"3":{"id":3,"position":[345.3839421272278,-446.869969367981,2757.319450378418],"positionconfidence":1,"rotation":[0.9980689287185669,-0.0318274050951004,-0.05334190279245377,0.03561083599925041,0.9968013167381287,0.07154735922813416,0.0508941113948822,-0.07330875098705292,0.9960098266601562],"rotationconfidence":1},"4":{"id":4,"position":[341.1765992641449,-496.1093366146088,2701.479196548462],"positionconfidence":1,"rotation":[0.9981853365898132,-0.05311104655265808,-0.02837654948234558,0.05642308294773102,0.6603305339813232,0.7488524913787842,-0.02103443630039692,-0.7490946650505066,0.6621289253234863],"rotationconfidence":1},"6":{"id":6,"position":[191.4701610803604,-211.8129730224609,2782.912015914917],"positionconfidence":1,"rotation":[0.2049966156482697,0.9685032963752747,-0.1413423269987106,-0.0007283026352524757,-0.1442582160234451,-0.9895398020744324,-0.9787624478340149,0.2029552757740021,-0.0288670863956213],"rotationconfidence":1},"7":{"id":7,"position":[137.312263250351,-467.6811099052429,2820.253133773804],"positionconfidence":1,"rotation":[0.1095775738358498,0.636975884437561,0.7630558609962463,0.1732538491487503,0.7436872124671936,-0.6456874012947083,-0.9787624478340149,0.2029552757740021,-0.0288670863956213],"rotationconfidence":1},"8":{"id":8,"position":[114.0166819095612,-603.0986309051514,2658.031702041626],"positionconfidence":1,"rotation":[0.02368451096117497,0.1147496849298477,0.9931120276451111,0,0.993390679359436,-0.1147818863391876,-0.9997194409370422,0.002718552947044373,0.02352797240018845],"rotationconfidence":1},"9":{"id":9,"position":[112.0199263095856,-612.7727627754211,2574.306011199951],"positionconfidence":1,"rotation":[0.02368451096117497,0.1147496849298477,0.9931120276451111,0,0.993390679359436,-0.1147818863391876,-0.9997194409370422,0.002718552947044373,0.02352797240018845],"rotationconfidence":1},"12":{"id":12,"position":[514.7269368171692,-228.2828241586685,2765.182018280029],"positionconfidence":1,"rotation":[0.1305911988019943,-0.9651290774345398,0.2268738150596619,-0.216558501124382,-0.251075804233551,-0.9434316158294678,0.967495858669281,0.07407241314649582,-0.2417952120304108],"rotationconfidence":1},"13":{"id":13,"position":[550.0249862670898,-489.151656627655,2826.504707336426],"positionconfidence":1,"rotation":[-0.1853824257850647,-0.442585825920105,-0.8773545622825623,-0.1720028966665268,0.8936614990234375,-0.4144682288169861,0.967495858669281,0.07407241314649582,-0.2417952120304108],"rotationconfidence":1},"14":{"id":14,"position":[504.7947764396668,-597.1351861953735,2612.444877624512],"positionconfidence":1,"rotation":[0.4533965289592743,-0.6167711019515991,-0.6434476971626282,0,-0.72191321849823,0.6919835209846497,-0.8913088440895081,-0.3137429356575012,-0.3273129463195801],"rotationconfidence":1},"15":{"id":15,"position":[529.9627780914307,-631.3720941543579,2576.727151870728],"positionconfidence":1,"rotation":[0.4533965289592743,-0.6167711019515991,-0.6434476971626282,0,-0.72191321849823,0.6919835209846497,-0.8913088440895081,-0.3137429356575012,-0.3273129463195801],"rotationconfidence":1},"17":{"id":17,"position":[265.286922454834,-563.9671087265015,2685.280799865723],"positionconfidence":1,"rotation":[0.8315698504447937,-0.4458338916301727,-0.3312458097934723,0.5551884174346924,0.6499917507171631,0.5189185738563538,-0.01604446209967136,-0.615420937538147,0.7880353927612305],"rotationconfidence":1},"18":{"id":18,"position":[83.78856629133224,-776.4579057693481,2515.639543533325],"positionconfidence":1,"rotation":[0.7387341856956482,-0.6739968657493591,0,0.5261757969856262,0.5767149329185486,0.6249310970306396,-0.4212015867233276,-0.4616579711437225,0.7806798815727234],"rotationconfidence":1},"19":{"id":19,"position":[-114.0170320868492,-993.2627081871033,2280.70878982544],"positionconfidence":0.5,"rotation":[-0.1078635901212692,-0.9941657185554504,0,0.9795010685920715,-0.1062725260853767,-0.1711251884698868,0.1701267957687378,-0.01845817640423775,0.9852492809295654],"rotationconfidence":0.5},"20":{"id":20,"position":[-128.8477927446365,-991.6536211967468,2194.819927215576],"positionconfidence":0.5,"rotation":[-0.1078635901212692,-0.9941657185554504,0,0.9795010685920715,-0.1062725260853767,-0.1711251884698868,0.1701267957687378,-0.01845817640423775,0.9852492809295654],"rotationconfidence":0.5},"21":{"id":21,"position":[411.9306206703186,-568.741500377655,2684.537887573242],"positionconfidence":1,"rotation":[0.9839060306549072,0.1325919777154923,0.1197842657566071,-0.1780020445585251,0.785919725894928,0.5921531915664673,-0.01562605984508991,-0.6039449572563171,0.7968728542327881],"rotationconfidence":1},"22":{"id":22,"position":[468.2945907115936,-817.6013231277466,2497.033834457398],"positionconfidence":1,"rotation":[0.7887643575668335,0.5601422786712646,0.2531627416610718,-0.5070707201957703,0.360114723443985,0.7830687761306763,0.3474622964859009,-0.7460281252861023,0.5680773854255676],"rotationconfidence":1},"23":{"id":23,"position":[660.8263254165649,-954.3347358703613,2199.707269668579],"positionconfidence":0.5,"rotation":[-0.8905181884765625,0.4549476504325867,0,-0.4363357424736023,-0.8540870547294617,-0.2831015586853027,-0.1287963837385178,-0.2521070837974548,0.959089994430542],"rotationconfidence":0.5},"24":{"id":24,"position":[672.010600566864,-932.4425458908081,2116.422891616821],"positionconfidence":0.5,"rotation":[-0.8905181884765625,0.4549476504325867,0,-0.4363357424736023,-0.8540870547294617,-0.2831015586853027,-0.1287963837385178,-0.2521070837974548,0.959089994430542],"rotationconfidence":0.5}},"skeletonTracked":true,"frameCount":1},{"position":[294.2323982715607,-511.9413733482361,2557.649374008179],"positionTracked":true,"id":4791,"skeleton":{"1":{"id":1,"position":[374.4311332702637,61.0150657594204,2769.643068313599],"positionconfidence":1,"rotation":[0.9957458972930908,-0.09214171022176743,0,0.09195897728204727,0.9937711358070374,-0.06294690817594528,0.005800035782158375,0.06267912685871124,0.9980167746543884],"rotationconfidence":1},"2":{"id":2,"position":[356.7264378070831,-130.3138881921768,2781.76212310791],"positionconfidence":1,"rotation":[0.9941158890724182,-0.09525740891695023,-0.05157020688056946,0.09195897728204727,0.9937711358070374,-0.06294690817594528,0.05724515020847321,0.05783418938517571,0.9966835975646973],"rotationconfidence":1},"3":{"id":3,"position":[345.6113636493683,-446.678638458252,2760.372400283814],"positionconfidence":1,"rotation":[0.9981070756912231,-0.03149580210447311,-0.05282314494252205,0.03503218665719032,0.9971097707748413,0.06741554290056229,0.05054716765880585,-0.06913843750953674,0.996325671672821],"rotationconfidence":1},"4":{"id":4,"position":[341.5313065052033,-495.9365129470825,2704.810619354248],"positionconfidence":1,"rotation":[0.998134970664978,-0.05644240230321884,-0.02325726300477982,0.05486556887626648,0.6623831987380981,0.7471534609794617,-0.02676591277122498,-0.7470359802246094,0.6642445921897888],"rotationconfidence":1},"6":{"id":6,"position":[191.4558410644531,-211.5803062915802,2785.020589828491],"positionconfidence":1,"rotation":[0.2082560360431671,0.9672335982322693,-0.1452192962169647,0.001916063018143177,-0.1488778740167618,-0.9888538122177124,-0.9780725240707397,0.2056565135717392,-0.032857995480299],"rotationconfidence":1},"7":{"id":7,"position":[136.4317238330841,-467.1367704868317,2823.389530181885],"positionconfidence":1,"rotation":[0.107693262398243,0.6344645023345947,0.7654129862785339,0.178259402513504,0.7450908422470093,-0.6427001357078552,-0.9780725240707397,0.2056565135717392,-0.032857995480299],"rotationconfidence":1},"8":{"id":8,"position":[113.5193854570389,-602.1226048469543,2660.54368019104],"positionconfidence":1,"rotation":[0.02153009735047817,0.1436538398265839,0.9893937706947327,0,0.9896231293678284,-0.1436871439218521,-0.9997681975364685,0.003093598177656531,0.02130668237805367],"rotationconfidence":1},"9":{"id":9,"position":[111.6457283496857,-614.6240830421448,2574.44167137146],"positionconfidence":1,"rotation":[0.02153009735047817,0.1436538398265839,0.9893937706947327,0,0.9896231293678284,-0.1436871439218521,-0.9997681975364685,0.003093598177656531,0.02130668237805367],"rotationconfidence":1},"12":{"id":12,"position":[514.8387551307678,-228.5896241664887,2767.433881759644],"positionconfidence":1,"rotation":[0.1298424452543259,-0.9642044305801392,0.2311941385269165,-0.2143000811338425,-0.2549462914466858,-0.942909300327301,0.9680994153022766,0.07288471609354019,-0.2397319376468658],"rotationconfidence":1},"13":{"id":13,"position":[549.951434135437,-489.3348813056946,2829.954624176025],"positionconfidence":1,"rotation":[-0.184392511844635,-0.4405795931816101,-0.8785721063613892,-0.1696554720401764,0.8947499394416809,-0.4130854606628418,0.9680994153022766,0.07288471609354019,-0.2397319376468658],"rotationconfidence":1},"14":{"id":14,"position":[504.8261880874634,-597.1552133560181,2614.947080612183],"positionconfidence":1,"rotation":[0.4335441291332245,-0.6229043006896973,-0.6511756181716919,0,-0.7226192951202393,0.6912462115287781,-0.9011322855949402,-0.2996857464313507,-0.3132873475551605],"rotationconfidence":1},"15":{"id":15,"position":[529.2421579360962,-632.2354078292847,2578.274726867676],"positionconfidence":1,"rotation":[0.4335441291332245,-0.6229043006896973,-0.6511756181716919,0,-0.7226192951202393,0.6912462115287781,-0.9011322855949402,-0.2996857464313507,-0.3132873475551605],"rotationconfidence":1},"17":{"id":17,"position":[265.4542922973633,-563.6683702468872,2688.52972984314],"positionconfidence":1,"rotation":[0.8308572173118591,-0.4496197104454041,-0.3278999924659729,0.5560459494590759,0.6473518013954163,0.5212951302528381,-0.02211791463196278,-0.6154492497444153,0.7878661155700684],"rotationconfidence":1},"18":{"id":18,"position":[83.26786756515503,-775.7708430290222,2517.72928237915],"positionconfidence":1,"rotation":[0.7507206201553345,-0.660619854927063,0,0.5169389843940735,0.5874434113502502,0.622642993927002,-0.4113303124904633,-0.4674309492111206,0.7825060486793518],"rotationconfidence":1},"19":{"id":19,"position":[-109.6984967589378,-995.0555562973022,2285.305023193359],"positionconfidence":0.5,"rotation":[-0.06477934122085571,-0.99789959192276,0,0.9836652874946594,-0.06385531276464462,-0.1683006584644318,0.1679471582174301,-0.0109024066478014,0.9857357144355774],"rotationconfidence":0.5},"20":{"id":20,"position":[-124.2296993732452,-994.1122531890869,2200.016736984253],"positionconfidence":0.5,"rotation":[-0.06477934122085571,-0.99789959192276,0,0.9836652874946594,-0.06385531276464462,-0.1683006584644318,0.1679471582174301,-0.0109024066478014,0.9857357144355774],"rotationconfidence":0.5},"21":{"id":21,"position":[412.5586152076721,-568.9027905464172,2688.570499420166],"positionconfidence":1,"rotation":[0.9837156534194946,0.1285883039236069,0.1255730539560318,-0.1783985644578934,0.7835171222686768,0.5952099561691284,-0.02185159735381603,-0.6079193949699402,0.7936980128288269],"rotationconfidence":1},"22":{"id":22,"position":[468.9664840698242,-816.6431784629822,2500.370979309082],"positionconfidence":1,"rotation":[0.797620415687561,0.5491848587989807,0.2493947893381119,-0.500399112701416,0.3716610968112946,0.7819646596908569,0.3367528021335602,-0.7485079169273376,0.5712561011314392],"rotationconfidence":1},"23":{"id":23,"position":[658.4845185279846,-957.4037790298462,2204.214572906494],"positionconfidence":0.5,"rotation":[-0.876041829586029,0.4822350144386292,0,-0.4633913338184357,-0.841809868812561,-0.2768115997314453,-0.133488267660141,-0.2424985617399216,0.9609242677688599],"rotationconfidence":0.5},"24":{"id":24,"position":[670.2008843421936,-936.1194968223572,2119.873523712158],"positionconfidence":0.5,"rotation":[-0.876041829586029,0.4822350144386292,0,-0.4633913338184357,-0.841809868812561,-0.2768115997314453,-0.133488267660141,-0.2424985617399216,0.9609242677688599],"rotationconfidence":0.5}},"skeletonTracked":true,"frameCount":2},{"position":[290.160059928894,-514.126181602478,2553.102016448975],"positionTracked":true,"id":4791,"skeleton":{"1":{"id":1,"position":[374.4538724422455,62.62101233005524,2769.864559173584],"positionconfidence":1,"rotation":[0.9956343770027161,-0.09333918988704681,0,0.09312493354082108,0.9933489561080933,-0.06771650165319443,0.00632060319185257,0.06742087751626968,0.9977045655250549],"rotationconfidence":1},"2":{"id":2,"position":[356.3766777515411,-130.2055716514587,2783.00952911377],"positionconfidence":1,"rotation":[0.9942190647125244,-0.09642589092254639,-0.04722592979669571,0.09312493354082108,0.9933489561080933,-0.06771650165319443,0.05344145745038986,0.06292712688446045,0.9965862035751343],"rotationconfidence":1},"3":{"id":3,"position":[345.6318974494934,-446.4206695556641,2762.48049736023],"positionconfidence":1,"rotation":[0.9983327984809875,-0.03075149841606617,-0.04884686321020126,0.03388848528265953,0.997326135635376,0.06474751234054565,0.04672516509890556,-0.06629490107297897,0.9967054128646851],"rotationconfidence":1},"4":{"id":4,"position":[341.7195081710815,-495.6899881362915,2706.989049911499],"positionconfidence":1,"rotation":[0.9981464743614197,-0.05779722705483437,-0.01905712485313416,0.05264910310506821,0.6630182266235352,0.7467495799064636,-0.03052483312785626,-0.7463687658309937,0.6648322343826294],"rotationconfidence":1},"6":{"id":6,"position":[191.3661062717438,-211.3905549049377,2786.47255897522],"positionconfidence":1,"rotation":[0.214814230799675,0.9658967852592468,-0.1445623636245728,0.007882877252995968,-0.1497277766466141,-0.9886959195137024,-0.9766231775283813,0.2112463712692261,-0.03977769985795021],"rotationconfidence":1},"7":{"id":7,"position":[135.0099146366119,-464.7921323776245,2824.398279190064],"positionconfidence":1,"rotation":[0.1033357456326485,0.6236408352851868,0.7748507261276245,0.1884914040565491,0.7526267170906067,-0.6308913826942444,-0.9766231775283813,0.2112463712692261,-0.03977769985795021],"rotationconfidence":1},"8":{"id":8,"position":[112.9235476255417,-598.0854034423828,2658.786296844482],"positionconfidence":1,"rotation":[0.01321565359830856,0.1929968297481537,0.9811103940010071,0,0.9811961054801941,-0.1930136829614639,-0.9999127388000488,0.002550801960751414,0.01296714786440134],"rotationconfidence":1},"9":{"id":9,"position":[111.7599233984947,-615.0785684585571,2572.400569915772],"positionconfidence":1,"rotation":[0.01321565359830856,0.1929968297481537,0.9811103940010071,0,0.9811961054801941,-0.1930136829614639,-0.9999127388000488,0.002550801960751414,0.01296714786440134],"rotationconfidence":1},"12":{"id":12,"position":[514.3741369247437,-228.1938344240189,2770.212411880493],"positionconfidence":1,"rotation":[0.1244250312447548,-0.9653412699699402,0.2294221669435501,-0.2112951576709747,-0.2516938447952271,-0.9444599151611328,0.9694703817367554,0.06903866678476334,-0.2352889776229858],"rotationconfidence":1},"13":{"id":13,"position":[547.9492545127869,-488.6835813522339,2832.120180130005],"positionconfidence":1,"rotation":[-0.1822965145111084,-0.4388286471366882,-0.8798848986625671,-0.163997620344162,0.8959147334098816,-0.4128458797931671,0.9694703817367554,0.06903866678476334,-0.2352889776229858],"rotationconfidence":1},"14":{"id":14,"position":[504.9564242362976,-592.1769738197327,2624.608039855957],"positionconfidence":1,"rotation":[0.3216829597949982,-0.6160097122192383,-0.719063401222229,0,-0.7594289779663086,0.6505902409553528,-0.9468474984169006,-0.2092837989330292,-0.2442953586578369],"rotationconfidence":1},"15":{"id":15,"position":[523.9099860191345,-628.4722685813904,2582.24081993103],"positionconfidence":1,"rotation":[0.3216829597949982,-0.6160097122192383,-0.719063401222229,0,-0.7594289779663086,0.6505902409553528,-0.9468474984169006,-0.2092837989330292,-0.2442953586578369],"rotationconfidence":1},"17":{"id":17,"position":[265.5655145645142,-563.3456707000732,2690.534591674805],"positionconfidence":1,"rotation":[0.8408243656158447,-0.4330562353134155,-0.324771523475647,0.5406478047370911,0.6422336101531982,0.5433561205863953,-0.02672453410923481,-0.6324540972709656,0.7741366624832153],"rotationconfidence":1},"18":{"id":18,"position":[79.532690346241,-784.3334078788757,2503.569841384888],"positionconfidence":1,"rotation":[0.7524752616882324,-0.6586205959320068,0,0.5294432640075684,0.6048899292945862,0.5948092341423035,-0.391753613948822,-0.4475792348384857,0.8038669228553772],"rotationconfidence":1},"19":{"id":19,"position":[-107.2060391306877,-997.6827502250671,2293.776035308838],"positionconfidence":0.5,"rotation":[0.009533156640827656,-0.9999545812606812,0,0.9848901033401489,0.009389538317918777,-0.1729258149862289,0.1729179471731186,0.001648528850637376,0.9849348664283752],"rotationconfidence":0.5},"20":{"id":20,"position":[-122.1297234296799,-997.825026512146,2208.771228790283],"positionconfidence":0.5,"rotation":[0.009533156640827656,-0.9999545812606812,0,0.9848901033401489,0.009389538317918777,-0.1729258149862289,0.1729179471731186,0.001648528850637376,0.9849348664283752],"rotationconfidence":0.5},"21":{"id":21,"position":[412.8889441490173,-568.8363313674927,2691.134691238403],"positionconfidence":1,"rotation":[0.9834629893302917,0.1264182925224304,0.1296882778406143,-0.1792379915714264,0.7820607423782349,0.5968707799911499,-0.02596872113645077,-0.610245406627655,0.7917867302894592],"rotationconfidence":1},"22":{"id":22,"position":[469.4426953792572,-815.5946731567383,2502.808094024658],"positionconfidence":1,"rotation":[0.8037225008010864,0.5436529517173767,0.2418088614940643,-0.4933903813362122,0.381801187992096,0.7815329432487488,0.3325597941875458,-0.7474417686462402,0.5750953555107117],"rotationconfidence":1},"23":{"id":23,"position":[655.8226346969604,-959.8214030265808,2207.581281661987],"positionconfidence":0.5,"rotation":[-0.8580793142318726,0.5135172009468079,0,-0.4951327741146088,-0.8273591995239258,-0.2651795446872711,-0.1361742466688156,-0.2275450825691223,0.9641990065574646],"rotationconfidence":0.5},"24":{"id":24,"position":[667.8364872932434,-939.7464394569397,2122.515678405762],"positionconfidence":0.5,"rotation":[-0.8580793142318726,0.5135172009468079,0,-0.4951327741146088,-0.8273591995239258,-0.2651795446872711,-0.1361742466688156,-0.2275450825691223,0.9641990065574646],"rotationconfidence":0.5}},"skeletonTracked":true,"frameCount":3},{"position":[288.3622348308563,-510.5060935020447,2553.114414215088],"positionTracked":true,"id":4791,"skeleton":{"1":{"id":1,"position":[374.4291365146637,64.0990361571312,2769.792318344116],"positionconfidence":1,"rotation":[0.9954638481140137,-0.09513957798480988,0,0.09489506483078003,0.9929054975509644,-0.07164859771728516,0.006816617213189602,0.07132358849048615,0.9974297881126404],"rotationconfidence":1},"2":{"id":2,"position":[355.8758497238159,-130.0276070833206,2783.800601959229],"positionconfidence":1,"rotation":[0.9942416548728943,-0.09812968969345093,-0.04305563122034073,0.09489506483078003,0.9929054975509644,-0.07164859771728516,0.04978103190660477,0.06715026497840881,0.9965001344680786],"rotationconfidence":1},"3":{"id":3,"position":[345.5710411071777,-446.1931884288788,2763.948917388916],"positionconfidence":1,"rotation":[0.9985421299934387,-0.02971618995070458,-0.04506160318851471,0.03251181915402412,0.9975069761276245,0.06263235211372375,0.04308806732296944,-0.06400607526302338,0.9970188736915588],"rotationconfidence":1},"4":{"id":4,"position":[341.8470025062561,-495.5163896083832,2708.502054214478],"positionconfidence":1,"rotation":[0.9981964826583862,-0.05801502615213394,-0.0154352355748415,0.05011932924389839,0.6638078093528748,0.7462220191955566,-0.03304605558514595,-0.7456497550010681,0.6655182838439941],"rotationconfidence":1},"6":{"id":6,"position":[191.1758035421372,-211.237907409668,2787.403106689453],"positionconfidence":1,"rotation":[0.2223511785268784,0.9648913145065308,-0.1398025006055832,0.02026477083563805,-0.1479349434375763,-0.9887894988059998,-0.9747560620307922,0.2170254439115524,-0.05244680866599083],"rotationconfidence":1},"7":{"id":7,"position":[133.2337856292725,-462.6768827438355,2823.83394241333],"positionconfidence":1,"rotation":[0.09431792795658112,0.6131603717803955,0.784307599067688,0.2023730129003525,0.7595618963241577,-0.6181511878967285,-0.9747560620307922,0.2170254439115524,-0.05244680866599083],"rotationconfidence":1},"8":{"id":8,"position":[112.9269972443581,-594.6912169456482,2654.971361160278],"positionconfidence":1,"rotation":[0.01145056821405888,0.2341049313545227,0.9721439480781555,0,0.9722076654434204,-0.2341202795505524,-0.9999344944953918,0.002680810168385506,0.01113233063369989],"rotationconfidence":1},"9":{"id":9,"position":[111.9163483381271,-615.3537631034851,2569.168090820313],"positionconfidence":1,"rotation":[0.01145056821405888,0.2341049313545227,0.9721439480781555,0,0.9722076654434204,-0.2341202795505524,-0.9999344944953918,0.002680810168385506,0.01113233063369989],"rotationconfidence":1},"12":{"id":12,"position":[513.6592388153076,-227.753683924675,2772.406101226807],"positionconfidence":1,"rotation":[0.1208513602614403,-0.9663090705871582,0.227248340845108,-0.2074036747217178,-0.2484532445669174,-0.9461789727210999,0.9707618355751038,0.06721487641334534,-0.2304419428110123],"rotationconfidence":1},"13":{"id":13,"position":[546.2292432785034,-488.1784617900848,2833.650588989258],"positionconfidence":1,"rotation":[-0.178800642490387,-0.4380533695220947,-0.880987823009491,-0.1601613610982895,0.8964325189590454,-0.4132274389266968,0.9707618355751038,0.06721487641334534,-0.2304419428110123],"rotationconfidence":1},"14":{"id":14,"position":[505.021870136261,-589.1346335411072,2630.613327026367],"positionconfidence":1,"rotation":[0.2240830361843109,-0.5901368856430054,-0.7755805850028992,0,-0.7958181500434875,0.605535626411438,-0.9745700359344482,-0.1356902569532394,-0.178329348564148],"rotationconfidence":1},"15":{"id":15,"position":[518.3743238449097,-624.299168586731,2584.398746490479],"positionconfidence":1,"rotation":[0.2240830361843109,-0.5901368856430054,-0.7755805850028992,0,-0.7958181500434875,0.605535626411438,-0.9745700359344482,-0.1356902569532394,-0.178329348564148],"rotationconfidence":1},"17":{"id":17,"position":[265.6494081020355,-563.1123781204224,2691.940069198608],"positionconfidence":1,"rotation":[0.8422780632972717,-0.4340871572494507,-0.3195867240428925,0.5382471680641174,0.6450738310813904,0.5423740148544312,-0.02928057871758938,-0.6288465261459351,0.7769778370857239],"rotationconfidence":1},"18":{"id":18,"position":[84.35216546058655,-780.3919315338135,2509.252786636353],"positionconfidence":1,"rotation":[0.7539979219436646,-0.6568768620491028,0,0.5288782715797424,0.6070743799209595,0.593083918094635,-0.3895831108093262,-0.4471840560436249,0.8051407337188721],"rotationconfidence":1},"19":{"id":19,"position":[-104.8443168401718,-997.5616335868835,2297.087907791138],"positionconfidence":0.5,"rotation":[0.06752340495586395,-0.9977176785469055,0,0.9818354249000549,0.06644852459430695,-0.1777182072401047,0.1773125976324081,0.01200013887137175,0.9840813875198364],"rotationconfidence":0.5},"20":{"id":20,"position":[-120.2523559331894,-998.604416847229,2211.573600769043],"positionconfidence":0.5,"rotation":[0.06752340495586395,-0.9977176785469055,0,0.9818354249000549,0.06644852459430695,-0.1777182072401047,0.1773125976324081,0.01200013887137175,0.9840813875198364],"rotationconfidence":0.5},"21":{"id":21,"position":[413.1151735782623,-568.7868595123291,2692.904710769653],"positionconfidence":1,"rotation":[0.9833983778953552,0.1244855895638466,0.1320268511772156,-0.1791746020317078,0.7812477946281433,0.5979534983634949,-0.02870909310877323,-0.6116823554039001,0.7905824184417725],"rotationconfidence":1},"22":{"id":22,"position":[469.544917345047,-814.8351907730103,2504.583597183228],"positionconfidence":1,"rotation":[0.8068901896476746,0.540340006351471,0.2386650294065476,-0.4904744625091553,0.3876996040344238,0.7804638743400574,0.3291855156421661,-0.7468077540397644,0.5778539776802063],"rotationconfidence":1},"23":{"id":23,"position":[654.5335650444031,-961.0610008239746,2210.221767425537],"positionconfidence":0.5,"rotation":[-0.8445866703987122,0.5354189276695251,0,-0.5170843005180359,-0.8156651258468628,-0.2594499886035919,-0.1389144212007523,-0.2191279977560043,0.9657565355300903],"rotationconfidence":0.5},"24":{"id":24,"position":[666.8429970741272,-941.6437149047852,2124.64451789856],"positionconfidence":0.5,"rotation":[-0.8445866703987122,0.5354189276695251,0,-0.5170843005180359,-0.8156651258468628,-0.2594499886035919,-0.1389144212007523,-0.2191279977560043,0.9657565355300903],"rotationconfidence":0.5}},"skeletonTracked":true,"frameCount":4},{"position":[286.9200110435486,-512.2486352920532,2551.583290100098],"positionTracked":true,"id":4791,"skeleton":{"1":{"id":1,"position":[374.3880093097687,65.3720498085022,2769.510269165039],"positionconfidence":1,"rotation":[0.9952166676521301,-0.0976928323507309,0,0.09742069989442825,0.9924443960189819,-0.07458767294883728,0.007286680862307549,0.07423089444637299,0.9972144961357117],"rotationconfidence":1},"2":{"id":2,"position":[355.232298374176,-129.7710537910461,2784.176349639893],"positionconfidence":1,"rotation":[0.994162380695343,-0.1005332320928574,-0.03917065262794495,0.09742069989442825,0.9924443960189819,-0.07458767294883728,0.04637323319911957,0.0703362226486206,0.9964448809623718],"rotationconfidence":1},"3":{"id":3,"position":[345.4007208347321,-445.948600769043,2764.913558959961],"positionconfidence":1,"rotation":[0.9987290501594543,-0.02852383814752102,-0.04155599698424339,0.03102263063192368,0.9976689219474792,0.06078194826841354,0.03972538560628891,-0.06199386343359947,0.9972856640815735],"rotationconfidence":1},"4":{"id":4,"position":[341.905415058136,-495.3720569610596,2709.581136703491],"positionconfidence":1,"rotation":[0.9982777833938599,-0.05748311430215836,-0.01171595323830843,0.04705984890460968,0.6654239892959595,0.7449807524681091,-0.03502773866057396,-0.7442491054534912,0.6669830679893494],"rotationconfidence":1},"6":{"id":6,"position":[190.8954083919525,-211.1058831214905,2787.8577709198],"positionconfidence":1,"rotation":[0.2290343940258026,0.9642941951751709,-0.1329659372568131,0.03432653844356537,-0.1445128917694092,-0.9889072775840759,-0.972812831401825,0.2219295203685761,-0.06619930267333984],"rotationconfidence":1},"7":{"id":7,"position":[131.6228061914444,-460.6589078903198,2822.268486022949],"positionconfidence":1,"rotation":[0.0860842615365982,0.6118762493133545,0.7862549424171448,0.2149989604949951,0.7591801881790161,-0.6143457293510437,-0.972812831401825,0.2219295203685761,-0.06619930267333984],"rotationconfidence":1},"8":{"id":8,"position":[113.0463853478432,-592.69779920578,2652.599811553955],"positionconfidence":0.5,"rotation":[0.006750545464456081,0.230637863278389,0.9730163216590881,0,0.9730384349822998,-0.2306431233882904,-0.9999772906303406,0.001556966919451952,0.00656854035332799],"rotationconfidence":0.5},"9":{"id":9,"position":[112.4336645007134,-613.6319041252136,2564.282894134522],"positionconfidence":1,"rotation":[0.006750545464456081,0.230637863278389,0.9730163216590881,0,0.9730384349822998,-0.2306431233882904,-0.9999772906303406,0.001556966919451952,0.00656854035332799],"rotationconfidence":1},"12":{"id":12,"position":[512.9935145378113,-227.3750305175781,2774.01614189148],"positionconfidence":1,"rotation":[0.1180194988846779,-0.9671585559844971,0.2251128405332565,-0.2024793177843094,-0.2453726083040237,-0.9480476975440979,0.9721488952636719,0.0663074254989624,-0.2247883379459381],"rotationconfidence":1},"13":{"id":13,"position":[544.7700619697571,-487.7808094024658,2834.627389907837],"positionconfidence":1,"rotation":[-0.1740423142910004,-0.4381017684936523,-0.8819161057472229,-0.1569577604532242,0.8964764475822449,-0.414359837770462,0.9721488952636719,0.0663074254989624,-0.2247883379459381],"rotationconfidence":1},"14":{"id":14,"position":[505.0079822540283,-587.8704786300659,2633.142948150635],"positionconfidence":1,"rotation":[-0.009105945006012917,-0.536827564239502,-0.8436428904533386,0,-0.843677818775177,0.5368497967720032,-0.9999585747718811,0.004888524767011404,0.007682483643293381],"rotationconfidence":1},"15":{"id":15,"position":[504.4692754745483,-619.6291446685791,2583.233118057251],"positionconfidence":1,"rotation":[-0.009105945006012917,-0.536827564239502,-0.8436428904533386,0,-0.843677818775177,0.5368497967720032,-0.9999585747718811,0.004888524767011404,0.007682483643293381],"rotationconfidence":1},"17":{"id":17,"position":[265.6702995300293,-562.9191398620605,2692.909717559815],"positionconfidence":1,"rotation":[0.8420165777206421,-0.4357105195522308,-0.3180632889270783,0.5385367274284363,0.6446145176887512,0.5426326394081116,-0.03140255808830261,-0.6281945705413818,0.777422308921814],"rotationconfidence":1},"18":{"id":18,"position":[86.24427765607834,-777.6874303817749,2512.119054794312],"positionconfidence":1,"rotation":[0.757773756980896,-0.6525174379348755,0,0.5262172818183899,0.6111003756523132,0.5913136601448059,-0.3858424723148346,-0.4480819702148438,0.8064417839050293],"rotationconfidence":1},"19":{"id":19,"position":[-103.2750532031059,-997.7777600288391,2299.154996871948],"positionconfidence":0.5,"rotation":[0.09380524605512619,-0.9955905079841614,0,0.9794460535049438,0.09228410571813583,-0.1793572753667831,0.1785664260387421,0.01682465709745884,0.983784019947052],"rotationconfidence":0.5},"20":{"id":20,"position":[-118.8080757856369,-999.241292476654,2213.578224182129],"positionconfidence":0.5,"rotation":[0.09380524605512619,-0.9955905079841614,0,0.9794460535049438,0.09228410571813583,-0.1793572753667831,0.1785664260387421,0.01682465709745884,0.983784019947052],"rotationconfidence":0.5},"21":{"id":21,"position":[413.2468998432159,-568.7319040298462,2694.173812866211],"positionconfidence":1,"rotation":[0.9834349155426025,0.1225670725107193,0.1335398405790329,-0.1786088347434998,0.7808281779289246,0.5986703038215637,-0.03089440427720547,-0.6126047372817993,0.7897853255271912],"rotationconfidence":1},"22":{"id":22,"position":[469.4154560565949,-814.2852187156677,2505.905151367188],"positionconfidence":1,"rotation":[0.8089504241943359,0.537526547908783,0.2380428314208984,-0.4894647300243378,0.3915674090385437,0.7791658043861389,0.325612485408783,-0.7468200922012329,0.5798588991165161],"rotationconfidence":1},"23":{"id":23,"position":[653.7958383560181,-961.7878794670105,2212.394952774048],"positionconfidence":0.5,"rotation":[-0.8327089548110962,0.5537109971046448,0,-0.5351284742355347,-0.8047632575035095,-0.256892204284668,-0.1422440260648727,-0.2139164209365845,0.9664400219917297],"rotationconfidence":0.5},"24":{"id":24,"position":[666.4276123046875,-942.7913427352905,2126.571655273438],"positionconfidence":0.5,"rotation":[-0.8327089548110962,0.5537109971046448,0,-0.5351284742355347,-0.8047632575035095,-0.256892204284668,-0.1422440260648727,-0.2139164209365845,0.9664400219917297],"rotationconfidence":0.5}},"skeletonTracked":true,"frameCount":5},{"position":[286.0155999660492,-512.2479200363159,2551.174402236939],"positionTracked":true,"id":4791,"skeleton":{"1":{"id":1,"position":[374.3984401226044,66.43933802843094,2768.978595733643],"positionconfidence":1,"rotation":[0.9948996901512146,-0.1008695811033249,0,0.1005672365427017,0.991917610168457,-0.07736693322658539,0.007803970016539097,0.07697233557701111,0.9970027208328247],"rotationconfidence":1},"2":{"id":2,"position":[354.5276820659638,-129.5504868030548,2784.265279769898],"positionconfidence":1,"rotation":[0.9940395355224609,-0.1034626364707947,-0.03436359763145447,0.1005672365427017,0.991917610168457,-0.07736693322658539,0.04209044575691223,0.07344993948936462,0.9964103102684021],"rotationconfidence":1},"3":{"id":3,"position":[345.0308442115784,-445.6712901592255,2765.363454818726],"positionconfidence":1,"rotation":[0.9989211559295654,-0.02778462879359722,-0.03720768913626671,0.02997476421296597,0.9977685809135437,0.05965961888432503,0.03546704724431038,-0.06071055307984352,0.9975250959396362],"rotationconfidence":1},"4":{"id":4,"position":[341.8224155902863,-495.2146112918854,2710.217237472534],"positionconfidence":1,"rotation":[0.9983428716659546,-0.05715019628405571,-0.006740283686667681,0.04323909804224968,0.6676815748214722,0.7431902289390564,-0.03797310218214989,-0.7422500848770142,0.6690462827682495],"rotationconfidence":1},"6":{"id":6,"position":[190.4909610748291,-211.0123336315155,2787.697315216065],"positionconfidence":1,"rotation":[0.2363920658826828,0.9637311100959778,-0.1238587871193886,0.0522368960082531,-0.1398921757936478,-0.988787829875946,-0.9702525734901428,0.2272716462612152,-0.08341173827648163],"rotationconfidence":1},"7":{"id":7,"position":[129.7017335891724,-458.8398933410645,2819.5481300354],"positionconfidence":1,"rotation":[0.07177048176527023,0.5990787148475647,0.7974669337272644,0.2312118262052536,0.7677578330039978,-0.5975690484046936,-0.9702525734901428,0.2272716462612152,-0.08341173827648163],"rotationconfidence":1},"8":{"id":8,"position":[114.0682250261307,-589.3350839614868,2645.838737487793],"positionconfidence":1,"rotation":[-0.01380926370620728,0.2447841167449951,0.9694792628288269,0,0.9695717096328735,-0.2448074668645859,-0.9999046325683594,-0.003380610840395093,-0.01338907144963741],"rotationconfidence":1},"9":{"id":9,"position":[115.3143048286438,-611.4231944084167,2558.35771560669],"positionconfidence":1,"rotation":[-0.01380926370620728,0.2447841167449951,0.9694792628288269,0,0.9695717096328735,-0.2448074668645859,-0.9999046325683594,-0.003380610840395093,-0.01338907144963741],"rotationconfidence":1},"12":{"id":12,"position":[512.3996138572693,-227.0079106092453,2775.278329849243],"positionconfidence":1,"rotation":[0.1151041015982628,-0.967440664768219,0.2254094332456589,-0.2029245495796204,-0.2450327575206757,-0.948040246963501,0.9724055528640747,0.06338221579790115,-0.2245217859745026],"rotationconfidence":1},"13":{"id":13,"position":[543.3551669120789,-487.1868193149567,2835.898876190186],"positionconfidence":1,"rotation":[-0.1757830381393433,-0.4336922764778137,-0.8837484121322632,-0.1533872932195664,0.8988289833068848,-0.4105832576751709,0.9724055528640747,0.06338221579790115,-0.2245217859745026],"rotationconfidence":1},"14":{"id":14,"position":[502.7349591255188,-587.4050855636597,2631.680965423584],"positionconfidence":1,"rotation":[-0.0919012799859047,-0.4928092658519745,-0.8652704954147339,0,-0.8689478635787964,0.4949036836624146,-0.9957680702209473,0.04548228159546852,0.07985742390155792],"rotationconfidence":1},"15":{"id":15,"position":[497.1411526203156,-617.4011826515198,2579.01406288147],"positionconfidence":0.5,"rotation":[-0.0919012799859047,-0.4928092658519745,-0.8652704954147339,0,-0.8689478635787964,0.4949036836624146,-0.9957680702209473,0.04548228159546852,0.07985742390155792],"rotationconfidence":0.5},"17":{"id":17,"position":[265.533983707428,-562.6918077468872,2693.205118179321],"positionconfidence":1,"rotation":[0.8491027355194092,-0.431512713432312,-0.3046659231185913,0.5271025896072388,0.6545344591140747,0.5419847965240479,-0.03445898741483688,-0.620790958404541,0.7832184433937073],"rotationconfidence":1},"18":{"id":18,"position":[93.00041198730469,-776.936948299408,2515.80023765564],"positionconfidence":1,"rotation":[0.7435042858123779,-0.6687312126159668,0,0.5395081639289856,0.5998324155807495,0.5908738970756531,-0.3951358199119568,-0.4393172860145569,0.8067639470100403],"rotationconfidence":1},"19":{"id":19,"position":[-103.258453309536,-995.1401948928833,2300.855875015259],"positionconfidence":0.5,"rotation":[0.06880846619606018,-0.9976299405097961,0,0.9801049828529358,0.06759973615407944,-0.1866134107112885,0.1861710995435715,0.01284058019518852,0.9824334383010864],"rotationconfidence":0.5},"20":{"id":20,"position":[-119.598500430584,-996.2671995162964,2214.62869644165],"positionconfidence":0.5,"rotation":[0.06880846619606018,-0.9976299405097961,0,0.9801049828529358,0.06759973615407944,-0.1866134107112885,0.1861710995435715,0.01284058019518852,0.9824334383010864],"rotationconfidence":0.5},"21":{"id":21,"position":[413.2170975208283,-568.6403512954712,2694.987773895264],"positionconfidence":1,"rotation":[0.9837466478347778,0.1185666173696518,0.1348501294851303,-0.1762692183256149,0.7808309197425842,0.599359929561615,-0.03423107415437698,-0.613388180732727,0.7890393733978271],"rotationconfidence":1},"22":{"id":22,"position":[468.5600996017456,-813.7967586517334,2506.807565689087],"positionconfidence":1,"rotation":[0.8102340698242188,0.53519606590271,0.2389268726110458,-0.4898410439491272,0.3944947123527527,0.7774507403373718,0.3218331933021545,-0.7469532489776611,0.5817940831184387],"rotationconfidence":1},"23":{"id":23,"position":[653.0572772026062,-962.3820185661316,2213.983058929443],"positionconfidence":0.5,"rotation":[-0.8230753540992737,0.56793212890625,0,-0.5489451289176941,-0.795558512210846,-0.2564096450805664,-0.1456232964992523,-0.2110444754362106,0.9665682315826416],"rotationconfidence":0.5},"24":{"id":24,"position":[666.0133600234985,-943.6054229736328,2127.987623214722],"positionconfidence":0.5,"rotation":[-0.8230753540992737,0.56793212890625,0,-0.5489451289176941,-0.795558512210846,-0.2564096450805664,-0.1456232964992523,-0.2110444754362106,0.9665682315826416],"rotationconfidence":0.5}},"skeletonTracked":true,"frameCount":6},{"position":[287.0186269283295,-513.0534768104553,2549.077033996582],"positionTracked":true,"id":4791,"skeleton":{"1":{"id":1,"position":[374.4213283061981,66.02335721254349,2766.690731048584],"positionconfidence":1,"rotation":[0.994454026222229,-0.1051715686917305,0,0.1047622710466385,0.9905838966369629,-0.08813866227865219,0.009269681759178638,0.08764984458684921,0.9961081743240356],"rotationconfidence":1},"2":{"id":2,"position":[353.7417948246002,-129.5128166675568,2784.088850021362],"positionconfidence":1,"rotation":[0.9939147233963013,-0.1073220521211624,-0.02481020987033844,0.1047622710466385,0.9905838966369629,-0.08813866227865219,0.0340358167886734,0.08500313758850098,0.99579918384552],"rotationconfidence":1},"3":{"id":3,"position":[344.226211309433,-445.5147981643677,2765.159130096436],"positionconfidence":1,"rotation":[0.999182939529419,-0.02836335264146328,-0.02878716215491295,0.03004495985805988,0.9977598190307617,0.05976960808038712,0.02702741324901581,-0.06058569625020027,0.9977970123291016],"rotationconfidence":1},"4":{"id":4,"position":[341.4576947689056,-495.161771774292,2710.259914398193],"positionconfidence":1,"rotation":[0.998390257358551,-0.05670996382832527,0.0009365874575451016,0.03737687319517136,0.670268177986145,0.7411770820617676,-0.04265989363193512,-0.7399490475654602,0.6713088750839233],"rotationconfidence":1},"6":{"id":6,"position":[189.9086982011795,-211.1397832632065,2785.983324050903],"positionconfidence":1,"rotation":[0.2479023784399033,0.9622107148170471,-0.1126726195216179,0.07975909858942032,-0.1361792385578156,-0.987468421459198,-0.9654961824417114,0.2358090728521347,-0.1105042025446892],"rotationconfidence":1},"7":{"id":7,"position":[126.6902983188629,-456.516295671463,2814.716339111328],"positionconfidence":1,"rotation":[0.05685512349009514,0.6049705743789673,0.7942153811454773,0.2541349828243256,0.7605291604995728,-0.5975037217140198,-0.9654961824417114,