{"motiondata":[{"position":[181.8101704120636,-371.7420697212219,2526.932239532471],"positionTracked":true,"id":4304,"skeleton":{"1":{"id":1,"position":[216.5896594524384,258.8879764080048,2715.070962905884],"positionconfidence":1,"rotation":[0.999990701675415,0.004308219067752361,0,-0.004201659932732582,0.9752570390701294,-0.221034049987793,-0.0009522631298750639,0.2210319936275482,0.9752660989761353],"rotationconfidence":1},"2":{"id":2,"position":[217.4281477928162,64.26449865102768,2759.180784225464],"positionconfidence":1,"rotation":[0.9969464540481567,-0.01315024960786104,-0.07697322219610214,-0.004201659932732582,0.9752570390701294,-0.221034049987793,0.077975332736969,0.2206825464963913,0.9722238183021545],"rotationconfidence":1},"3":{"id":3,"position":[204.3732553720474,-258.3336234092712,2709.236860275269],"positionconfidence":1,"rotation":[0.9963645339012146,-0.02785652689635754,-0.08050966262817383,0.03995960205793381,0.9874376654624939,0.1528729051351547,0.07523976266384125,-0.1555342674255371,0.9849609732627869],"rotationconfidence":1},"4":{"id":4,"position":[196.2291747331619,-308.052271604538,2653.687238693237],"positionconfidence":1,"rotation":[0.9940842390060425,-0.07108753174543381,-0.08211623877286911,0.1085970997810364,0.6629724502563477,0.7407254576683044,0.001784458407200873,-0.7452610731124878,0.666770339012146],"rotationconfidence":1},"6":{"id":6,"position":[41.71358048915863,-42.28676855564117,2761.853218078613],"positionconfidence":1,"rotation":[0.2336426228284836,0.9715043306350708,-0.03988282009959221,0.1743582785129547,-0.0822150856256485,-0.9812441468238831,-0.9565617442131042,0.2223065048456192,-0.1885987371206284],"rotationconfidence":1},"7":{"id":7,"position":[-8.088917471468449,-249.3694424629211,2770.354509353638],"positionconfidence":1,"rotation":[-0.1535503715276718,0.1657260805368424,0.9741443395614624,0.2478143572807312,0.9607886075973511,-0.1243919804692268,-0.9565617442131042,0.2223065048456192,-0.1885987371206284],"rotationconfidence":1},"8":{"id":8,"position":[35.66093742847443,-296.5884208679199,2492.799520492554],"positionconfidence":1,"rotation":[-0.2699422836303711,0.1514002829790115,0.9508990049362183,0,0.9875608086585999,-0.1572374999523163,-0.9628763794898987,-0.04244504868984222,-0.2665844261646271],"rotationconfidence":1},"9":{"id":9,"position":[50.88740959763527,-305.1283657550812,2439.162731170654],"positionconfidence":1,"rotation":[-0.2699422836303711,0.1514002829790115,0.9508990049362183,0,0.9875608086585999,-0.1572374999523163,-0.9628763794898987,-0.04244504868984222,-0.2665844261646271],"rotationconfidence":1},"12":{"id":12,"position":[397.9796171188355,-45.81752046942711,2734.081029891968],"positionconfidence":1,"rotation":[0.149450346827507,-0.9720460772514343,-0.1810832470655441,-0.4355306923389435,0.09970033913850784,-0.8946356773376465,0.8876810669898987,0.2125709056854248,-0.4084556102752686],"rotationconfidence":1},"13":{"id":13,"position":[431.5283000469208,-264.0228867530823,2693.431377410889],"positionconfidence":1,"rotation":[-0.3969867527484894,-0.09611645340919495,-0.9127777814865112,-0.2332893013954163,0.9724070429801941,-0.0009329223539680243,0.8876810669898987,0.2125709056854248,-0.4084556102752686],"rotationconfidence":1},"14":{"id":14,"position":[315.9764409065247,-291.9997274875641,2427.747011184692],"positionconfidence":1,"rotation":[-0.7266778349876404,0.1095080673694611,-0.6781941056251526,0,-0.9872131943702698,-0.1594054102897644,-0.6869783401489258,-0.1158363819122315,0.7173859477043152],"rotationconfidence":1},"15":{"id":15,"position":[286.9208455085754,-287.6211404800415,2400.629997253418],"positionconfidence":1,"rotation":[-0.7266778349876404,0.1095080673694611,-0.6781941056251526,0,-0.9872131943702698,-0.1594054102897644,-0.6869783401489258,-0.1158363819122315,0.7173859477043152],"rotationconfidence":1},"17":{"id":17,"position":[113.5416477918625,-384.3001425266266,2633.391618728638],"positionconfidence":1,"rotation":[0.9032484889030457,-0.3913837969303131,-0.1759568750858307,0.4286615252494812,0.8418509364128113,0.32792729139328,0.01978403702378273,-0.3716257512569428,0.9281717538833618],"rotationconfidence":1},"18":{"id":18,"position":[-48.94890263676643,-703.4162878990173,2509.085893630981],"positionconfidence":1,"rotation":[0.8287094235420227,-0.5596791505813599,0,0.4976110458374023,0.7368059754371643,0.4577118456363678,-0.2561717629432678,-0.3793101310729981,0.8891006112098694],"rotationconfidence":1},"19":{"id":19,"position":[-175.5772531032562,-890.913188457489,2392.610788345337],"positionconfidence":0.5,"rotation":[-0.7238396406173706,0.6899682879447937,0,0.278498649597168,0.2921704649925232,-0.914918065071106,-0.6312643885612488,-0.6622539162635803,-0.4036397635936737],"rotationconfidence":0.5},"20":{"id":20,"position":[-118.3894351124764,-830.9179544448853,2429.177522659302],"positionconfidence":1,"rotation":[-0.7238396406173706,0.6899682879447937,0,0.278498649597168,0.2921704649925232,-0.914918065071106,-0.6312643885612488,-0.6622539162635803,-0.4036397635936737],"rotationconfidence":1},"21":{"id":21,"position":[265.4169499874115,-388.2463872432709,2628.574371337891],"positionconfidence":1,"rotation":[0.9743707776069641,0.2082316279411316,0.08509591966867447,-0.2243165671825409,0.8710987567901611,0.4368857145309448,0.01684647426009178,-0.4447770714759827,0.8954828977584839],"rotationconfidence":1},"22":{"id":22,"position":[350.0429689884186,-716.8784737586975,2463.754177093506],"positionconfidence":1,"rotation":[0.1687478423118591,0.7569342255592346,-0.6313276886940002,-0.5499244928359985,0.6038573384284973,0.5770089626312256,0.817989706993103,0.2498135417699814,0.5181562900543213],"rotationconfidence":1},"23":{"id":23,"position":[488.8741075992584,-869.3252205848694,2318.085432052612],"positionconfidence":0.5,"rotation":[-0.4383476078510284,-0.898805558681488,0,-0.2466037422418594,0.1202686801552773,-0.9616246819496155,0.864313542842865,-0.4215258359909058,-0.2743682861328125],"rotationconfidence":0.5},"24":{"id":24,"position":[424.8225390911102,-838.087260723114,2338.418006896973],"positionconfidence":1,"rotation":[-0.4383476078510284,-0.898805558681488,0,-0.2466037422418594,0.1202686801552773,-0.9616246819496155,0.864313542842865,-0.4215258359909058,-0.2743682861328125],"rotationconfidence":1}},"skeletonTracked":true,"frameCount":1},{"position":[178.8779944181442,-407.5413346290588,2520.910024642944],"positionTracked":true,"id":4304,"skeleton":{"1":{"id":1,"position":[214.1821533441544,240.713894367218,2704.95343208313],"positionconfidence":1,"rotation":[0.9996330142021179,0.02708760462701321,0,-0.0256826002150774,0.9477831125259399,-0.3178798258304596,-0.008610603399574757,0.3177631795406342,0.9481309652328491],"rotationconfidence":1},"2":{"id":2,"position":[219.2036956548691,55.40037527680397,2767.106294631958],"positionconfidence":1,"rotation":[0.9972519874572754,0.002186166122555733,-0.07405318319797516,-0.0256826002150774,0.9477831125259399,-0.3178798258304596,0.0694914162158966,0.318908154964447,0.9452347159385681],"rotationconfidence":1},"3":{"id":3,"position":[204.9434930086136,-261.495441198349,2711.054086685181],"positionconfidence":1,"rotation":[0.9968691468238831,-0.03207564726471901,-0.07227044552564621,0.04426838085055351,0.9837493300437927,0.1740045845508575,0.0655146911740303,-0.1766590923070908,0.9820892810821533],"rotationconfidence":1},"4":{"id":4,"position":[197.1837282180786,-310.2723360061646,2654.77728843689],"positionconfidence":1,"rotation":[0.994615375995636,-0.0681806355714798,-0.07804889231920242,0.1036343052983284,0.6514320373535156,0.7515958547592163,-0.0004007316019851714,-0.7556372284889221,0.6549901366233826],"rotationconfidence":1},"6":{"id":6,"position":[41.98696091771126,-45.7768477499485,2766.324758529663],"positionconfidence":1,"rotation":[0.2308846265077591,0.972536563873291,-0.02940628305077553,0.1307653784751892,-0.06096461787819862,-0.9895370006561279,-0.9641538262367249,0.2246235907077789,-0.1412499248981476],"rotationconfidence":1},"7":{"id":7,"position":[-6.496627815067768,-250.0003278255463,2772.499799728394],"positionconfidence":1,"rotation":[-0.1038206741213799,0.1705384254455566,0.9798663258552551,0.2441896349191666,0.9594065546989441,-0.1411046981811523,-0.9641538262367249,0.2246235907077789,-0.1412499248981476],"rotationconfidence":1},"8":{"id":8,"position":[23.36520701646805,-299.0521192550659,2490.661859512329],"positionconfidence":1,"rotation":[-0.1653723120689392,0.09412474185228348,0.98172926902771,0,0.9954352974891663,-0.09543882310390472,-0.9862311482429504,-0.01578293927013874,-0.1646174341440201],"rotationconfidence":1},"9":{"id":9,"position":[31.65167197585106,-303.768515586853,2441.469430923462],"positionconfidence":1,"rotation":[-0.1653723120689392,0.09412474185228348,0.98172926902771,0,0.9954352974891663,-0.09543882310390472,-0.9862311482429504,-0.01578293927013874,-0.1646174341440201],"rotationconfidence":1},"12":{"id":12,"position":[398.0113565921783,-50.4627488553524,2741.731643676758],"positionconfidence":1,"rotation":[0.1480069309473038,-0.9684132933616638,-0.2006727755069733,-0.466550350189209,0.1105413287878037,-0.8775598406791687,0.872023344039917,0.2235089242458344,-0.4354526996612549],"rotationconfidence":1},"13":{"id":13,"position":[434.3389570713043,-288.155198097229,2692.477464675903],"positionconfidence":1,"rotation":[-0.3909924328327179,-0.2171019166707993,-0.8944225907325745,-0.2944490611553192,0.9502161145210266,-0.101927638053894,0.872023344039917,0.2235089242458344,-0.4354526996612549],"rotationconfidence":1},"14":{"id":14,"position":[339.0352129936218,-341.0734236240387,2474.46346282959],"positionconfidence":1,"rotation":[-0.4540570676326752,0.5261813998222351,-0.7190030217170715,0,-0.8069866299629211,-0.5905696153640747,-0.8909725546836853,-0.2681522965431213,0.3664179742336273],"rotationconfidence":1},"15":{"id":15,"position":[291.4063930511475,-285.8790457248688,2399.042844772339],"positionconfidence":1,"rotation":[-0.4540570676326752,0.5261813998222351,-0.7190030217170715,0,-0.8069866299629211,-0.5905696153640747,-0.8909725546836853,-0.2681522965431213,0.3664179742336273],"rotationconfidence":1},"17":{"id":17,"position":[115.2816936373711,-386.3217532634735,2633.132219314575],"positionconfidence":1,"rotation":[0.9018361568450928,-0.3949562907218933,-0.1752170920372009,0.4317377507686615,0.8397989273071289,0.3291507959365845,0.01714694313704968,-0.3724879324436188,0.9278786182403564],"rotationconfidence":1},"18":{"id":18,"position":[-55.10253459215164,-717.7463173866272,2503.233671188355],"positionconfidence":1,"rotation":[0.8426939845085144,-0.5383928418159485,0,0.4911808371543884,0.7687976360321045,0.4095017313957214,-0.2204727977514267,-0.3450846374034882,0.9123094081878662],"rotationconfidence":1},"19":{"id":19,"position":[-184.5212578773499,-920.3128814697266,2395.336151123047],"positionconfidence":1,"rotation":[-0.7670488357543945,0.6415888071060181,0,0.232634648680687,0.2781254053115845,-0.931948184967041,-0.597927451133728,-0.7148497104644775,-0.3625915050506592],"rotationconfidence":1},"20":{"id":20,"position":[-123.1951415538788,-846.9946980476379,2432.525157928467],"positionconfidence":1,"rotation":[-0.7670488357543945,0.6415888071060181,0,0.232634648680687,0.2781254053115845,-0.931948184967041,-0.597927451133728,-0.7148497104644775,-0.3625915050506592],"rotationconfidence":1},"21":{"id":21,"position":[266.8237686157227,-390.1679217815399,2628.787755966187],"positionconfidence":1,"rotation":[0.9715009331703186,0.2185337245464325,0.091809943318367,-0.2365910559892654,0.8702674508094788,0.4320408403873444,0.01451628282666206,-0.4414494633674622,0.897168755531311],"rotationconfidence":1},"22":{"id":22,"position":[357.2782874107361,-722.8923439979553,2463.608026504517],"positionconfidence":1,"rotation":[0.6969977021217346,0.6683915257453918,-0.2597053050994873,-0.4526439309120178,0.69100022315979,0.563588559627533,0.5561542510986328,-0.2752659022808075,0.7841689586639404],"rotationconfidence":1},"23":{"id":23,"position":[475.4564762115479,-903.3015966415405,2316.463947296143],"positionconfidence":1,"rotation":[-0.06903358548879623,-0.9976142644882202,0,0.9262478351593018,-0.06409512460231781,-0.3714251220226288,0.3705390393733978,-0.02564080990850925,0.9284629225730896],"rotationconfidence":1},"24":{"id":24,"position":[454.0001153945923,-901.8168449401855,2262.70055770874],"positionconfidence":1,"rotation":[-0.06903358548879623,-0.9976142644882202,0,0.9262478351593018,-0.06409512460231781,-0.3714251220226288,0.3705390393733978,-0.02564080990850925,0.9284629225730896],"rotationconfidence":1}},"skeletonTracked":true,"frameCount":2},{"position":[180.5891841650009,-367.270827293396,2535.109043121338],"positionTracked":true,"id":4304,"skeleton":{"1":{"id":1,"position":[211.9129300117493,227.1042913198471,2699.397325515747],"positionconfidence":1,"rotation":[0.9987003803253174,0.05096507072448731,0,-0.04717817530035973,0.924493134021759,-0.3782678842544556,-0.01927844993770123,0.3777762651443481,0.925696074962616],"rotationconfidence":1},"2":{"id":2,"position":[221.0115045309067,48.81060868501663,2772.348403930664],"positionconfidence":1,"rotation":[0.99684077501297,0.01935151964426041,-0.07703213393688202,-0.04717817530035973,0.924493134021759,-0.3782678842544556,0.06389562040567398,0.3807071447372437,0.9224854707717896],"rotationconfidence":1},"3":{"id":3,"position":[205.9149742126465,-263.2024884223938,2712.62001991272],"positionconfidence":1,"rotation":[0.9971228241920471,-0.03541556745767593,-0.06701963394880295,0.04746783524751663,0.9810589551925659,0.1878032237291336,0.05909905582666397,-0.1904441714286804,0.9799174666404724],"rotationconfidence":1},"4":{"id":4,"position":[198.823407292366,-310.7131719589233,2656.054973602295],"positionconfidence":1,"rotation":[0.9954235553741455,-0.06177276000380516,-0.0729115828871727,0.09556049108505249,0.6402173638343811,0.762226939201355,-0.0004055983445141465,-0.7657061219215393,0.6431905031204224],"rotationconfidence":1},"6":{"id":6,"position":[42.09574684500694,-48.55703935027123,2769.853353500366],"positionconfidence":1,"rotation":[0.225466400384903,0.9741266369819641,-0.01556499395519495,0.1175066381692886,-0.04305028542876244,-0.9921385645866394,-0.9671385884284973,0.2218648940324783,-0.1241727322340012],"rotationconfidence":1},"7":{"id":7,"position":[-4.759346600621939,-250.9942650794983,2773.087978363037],"positionconfidence":1,"rotation":[-0.08507706969976425,0.1778320521116257,0.9803763031959534,0.239592969417572,0.9587240219116211,-0.1531126201152802,-0.9671385884284973,0.2218648940324783,-0.1241727322340012],"rotationconfidence":1},"8":{"id":8,"position":[19.81762424111366,-302.3661971092224,2489.877939224243],"positionconfidence":1,"rotation":[0.04045737907290459,0.01560716796666384,0.9990594387054443,0,0.9998780488967896,-0.01561995595693588,-0.9991813898086548,0.0006319424719549716,0.04045244678854942],"rotationconfidence":1},"9":{"id":9,"position":[17.89506897330284,-303.1078577041626,2442.402124404907],"positionconfidence":1,"rotation":[0.04045737907290459,0.01560716796666384,0.9990594387054443,0,0.9998780488967896,-0.01561995595693588,-0.9991813898086548,0.0006319424719549716,0.04045244678854942],"rotationconfidence":1},"12":{"id":12,"position":[397.8724777698517,-53.80503833293915,2747.376441955566],"positionconfidence":1,"rotation":[0.1462302505970001,-0.96584153175354,-0.2139319032430649,-0.4614491164684296,0.1246907338500023,-0.878360390663147,0.8750322461128235,0.2271615415811539,-0.4274531602859497],"rotationconfidence":1},"13":{"id":13,"position":[435.2652728557587,-300.7820844650269,2692.671537399292],"positionconfidence":1,"rotation":[-0.3783826231956482,-0.2297585755586624,-0.8966814279556274,-0.301902562379837,0.946366012096405,-0.1150921806693077,0.8750322461128235,0.2271615415811539,-0.4274531602859497],"rotationconfidence":1},"14":{"id":14,"position":[347.589910030365,-354.0196418762207,2484.900712966919],"positionconfidence":1,"rotation":[-0.4155203700065613,0.5670660734176636,-0.7111812829971313,0,-0.7818754315376282,-0.6234346032142639,-0.9095838069915771,-0.2590497732162476,0.3248851597309113],"rotationconfidence":1},"15":{"id":15,"position":[297.9473173618317,-286.2717509269714,2399.935245513916],"positionconfidence":1,"rotation":[-0.4155203700065613,0.5670660734176636,-0.7111812829971313,0,-0.7818754315376282,-0.6234346032142639,-0.9095838069915771,-0.2590497732162476,0.3248851597309113],"rotationconfidence":1},"17":{"id":17,"position":[116.3806766271591,-386.5313827991486,2632.891654968262],"positionconfidence":1,"rotation":[0.922894299030304,-0.3547008335590363,-0.1498450338840485,0.3848786056041718,0.8614861965179443,0.3312249481678009,0.01160366740077734,-0.3633577823638916,0.9315775036811829],"rotationconfidence":1},"18":{"id":18,"position":[-23.90048652887344,-700.5272507667542,2512.166261672974],"positionconfidence":1,"rotation":[0.7940778732299805,-0.6078161001205444,0,0.5548804402351379,0.724920392036438,0.4081644117832184,-0.2480888962745667,-0.3241143226623535,0.9129084944725037],"rotationconfidence":1},"19":{"id":19,"position":[-170.0871884822846,-891.5120363235474,2404.632806777954],"positionconfidence":1,"rotation":[-0.7548866271972656,0.6558552384376526,0,0.2358744889497757,0.2714905440807343,-0.9330894351005554,-0.6119716167449951,-0.7043768167495728,-0.3596441447734833],"rotationconfidence":1},"20":{"id":20,"position":[-109.9990680813789,-822.3508596420288,2439.945459365845],"positionconfidence":1,"rotation":[-0.7548866271972656,0.6558552384376526,0,0.2358744889497757,0.2714905440807343,-0.9330894351005554,-0.6119716167449951,-0.7043768167495728,-0.3596441447734833],"rotationconfidence":1},"21":{"id":21,"position":[271.246612071991,-389.0633285045624,2629.975080490112],"positionconfidence":1,"rotation":[0.9699732661247253,0.2232920527458191,0.09639705717563629,-0.2430092096328735,0.8736369013786316,0.4215506911277771,0.009912903420627117,-0.4323183298110962,0.901666522026062],"rotationconfidence":1},"22":{"id":22,"position":[361.2692356109619,-712.7016186714172,2473.811864852905],"positionconfidence":1,"rotation":[0.2218856960535049,0.7136020660400391,-0.6644837856292725,-0.435620903968811,0.6822287440299988,0.5871953368186951,0.872353732585907,0.1591727882623673,0.462236762046814],"rotationconfidence":1},"23":{"id":23,"position":[476.9850373268127,-893.9248919487,2317.832708358765],"positionconfidence":1,"rotation":[-0.3381899893283844,-0.9410778284072876,0,-0.04600343108177185,0.01653200201690197,-0.9988043904304504,0.9399527311325073,-0.3377856612205505,-0.04888376966118813],"rotationconfidence":1},"24":{"id":24,"position":[425.3098070621491,-875.3546476364136,2320.520162582398],"positionconfidence":1,"rotation":[-0.3381899893283844,-0.9410778284072876,0,-0.04600343108177185,0.01653200201690197,-0.9988043904304504,0.9399527311325073,-0.3377856612205505,-0.04888376966118813],"rotationconfidence":1}},"skeletonTracked":true,"frameCount":3},{"position":[174.4311004877091,-396.8300521373749,2527.627944946289],"positionTracked":true,"id":4304,"skeleton":{"1":{"id":1,"position":[210.9642922878265,222.1461683511734,2696.752548217773],"positionconfidence":1,"rotation":[0.9981130361557007,0.06140248104929924,0,-0.05611792579293251,0.9122112989425659,-0.4058588445186615,-0.02492073923349381,0.4050930142402649,0.9139357805252075],"rotationconfidence":1},"2":{"id":2,"position":[221.8647748231888,44.9560321867466,2775.587558746338],"positionconfidence":1,"rotation":[0.9967684745788574,0.02778706140816212,-0.07536834478378296,-0.05611792579293251,0.9122112989425659,-0.4058588445186615,0.05747422575950623,0.4087767899036408,0.9108227491378784],"rotationconfidence":1},"3":{"id":3,"position":[206.5124064683914,-265.8597528934479,2714.210748672485],"positionconfidence":1,"rotation":[0.9974874258041382,-0.0373866967856884,-0.06017614156007767,0.04840123653411865,0.979905366897583,0.1935019642114639,0.05173251405358315,-0.1959283202886581,0.9792526364326477],"rotationconfidence":1},"4":{"id":4,"position":[199.8940855264664,-312.6596510410309,2657.17339515686],"positionconfidence":1,"rotation":[0.9959906339645386,-0.06015156581997871,-0.06621447950601578,0.08934470266103745,0.6317800283432007,0.7699815630912781,-0.004482613410800695,-0.7728102803230286,0.6346211433410645],"rotationconfidence":1},"6":{"id":6,"position":[41.94286465644836,-50.63168704509735,2772.34673500061],"positionconfidence":1,"rotation":[0.21955706179142,0.9755935668945312,-0.003472771728411317,0.1010861620306969,-0.02628959342837334,-0.9945303201675415,-0.9703485369682312,0.2180050760507584,-0.104391060769558],"rotationconfidence":1},"7":{"id":7,"position":[-3.382854629307985,-252.0348131656647,2773.063659667969],"positionconfidence":1,"rotation":[-0.05136209353804588,0.23605015873909,0.9703825116157532,0.2361898422241211,0.9469709992408752,-0.2178537249565125,-0.9703485369682312,0.2180050760507584,-0.104391060769558],"rotationconfidence":1},"8":{"id":8,"position":[11.40329707413912,-319.9890851974487,2493.709325790405],"positionconfidence":1,"rotation":[0.08864191174507141,-0.2991007268428803,0.9500954747200012,0,0.953850269317627,0.3002827763557434,-0.9960636496543884,-0.02661763876676559,0.08455111086368561],"rotationconfidence":1},"9":{"id":9,"position":[6.86003640294075,-304.6589493751526,2445.013046264648],"positionconfidence":1,"rotation":[0.08864191174507141,-0.2991007268428803,0.9500954747200012,0,0.953850269317627,0.3002827763557434,-0.9960636496543884,-0.02661763876676559,0.08455111086368561],"rotationconfidence":1},"12":{"id":12,"position":[397.6494073867798,-56.26313388347626,2752.428531646729],"positionconfidence":1,"rotation":[0.1485773026943207,-0.9721919894218445,-0.1810184419155121,-0.5077059864997864,0.0820925384759903,-0.8576104044914246,0.8486220836639404,0.2193255424499512,-0.4813905358314514],"rotationconfidence":1},"13":{"id":13,"position":[436.4074766635895,-309.8704218864441,2705.207824707031],"positionconfidence":1,"rotation":[-0.4017219543457031,-0.3248808979988098,-0.8561962842941284,-0.3441803157329559,0.9199722409248352,-0.1875932216644287,0.8486220836639404,0.2193255424499512,-0.4813905358314514],"rotationconfidence":1},"14":{"id":14,"position":[346.4165031909943,-382.6479911804199,2513.408660888672],"positionconfidence":0.5,"rotation":[-0.2418794184923172,0.6303722262382507,-0.7376484870910645,0,-0.7602221965789795,-0.6496630907058716,-0.9703063368797302,-0.1571401357650757,0.1838821023702622],"rotationconfidence":0.5},"15":{"id":15,"position":[312.3472332954407,-293.8586175441742,2409.509181976318],"positionconfidence":1,"rotation":[-0.2418794184923172,0.6303722262382507,-0.7376484870910645,0,-0.7602221965789795,-0.6496630907058716,-0.9703063368797302,-0.1571401357650757,0.1838821023702622],"rotationconfidence":1},"17":{"id":17,"position":[117.5040006637573,-387.9978358745575,2632.781028747559],"positionconfidence":1,"rotation":[0.9263318181037903,-0.3493728637695313,-0.1408818513154984,0.37665855884552,0.8650757670402527,0.3313187658786774,0.006119691301137209,-0.3599755167961121,0.9329416155815125],"rotationconfidence":1},"18":{"id":18,"position":[-18.17098259925842,-699.6040344238281,2513.437747955322],"positionconfidence":1,"rotation":[0.7840937376022339,-0.6206424832344055,0,0.5695740580558777,0.7195760607719421,0.397235244512558,-0.2465410679578781,-0.3114696741104126,0.917716920375824],"rotationconfidence":1},"19":{"id":19,"position":[-168.200746178627,-889.1453742980957,2408.803224563599],"positionconfidence":1,"rotation":[0.9999613761901855,0.008793261833488941,0,0.003590103937312961,-0.4082632064819336,-0.9128572344779968,-0.008026991970837116,0.912821888923645,-0.4082789719104767],"rotationconfidence":1},"20":{"id":20,"position":[-167.8735017776489,-926.3592958450317,2425.447940826416],"positionconfidence":1,"rotation":[0.9999613761901855,0.008793261833488941,0,0.003590103937312961,-0.4082632064819336,-0.9128572344779968,-0.008026991970837116,0.912821888923645,-0.4082789719104767],"rotationconfidence":1},"21":{"id":21,"position":[272.905558347702,-390.5426561832428,2630.77974319458],"positionconfidence":1,"rotation":[0.9697858095169067,0.2215365767478943,0.1021608486771584,-0.2439165264368057,0.8728265166282654,0.4227037727832794,0.004475649446249008,-0.4348508715629578,0.9004912972450256],"rotationconfidence":1},"22":{"id":22,"position":[362.8864288330078,-712.5285863876343,2474.844217300415],"positionconfidence":1,"rotation":[-0.4548895955085754,0.3913433253765106,-0.7999536395072937,-0.391066312789917,0.7192472219467163,0.5742390155792236,0.8000890612602234,0.57405024766922,-0.1741368919610977],"rotationconfidence":1},"23":{"id":23,"position":[467.2940969467163,-904.5546650886536,2321.532726287842],"positionconfidence":1,"rotation":[-0.213177427649498,-0.9770135283470154,0,-0.5381017923355103,0.1174100041389465,-0.8346624970436096,0.8154765367507935,-0.1779312044382095,-0.550761878490448],"rotationconfidence":1},"24":{"id":24,"position":[412.4983847141266,-892.5986289978027,2358.541011810303],"positionconfidence":1,"rotation":[-0.213177427649498,-0.9770135283470154,0,-0.5381017923355103,0.1174100041389465,-0.8346624970436096,0.8154765367507935,-0.1779312044382095,-0.550761878490448],"rotationconfidence":1}},"skeletonTracked":true,"frameCount":4},{"position":[176.6343861818314,-396.1200416088104,2529.404163360596],"positionTracked":true,"id":4304,"skeleton":{"1":{"id":1,"position":[210.0502103567123,219.4071412086487,2694.97275352478],"positionconfidence":1,"rotation":[0.9976486563682556,0.06853604316711426,0,-0.06212309747934341,0.9042982459068298,-0.422356903553009,-0.02894667163491249,0.4213638007640839,0.9064295887947083],"rotationconfidence":1},"2":{"id":2,"position":[222.1846878528595,42.77095571160317,2777.471542358398],"positionconfidence":1,"rotation":[0.9966990947723389,0.03404883667826653,-0.07370006293058395,-0.06212309747934341,0.9042982459068298,-0.422356903553009,0.05226607620716095,0.4255412220954895,0.9034284949302673],"rotationconfidence":1},"3":{"id":3,"position":[206.562727689743,-267.6992416381836,2715.435028076172],"positionconfidence":1,"rotation":[0.9977331757545471,-0.03928590565919876,-0.05463629588484764,0.0492817796766758,0.9794240593910217,0.1957033425569534,0.04582371935248375,-0.1979523003101349,0.9791399836540222],"rotationconfidence":1},"4":{"id":4,"position":[200.3203332424164,-314.0213787555695,2658.082485198975],"positionconfidence":1,"rotation":[0.9963921308517456,-0.06017174944281578,-0.05985068529844284,0.08437192440032959,0.6260879039764404,0.7751743793487549,-0.009171806275844574,-0.7774273753166199,0.6289058923721313],"rotationconfidence":1},"6":{"id":6,"position":[41.59459471702576,-51.92273482680321,2774.070262908936],"positionconfidence":1,"rotation":[0.2148374170064926,0.9766464829444885,0.002567115472629666,-0.00101183878723532,0.002851067110896111,-0.9999954700469971,-0.9766493439674377,0.2148338407278061,0.001600724644958973],"rotationconfidence":1},"7":{"id":7,"position":[-2.880274783819914,-254.1045844554901,2773.538827896118],"positionconfidence":1,"rotation":[0.05334839224815369,0.2352945655584335,0.9704588651657104,0.2081107646226883,0.9478834271430969,-0.2412613183259964,-0.9766493439674377,0.2148338407278061,0.001600724644958973],"rotationconfidence":1},"8":{"id":8,"position":[-18.41738075017929,-322.6314187049866,2490.903854370117],"positionconfidence":1,"rotation":[-0.2683329284191132,-0.09148544073104858,0.9589723348617554,0,0.9954802989959717,0.094968281686306,-0.9633262753486633,0.02548311650753021,-0.2671201527118683],"rotationconfidence":1},"9":{"id":9,"position":[-8.426165208220482,-319.225013256073,2455.197095870972],"positionconfidence":1,"rotation":[-0.2683329284191132,-0.09148544073104858,0.9589723348617554,0,0.9954802989959717,0.094968281686306,-0.9633262753486633,0.02548311650753021,-0.2671201527118683],"rotationconfidence":1},"12":{"id":12,"position":[397.5194692611694,-57.76656791567802,2756.231546401978],"positionconfidence":1,"rotation":[0.1566928029060364,-0.9806423187255859,-0.1174221411347389,-0.6274445056915283,-0.007023653015494347,-0.7786295413970947,0.7627323865890503,0.1956815272569656,-0.6163992285728455],"rotationconfidence":1},"13":{"id":13,"position":[436.9525909423828,-304.5538365840912,2726.681232452393],"positionconfidence":1,"rotation":[-0.3537103831768036,-0.6717074513435364,-0.6509208679199219,-0.5414131283760071,0.7145052552223206,-0.4431184530258179,0.7627323865890503,0.1956815272569656,-0.6163992285728455],"rotationconfidence":1},"14":{"id":14,"position":[353.8799583911896,-462.3114466667175,2573.805570602417],"positionconfidence":1,"rotation":[-0.08778438717126846,0.713280439376831,-0.695359468460083,0,-0.6980543732643127,-0.7160447835922241,-0.9961394667625427,-0.06285755336284637,0.06127827614545822],"rotationconfidence":1},"15":{"id":15,"position":[334.9559009075165,-308.5465133190155,2423.903942108154],"positionconfidence":1,"rotation":[-0.08778438717126846,0.713280439376831,-0.695359468460083,0,-0.6980543732643127,-0.7160447835922241,-0.9961394667625427,-0.06285755336284637,0.06127827614545822],"rotationconfidence":1},"17":{"id":17,"position":[117.7612319588661,-388.8908922672272,2632.838010787964],"positionconfidence":1,"rotation":[0.9339796304702759,-0.3339091241359711,-0.1272269934415817,0.3573238849639893,0.8740503191947937,0.3291742503643036,0.001288510276935995,-0.3529032766819,0.935658872127533],"rotationconfidence":1},"18":{"id":18,"position":[-5.499038845300674,-690.3979778289795,2519.288063049316],"positionconfidence":1,"rotation":[0.773586094379425,-0.633691132068634,0,0.5816588997840881,0.7100671529769897,0.3968345522880554,-0.2514705359935761,-0.3069857060909271,0.917890191078186],"rotationconfidence":1},"19":{"id":19,"position":[-158.1555753946304,-876.7552971839905,2415.138721466065],"positionconfidence":1,"rotation":[0.6379715204238892,-0.7700599431991577,0,0.7121986746788025,0.5900352001190186,-0.3803046345710754,0.2928573787212372,0.2426235377788544,0.9248613119125366],"rotationconfidence":1},"20":{"id":20,"position":[-173.9798337221146,-889.8652195930481,2365.164756774902],"positionconfidence":1,"rotation":[0.6379715204238892,-0.7700599431991577,0,0.7121986746788025,0.5900352001190186,-0.3803046345710754,0.2928573787212372,0.2426235377788544,0.9248613119125366],"rotationconfidence":1},"21":{"id":21,"position":[273.9710509777069,-391.793429851532,2631.52813911438],"positionconfidence":1,"rotation":[0.9694419503211975,0.2203836739063263,0.107763983309269,-0.245319589972496,0.8719393610954285,0.4237214028835297,-0.000582379347179085,-0.4372100234031677,0.8993592262268066],"rotationconfidence":1},"22":{"id":22,"position":[364.2522990703583,-712.6800417900085,2475.592374801636],"positionconfidence":1,"rotation":[-0.6195595264434814,0.2614909410476685,-0.7401139140129089,-0.3728272318840027,0.7317060232162476,0.5706191062927246,0.6907575130462646,0.6294671297073364,-0.3558444976806641],"rotationconfidence":1},"23":{"id":23,"position":[464.3561840057373,-909.1426730155945,2322.381496429443],"positionconfidence":1,"rotation":[-0.1958631724119186,-0.9806311726570129,0,-0.6519915461540222,0.1302234083414078,-0.7469596862792969,0.7324920296669006,-0.1463019102811813,-0.6648693084716797],"rotationconfidence":1},"24":{"id":24,"position":[406.0988426208496,-897.506833076477,2375.260591506958],"positionconfidence":1,"rotation":[-0.1958631724119186,-0.9806311726570129,0,-0.6519915461540222,0.1302234083414078,-0.7469596862792969,0.7324920296669006,-0.1463019102811813,-0.6648693084716797],"rotationconfidence":1}},"skeletonTracked":true,"frameCount":5},{"position":[177.897721529007,-380.7871639728546,2537.939310073853],"positionTracked":true,"id":4304,"skeleton":{"1":{"id":1,"position":[207.5383365154266,232.4637174606323,2701.492071151733],"positionconfidence":1,"rotation":[0.9971079230308533,0.07599874585866928,0,-0.07052244991064072,0.9252586364746094,-0.3727236688137054,-0.02832653187215328,0.3716457188129425,0.9279423356056213],"rotationconfidence":1},"2":{"id":2,"position":[222.0265716314316,42.37723350524902,2778.064966201782],"positionconfidence":1,"rotation":[0.9962513446807861,0.04656633734703064,-0.07290167361497879,-0.07052244991064072,0.9252586364746094,-0.3727236688137054,0.05009653046727181,0.3764677047729492,0.9250742197036743],"rotationconfidence":1},"3":{"id":3,"position":[206.4863443374634,-268.6982154846191,2716.371536254883],"positionconfidence":1,"rotation":[0.9978646039962769,-0.03953923657536507,-0.0519886389374733,0.04894335195422173,0.9797202348709106,0.1943010985851288,0.04325180128216744,-0.1964306682348251,0.9795632362365723],"rotationconfidence":1},"4":{"id":4,"position":[200.5049884319305,-314.910501241684,2658.937454223633],"positionconfidence":1,"rotation":[0.99668288230896,-0.05779573321342468,-0.05729424208402634,0.08087325841188431,0.6248312592506409,0.7765598893165588,-0.009082616306841373,-0.7786176204681396,0.6274328231811523],"rotationconfidence":1},"6":{"id":6,"position":[41.21805354952812,-52.49316245317459,2775.67195892334],"positionconfidence":1,"rotation":[0.2045252621173859,0.9787740111351013,-0.01307261828333139,0.09729623049497604,-0.03361624851822853,-0.9946876168251038,-0.9740138053894043,0.2021668255329132,-0.1021063923835754],"rotationconfidence":1},"7":{"id":7,"position":[-4.285854287445545,-270.2561914920807,2778.5804271698],"positionconfidence":1,"rotation":[-0.04022131860256195,0.2892608344554901,0.9564049243927002,0.2228887230157852,0.9356584548950195,-0.2736126184463501,-0.9740138053894043,0.2021668255329132,-0.1021063923835754],"rotationconfidence":1},"8":{"id":8,"position":[6.762197706848383,-349.7107923030853,2515.873670578003],"positionconfidence":1,"rotation":[0.5246747136116028,-0.2420008331537247,0.816181480884552,0,0.9587439298629761,0.2842711508274078,-0.8513029217720032,-0.1491498798131943,0.5030286908149719],"rotationconfidence":1},"9":{"id":9,"position":[-14.41307365894318,-339.943915605545,2482.933521270752],"positionconfidence":1,"rotation":[0.5246747136116028,-0.2420008331537247,0.816181480884552,0,0.9587439298629761,0.2842711508274078,-0.8513029217720032,-0.1491498798131943,0.5030286908149719],"rotationconfidence":1},"12":{"id":12,"position":[397.3807692527771,-58.35597589612007,2758.770227432251],"positionconfidence":1,"rotation":[0.1653977930545807,-0.9833402633666992,-0.07540227472782135,-0.6952826380729675,-0.06203969568014145,-0.71605384349823,0.6994466185569763,0.1708596050739288,-0.6939606666564941],"rotationconfidence":1},"13":{"id":13,"position":[438.2485449314117,-301.3273477554321,2740.139245986939],"positionconfidence":1,"rotation":[-0.4160917401313782,-0.6921130418777466,-0.5897857546806335,-0.5810697674751282,0.7012749314308167,-0.4130028486251831,0.6994466185569763,0.1708596050739288,-0.6939606666564941],"rotationconfidence":1},"14":{"id":14,"position":[341.8482840061188,-461.676299571991,2603.497505187988],"positionconfidence":0.5,"rotation":[0.03245529904961586,0.633884608745575,-0.7727464437484741,0,-0.7731537222862244,-0.634218692779541,-0.9994732737541199,0.02058375813066959,-0.02509293518960476],"rotationconfidence":0.5},"15":{"id":15,"position":[348.9067256450653,-323.8178491592407,2435.439109802246],"positionconfidence":1,"rotation":[0.03245529904961586,0.633884608745575,-0.7727464437484741,0,-0.7731537222862244,-0.634218692779541,-0.9994732737541199,0.02058375813066959,-0.02509293518960476],"rotationconfidence":1},"17":{"id":17,"position":[117.8365498781204,-389.8013532161713,2633.485794067383],"positionconfidence":1,"rotation":[0.9365578293800354,-0.3276238143444061,-0.1245875656604767,0.3505127429962158,0.8758968114852905,0.3315804898738861,0.0004921889049001038,-0.3542138338088989,0.9351643323898315],"rotationconfidence":1},"18":{"id":18,"position":[-1.729239942505956,-688.5845065116882,2520.378112792969],"positionconfidence":1,"rotation":[0.7693862915039062,-0.6387837529182434,0,0.5881674885749817,0.7084212303161621,0.39012610912323,-0.2492062151432037,-0.3001576662063599,0.9207614064216614],"rotationconfidence":1},"19":{"id":19,"position":[-155.9924632310867,-874.3876218795776,2418.056726455689],"positionconfidence":1,"rotation":[0.4966416358947754,-0.8679556846618652,0,0.7749459743499756,0.4434217810630798,-0.4503730237483978,0.3909038305282593,0.2236739844083786,0.8928405046463013],"rotationconfidence":1},"20":{"id":20,"position":[-192.760244011879,-895.4260349273682,2334.077596664429],"positionconfidence":1,"rotation":[0.4966416358947754,-0.8679556846618652,0,0.7749459743499756,0.4434217810630798,-0.4503730237483978,0.3909038305282593,0.2236739844083786,0.8928405046463013],"rotationconfidence":1},"21":{"id":21,"position":[274.6161222457886,-392.5293385982513,2632.369995117188],"positionconfidence":1,"rotation":[0.9694783091545105,0.2198421806097031,0.1085413694381714,-0.2451740205287933,0.8715096712112427,0.4246888756752014,-0.001230324269272387,-0.4383381605148315,0.8988092541694641],"rotationconfidence":1},"22":{"id":22,"position":[364.5493388175964,-712.2111320495605,2476.588249206543],"positionconfidence":1,"rotation":[0.750167727470398,0.5801795125007629,-0.3172383904457092,-0.3452935814857483,0.7528536915779114,0.5603424906730652,0.5639333128929138,-0.3108104765415192,0.7650988101959229],"rotationconfidence":1},"23":{"id":23,"position":[456.7496478557587,-913.2381677627563,2326.965570449829],"positionconfidence":1,"rotation":[0.04609909653663635,-0.9989368915557861,0,0.9246730208396912,0.04267195612192154,-0.3783635199069977,0.377961277961731,0.01744221709668636,0.9256570935249329],"rotationconfidence":1},"24":{"id":24,"position":[439.4965469837189,-914.034366607666,2284.711360931397],"positionconfidence":1,"rotation":[0.04609909653663635,-0.9989368915557861,0,0.9246730208396912,0.04267195612192154,-0.3783635199069977,0.377961277961731,0.01744221709668636,0.9256570935249329],"rotationconfidence":1}},"skeletonTracked":true,"frameCount":6},{"position":[179.7550320625305,-328.8732469081879,2558.290243148804],"positionTracked":true,"id":4304,"skeleton":{"1":{"id":1,"position":[206.4299434423447,242.6617443561554,2707.227468490601],"positionconfidence":1,"rotation":[0.9970914721488953,0.07621356844902039,0,-0.07186762243509293,0.9402341246604919,-0.3328585624694824,-0.02536833845078945,0.3318904340267181,0.942976713180542],"rotationconfidence":1},"2":{"id":2,"position":[221.6933518648148,42.97270253300667,2777.920722961426],"positionconfidence":1,"rotation":[0.9962241649627686,0.0513698123395443,-0.06998952478170395,-0.07186762243509293,0.9402341246604919,-0.3328585624694824,0.04870765656232834,0.336631715297699,0.940375804901123],"rotationconfidence":1},"3":{"id":3,"position":[206.4628154039383,-267.4371302127838,2718.483924865723],"positionconfidence":1,"rotation":[0.9979608058929443,-0.03934100642800331,-0.05026587098836899,0.04813456162810326,0.9810187220573425,0.1878439486026764,0.04192178696393967,-0.1898804306983948,0.9809118509292603],"rotationconfidence":1},"4":{"id":4,"position":[200.8679807186127,-312.7097189426422,2661.789178848267],"positionconfidence":1,"rotation":[0.997021496295929,-0.05271437764167786,-0.05629541352391243,0.07688575983047485,0.6221483945846558,0.7791147828102112,-0.006046448368579149,-0.7811225652694702,0.6243484020233154],"rotationconfidence":1},"6":{"id":6,"position":[40.89971259236336,-52.79062315821648,2776.912450790405],"positionconfidence":1,"rotation":[0.1896708756685257,0.981846272945404,-0.00169148575514555,0.3149731159210205,-0.06247732788324356,-0.947041928768158,-0.929955244064331,0.1790934950113297,-0.3211053013801575],"rotationconfidence":1},"7":{"id":7,"position":[-3.292449517175555,-281.5548479557037,2777.30655670166],"positionconfidence":1,"rotation":[-0.2084367573261261,0.4626461863517761,0.8616917133331299,0.3028815090656281,0.8682648539543152,-0.3929105699062347,-0.929955244064331,0.1790934950113297,-0.3211053013801575],"rotationconfidence":1},"8":{"id":8,"position":[49.23663288354874