{"motiondata":[{"position":[175.3734648227692,-392.303854227066,2531.734228134155],"positionTracked":true,"id":4304,"skeleton":{"1":{"id":1,"position":[215.1563614606857,248.9075213670731,2752.085685729981],"positionconfidence":1,"rotation":[0.9994708895683289,0.0325263999402523,0,-0.03245433419942856,0.9972563982009888,-0.066530242562294,-0.002163989236578345,0.06649503856897354,0.9977843761444092],"rotationconfidence":1},"2":{"id":2,"position":[222.8418290615082,12.74855248630047,2767.840623855591],"positionconfidence":1,"rotation":[0.9994730353355408,0.03242173790931702,-0.001569901476614177,-0.03245433419942856,0.9972563982009888,-0.066530242562294,-0.0005914319190196693,0.06654614210128784,0.9977832436561584],"rotationconfidence":1},"3":{"id":3,"position":[206.6502571105957,-270.1139152050018,2727.109909057617],"positionconfidence":1,"rotation":[0.9983778595924377,-0.0569121278822422,-0.001645008218474686,0.05656677111983299,0.9882064461708069,0.1422965526580811,-0.006472792010754347,-0.1421587765216827,0.9898226857185364],"rotationconfidence":1},"4":{"id":4,"position":[205.0111889839172,-312.5346601009369,2673.969984054565],"positionconfidence":1,"rotation":[0.9990023374557495,-0.04441375657916069,0.004641176667064428,0.02409858070313931,0.6236957311630249,0.781295657157898,-0.03759495541453362,-0.7804043292999268,0.6241438388824463],"rotationconfidence":1},"6":{"id":6,"position":[38.5640487074852,-59.76332351565361,2778.692245483398],"positionconfidence":1,"rotation":[0.1959815323352814,0.9724326729774475,0.1263564825057983,-0.04903778806328774,0.1384129226207733,-0.9891598224639893,-0.9793806672096252,0.187660813331604,0.07481232285499573],"rotationconfidence":1},"7":{"id":7,"position":[-2.955850679427385,-265.7791972160339,2751.922845840454],"positionconfidence":1,"rotation":[0.09147939831018448,0.08177594840526581,0.9924435615539551,0.1801249235868454,0.9788238406181335,-0.09725688397884369,-0.9793806672096252,0.187660813331604,0.07481232285499573],"rotationconfidence":1},"8":{"id":8,"position":[-30.31930141150951,-290.2401387691498,2455.061674118042],"positionconfidence":1,"rotation":[-0.1359284371137619,0.2778365314006805,0.9509628415107727,0,0.9598717093467712,-0.2804393768310547,-0.9907186031341553,-0.03811968490481377,-0.130473867058754],"rotationconfidence":1},"9":{"id":9,"position":[-26.51451714336872,-298.0170845985413,2428.443193435669],"positionconfidence":1,"rotation":[-0.1359284371137619,0.2778365314006805,0.9509628415107727,0,0.9598717093467712,-0.2804393768310547,-0.9907186031341553,-0.03811968490481377,-0.130473867058754],"rotationconfidence":1},"12":{"id":12,"position":[397.177129983902,-69.90303844213486,2779.581069946289],"positionconfidence":1,"rotation":[0.2314880937337875,-0.9524709582328796,-0.1980210691690445,-0.319914847612381,0.117698647081852,-0.9401071667671204,0.9187315702438354,0.2809735238552094,-0.2774637639522553],"rotationconfidence":1},"13":{"id":13,"position":[447.1383988857269,-275.4715383052826,2736.84287071228],"positionconfidence":1,"rotation":[-0.277893602848053,-0.0391630046069622,-0.9598132371902466,-0.2805484235286713,0.9589161276817322,0.0421004556119442,0.9187315702438354,0.2809735238552094,-0.2774637639522553],"rotationconfidence":1},"14":{"id":14,"position":[364.3076121807098,-287.1447205543518,2450.754642486572],"positionconfidence":1,"rotation":[-0.3204332888126373,-0.2577624917030335,-0.9115267395973206,0,-0.9622659683227539,0.2721105813980103,-0.9472710490226746,0.08719328790903091,0.3083420395851135],"rotationconfidence":1},"15":{"id":15,"position":[343.0761694908142,-304.2236864566803,2390.358209609985],"positionconfidence":1,"rotation":[-0.3204332888126373,-0.2577624917030335,-0.9115267395973206,0,-0.9622659683227539,0.2721105813980103,-0.9472710490226746,0.08719328790903091,0.3083420395851135],"rotationconfidence":1},"17":{"id":17,"position":[117.1755120158196,-390.0720775127411,2643.556356430054],"positionconfidence":1,"rotation":[0.9230989217758179,-0.3736101388931274,-0.09112606942653656,0.3794699609279633,0.8464956879615784,0.3734269142150879,-0.06237825751304627,-0.3792895674705505,0.9231730103492737],"rotationconfidence":1},"18":{"id":18,"position":[-18.04038882255554,-691.7024850845337,2510.493755340576],"positionconfidence":1,"rotation":[0.7670917510986328,-0.6415374875068665,0,0.5767614245414734,0.6896384954452515,0.4378869533538818,-0.2809208929538727,-0.3358994722366333,0.8990300893783569],"rotationconfidence":1},"19":{"id":19,"position":[-160.7985198497772,-862.3995780944824,2402.109384536743],"positionconfidence":1,"rotation":[0.5026630759239197,-0.8644824028015137,0,0.6429468989372253,0.3738487660884857,-0.6684730648994446,0.5778831839561462,0.3360167145729065,0.7437362670898438],"rotationconfidence":1},"20":{"id":20,"position":[-197.7915316820145,-883.9095830917358,2354.499340057373],"positionconfidence":1,"rotation":[0.5026630759239197,-0.8644824028015137,0,0.6429468989372253,0.3738487660884857,-0.6684730648994446,0.5778831839561462,0.3360167145729065,0.7437362670898438],"rotationconfidence":1},"21":{"id":21,"position":[282.7772498130798,-388.6251747608185,2655.340433120728],"positionconfidence":1,"rotation":[0.9789191484451294,0.1451195031404495,0.1437283158302307,-0.1957554072141647,0.8674172759056091,0.4574572443962097,-0.05828645825386047,-0.475949227809906,0.8775392770767212],"rotationconfidence":1},"22":{"id":22,"position":[356.2260270118713,-714.08611536026,2483.699321746826],"positionconfidence":1,"rotation":[0.8435395359992981,0.5349036455154419,0.04815758019685745,-0.4642261266708374,0.68110591173172,0.5662054419517517,0.2700649499893189,-0.4999726712703705,0.8228560090065002],"rotationconfidence":1},"23":{"id":23,"position":[474.2511212825775,-887.2508406639099,2339.746952056885],"positionconfidence":1,"rotation":[0.7421111464500427,0.6702768802642822,0,-0.6444571018218994,0.7135242223739624,-0.2748785316944122,-0.1842447221279144,0.2039904147386551,0.9614789485931396],"rotationconfidence":1},"24":{"id":24,"position":[493.7724769115448,-908.8643193244934,2237.874984741211],"positionconfidence":1,"rotation":[0.7421111464500427,0.6702768802642822,0,-0.6444571018218994,0.7135242223739624,-0.2748785316944122,-0.1842447221279144,0.2039904147386551,0.9614789485931396],"rotationconfidence":1}},"skeletonTracked":true,"frameCount":1},{"position":[192.8060799837112,-173.1081157922745,2614.026546478272],"positionTracked":true,"id":4304,"skeleton":{"1":{"id":1,"position":[215.4414355754852,248.0955570936203,2749.96018409729],"positionconfidence":1,"rotation":[0.9994984269142151,0.03167032822966576,0,-0.03155989572405815,0.9960131645202637,-0.08343733847141266,-0.002642487874254584,0.08339548856019974,0.9965131282806396],"rotationconfidence":1},"2":{"id":2,"position":[222.632110118866,21.16175927221775,2768.970727920532],"positionconfidence":1,"rotation":[0.9994992017745972,0.03164492174983025,-0.0003035975678358227,-0.03155989572405815,0.9960131645202637,-0.08343733847141266,-0.002337980782613158,0.08340512961149216,0.9965130090713501],"rotationconfidence":1},"3":{"id":3,"position":[207.2558254003525,-269.2823708057404,2727.205276489258],"positionconfidence":1,"rotation":[0.9985905289649963,-0.05305883288383484,0.001341183437034488,0.05232978612184525,0.9884624481201172,0.1421394795179367,-0.008867464028298855,-0.1418689489364624,0.9898457527160645],"rotationconfidence":1},"4":{"id":4,"position":[205.8880776166916,-311.7962777614594,2674.036502838135],"positionconfidence":1,"rotation":[0.9988986849784851,-0.04566046968102455,0.0108139319345355,0.02008741162717342,0.6243799924850464,0.78086256980896,-0.04240654408931732,-0.77978515625,0.6246094107627869],"rotationconfidence":1},"6":{"id":6,"position":[38.48057985305786,-59.46117267012596,2777.921438217163],"positionconfidence":1,"rotation":[0.1934021860361099,0.9728919267654419,0.1267948001623154,-0.05091393366456032,0.13901287317276,-0.9889808893203735,-0.9797976016998291,0.1848154366016388,0.07641914486885071],"rotationconfidence":1},"7":{"id":7,"position":[-2.531602047383785,-265.7691836357117,2751.033782958984],"positionconfidence":1,"rotation":[0.09284412115812302,0.08190473914146423,0.9923061728477478,0.1771344095468521,0.9793542623519897,-0.09740909188985825,-0.9797976016998291,0.1848154366016388,0.07641914486885071],"rotationconfidence":1},"8":{"id":8,"position":[-30.27831576764584,-290.2466356754303,2454.480409622192],"positionconfidence":1,"rotation":[0.02854468114674091,0.1194228380918503,0.9924331307411194,0,0.99283766746521,-0.1194715201854706,-0.9995926022529602,0.003410276491194964,0.02834023535251617],"rotationconfidence":1},"9":{"id":9,"position":[-32.19781816005707,-298.2772886753082,2387.743711471558],"positionconfidence":1,"rotation":[0.02854468114674091,0.1194228380918503,0.9924331307411194,0,0.99283766746521,-0.1194715201854706,-0.9995926022529602,0.003410276491194964,0.02834023535251617],"rotationconfidence":1},"12":{"id":12,"position":[397.1597254276276,-69.90813463926315,2779.637336730957],"positionconfidence":1,"rotation":[0.227076381444931,-0.9538477659225464,-0.1964961588382721,-0.3155970573425293,0.1188051775097847,-0.9414265155792236,0.9213223457336426,0.275789350271225,-0.274053692817688],"rotationconfidence":1},"13":{"id":13,"position":[446.1458027362824,-275.6770551204681,2737.248182296753],"positionconfidence":1,"rotation":[-0.2739738523960114,-0.03961587324738503,-0.9609208106994629,-0.2758685946464539,0.9604013562202454,0.0390600822865963,0.9213223457336426,0.275789350271225,-0.274053692817688],"rotationconfidence":1},"14":{"id":14,"position":[364.5137250423431,-287.4808311462402,2450.936317443848],"positionconfidence":1,"rotation":[-0.3201657235622406,-0.2662370800971985,-0.9091819524765015,0,-0.9596989750862122,0.2810300588607788,-0.9473615884780884,0.08997619152069092,0.3072627186775208],"rotationconfidence":1},"15":{"id":15,"position":[343.5057401657105,-304.9502372741699,2391.279458999634],"positionconfidence":1,"rotation":[-0.3201657235622406,-0.2662370800971985,-0.9091819524765015,0,-0.9596989750862122,0.2810300588607788,-0.9473615884780884,0.08997619152069092,0.3072627186775208],"rotationconfidence":1},"17":{"id":17,"position":[118.2401403784752,-388.8297379016876,2643.364429473877],"positionconfidence":1,"rotation":[0.9163704514503479,-0.3892049491405487,-0.09372696280479431,0.3943919837474823,0.8375043272972107,0.3782083094120026,-0.06870380789041519,-0.3835440576076508,0.92096346616745],"rotationconfidence":1},"18":{"id":18,"position":[-15.42227249592543,-672.6662516593933,2515.186786651611],"positionconfidence":0.5,"rotation":[0.7644173502922058,-0.6447215676307678,0,0.5809410810470581,0.6887956857681274,0.4336681663990021,-0.2795952260494232,-0.3315034806728363,0.90107262134552],"rotationconfidence":0.5},"19":{"id":19,"position":[-159.7875207662582,-843.8336253166199,2407.419204711914],"positionconfidence":0.5,"rotation":[0.157977283000946,-0.9874427318572998,0,0.8876199722290039,0.1420070081949234,-0.4381376206874847,0.4326358139514923,0.069215789437294,0.8989077806472778],"rotationconfidence":0.5},"20":{"id":20,"position":[-187.571257352829,-848.2786417007446,2349.69162940979],"positionconfidence":0.5,"rotation":[0.157977283000946,-0.9874427318572998,0,0.8876199722290039,0.1420070081949234,-0.4381376206874847,0.4326358139514923,0.069215789437294,0.8989077806472778],"rotationconfidence":0.5},"21":{"id":21,"position":[286.5611910820007,-387.4728083610535,2656.48627281189],"positionconfidence":1,"rotation":[0.9752439856529236,0.1546509265899658,0.1580572724342346,-0.211670845746994,0.8596999645233154,0.4648778140544891,-0.06398805975914001,-0.4868254065513611,0.8711523413658142],"rotationconfidence":1},"22":{"id":22,"position":[358.847439289093,-681.0629963874817,2497.729063034058],"positionconfidence":0.5,"rotation":[0.8893060684204102,0.4131821990013123,0.1959980428218842,-0.4467653036117554,0.6934413313865662,0.5652786493301392,0.09764993190765381,-0.5902708768844604,0.8012770414352417],"rotationconfidence":0.5},"23":{"id":23,"position":[472.958505153656,-858.1790924072266,2353.347778320313],"positionconfidence":0.5,"rotation":[0.1153040453791618,0.993330180644989,0,-0.9670907855033875,0.112258218228817,-0.2283272445201874,-0.2268043756484985,0.02632705867290497,0.9735844135284424],"rotationconfidence":0.5},"24":{"id":24,"position":[498.5686540603638,-861.1518740653992,2243.413209915161],"positionconfidence":0.5,"rotation":[0.1153040453791618,0.993330180644989,0,-0.9670907855033875,0.112258218228817,-0.2283272445201874,-0.2268043756484985,0.02632705867290497,0.9735844135284424],"rotationconfidence":0.5}},"skeletonTracked":true,"frameCount":2},{"position":[204.2542994022369,-211.9479328393936,2592.936754226685],"positionTracked":true,"id":4304,"skeleton":{"1":{"id":1,"position":[215.995118021965,247.203603386879,2747.641086578369],"positionconfidence":1,"rotation":[0.9994997978210449,0.03162338957190514,0,-0.03145360946655273,0.9941336512565613,-0.1034840643405914,-0.003272516885772348,0.103432297706604,0.9946310520172119],"rotationconfidence":1},"2":{"id":2,"position":[222.8897958993912,29.2880441993475,2770.324945449829],"positionconfidence":1,"rotation":[0.9994920492172241,0.03181465715169907,0.001839773613028228,-0.03145360946655273,0.9941336512565613,-0.1034840643405914,-0.005121290683746338,0.1033736318349838,0.9946293830871582],"rotationconfidence":1},"3":{"id":3,"position":[207.6279819011688,-268.6802744865418,2727.212905883789],"positionconfidence":1,"rotation":[0.9986383318901062,-0.05190400406718254,0.005212390795350075,0.0506267324090004,0.9884252548217773,0.1430119425058365,-0.01257495116442442,-0.1425533145666122,0.9897071123123169],"rotationconfidence":1},"4":{"id":4,"position":[206.4323574304581,-311.4003241062164,2673.971891403198],"positionconfidence":1,"rotation":[0.9989582896232605,-0.04382127895951271,0.01272830832749605,0.01751271635293961,0.6257349848747253,0.7798391580581665,-0.04213809221982956,-0.778803825378418,0.6258505582809448],"rotationconfidence":1},"6":{"id":6,"position":[38.54761645197868,-59.01354551315308,2776.645660400391],"positionconfidence":1,"rotation":[0.1842143684625626,0.9733604192733765,0.1365084946155548,-0.05738711357116699,0.1492998003959656,-0.9871252775192261,-0.9812093377113342,0.174008846282959,0.08336151391267776],"rotationconfidence":1},"7":{"id":7,"position":[-0.5581681616604328,-265.6424939632416,2747.667074203491],"positionconfidence":1,"rotation":[0.09890536218881607,0.08264333009719849,0.9916590452194214,0.1656681746244431,0.9812700152397156,-0.09830081462860107,-0.9812093377113342,0.174008846282959,0.08336151391267776],"rotationconfidence":1},"8":{"id":8,"position":[-29.99605424702168,-290.2401983737946,2452.512741088867],"positionconfidence":1,"rotation":[-0.01653511449694634,0.125945970416069,0.991899311542511,0,0.9920348525047302,-0.1259631961584091,-0.9998632669448853,-0.002082815859466791,-0.01640341058373451],"rotationconfidence":1},"9":{"id":9,"position":[-28.94610539078713,-298.237532377243,2389.52898979187],"positionconfidence":1,"rotation":[-0.01653511449694634,0.125945970416069,0.991899311542511,0,0.9920348525047302,-0.1259631961584091,-0.9998632669448853,-0.002082815859466791,-0.01640341058373451],"rotationconfidence":1},"12":{"id":12,"position":[397.1393406391144,-69.94158774614334,2779.627799987793],"positionconfidence":1,"rotation":[0.2213365435600281,-0.9568085670471191,-0.1884870827198029,-0.3072818219661713,0.1150077059864998,-0.9446432590484619,0.9255203604698181,0.2670027613639832,-0.2685545086860657],"rotationconfidence":1},"13":{"id":13,"position":[444.8263645172119,-276.0862708091736,2739.018201828003],"positionconfidence":1,"rotation":[-0.2669984698295593,-0.04283428937196732,-0.9627445936203003,-0.2685588002204895,0.96274334192276,0.03164532035589218,0.9255203604698181,0.2670027613639832,-0.2685545086860657],"rotationconfidence":1},"14":{"id":14,"position":[365.3608560562134,-288.8348400592804,2452.481031417847],"positionconfidence":1,"rotation":[-0.3126030564308167,-0.2801730632781982,-0.9076245427131653,0,-0.9555110931396484,0.2949551045894623,-0.9498838186264038,0.09220387041568756,0.2986956834793091],"rotationconfidence":1},"15":{"id":15,"position":[345.0591862201691,-307.0303797721863,2393.536329269409],"positionconfidence":1,"rotation":[-0.3126030564308167,-0.2801730632781982,-0.9076245427131653,0,-0.9555110931396484,0.2949551045894623,-0.9498838186264038,0.09220387041568756,0.2986956834793091],"rotationconfidence":1},"17":{"id":17,"position":[118.6761036515236,-388.3959352970123,2643.163442611694],"positionconfidence":1,"rotation":[0.9134588241577148,-0.3955526351928711,-0.09555735439062119,0.400864452123642,0.834281325340271,0.3785267472267151,-0.07000552117824554,-0.3840740919113159,0.9206445217132568],"rotationconfidence":1},"18":{"id":18,"position":[-14.43490758538246,-665.4273271560669,2517.469882965088],"positionconfidence":0.5,"rotation":[0.7635927200317383,-0.6456982493400574,0,0.5813807845115662,0.6875318884849548,0.435081958770752,-0.2809316515922546,-0.3322254121303558,0.9003909230232239],"rotationconfidence":0.5},"19":{"id":19,"position":[-159.2472642660141,-836.6801738739014,2409.098148345947],"positionconfidence":0.5,"rotation":[-0.1079210191965103,-0.994159460067749,0,0.9505993127822876,-0.1031923517584801,-0.2927667200565338,0.2910568118095398,-0.03159568458795548,0.9561839699745178],"rotationconfidence":0.5},"20":{"id":20,"position":[-180.3404539823532,-834.39040184021,2339.802503585815],"positionconfidence":0.5,"rotation":[-0.1079210191965103,-0.994159460067749,0,0.9505993127822876,-0.1031923517584801,-0.2927667200565338,0.2910568118095398,-0.03159568458795548,0.9561839699745178],"rotationconfidence":0.5},"21":{"id":21,"position":[288.8897657394409,-386.6036236286163,2656.854152679443],"positionconfidence":1,"rotation":[0.9716704487800598,0.1666153818368912,0.1676176935434341,-0.2273813188076019,0.8524599075317383,0.4707545042037964,-0.06445242464542389,-0.4955314099788666,0.8661953806877136],"rotationconfidence":1},"22":{"id":22,"position":[365.1216626167297,-672.3994612693787,2499.028921127319],"positionconfidence":0.5,"rotation":[0.8632526993751526,0.5046327710151672,0.01185657829046249,-0.4189540445804596,0.7031887769699097,0.5744587779045105,0.2815532982349396,-0.5008704662322998,0.8184475302696228],"rotationconfidence":0.5},"23":{"id":23,"position":[471.8900918960571,-851.6037464141846,2352.630853652954],"positionconfidence":1,"rotation":[-0.8647210597991943,-0.5022523403167725,0,0.11527369171381,-0.1984651535749435,-0.9733054637908936,0.4888449907302856,-0.8416377902030945,0.2295134961605072],"rotationconfidence":1},"24":{"id":24,"position":[444.0640211105347,-803.6959767341614,2339.566469192505],"positionconfidence":1,"rotation":[-0.8647210597991943,-0.5022523403167725,0,0.11527369171381,-0.1984651535749435,-0.9733054637908936,0.4888449907302856,-0.8416377902030945,0.2295134961605072],"rotationconfidence":1}},"skeletonTracked":true,"frameCount":3},{"position":[172.9308813810349,-380.573958158493,2534.220218658447],"positionTracked":true,"id":4304,"skeleton":{"1":{"id":1,"position":[216.5115028619766,246.6489672660828,2745.805978775024],"positionconfidence":1,"rotation":[0.9995149970054626,0.03114280104637146,0,-0.03092014789581299,0.9923689961433411,-0.1193641722202301,-0.003717334708198905,0.119306281208992,0.992850661277771],"rotationconfidence":1},"2":{"id":2,"position":[223.1116145849228,34.82118993997574,2771.285057067871],"positionconfidence":1,"rotation":[0.9994916319847107,0.03162788227200508,0.004038894549012184,-0.03092014789581299,0.9923689961433411,-0.1193641722202301,-0.00778330909088254,0.1191786006093025,0.9928423762321472],"rotationconfidence":1},"3":{"id":3,"position":[207.6635956764221,-268.4201300144196,2727.163791656494],"positionconfidence":1,"rotation":[0.998602032661438,-0.05213718488812447,0.00869705155491829,0.05034823715686798,0.9883251190185547,0.1438001841306686,-0.01609285175800324,-0.1431612819433212,0.9895685315132141],"rotationconfidence":1},"4":{"id":4,"position":[206.3586711883545,-311.4297986030579,2673.763513565064],"positionconfidence":1,"rotation":[0.9986134171485901,-0.05015267431735992,0.0159912034869194,0.0190279558300972,0.6271520256996155,0.7786642909049988,-0.04908102378249168,-0.7772805094718933,0.6272368431091309],"rotationconfidence":1},"6":{"id":6,"position":[38.63662108778954,-58.58731642365456,2775.398015975952],"positionconfidence":1,"rotation":[0.1803469061851502,0.9737870097160339,0.1386143863201141,-0.06043930351734161,0.1516299843788147,-0.9865878224372864,-0.9817444086074829,0.169550284743309,0.08620099723339081],"rotationconfidence":1},"7":{"id":7,"position":[0.3167994727846235,-265.4960155487061,2745.945453643799],"positionconfidence":1,"rotation":[0.1014115661382675,0.08318448811769485,0.9913607239723206,0.1609149128198624,0.9820046424865723,-0.09886026382446289,-0.9817444086074829,0.169550284743309,0.08620099723339081],"rotationconfidence":1},"8":{"id":8,"position":[-29.81286868453026,-290.2103662490845,2451.409339904785],"positionconfidence":1,"rotation":[-0.07498855143785477,0.1386632323265076,0.9874964356422424,0,0.9902846813201904,-0.1390547603368759,-0.9971843957901001,-0.01042751502245665,-0.07426001131534576],"rotationconfidence":1},"9":{"id":9,"position":[-25.50544403493404,-298.1753349304199,2394.686460494995],"positionconfidence":1,"rotation":[-0.07498855143785477,0.1386632323265076,0.9874964356422424,0,0.9902846813201904,-0.1390547603368759,-0.9971843957901001,-0.01042751502245665,-0.07426001131534576],"rotationconfidence":1},"12":{"id":12,"position":[397.1116244792938,-69.99406963586807,2779.577493667603],"positionconfidence":1,"rotation":[0.2161904126405716,-0.9594616293907166,-0.1808179020881653,-0.2995870113372803,0.1110745817422867,-0.9475811719894409,0.929252028465271,0.2590286433696747,-0.2634289860725403],"rotationconfidence":1},"13":{"id":13,"position":[443.6372816562653,-276.4767706394196,2740.66424369812],"positionconfidence":1,"rotation":[-0.2602856159210205,-0.0470082238316536,-0.9643867015838623,-0.2621870934963226,0.9647250771522522,0.02373894304037094,0.929252028465271,0.2590286433696747,-0.2634289860725403],"rotationconfidence":1},"14":{"id":14,"position":[366.2757277488709,-290.4484570026398,2454.031229019165],"positionconfidence":1,"rotation":[-0.3064591288566589,-0.2848029434680939,-0.9082786440849304,0,-0.954190731048584,0.2991992831230164,-0.9518839120864868,0.09169235080480576,0.2924204468727112],"rotationconfidence":1},"15":{"id":15,"position":[346.5030789375305,-308.8238537311554,2395.429372787476],"positionconfidence":1,"rotation":[-0.3064591288566589,-0.2848029434680939,-0.9082786440849304,0,-0.954190731048584,0.2991992831230164,-0.9518839120864868,0.09169235080480576,0.2924204468727112],"rotationconfidence":1},"17":{"id":17,"position":[118.6773404479027,-388.1745338439941,2643.007516860962],"positionconfidence":1,"rotation":[0.8981198668479919,-0.4224416315555573,-0.1221620514988899,0.4344388842582703,0.8093013763427734,0.3953402936458588,-0.06814228743314743,-0.4081349670886993,0.9103748798370361],"rotationconfidence":1},"18":{"id":18,"position":[-36.10758110880852,-676.5180826187134,2502.152919769287],"positionconfidence":1,"rotation":[0.7902808785438538,-0.6127448081970215,0,0.5568694472312927,0.7182161808013916,0.4172071814537048,-0.255641520023346,-0.3297108709812164,0.9088113903999329],"rotationconfidence":1},"19":{"id":19,"position":[-174.0245074033737,-854.3949127197266,2398.825407028198],"positionconfidence":1,"rotation":[-0.7065178751945496,0.7076951861381531,0,-0.07562055438756943,-0.07549475133419037,-0.9942745566368103,-0.7036433219909668,-0.7024728059768677,0.1068546921014786],"rotationconfidence":1},"20":{"id":20,"position":[-147.4742740392685,-827.8888463973999,2394.793510437012],"positionconfidence":1,"rotation":[-0.7065178751945496,0.7076951861381531,0,-0.07562055438756943,-0.07549475133419037,-0.9942745566368103,-0.7036433219909668,-0.7024728059768677,0.1068546921014786],"rotationconfidence":1},"21":{"id":21,"position":[286.3453328609467,-388.8950645923615,2655.234575271606],"positionconfidence":1,"rotation":[0.9722300171852112,0.1624414175748825,0.1684674620628357,-0.2248295545578003,0.8481437563896179,0.4796912372112274,-0.06496290862560272,-0.5042467713356018,0.8611125946044922],"rotationconfidence":1},"22":{"id":22,"position":[367.7627444267273,-696.0329413414001,2481.524229049683],"positionconfidence":1,"rotation":[0.8963698744773865,0.4270516633987427,0.1189457252621651,-0.4131641685962677,0.7075371146202087,0.573311984539032,0.1606753170490265,-0.5630437135696411,0.8106573820114136],"rotationconfidence":1},"23":{"id":23,"position":[472.5363850593567,-875.4561543464661,2336.138963699341],"positionconfidence":1,"rotation":[-0.743871808052063,0.6683222651481628,0,-0.6627667546272278,-0.7376883029937744,-0.1286706477403641,-0.08599346876144409,-0.09571447223424911,0.9916874170303345],"rotationconfidence":1},"24":{"id":24,"position":[479.1267514228821,-868.1207895278931,2260.138034820557],"positionconfidence":1,"rotation":[-0.743871808052063,0.6683222651481628,0,-0.6627667546272278,-0.7376883029937744,-0.1286706477403641,-0.08599346876144409,-0.09571447223424911,0.9916874170303345],"rotationconfidence":1}},"skeletonTracked":true,"frameCount":4},{"position":[174.270361661911,-387.2483670711517,2532.465934753418],"positionTracked":true,"id":4304,"skeleton":{"1":{"id":1,"position":[217.1619236469269,246.5091198682785,2744.243621826172],"positionconfidence":1,"rotation":[0.9995605945587158,0.02964114584028721,0,-0.02938281185925007,0.9908490180969238,-0.131738618016243,-0.003904883516952395,0.1316807270050049,0.9912845492362976],"rotationconfidence":1},"2":{"id":2,"position":[223.3250886201859,38.674496114254,2771.876335144043],"positionconfidence":1,"rotation":[0.9995098114013672,0.03055030293762684,0.006849389057606459,-0.02938281185925007,0.9908490180969238,-0.131738618016243,-0.01081136334687471,0.1314727663993835,0.9912607669830322],"rotationconfidence":1},"3":{"id":3,"position":[207.7066898345947,-268.3562338352203,2727.031946182251],"positionconfidence":1,"rotation":[0.9985364079475403,-0.05262089520692825,0.01250308100134134,0.05027145892381668,0.9882500767707825,0.1443421244621277,-0.01995158009231091,-0.1435022950172424,0.9894489049911499],"rotationconfidence":1},"4":{"id":4,"position":[206.3024044036865,-312.3143017292023,2673.189640045166],"positionconfidence":1,"rotation":[0.9979268312454224,-0.06009446829557419,0.02303509600460529,0.02019921503961086,0.6322920322418213,0.7744667530059814,-0.06110607832670212,-0.7723958492279053,0.6321950554847717],"rotationconfidence":1},"6":{"id":6,"position":[38.80432993173599,-58.12933295965195,2773.97084236145],"positionconfidence":1,"rotation":[0.1781823933124542,0.9743329882621765,0.1375733017921448,-0.06228356808423996,0.15069779753685,-0.9866158962249756,-0.9820242524147034,0.1672289967536926,0.08753661811351776],"rotationconfidence":1},"7":{"id":7,"position":[0.9126691147685051,-265.327662229538,2744.714975357056],"positionconfidence":1,"rotation":[0.1023834943771362,0.08231279253959656,0.9913336038589478,0.1585743427276611,0.9824759364128113,-0.0979546457529068,-0.9820242524147034,0.1672289967536926,0.08753661811351776],"rotationconfidence":1},"8":{"id":8,"position":[-29.4837448745966,-289.765328168869,2450.400114059448],"positionconfidence":1,"rotation":[0.01555094588547945,0.06505800038576126,0.9977602958679199,0,0.9978809356689453,-0.06506586819887161,-0.9998790621757507,0.001011835760436952,0.01551799196749926],"rotationconfidence":1},"9":{"id":9,"position":[-30.76151758432388,-295.1109409332275,2368.417263031006],"positionconfidence":1,"rotation":[0.01555094588547945,0.06505800038576126,0.9977602958679199,0,0.9978809356689453,-0.06506586819887161,-0.9998790621757507,0.001011835760436952,0.01551799196749926],"rotationconfidence":1},"12":{"id":12,"position":[397.1138894557953,-70.07579505443573,2779.463291168213],"positionconfidence":1,"rotation":[0.2128003686666489,-0.9614563584327698,-0.1741194576025009,-0.2916131019592285,0.1075861155986786,-0.9504666328430176,0.9325650930404663,0.2530351877212524,-0.2574789226055145],"rotationconfidence":1},"13":{"id":13,"position":[442.8681135177612,-276.7986059188843,2742.025852203369],"positionconfidence":1,"rotation":[-0.250568687915802,-0.05974763631820679,-0.9662533402442932,-0.259879857301712,0.9656102657318115,0.007684134878218174,0.9325650930404663,0.2530351877212524,-0.2574789226055145],"rotationconfidence":1},"14":{"id":14,"position":[368.7090575695038,-294.4816946983337,2456.050634384155],"positionconfidence":1,"rotation":[-0.3159210383892059,-0.2632237672805786,-0.9115411043167114,0,-0.9607451558113098,0.2774322926998138,-0.9487854838371277,0.08764670044183731,0.303519606590271],"rotationconfidence":1},"15":{"id":15,"position":[348.6760258674622,-311.1731112003326,2398.248434066773],"positionconfidence":1,"rotation":[-0.3159210383892059,-0.2632237672805786,-0.9115411043167114,0,-0.9607451558113098,0.2774322926998138,-0.9487854838371277,0.08764670044183731,0.303519606590271],"rotationconfidence":1},"17":{"id":17,"position":[118.8610792160034,-388.3367776870728,2642.714023590088],"positionconfidence":1,"rotation":[0.9093700051307678,-0.4038841426372528,-0.09961850196123123,0.4099575877189636,0.8294810056686401,0.3793363571166992,-0.07057628035545349,-0.385796457529068,0.9198805093765259],"rotationconfidence":1},"18":{"id":18,"position":[-31.98833763599396,-693.555474281311,2503.132104873657],"positionconfidence":1,"rotation":[0.7679256796836853,-0.6405388712882996,0,0.5766887664794922,0.6913774013519287,0.4352325797080994,-0.27878338098526,-0.3342262804508209,0.9003180265426636],"rotationconfidence":1},"19":{"id":19,"position":[-173.9297658205032,-863.7254238128662,2396.007537841797],"positionconfidence":1,"rotation":[-0.6487181186676025,0.7610288262367249,0,0.4314061105251312,0.3677403032779694,-0.8238057494163513,-0.6269398331642151,-0.5344176888465881,-0.566872239112854],"rotationconfidence":1},"20":{"id":20,"position":[-127.7110278606415,-824.3275284767151,2437.798023223877],"positionconfidence":1,"rotation":[-0.6487181186676025,0.7610288262367249,0,0.4314061105251312,0.3677403032779694,-0.8238057494163513,-0.6269398331642151,-0.5344176888465881,-0.566872239112854],"rotationconfidence":1},"21":{"id":21,"position":[284.7911715507507,-392.4590647220612,2653.71584892273],"positionconfidence":1,"rotation":[0.9723918437957764,0.1576620936393738,0.1720371842384338,-0.2227496951818466,0.8468443751335144,0.4829463362693787,-0.06954639405012131,-0.5079343318939209,0.8585837483406067],"rotationconfidence":1},"22":{"id":22,"position":[367.7777647972107,-707.9554796218872,2473.791599273682],"positionconfidence":1,"rotation":[0.9285475015640259,0.2967949509620667,0.2229627072811127,-0.3712013065814972,0.7374708652496338,0.5642218589782715,0.003029698273167014,-0.6066708564758301,0.7949473857879639],"rotationconfidence":1},"23":{"id":23,"position":[463.0174338817596,-897.1694707870483,2329.028367996216],"positionconfidence":1,"rotation":[-0.9301788806915283,-0.3671064972877502,0,-0.1024585142731667,0.2596106231212616,-0.9602627158164978,0.3525187075138092,-0.8932161331176758,-0.2790975272655487],"rotationconfidence":1},"24":{"id":24,"position":[445.521891117096,-852.8390526771545,2342.880010604858],"positionconfidence":1,"rotation":[-0.9301788806915283,-0.3671064972877502,0,-0.1024585142731667,0.2596106231212616,-0.9602627158164978,0.3525187075138092,-0.8932161331176758,-0.2790975272655487],"rotationconfidence":1}},"skeletonTracked":true,"frameCount":5},{"position":[173.5428273677826,-383.7926387786865,2525.286912918091],"positionTracked":true,"id":4304,"skeleton":{"1":{"id":1,"position":[217.814639210701,247.8781938552856,2742.849111557007],"positionconfidence":1,"rotation":[0.9997572898864746,0.02203170210123062,0,-0.02191281691193581,0.994362473487854,-0.1037454605102539,-0.002285689115524292,0.1037202775478363,0.9946039319038391],"rotationconfidence":1},"2":{"id":2,"position":[222.5618958473206,32.45660662651062,2765.324831008911],"positionconfidence":1,"rotation":[0.9997358322143555,0.02251544967293739,0.004641074687242508,-0.02191281691193581,0.994362473487854,-0.1037454605102539,-0.006950786337256432,0.1036163568496704,0.9945931434631348],"rotationconfidence":1},"3":{"id":3,"position":[207.7925801277161,-269.3254053592682,2725.806713104248],"positionconfidence":1,"rotation":[0.9987260103225708,-0.04987871646881104,0.007642048411071301,0.04846902564167976,0.9903694987297058,0.1296881139278412,-0.0140371285378933,-0.1291524916887283,0.9915253520011902],"rotationconfidence":1},"4":{"id":4,"position":[206.28522336483,-313.7141168117523,2671.896696090698],"positionconfidence":1,"rotation":[0.9975708723068237,-0.06483005732297897,0.02548742294311523,0.02158013917505741,0.6354929208755493,0.7718051075935364,-0.06623324006795883,-0.7693802118301392,0.6353482007980347],"rotationconfidence":1},"6":{"id":6,"position":[39.02287408709526,-57.44263157248497,2771.299839019775],"positionconfidence":1,"rotation":[0.180038645863533,0.9751380681991577,0.1291969120502472,-0.06038565561175346,0.1420519948005676,-0.9880154728889465,-0.9818041920661926,0.1700793355703354,0.08445920050144196],"rotationconfidence":1},"7":{"id":7,"position":[0.7217559032142162,-264.8918628692627,2743.814706802368],"positionconfidence":1,"rotation":[0.09953027218580246,0.0821150615811348,0.991640567779541,0.1617221981287003,0.9820030927658081,-0.0975489541888237,-0.9818041920661926,0.1700793355703354,0.08445920050144196],"rotationconfidence":1},"8":{"id":8,"position":[-28.80332246422768,-289.2508208751679,2449.650287628174],"positionconfidence":1,"rotation":[-0.05493012815713882,0.0784175843000412,0.9954061508178711,0,0.9969112277030945,-0.07853616029024124,-0.9984901547431946,-0.004314001183956862,-0.05476045981049538],"rotationconfidence":1},"9":{"id":9,"position":[-24.842519313097,-294.9052155017853,2377.875328063965],"positionconfidence":1,"rotation":[-0.05493012815713882,0.0784175843000412,0.9954061508178711,0,0.9969112277030945,-0.07853616029024124,-0.9984901547431946,-0.004314001183956862,-0.05476045981049538],"rotationconfidence":1},"12":{"id":12,"position":[397.2311615943909,-68.39584559202194,2774.944305419922],"positionconfidence":1,"rotation":[0.2062498480081558,-0.9683255553245544,-0.1407361179590225,-0.2631750702857971,0.08363297581672668,-0.9611161947250366,0.9424435496330261,0.2352682948112488,-0.2375898510217667],"rotationconfidence":1},"13":{"id":13,"position":[441.3658082485199,-275.6042778491974,2744.828701019287],"positionconfidence":1,"rotation":[-0.220061868429184,-0.09854317456483841,-0.970495879650116,-0.2517397701740265,0.9669220447540283,-0.04109779745340347,0.9424435496330261,0.2352682948112488,-0.2375898510217667],"rotationconfidence":1},"14":{"id":14,"position":[376.6766488552094,-304.5719265937805,2459.542751312256],"positionconfidence":0.5,"rotation":[-0.488273561000824,-0.4072017669677734,-0.7718650102615356,0,-0.8844658136367798,0.4666049480438232,-0.8726905584335327,0.2278308570384979,0.4318612813949585],"rotationconfidence":0.5},"15":{"id":15,"position":[347.7891385555267,-328.6630213260651,2413.877248764038],"positionconfidence":1,"rotation":[-0.488273561000824,-0.4072017669677734,-0.7718650102615356,0,-0.8844658136367798,0.4666049480438232,-0.8726905584335327,0.2278308570384979,0.4318612813949585],"rotationconfidence":1},"17":{"id":17,"position":[119.1287040710449,-389.1045153141022,2641.857147216797],"positionconfidence":1,"rotation":[0.9114222526550293,-0.4000433385372162,-0.09630615264177322,0.4055046737194061,0.8335374593734741,0.3752083480358124,-0.06982481479644775,-0.3810258209705353,0.9219239950180054],"rotationconfidence":1},"18":{"id":18,"position":[-31.9608636200428,-699.6775269508362,2502.055883407593],"positionconfidence":1,"rotation":[0.76019686460495,-0.6496927738189697,0,0.5855089426040649,0.6850961446762085,0.4333848655223846,-0.2815670073032379,-0.3294578194618225,0.9012088775634766],"rotationconfidence":1},"19":{"id":19,"position":[-176.0202199220657,-868.2394623756409,2395.425319671631],"positionconfidence":1,"rotation":[0.9978902339935303,0.06492289900779724,0,0.03685404732823372,-0.5664610266685486,-0.823263943195343,-0.05344868823885918,0.8215271234512329,-0.5676586627960205],"rotationconfidence":1},"20":{"id":20,"position":[-172.8750318288803,-916.5822267532349,2428.829193115234],"positionconfidence":1,"rotation":[0.9978902339935303,0.06492289900779724,0,0.03685404732823372,-0.5664610266685486,-0.823263943195343,-0.05344868823885918,0.8215271234512329,-0.5676586627960205],"rotationconfidence":1},"21":{"id":21,"position":[284.000962972641,-394.9971497058868,2651.908874511719],"positionconfidence":1,"rotation":[0.9737144708633423,0.1518469750881195,0.1697722375392914,-0.2165887355804443,0.8479515314102173,0.4838053286075592,-0.07049425691366196,-0.50785893201828,0.8585509657859802],"rotationconfidence":1},"22":{"id":22,"position":[365.2793765068054,-713.2046222686768,2470.353126525879],"positionconfidence":1,"rotation":[0.9038072228431702,0.427855521440506,0.008495603688061237,-0.357502818107605,0.7439841032028198,0.5645169019699097,0.2352110743522644,-0.5132516622543335,0.8253777623176575],"rotationconfidence":1},"23":{"id":23,"position":[456.9422602653503,-903.9604067802429,2325.612306594849],"positionconfidence":1,"rotation":[-0.9149584174156189,-0.4035481214523315,0,0.3846041262149811,-0.8720069527626038,-0.302793025970459,0.1221915557980537,-0.2770430445671082,0.9530563950538635],"rotationconfidence":1},"24":{"id":24,"position":[450.7553279399872,-889.9328708648682,2277.356147766113],"positionconfidence":1,"rotation":[-0.9149584174156189,-0.4035481214523315,0,0.3846041262149811,-0.8720069527626038,-0.302793025970459,0.1221915557980537,-0.2770430445671082,0.9530563950538635],"rotationconfidence":1}},"skeletonTracked":true,"frameCount":6},{"position":[209.5911204814911,-242.2046661376953,2491.181373596191],"positionTracked":true,"id":4304,"skeleton":{"1":{"id":1,"position":[217.9027497768402,254.8972070217133,2740.383386611939],"positionconfidence":1,"rotation":[0.999510645866394,-0.03128012642264366,0,0.03123963996767998,0.9982168674468994,-0.0508645586669445,0.001591049833223224,0.05083966627717018,0.9987055659294128],"rotationconfidence":1},"2":{"id":2,"position":[210.7203453779221,25.39400197565556,2752.07781791687],"positionconfidence":1,"rotation":[0.8939387202262878,-0.05066746845841408,-0.445315957069397,0.03123963996767998,0.9982168674468994,-0.0508645586669445,0.4470990598201752,0.03155828639864922,0.8939275145530701],"rotationconfidence":1},"3":{"id":3,"position":[212.1886312961578,-277.6076197624207,2716.774225234985],"positionconfidence":1,"rotation":[0.8997951149940491,0.05479381233453751,-0.4328583776950836,-0.00481318635866046,0.9932692050933838,0.1157286688685417,0.4362861216068268,-0.1020486652851105,0.8940024971961975],"rotationconfidence":1},"4":{"id":4,"position":[199.5225101709366,-326.6319632530212,2666.207551956177],"positionconfidence":1,"rotation":[0.9722443222999573,-0.01008822117000818,-0.2337507158517838,0.1770005077123642,0.6850821375846863,0.7066351771354675,0.1530097424983978,-0.7283960580825806,0.6678528189659119],"rotationconfidence":1},"6":{"id":6,"position":[54.66078221797943,-54.10128459334374,2796.281576156616],"positionconfidence":1,"rotation":[0.05250151082873344,0.898013174533844,0.4368248879909515,-0.2816843390464783,0.4329827725887299,-0.856259286403656,-0.9580697417259216,-0.0780918151140213,0.2756884694099426],"rotationconfidence":1},"7":{"id":7,"position":[41.82837903499603,-273.59339594841,2689.512968063355],"positionconfidence":1,"rotation":[0.2751674950122833,0.01756869070231915,0.961235761642456,-0.07990813255310059,0.996791422367096,0.004656298086047173,-0.9580697417259216,-0.0780918151140213,0.2756884694099426],"rotationconfidence":1},"8":{