{"motiondata":[{"position":[269.6099579334259,-644.2315578460693,2928.614616394043],"positionTracked":true,"id":4520,"skeleton":{"1":{"id":1,"position":[337.0616137981415,-75.58522373437881,3141.307592391968],"positionconfidence":1,"rotation":[0.9998481869697571,-0.01742568239569664,0,0.01718499325215817,0.9860379695892334,-0.1656316369771957,0.002886244328692555,0.1656064987182617,0.986187756061554],"rotationconfidence":1},"2":{"id":2,"position":[334.2410326004028,-237.4241054058075,3168.492794036865],"positionconfidence":1,"rotation":[0.9996117353439331,-0.01330968458205462,0.02447882108390331,0.01718499325215817,0.9860379695892334,-0.1656316369771957,-0.02193254046142101,0.1659879982471466,0.9858838319778442],"rotationconfidence":1},"3":{"id":3,"position":[307.5248599052429,-542.0393943786621,3103.632926940918],"positionconfidence":1,"rotation":[0.9961658716201782,-0.08748458325862885,0.000545830640476197,0.08546779304742813,0.9744957089424133,0.2074934095144272,-0.0186843816190958,-0.2066511660814285,0.9782363176345825],"rotationconfidence":1},"4":{"id":4,"position":[302.9971718788147,-587.1096849441528,3049.803972244263],"positionconfidence":1,"rotation":[0.9946091175079346,-0.1036480814218521,0.003124145790934563,0.06435773521661758,0.6406408548355103,0.7651387453079224,-0.08130662143230438,-0.7608129382133484,0.6438578367233276],"rotationconfidence":1},"6":{"id":6,"position":[175.7097840309143,-321.6051459312439,3142.549753189087],"positionconfidence":1,"rotation":[0.3371826708316803,0.9399479627609253,-0.05296850949525833,0.2058917731046677,-0.1285260170698166,-0.9700977802276611,-0.9186492562294006,0.3161943852901459,-0.236864298582077],"rotationconfidence":1},"7":{"id":7,"position":[102.1283715963364,-526.7245173454285,3154.108762741089],"positionconfidence":1,"rotation":[-0.03034924902021885,0.5412923097610474,0.8402866721153259,0.3939067423343658,0.7791174054145813,-0.4876615107059479,-0.9186492562294006,0.3161943852901459,-0.236864298582077],"rotationconfidence":1},"8":{"id":8,"position":[107.878752052784,-629.2850971221924,2994.896650314331],"positionconfidence":1,"rotation":[-0.03992635011672974,0.7417964935302734,0.6694353818893433,0,0.6699696779251099,-0.7423885464668274,-0.9992026090621948,-0.02964086458086968,-0.02674944326281548],"rotationconfidence":1},"9":{"id":9,"position":[110.6170862913132,-680.1609396934509,2948.983669281006],"positionconfidence":0.5,"rotation":[-0.03992635011672974,0.7417964935302734,0.6694353818893433,0,0.6699696779251099,-0.7423885464668274,-0.9992026090621948,-0.02964086458086968,-0.02674944326281548],"rotationconfidence":0.5},"12":{"id":12,"position":[476.9253432750702,-319.1084563732147,3148.830413818359],"positionconfidence":1,"rotation":[0.134057953953743,-0.9904221892356873,0.03304987400770187,-0.2144751399755478,-0.06155830249190331,-0.974787712097168,0.9674859046936035,0.1235896721482277,-0.2206733375787735],"rotationconfidence":1},"13":{"id":13,"position":[505.824625492096,-532.6167941093445,3155.955076217651],"positionconfidence":1,"rotation":[-0.1212697327136993,-0.538986086845398,-0.8335391879081726,-0.2219567000865936,0.8331984281539917,-0.5064737796783447,0.9674859046936035,0.1235896721482277,-0.2206733375787735],"rotationconfidence":1},"14":{"id":14,"position":[484.0233027935028,-629.5132637023926,3006.105184555054],"positionconfidence":1,"rotation":[0.8048648238182068,0.3468472957611084,-0.4815492033958435,0,-0.811428964138031,-0.5844510197639465,-0.5934582352638245,0.4704040586948395,-0.6530906558036804],"rotationconfidence":1},"15":{"id":15,"position":[523.5360264778137,-612.4857068061829,2982.464790344238],"positionconfidence":1,"rotation":[0.8048648238182068,0.3468472957611084,-0.4815492033958435,0,-0.811428964138031,-0.5844510197639465,-0.5934582352638245,0.4704040586948395,-0.6530906558036804],"rotationconfidence":1},"17":{"id":17,"position":[228.507936000824,-646.3670134544373,3023.1032371521],"positionconfidence":1,"rotation":[0.90093994140625,-0.4170725047588348,-0.1198235005140305,0.4281738996505737,0.8095205426216125,0.4016759097576141,-0.07052839547395706,-0.4131911993026733,0.9079090356826782],"rotationconfidence":1},"18":{"id":18,"position":[91.09055250883102,-906.1731100082397,2894.190073013306],"positionconfidence":1,"rotation":[0.909561276435852,-0.4155697822570801,0,0.4066945016384125,0.8901358842849731,0.2055665254592896,-0.08542723953723907,-0.1869753450155258,0.9786430597305298],"rotationconfidence":1},"19":{"id":19,"position":[2.482301089912653,-1100.110769271851,2849.40242767334],"positionconfidence":1,"rotation":[0.9935049414634705,0.1137893870472908,0,0.01478260941803455,-0.1290682256221771,-0.9915255308151245,-0.1128250733017921,0.9850854277610779,-0.1299120187759399],"rotationconfidence":1},"20":{"id":20,"position":[9.036166593432426,-1157.333135604858,2856.948852539063],"positionconfidence":1,"rotation":[0.9935049414634705,0.1137893870472908,0,0.01478260941803455,-0.1290682256221771,-0.9915255308151245,-0.1128250733017921,0.9850854277610779,-0.1299120187759399],"rotationconfidence":1},"21":{"id":21,"position":[366.4695918560028,-655.5951833724976,3029.62064743042],"positionconfidence":1,"rotation":[0.9606292843818665,0.1978265792131424,0.1950790584087372,-0.2677988409996033,0.8462944030761719,0.4605101048946381,-0.07399317622184753,-0.4946214556694031,0.8659529089927673],"rotationconfidence":1},"22":{"id":22,"position":[446.3804364204407,-908.1283807754517,2892.204999923706],"positionconfidence":1,"rotation":[0.9319190979003906,0.3333700299263001,0.1427978128194809,-0.3626233339309692,0.8504794836044312,0.381036788225174,0.005579635500907898,-0.4068772792816162,0.9134657979011536],"rotationconfidence":1},"23":{"id":23,"position":[523.6493349075317,-1089.351177215576,2811.012506484985],"positionconfidence":1,"rotation":[0.4673305153846741,0.8840827345848083,0,-0.864555299282074,0.4570082128047943,-0.2090163379907608,-0.1847877204418182,0.09767969697713852,0.977912187576294],"rotationconfidence":1},"24":{"id":24,"position":[536.2516641616821,-1096.012830734253,2744.319915771484],"positionconfidence":1,"rotation":[0.4673305153846741,0.8840827345848083,0,-0.864555299282074,0.4570082128047943,-0.2090163379907608,-0.1847877204418182,0.09767969697713852,0.977912187576294],"rotationconfidence":1}},"skeletonTracked":true,"frameCount":1},{"position":[260.6624364852905,-652.8300642967224,2916.880369186401],"positionTracked":true,"id":4520,"skeleton":{"1":{"id":1,"position":[326.3848721981049,-101.9371524453163,3131.427526473999],"positionconfidence":1,"rotation":[0.9972461462020874,0.07416237890720367,0,-0.07294946163892746,0.9809362888336182,-0.1801176220178604,-0.01335795130580664,0.1796216070652008,0.9836450219154358],"rotationconfidence":1},"2":{"id":2,"position":[337.3514115810394,-249.4019269943237,3158.504724502564],"positionconfidence":1,"rotation":[0.9776448607444763,0.03462367132306099,-0.2073925286531448,-0.07294946163892746,0.9809362888336182,-0.1801176220178604,0.1972025334835053,0.1912202537059784,0.9615331292152405],"rotationconfidence":1},"3":{"id":3,"position":[307.6750636100769,-549.8905777931213,3101.561546325684],"positionconfidence":1,"rotation":[0.9794848561286926,-0.06029563769698143,-0.1922860592603684,0.09657977521419525,0.9779210686683655,0.1853179335594177,0.1768667250871658,-0.2000870555639267,0.963682234287262],"rotationconfidence":1},"4":{"id":4,"position":[296.9379723072052,-596.9585180282593,3049.054145812988],"positionconfidence":1,"rotation":[0.9883849620819092,-0.0847332552075386,-0.1261566877365112,0.1505309492349625,0.6598790287971497,0.7361387014389038,0.02087272889912128,-0.7465788125991821,0.6649694442749023],"rotationconfidence":1},"6":{"id":6,"position":[175.3409504890442,-321.4953541755676,3145.386457443237],"positionconfidence":1,"rotation":[0.3784046471118927,0.9033108353614807,-0.2020874321460724,0.01712300069630146,-0.2251154780387878,-0.9741814732551575,-0.9254817962646484,0.3651745021343231,-0.1006521508097649],"rotationconfidence":1},"7":{"id":7,"position":[96.70785069465637,-509.2048048973084,3187.38055229187],"positionconfidence":1,"rotation":[0.07807740569114685,0.443917453289032,0.8926596641540527,0.3706578016281128,0.8182815909385681,-0.4393494129180908,-0.9254817962646484,0.3651745021343231,-0.1006521508097649],"rotationconfidence":1},"8":{"id":8,"position":[83.00520479679108,-587.1126651763916,3030.718088150024],"positionconfidence":1,"rotation":[0.2363615036010742,-0.2087969481945038,0.9489662647247314,0,0.9766392707824707,0.2148857265710831,-0.9716652035713196,-0.05079071223735809,0.2308399230241776],"rotationconfidence":1},"9":{"id":9,"position":[75.72151720523834,-580.678403377533,3001.474857330322],"positionconfidence":0.5,"rotation":[0.2363615036010742,-0.2087969481945038,0.9489662647247314,0,0.9766392707824707,0.2148857265710831,-0.9716652035713196,-0.05079071223735809,0.2308399230241776],"rotationconfidence":0.5},"12":{"id":12,"position":[465.6528234481812,-336.8927240371704,3088.907957077026],"positionconfidence":1,"rotation":[0.02214597538113594,-0.7400592565536499,-0.6721769571304321,-0.3952850103378296,0.6110756993293762,-0.6858107447624207,0.9182915687561035,0.2808894217014313,-0.2790014743804932],"rotationconfidence":1},"13":{"id":13,"position":[471.0217714309692,-516.308605670929,2925.949096679688],"positionconfidence":1,"rotation":[-0.3494704961776733,0.2439462840557098,-0.9046328663825989,-0.1860404312610626,0.9282194972038269,0.3221763670444489,0.9182915687561035,0.2808894217014313,-0.2790014743804932],"rotationconfidence":1},"14":{"id":14,"position":[411.0934138298035,-474.4758903980255,2770.819664001465],"positionconfidence":1,"rotation":[-0.3062795400619507,0.6721634864807129,-0.6740838885307312,0,-0.708114743232727,-0.7060973644256592,-0.9519416093826294,-0.2162631750106812,0.2168810516595841],"rotationconfidence":1},"15":{"id":15,"position":[398.949533700943,-447.8248357772827,2744.092464447022],"positionconfidence":1,"rotation":[-0.3062795400619507,0.6721634864807129,-0.6740838885307312,0,-0.708114743232727,-0.7060973644256592,-0.9519416093826294,-0.2162631750106812,0.2168810516595841],"rotationconfidence":1},"17":{"id":17,"position":[216.5833115577698,-663.4271144866943,3033.955097198486],"positionconfidence":1,"rotation":[0.9099181294441223,-0.3351682424545288,-0.244358703494072,0.4122156798839569,0.796203076839447,0.4428756833076477,0.0461212731897831,-0.5037091374397278,0.8626412153244019],"rotationconfidence":1},"18":{"id":18,"position":[88.722363114357,-910.3931784629822,2896.584033966065],"positionconfidence":1,"rotation":[0.9123945236206055,-0.4093119502067566,0,0.3993228375911713,0.8901278972625732,0.2195756882429123,-0.08987495303153992,-0.2003396600484848,0.9755954146385193],"rotationconfidence":1},"19":{"id":19,"position":[2.830642974004149,-1101.853847503662,2849.35474395752],"positionconfidence":1,"rotation":[0.994006335735321,0.1093228533864021,0,0.01392689254134893,-0.1266287714242935,-0.9918524622917175,-0.1084321364760399,0.9859075546264648,-0.1273923218250275],"rotationconfidence":1},"20":{"id":20,"position":[9.12585947662592,-1159.092426300049,2856.750726699829],"positionconfidence":1,"rotation":[0.994006335735321,0.1093228533864021,0,0.01392689254134893,-0.1266287714242935,-0.9918524622917175,-0.1084321364760399,0.9859075546264648,-0.1273923218250275],"rotationconfidence":1},"21":{"id":21,"position":[355.6676506996155,-669.1256761550903,3023.191452026367],"positionconfidence":1,"rotation":[0.9522432088851929,0.2898595333099365,0.09599021077156067,-0.3012309372425079,0.8403962850570679,0.4505484700202942,0.04992595687508583,-0.4579469859600067,0.8875764012336731],"rotationconfidence":1},"22":{"id":22,"position":[443.2533979415894,-913.4788513183594,2892.190217971802],"positionconfidence":1,"rotation":[0.9130744338035583,0.407748818397522,-0.005988081451505423,-0.373904675245285,0.8429672122001648,0.3867835104465485,0.1627582758665085,-0.3509231507778168,0.9221510291099548],"rotationconfidence":1},"23":{"id":23,"position":[521.1125016212463,-1089.012026786804,2811.649322509766],"positionconfidence":1,"rotation":[0.931534469127655,0.3636528551578522,0,-0.3608313500881195,0.9243068695068359,-0.1243276745080948,-0.04521211609244347,0.1158155351877213,0.9922412037849426],"rotationconfidence":1},"24":{"id":24,"position":[524.1302847862244,-1096.742391586304,2745.419979095459],"positionconfidence":1,"rotation":[0.931534469127655,0.3636528551578522,0,-0.3608313500881195,0.9243068695068359,-0.1243276745080948,-0.04521211609244347,0.1158155351877213,0.9922412037849426],"rotationconfidence":1}},"skeletonTracked":true,"frameCount":2},{"position":[253.285825252533,-665.3212308883667,2901.119709014893],"positionTracked":true,"id":4520,"skeleton":{"1":{"id":1,"position":[314.1262829303742,-118.1695461273193,3102.166414260864],"positionconfidence":1,"rotation":[0.9904416799545288,0.1379321366548538,0,-0.1362083852291107,0.9780640006065369,-0.1576006412506104,-0.0217381939291954,0.1560942381620407,0.9875028729438782],"rotationconfidence":1},"2":{"id":2,"position":[335.5458378791809,-271.9757556915283,3126.950025558472],"positionconfidence":1,"rotation":[0.8539456725120544,0.03526735305786133,-0.519165575504303,-0.1362083852291107,0.9780640006065369,-0.1576006412506104,0.5022190809249878,0.2052971124649048,0.8400173187255859],"rotationconfidence":1},"3":{"id":3,"position":[309.8940849304199,-556.5646290779114,3098.712921142578],"positionconfidence":1,"rotation":[0.8745360970497131,-0.03080640360713005,-0.4839811027050018,0.08933709561824799,0.9911347031593323,0.09834107011556625,0.4766608774662018,-0.1292402744293213,0.8695351481437683],"rotationconfidence":1},"4":{"id":4,"position":[291.5643155574799,-605.2688956260681,3049.413204193115],"positionconfidence":1,"rotation":[0.958123505115509,-0.08325282484292984,-0.2739856541156769,0.2557035684585571,0.6794332265853882,0.687739908695221,0.1288986653089523,-0.7289988994598389,0.6722689867019653],"rotationconfidence":1},"6":{"id":6,"position":[178.2121956348419,-320.9019899368286,3152.947187423706],"positionconfidence":1,"rotation":[0.3973232209682465,0.8894124627113342,-0.2260085642337799,-0.1399910300970078,-0.1846560388803482,-0.9727820754051208,-0.9069381952285767,0.418148010969162,0.05114161968231201],"rotationconfidence":1},"7":{"id":7,"position":[96.81981056928635,-503.0997395515442,3199.245452880859],"positionconfidence":0.5,"rotation":[0.2711667716503143,0.4865712523460388,0.8304919600486755,0.3223845064640045,0.7670727968215942,-0.5546779036521912,-0.9069381952285767,0.418148010969162,0.05114161968231201],"rotationconfidence":0.5},"8":{"id":8,"position":[55.57895451784134,-577.1007537841797,3072.938680648804],"positionconfidence":1,"rotation":[0.2436017990112305,-0.02818713150918484,0.9694657325744629,0,0.9995775818824768,0.02906263247132301,-0.9698753952980042,-0.007079709321260452,0.2434988915920258],"rotationconfidence":1},"9":{"id":9,"position":[45.89930549263954,-575.9807229042053,3034.416437149048],"positionconfidence":0.5,"rotation":[0.2436017990112305,-0.02818713150918484,0.9694657325744629,0,0.9995775818824768,0.02906263247132301,-0.9698753952980042,-0.007079709321260452,0.2434988915920258],"rotationconfidence":0.5},"12":{"id":12,"position":[442.9731369018555,-354.3744087219238,3002.835750579834],"positionconfidence":1,"rotation":[0.008883587084710598,-0.5815306305885315,-0.8134760856628418,-0.5328847169876099,0.6856168508529663,-0.4959471523761749,0.8461412787437439,0.437894731760025,-0.3037980198860169],"rotationconfidence":1},"13":{"id":13,"position":[445.0828433036804,-492.4784004688263,2809.648513793945],"positionconfidence":1,"rotation":[-0.4697462618350983,0.3434890806674957,-0.8132365345954895,-0.2517606914043427,0.8308209776878357,0.4963397085666657,0.8461412787437439,0.437894731760025,-0.3037980198860169],"rotationconfidence":1},"14":{"id":14,"position":[363.8874292373657,-433.1064820289612,2669.080972671509],"positionconfidence":1,"rotation":[-0.3656426966190338,0.6358484029769897,-0.6797074675559998,0,-0.7302751541137695,-0.6831531524658203,-0.9307553172111511,-0.2497899681329727,0.2670197784900665],"rotationconfidence":1},"15":{"id":15,"position":[339.5944833755493,-390.8613324165344,2623.921871185303],"positionconfidence":1,"rotation":[-0.3656426966190338,0.6358484029769897,-0.6797074675559998,0,-0.7302751541137695,-0.6831531524658203,-0.9307553172111511,-0.2497899681329727,0.2670197784900665],"rotationconfidence":1},"17":{"id":17,"position":[211.394876241684,-675.3412485122681,3047.777652740479],"positionconfidence":1,"rotation":[0.863966166973114,-0.3326394855976105,-0.3780390024185181,0.4754084646701813,0.7862918376922607,0.3946289122104645,0.1659798175096512,-0.5206689238548279,0.8374691605567932],"rotationconfidence":1},"18":{"id":18,"position":[65.05770981311798,-917.3725247383118,2926.305532455444],"positionconfidence":1,"rotation":[0.945423424243927,-0.3258442282676697,0,0.3069131076335907,0.8904955983161926,0.3358897864818573,-0.1094477474689484,-0.317558079957962,0.9419012665748596],"rotationconfidence":1},"19":{"id":19,"position":[0.02168669016100466,-1106.071829795837,2855.129241943359],"positionconfidence":1,"rotation":[0.9945586919784546,0.1041781380772591,0,0.02184451743960381,-0.2085433304309845,-0.9777691960334778,-0.1018621623516083,0.9724487662315369,-0.209684282541275],"rotationconfidence":1},"20":{"id":20,"position":[6.089893635362387,-1164.003252983093,2867.620706558228],"positionconfidence":1,"rotation":[0.9945586919784546,0.1041781380772591,0,0.02184451743960381,-0.2085433304309845,-0.9777691960334778,-0.1018621623516083,0.9724487662315369,-0.209684282541275],"rotationconfidence":1},"21":{"id":21,"position":[345.7133173942566,-677.2153377532959,3019.991636276245],"positionconfidence":1,"rotation":[0.928813099861145,0.3700099289417267,-0.01997055858373642,-0.3239096999168396,0.8369044661521912,0.4412181973457336,0.1799685508012772,-0.4033405780792236,0.8971775770187378],"rotationconfidence":1},"22":{"id":22,"position":[438.6906027793884,-917.4461960792542,2893.341302871704],"positionconfidence":1,"rotation":[0.4256979823112488,0.5346184372901917,-0.7300440669059753,-0.3763030767440796,0.8383194208145142,0.394482433795929,0.8229076862335205,0.1067874506115913,0.5580494403839111],"rotationconfidence":1},"23":{"id":23,"position":[515.7638788223267,-1089.148283004761,2812.544584274292],"positionconfidence":1,"rotation":[0.9225776195526123,-0.385811448097229,0,0.2581867873668671,0.6173931956291199,-0.7430782318115234,0.2866881191730499,0.685547411441803,0.669204592704773],"rotationconfidence":1},"24":{"id":24,"position":[500.3497004508972,-1126.007676124573,2776.563882827759],"positionconfidence":1,"rotation":[0.9225776195526123,-0.385811448097229,0,0.2581867873668671,0.6173931956291199,-0.7430782318115234,0.2866881191730499,0.685547411441803,0.669204592704773],"rotationconfidence":1}},"skeletonTracked":true,"frameCount":3},{"position":[237.9576563835144,-682.3365688323975,2876.263618469238],"positionTracked":true,"id":4520,"skeleton":{"1":{"id":1,"position":[273.5509276390076,-139.2901092767716,3035.037279129028],"positionconfidence":1,"rotation":[0.9746275544166565,0.223833292722702,0,-0.2235600650310516,0.9734378457069397,-0.04939312115311623,-0.01105582527816296,0.04813989624381065,0.9987795352935791],"rotationconfidence":1},"2":{"id":2,"position":[310.3832900524139,-299.6676564216614,3043.174982070923],"positionconfidence":1,"rotation":[0.6512433290481567,0.1114767864346504,-0.7506365180015564,-0.2235600650310516,0.9734378457069397,-0.04939312115311623,0.7251917719841003,0.1999792903661728,0.6588666439056396],"rotationconfidence":1},"3":{"id":3,"position":[301.1399507522583,-608.7843179702759,3079.507350921631],"positionconfidence":1,"rotation":[0.6844291687011719,-0.1052614450454712,-0.721440851688385,0.02968491241335869,0.9927257895469666,-0.1166811212897301,0.7284748554229736,0.05844404548406601,0.6825750470161438],"rotationconfidence":1},"4":{"id":4,"position":[274.078905582428,-669.7532534599304,3053.304195404053],"positionconfidence":1,"rotation":[0.8711100816726685,-0.192467987537384,-0.4517998397350311,0.3775957524776459,0.8507288098335266,0.3656252026557922,0.3139880299568176,-0.4890975654125214,0.8137536644935608],"rotationconfidence":1},"6":{"id":6,"position":[180.2367866039276,-322.9665756225586,3144.244194030762],"positionconfidence":0.5,"rotation":[0.4054992198944092,0.8801960945129395,-0.2466278374195099,0.3098468780517578,-0.3861854672431946,-0.868824303150177,-0.8599798083305359,0.2758906781673431,-0.4293238818645477],"rotationconfidence":0.5},"7":{"id":7,"position":[98.21277111768723,-501.011848449707,3194.131851196289],"positionconfidence":0.5,"rotation":[0.08774539828300476,0.9086794853210449,0.4081695675849915,0.5027279853820801,0.3133463859558106,-0.8056541681289673,-0.8599798083305359,0.2758906781673431,-0.4293238818645477],"rotationconfidence":0.5},"8":{"id":8,"position":[82.82405138015747,-660.3753566741943,3122.547388076782],"positionconfidence":0.5,"rotation":[-0.1197288036346436,0.9729251861572266,0.1976905912160873,0,0.199122965335846,-0.9799745678901672,-0.9928066730499268,-0.1173311844468117,-0.02384075522422791],"rotationconfidence":0.5},"9":{"id":9,"position":[91.09804034233093,-727.6104092597961,3108.885765075684],"positionconfidence":0.5,"rotation":[-0.1197288036346436,0.9729251861572266,0.1976905912160873,0,0.199122965335846,-0.9799745678901672,-0.9928066730499268,-0.1173311844468117,-0.02384075522422791],"rotationconfidence":0.5},"12":{"id":12,"position":[381.4842402935028,-353.8333475589752,2932.106733322144],"positionconfidence":1,"rotation":[-0.2679432332515717,-0.06549147516489029,-0.9612061977386475,-0.5584425926208496,0.8235473036766052,0.09955780953168869,0.7850785255432129,0.563454270362854,-0.2572371363639832],"rotationconfidence":1},"13":{"id":13,"position":[317.6358342170715,-369.4393634796143,2703.060150146484],"positionconfidence":0.5,"rotation":[-0.469880610704422,0.2711907625198364,-0.840040385723114,-0.4035640060901642,0.7803683876991272,0.4776622951030731,0.7850785255432129,0.563454270362854,-0.2572371363639832],"rotationconfidence":0.5},"14":{"id":14,"position":[228.4056097269058,-317.9402947425842,2543.53666305542],"positionconfidence":1,"rotation":[-0.489258199930191,0.2647164762020111,-0.8309944272041321,0,-0.952823281288147,-0.3035255670547485,-0.872139036655426,-0.148502379655838,0.4661765992641449],"rotationconfidence":1},"15":{"id":15,"position":[150.7245153188705,-275.9104073047638,2411.597013473511],"positionconfidence":1,"rotation":[-0.489258199930191,0.2647164762020111,-0.8309944272041321,0,-0.952823281288147,-0.3035255670547485,-0.872139036655426,-0.148502379655838,0.4661765992641449],"rotationconfidence":1},"17":{"id":17,"position":[208.5805982351303,-727.1515727043152,3072.278022766113],"positionconfidence":1,"rotation":[0.7464171051979065,-0.3472470939159393,-0.567698061466217,0.5983434915542603,0.7235827445983887,0.3441121578216553,0.2912845611572266,-0.5965296030044556,0.7478675246238708],"rotationconfidence":1},"18":{"id":18,"position":[40.41555151343346,-930.5152297019958,2975.564956665039],"positionconfidence":1,"rotation":[0.9712414741516113,-0.2380964010953903,0,0.224404364824295,0.9153890013694763,0.3342240750789642,-0.07957755029201508,-0.3246122896671295,0.9424936175346375],"rotationconfidence":1},"19":{"id":19,"position":[-7.539560087025166,-1126.133441925049,2904.141426086426],"positionconfidence":1,"rotation":[0.8055856823921204,-0.5924792885780334,0,0.268213152885437,0.3646856248378754,-0.8916647434234619,0.5282928943634033,0.7183123826980591,0.4526962637901306],"rotationconfidence":1},"20":{"id":20,"position":[-33.83364900946617,-1161.885142326355,2881.609916687012],"positionconfidence":1,"rotation":[0.8055856823921204,-0.5924792885780334,0,0.268213152885437,0.3646856248378754,-0.8916647434234619,0.5282928943634033,0.7183123826980591,0.4526962637901306],"rotationconfidence":1},"21":{"id":21,"position":[320.3913271427155,-725.0840663909912,3030.378341674805],"positionconfidence":1,"rotation":[0.9137969613075256,0.367548793554306,-0.1728670299053192,-0.241625502705574,0.8340165019035339,0.4960177838802338,0.3264846801757813,-0.4114904403686523,0.8509308695793152],"rotationconfidence":1},"22":{"id":22,"position":[392.4182653427124,-973.6987948417664,2882.518768310547],"positionconfidence":1,"rotation":[0.2419306486845017,0.5756248831748962,-0.7811054587364197,-0.4887920916080475,0.767714262008667,0.4143636226654053,0.8381838202476501,0.2815509140491486,0.4670945107936859],"rotationconfidence":1},"23":{"id":23,"position":[492.7462935447693,-1131.277561187744,2797.467708587647],"positionconfidence":0.5,"rotation":[0.8227217197418213,-0.5684442520141602,0,0.3502669632434845,0.5069490075111389,-0.787601113319397,0.4477073848247528,0.6479766368865967,0.6161852478981018],"rotationconfidence":0.5},"24":{"id":24,"position":[461.9707763195038,-1175.819635391235,2755.1109790802],"positionconfidence":0.5,"rotation":[0.8227217197418213,-0.5684442520141602,0,0.3502669632434845,0.5069490075111389,-0.787601113319397,0.4477073848247528,0.6479766368865967,0.6161852478981018],"rotationconfidence":0.5}},"skeletonTracked":true,"frameCount":4},{"position":[231.7778468132019,-671.9164252281189,2856.925010681152],"positionTracked":true,"id":4520,"skeleton":{"1":{"id":1,"position":[193.2581216096878,-164.2734855413437,2991.613149642944],"positionconfidence":1,"rotation":[0.8911264538764954,0.4537549912929535,0,-0.4537546336650848,0.8911257982254028,-0.00123332894872874,-0.0005596291739493608,0.001099052024073899,0.9999992251396179],"rotationconfidence":1},"2":{"id":2,"position":[272.5540101528168,-320.0021684169769,2991.828680038452],"positionconfidence":1,"rotation":[0.4174473881721497,0.2113379389047623,-0.8837838172912598,-0.4537546336650848,0.8911257982254028,-0.00123332894872874,0.7873019576072693,0.4015358686447144,0.4678937196731567],"rotationconfidence":1},"3":{"id":3,"position":[284.9814295768738,-645.0013518333435,3057.925701141357],"positionconfidence":1,"rotation":[0.553002119064331,-0.1456921100616455,-0.8203426599502563,-0.03744494169950485,0.9792519807815552,-0.1991563141345978,0.8323378562927246,0.1408515721559525,0.5360730886459351],"rotationconfidence":1},"4":{"id":4,"position":[260.0681185722351,-713.8381004333496,3049.85523223877],"positionconfidence":1,"rotation":[0.9164375066757202,-0.3007215261459351,-0.2640245258808136,0.3382668793201447,0.9346486330032349,0.109578862786293,0.2138174176216126,-0.1897329241037369,0.9582711458206177],"rotationconfidence":1},"6":{"id":6,"position":[171.7519909143448,-328.0268907546997,3133.210420608521],"positionconfidence":0.5,"rotation":[0.4069211184978485,0.8762329816818237,-0.2581299245357513,0.5883365273475647,-0.4675712585449219,-0.6597251296043396,-0.6987670063972473,0.1165888011455536,-0.7057844400405884],"rotationconfidence":0.5},"7":{"id":7,"position":[90.39824455976486,-503.2078623771668,3184.81707572937],"positionconfidence":0.5,"rotation":[0.01754993200302124,0.9891261458396912,0.1460186988115311,0.7151339650154114,0.08964657783508301,-0.6932148337364197,-0.6987670063972473,0.1165888011455536,-0.7057844400405884],"rotationconfidence":0.5},"8":{"id":8,"position":[86.53047680854797,-721.1979031562805,3152.636528015137],"positionconfidence":0.5,"rotation":[-0.03389368578791618,0.9991552829742432,0.02323883771896362,0,0.02325219660997391,-0.999729573726654,-0.9994254112243652,-0.03388452157378197,-0.000788102624937892],"rotationconfidence":0.5},"9":{"id":9,"position":[88.88879418373108,-790.7189726829529,3151.01957321167],"positionconfidence":0.5,"rotation":[-0.03389368578791618,0.9991552829742432,0.02323883771896362,0,0.02325219660997391,-0.999729573726654,-0.9994254112243652,-0.03388452157378197,-0.000788102624937892],"rotationconfidence":0.5},"12":{"id":12,"position":[321.6762244701386,-360.7581853866577,2909.029483795166],"positionconfidence":1,"rotation":[-0.4493530094623566,0.07997040450572968,-0.8897677659988403,-0.376630961894989,0.8861867189407349,0.2698557674884796,0.8100808262825012,0.4563745558261871,-0.3680913150310516],"rotationconfidence":1},"13":{"id":13,"position":[214.382067322731,-341.663271188736,2696.575403213501],"positionconfidence":1,"rotation":[-0.4726458787918091,0.1368004083633423,-0.87056964635849,-0.3469507992267609,0.8792086243629456,0.3265229463577271,0.8100808262825012,0.4563745558261871,-0.3680913150310516],"rotationconfidence":1},"14":{"id":14,"position":[129.1556656360626,-316.9957399368286,2539.596319198608],"positionconfidence":1,"rotation":[-0.4793852865695953,0.183380663394928,-0.8582316040992737,0,-0.9779251217842102,-0.2089558988809586,-0.8776047229766846,-0.1001703813672066,0.4688029289245606],"rotationconfidence":1},"15":{"id":15,"position":[40.79787060618401,-283.195972442627,2381.411552429199],"positionconfidence":1,"rotation":[-0.4793852865695953,0.183380663394928,-0.8582316040992737,0,-0.9779251217842102,-0.2089558988809586,-0.8776047229766846,-0.1001703813672066,0.4688029289245606],"rotationconfidence":1},"17":{"id":17,"position":[209.5015347003937,-761.0862851142883,3061.704397201538],"positionconfidence":1,"rotation":[0.7117650508880615,-0.4995821714401245,-0.4937694668769836,0.6676192879676819,0.6996650695800781,0.2544666826725006,0.2183462232351303,-0.5107704997062683,0.831527829170227],"rotationconfidence":1},"18":{"id":18,"position":[33.56467559933662,-945.4681277275085,2994.645118713379],"positionconfidence":1,"rotation":[0.9768384099006653,-0.2139780074357987,0,0.2047146260738373,0.9345499277114868,0.2910469472408295,-0.06227764487266541,-0.2843058407306671,0.9567086696624756],"rotationconfidence":1},"19":{"id":19,"position":[-9.219085797667503,-1140.781760215759,2933.818578720093],"positionconfidence":1,"rotation":[0.4891895651817322,-0.8721774816513062,0,0.6110473871231079,0.3427261114120483,-0.7135545015335083,0.6223461627960205,0.3490634262561798,0.7005997896194458],"rotationconfidence":1},"20":{"id":20,"position":[-49.5402067899704,-1163.397192955017,2888.427495956421],"positionconfidence":1,"rotation":[0.4891895651817322,-0.8721774816513062,0,0.6110473871231079,0.3427261114120483,-0.7135545015335083,0.6223461627960205,0.3490634262561798,0.7005997896194458],"rotationconfidence":1},"21":{"id":21,"position":[303.7438690662384,-752.1533370018005,3042.444944381714],"positionconfidence":1,"rotation":[0.9574296474456787,0.2783085703849793,-0.07663553953170776,-0.1892588287591934,0.8056545257568359,0.5613394379615784,0.2179673314094544,-0.5229390263557434,0.824029803276062],"rotationconfidence":1},"22":{"id":22,"position":[359.9974513053894,-991.618812084198,2875.597476959229],"positionconfidence":1,"rotation":[0.2384145706892014,0.6286415457725525,-0.7402487397193909,-0.4672438502311707,0.7424622178077698,0.4800343811511993,0.8513762950897217,0.2314294874668121,0.4707427024841309],"rotationconfidence":1},"23":{"id":23,"position":[462.1691107749939,-1153.972148895264,2770.628929138184],"positionconfidence":0.5,"rotation":[0.7176281809806824,-0.6964263319969177,0,0.4459671378135681,0.4595440626144409,-0.7680705785751343,0.5349046587944031,0.5511891841888428,0.6403651237487793],"rotationconfidence":0.5},"24":{"id":24,"position":[421.5905070304871,-1195.786118507385,2722.049951553345],"positionconfidence":0.5,"rotation":[0.7176281809806824,-0.6964263319969177,0,0.4459671378135681,0.4595440626144409,-0.7680705785751343,0.5349046587944031,0.5511891841888428,0.6403651237487793],"rotationconfidence":0.5}},"skeletonTracked":true,"frameCount":5},{"position":[229.3421626091003,-674.2969751358032,2852.732658386231],"positionTracked":true,"id":4520,"skeleton":{"1":{"id":1,"position":[162.6212149858475,-157.2236716747284,3000.160694122315],"positionconfidence":1,"rotation":[0.8818449974060059,0.4715395569801331,0,-0.4705668985843658,0.8800259828567505,0.06419622898101807,0.03027106076478958,-0.05661112442612648,0.9979374408721924],"rotationconfidence":1},"2":{"id":2,"position":[247.8710860013962,-316.6528642177582,2988.53063583374],"positionconfidence":1,"rotation":[0.4412489533424377,0.2976997494697571,-0.8465662002563477,-0.4705668985843658,0.8800259828567505,0.06419622898101807,0.7641113996505737,0.3700394928455353,0.5283981561660767],"rotationconfidence":1},"3":{"id":3,"position":[272.5326418876648,-651.6056656837463,3038.475751876831],"positionconfidence":1,"rotation":[0.5649580955505371,-0.08084616810083389,-0.8211493492126465,-0.07262952625751495,0.9864529371261597,-0.147090882062912,0.8219167590141296,0.142739862203598,0.5514326691627502],"rotationconfidence":1},"4":{"id":4,"position":[253.8400888442993,-722.1800684928894,3040.003061294556],"positionconfidence":1,"rotation":[0.8902892470359802,-0.2441243082284927,-0.3844326436519623,0.2559785842895508,0.9664562344551086,-0.0209151990711689,0.376643180847168,-0.07978594303131104,0.922916054725647],"rotationconfidence":1},"6":{"id":6,"position":[162.3643785715103,-328.4933865070343,3129.108190536499],"positionconfidence":0.5,"rotation":[0.4045504927635193,0.8758453726768494,-0.2631232440471649,0.8839470148086548,-0.4482609927654266,-0.1330406814813614,-0.234470933675766,-0.1787653416395187,-0.9555450677871704],"rotationconfidence":0.5},"7":{"id":7,"position":[82.09165185689926,-502.2825598716736,3181.318283081055],"positionconfidence":0.5,"rotation":[-0.2029142379760742,0.9702948331832886,-0.1317338049411774,0.950709879398346,0.1630059480667114,-0.2637799680233002,-0.234470933675766,-0.1787653416395187,-0.9555450677871704],"rotationconfidence":0.5},"8":{"id":8,"position":[126.7691552639008,-715.9213423728943,3210.323333740234],"positionconfidence":0.5,"rotation":[-0.2706529498100281,0.9361185431480408,-0.2245643138885498,0,-0.2332706898450851,-0.9724118709564209,-0.9626770615577698,-0.263186126947403,0.06313540041446686],"rotationconfidence":0.5},"9":{"id":9,"position":[147.9388475418091,-789.141833782196,3227.888107299805],"positionconfidence":0.5,"rotation":[-0.2706529498100281,0.9361185431480408,-0.2245643138885498,0,-0.2332706898450851,-0.9724118709564209,-0.9626770615577698,-0.263186126947403,0.06313540041446686],"rotationconfidence":0.5},"12":{"id":12,"position":[302.9293715953827,-314.3489956855774,2915.933132171631],"positionconfidence":1,"rotation":[-0.267941027879715,-0.08038482815027237,-0.9600759744644165,-0.7208113074302673,0.6779218912124634,0.1444055289030075,0.6392484903335571,0.7307257652282715,-0.2395853847265244],"rotationconfidence":1},"13":{"id":13,"position":[239.7000640630722,-333.3183825016022,2689.372301101685],"positionconfidence":1,"rotation":[-0.5396537780761719,0.2043162286281586,-0.8167181611061096,-0.5478458404541016,0.6513789892196655,0.5249477624893188,0.6392484903335571,0.7307257652282715,-0.2395853847265244],"rotationconfidence":1},"14":{"id":14,"position":[116.6208237409592,-286.7198288440704,2503.102779388428],"positionconfidence":1,"rotation":[-0.7823227047920227,0.3578112721443176,-0.5098452568054199,0,-0.8185377717018127,-0.574452817440033,-0.6228733062744141,-0.4494074881076813,0.6403607130050659],"rotationconfidence":1},"15":{"id":15,"position":[83.1284448504448,-271.4014053344727,2481.27555847168],"positionconfidence":1,"rotation":[-0.7823227047920227,0.3578112721443176,-0.5098452568054199,0,-0.8185377717018127,-0.574452817440033,-0.6228733062744141,-0.4494074881076813,0.6403607130050659],"rotationconfidence":1},"17":{"id":17,"position":[209.7394615411758,-770.5526947975159,3058.687210083008],"positionconfidence":1,"rotation":[0.6287292838096619,-0.3626516759395599,-0.6878832578659058,0.6695351600646973,0.7023653984069824,0.2416723817586899,0.3955024778842926,-0.6125085353851318,0.6844057440757751],"rotationconfidence":1},"18":{"id":18,"position":[35.29658541083336,-953.5492658615112,2995.721101760864],"positionconfidence":1,"rotation":[0.9733814001083374,-0.2291914969682694,0,0.2214268296957016,0.9404046535491943,0.2580876350402832,-0.05915149301290512,-0.2512176930904388,0.9661215543746948],"rotationconfidence":1},"19":{"id":19,"position":[-10.00548619776964,-1145.948171615601,2942.918539047241],"positionconfidence":1,"rotation":[0.3557561039924622,-0.9345788359642029,0,0.6732229590415955,0.2562685608863831,-0.6936116814613342,0.6482347846031189,0.2467565983533859,0.7203490138053894],"rotationconfidence":1},"20":{"id":20,"position":[-57.62195959687233,-1164.073824882507,2890.004873275757],"positionconfidence":1,"rotation":[0.3557561039924622,-0.9345788359642029,0,0.6732229590415955,0.2562685608863831,-0.6936116814613342,0.6482347846031189,0.2467565983533859,0.7203490138053894],"rotationconfidence":1},"21":{"id":21,"position":[295.8494424819946,-752.4705529212952,3025.108814239502],"positionconfidence":1,"rotation":[0.8958374261856079,0.3607378005981445,-0.2595063149929047,-0.1830715835094452,0.8317046165466309,0.524168074131012,0.4049198627471924,-0.4220611751079559,0.8111129999160767],"rotationconfidence":1},"22":{"id":22,"position":[349.7869074344635,-997.5115060806274,2870.675802230835],"positionconfidence":1,"rotation":[0.2502328455448151,0.6425721645355225,-0.7242130041122437,-0.4575669169425964,0.7376915216445923,0.4964309334754944,0.8532384634017944,0.2071525901556015,0.4786144196987152],"rotationconfidence":1},"23":{"id":23,"position":[452.5438845157623,-1163.176774978638,2759.191036224365],"positionconfidence":0.5,"rotation":[0.6768836379051208,-0.7360901236534119,0,0.4783220589160919,0.4398488402366638,-0.7600927948951721,0.5594967603683472,0.5144942998886108,0.6498145461082458],"rotationconfidence":0.5},"24":{"id":24,"position":[408.5938930511475,-1203.591704368591,2708.146333694458],"positionconfidence":0.5,"rotation":[0.6768836379051208,-0.7360901236534119,0,0.4783220589160919,0.4398488402366638,-0.7600927948951721,0.5594967603683472,0.5144942998886108,0.6498145461082458],"rotationconfidence":0.5}},"skeletonTracked":true,"frameCount":6},{"position":[240.571603178978,-639.0855312347412,2882.990121841431],"positionTracked":true,"id":4520,"skeleton":{"1":{"id":1,"position":[177.8336018323898,-116.4935827255249,3036.396741867065],"positionconfidence":1,"rotation":[0.9346249103546143,0.3556351065635681,0,-0.3537189364433289,0.9295890927314758,0.1036674454808235,0.03686778247356415,-0.0968901738524437,0.9946119785308838],"rotationconfidence":1},"2":{"id":2,"position":[244.8486834764481,-292.6121950149536,3016.756057739258],"positionconfidence":1,"rotation":[0.5430367588996887,0.2943343222141266,-0.7864339351654053,-0.3537189364433289,0.9295890927314758,0.1036674454808235,0.7615733742713928,0.2218813747167587,0.6089127063751221],"rotationconfidence":1},"3":{"id":3,"position":[260.8397901058197,-581.4557671546936,3036.600589752197],"positionconfidence":1,"rotation":[0.6206886768341064,-0.01948785409331322,-0.7838149070739746,-0.05514826253056526,0.9961299896240234,-0.06843750178813934,0.7821152806282043,0.08570441603660583,0.6172118782997131],"rotationconfidence":1},"4":{"id":4,"position":[246.4829534292221,-635.7468962669373,3032.750129699707],"positionconfidence":1,"rotation":[0.5858823657035828,-0.09787716716527939,-0.8044636845588684,0.2550550103187561,0.964503824710846,0.06840498000383377,0.769213080406189,-0.2452597618103027,0.5900498628616333],"rotationconfidence":1},"6":{"id":6,"position":[141.1367058753967,-309.7176551818848,3161.466836929321],"positionconfidence":1,"rotation":[0.3610286116600037,0.9128212332725525,-0.1908292025327683,0.8253685235977173,-0.4080212116241455,-0.3902378678321838,-0.4340797662734985,-0.01661738008260727,-0.9007211923599243],"rotationconfidence":1},"7":{"id":7,"position":[69.49847936630249,-490.8470511436462,3199.332714080811],"positionconfidence":0.5,"rotation":[-0.2938348054885864,0.947763204574585,0.1241209805011749,0.8516078591346741,0.3185416460037231,-0.4162876009941101,-0.4340797662734985,-0.01661738008260727,-0.9007211923599243],"rotationconfidence":0.5},"8":{"id":8,"position":[116.6699826717377,-642.9985761642456,3179.406642913818],"positionconfiden