{"motiondata":[{"position":[343.9823091030121,-666.306734085083,3232.034683227539],"positionTracked":true,"id":4507,"skeleton":{"1":{"id":1,"position":[466.5742814540863,-39.13968428969383,3449.978351593018],"positionconfidence":1,"rotation":[0.9962460398674011,-0.08656667917966843,0,0.08634651452302933,0.993712306022644,-0.07127547264099121,0.006170080974698067,0.07100790739059448,0.9974566698074341],"rotationconfidence":1},"2":{"id":2,"position":[452.4509906768799,-201.6765028238297,3461.636543273926],"positionconfidence":1,"rotation":[0.9946784377098083,-0.0819518193602562,0.06244064494967461,0.08634651452302933,0.993712306022644,-0.07127547264099121,-0.05620687827467918,0.07628770172595978,0.995500385761261],"rotationconfidence":1},"3":{"id":3,"position":[418.3181524276733,-540.0967597961426,3405.045986175537],"positionconfidence":1,"rotation":[0.9922665357589722,-0.1097692474722862,0.05794718116521835,0.09898950159549713,0.9814611077308655,0.164119690656662,-0.0748881921172142,-0.1571142971515656,0.9847369194030762],"rotationconfidence":1},"4":{"id":4,"position":[418.5703098773956,-590.5483365058899,3342.934131622315],"positionconfidence":1,"rotation":[0.9998191595077515,-0.01257089991122484,0.01426995825022459,-0.003151153912767768,0.6304817795753479,0.776197612285614,-0.01875445246696472,-0.7761022448539734,0.6303281784057617],"rotationconfidence":1},"6":{"id":6,"position":[278.9560556411743,-295.5953180789948,3433.66551399231],"positionconfidence":1,"rotation":[0.2002754211425781,0.8790875673294067,0.4325447678565979,0.5228520631790161,0.2774664163589478,-0.8060014247894287,-0.828562319278717,0.3875791430473328,-0.4040629863739014],"rotationconfidence":1},"7":{"id":7,"position":[228.18323969841,-518.4571743011475,3324.008941650391],"positionconfidence":1,"rotation":[-0.4708186388015747,-0.09174614399671555,0.8774465322494507,0.3030087649822235,0.9172595143318176,0.258496880531311,-0.828562319278717,0.3875791430473328,-0.4040629863739014],"rotationconfidence":1},"8":{"id":8,"position":[323.0021595954895,-499.9802708625794,3147.298574447632],"positionconfidence":1,"rotation":[0.1184814348816872,-0.3519972264766693,0.9284719228744507,0,0.9350581765174866,0.3544941842556,-0.9929562211036682,-0.04200097918510437,0.110787034034729],"rotationconfidence":1},"9":{"id":9,"position":[317.012757062912,-482.1863174438477,3100.36301612854],"positionconfidence":1,"rotation":[0.1184814348816872,-0.3519972264766693,0.9284719228744507,0,0.9350581765174866,0.3544941842556,-0.9929562211036682,-0.04200097918510437,0.110787034034729],"rotationconfidence":1},"12":{"id":12,"position":[596.4665412902832,-321.9283819198608,3453.610420227051],"positionconfidence":1,"rotation":[0.03970504924654961,-0.9792653918266296,-0.1986523270606995,-0.4399725794792175,0.1613650321960449,-0.8833942413330078,0.8971329927444458,0.122476801276207,-0.4244429469108582],"rotationconfidence":1},"13":{"id":13,"position":[604.9022078514099,-529.9814343452454,3411.405086517334],"positionconfidence":0.5,"rotation":[-0.4038693904876709,-0.1619247794151306,-0.9003720879554749,-0.1790025234222412,0.9791730046272278,-0.09580343216657639,0.8971329927444458,0.122476801276207,-0.4244429469108582],"rotationconfidence":0.5},"14":{"id":14,"position":[504.6371221542358,-570.1810717582703,3187.877655029297],"positionconfidence":1,"rotation":[0.9232124090194702,0.2292000949382782,0.3084580898284912,0,0.80266934633255,-0.5964242815971375,-0.3842903673648834,0.550626277923584,0.7410343289375305],"rotationconfidence":1},"15":{"id":15,"position":[561.5012645721436,-556.0637712478638,3206.876754760742],"positionconfidence":1,"rotation":[0.9232124090194702,0.2292000949382782,0.3084580898284912,0,0.80266934633255,-0.5964242815971375,-0.3842903673648834,0.550626277923584,0.7410343289375305],"rotationconfidence":1},"17":{"id":17,"position":[337.4676108360291,-654.6720862388611,3318.989753723145],"positionconfidence":1,"rotation":[0.9720726013183594,-0.2239227592945099,-0.07023908942937851,0.2345968633890152,0.935171365737915,0.265365481376648,0.006264215335249901,-0.2744323909282684,0.961586058139801],"rotationconfidence":1},"18":{"id":18,"position":[257.2593092918396,-974.4057059288025,3228.261709213257],"positionconfidence":1,"rotation":[0.9496306777000427,-0.3133710026741028,0,0.3121954798698425,0.9460683465003967,0.0865371972322464,-0.02711824886500835,-0.08217837661504745,0.9962485432624817],"rotationconfidence":1},"19":{"id":19,"position":[164.5777672529221,-1255.265235900879,3202.571392059326],"positionconfidence":1,"rotation":[0.9966086149215698,-0.08228800445795059,0,0.07945732772350311,0.9623256325721741,-0.2600304782390595,0.02139738574624062,0.2591485977172852,0.9656003713607788],"rotationconfidence":1},"20":{"id":20,"position":[162.4460071325302,-1281.083464622498,3106.371402740479],"positionconfidence":1,"rotation":[0.9966086149215698,-0.08228800445795059,0,0.07945732772350311,0.9623256325721741,-0.2600304782390595,0.02139738574624062,0.2591485977172852,0.9656003713607788],"rotationconfidence":1},"21":{"id":21,"position":[486.3571524620056,-660.381019115448,3316.390514373779],"positionconfidence":1,"rotation":[0.9977035522460938,0.06713412702083588,0.008973846212029457,-0.06730122119188309,0.9677232503890991,0.2428624778985977,0.00762016186490655,-0.2429087311029434,0.9700192213058472],"rotationconfidence":1},"22":{"id":22,"position":[508.1900954246521,-974.3165969848633,3237.604379653931],"positionconfidence":1,"rotation":[0.9987432956695557,0.03671105578541756,0.03412015736103058,-0.04458590596914291,0.9617363810539246,0.2703245282173157,-0.02289069816470146,-0.2715061008930206,0.962164580821991],"rotationconfidence":1},"23":{"id":23,"position":[519.9437737464905,-1227.848291397095,3166.341781616211],"positionconfidence":1,"rotation":[0.9780386090278625,0.2084238976240158,0,-0.2044517397880554,0.9593990445137024,-0.1943019181489945,-0.04049716144800186,0.1900347769260407,0.980941891670227],"rotationconfidence":1},"24":{"id":24,"position":[523.6258506774902,-1245.126605033875,3077.152729034424],"positionconfidence":1,"rotation":[0.9780386090278625,0.2084238976240158,0,-0.2044517397880554,0.9593990445137024,-0.1943019181489945,-0.04049716144800186,0.1900347769260407,0.980941891670227],"rotationconfidence":1}},"skeletonTracked":true,"frameCount":1},{"position":[339.2350375652313,-676.9080758094788,3230.003595352173],"positionTracked":true,"id":4507,"skeleton":{"1":{"id":1,"position":[459.6711099147797,-38.03844749927521,3447.927713394165],"positionconfidence":1,"rotation":[0.9941465854644775,-0.1080406457185745,0,0.1075269058346748,0.9894193410873413,-0.09740353375673294,0.01052354089915752,0.09683339297771454,0.9952451586723328],"rotationconfidence":1},"2":{"id":2,"position":[442.0092105865479,-200.556144118309,3463.926792144775],"positionconfidence":1,"rotation":[0.9877227544784546,-0.09514516592025757,0.1239000856876373,0.1075269058346748,0.9894193410873413,-0.09740353375673294,-0.1133216544985771,0.1095302700996399,0.9875025749206543],"rotationconfidence":1},"3":{"id":3,"position":[407.0038795471191,-539.0986204147339,3403.398036956787],"positionconfidence":1,"rotation":[0.985220193862915,-0.123157449066639,0.1190519854426384,0.1012628301978111,0.9793299436569214,0.1750965714454651,-0.138155609369278,-0.1604531109333038,0.9773268103599548],"rotationconfidence":1},"4":{"id":4,"position":[411.2480878829956,-589.3035531044006,3340.779542922974],"positionconfidence":1,"rotation":[0.9965360760688782,-0.01722829975187779,0.08135698735713959,-0.05280718952417374,0.6246586441993713,0.7791103720664978,-0.06424309313297272,-0.780707836151123,0.6215850710868835],"rotationconfidence":1},"6":{"id":6,"position":[270.3246772289276,-292.7483916282654,3424.423456192017],"positionconfidence":1,"rotation":[0.1796616911888123,0.8815264701843262,0.4366150796413422,0.5252746939659119,0.2893015742301941,-0.8002443313598633,-0.8317500352859497,0.3731161057949066,-0.4110671579837799],"rotationconfidence":1},"7":{"id":7,"position":[223.8310277462006,-520.8737254142761,3311.434268951416],"positionconfidence":1,"rotation":[-0.4845729768276215,-0.1266369372606278,0.8655357360839844,0.2708890438079834,0.9191014170646667,0.2861322462558746,-0.8317500352859497,0.3731161057949066,-0.4110671579837799],"rotationconfidence":1},"8":{"id":8,"position":[322.1109807491303,-495.1895177364349,3135.888338088989],"positionconfidence":1,"rotation":[0.1077099367976189,-0.2763563692569733,0.9550004601478577,0,0.960588812828064,0.2779735028743744,-0.9941825270652771,-0.02994050830602646,0.1034649610519409],"rotationconfidence":1},"9":{"id":9,"position":[316.1456286907196,-479.8839390277863,3082.99708366394],"positionconfidence":0.5,"rotation":[0.1077099367976189,-0.2763563692569733,0.9550004601478577,0,0.960588812828064,0.2779735028743744,-0.9941825270652771,-0.02994050830602646,0.1034649610519409],"rotationconfidence":0.5},"12":{"id":12,"position":[588.3311629295349,-323.5036730766296,3464.327812194824],"positionconfidence":1,"rotation":[-0.02325913123786449,-0.9261223673820496,-0.3765056133270264,-0.4590432047843933,0.3444526791572571,-0.8189210891723633,0.8881094455718994,0.1537849307060242,-0.4331417977809906],"rotationconfidence":1},"13":{"id":13,"position":[582.9823017120361,-536.4823937416077,3377.743482589722],"positionconfidence":0.5,"rotation":[-0.4015259742736816,-0.1990480124950409,-0.8939557075500488,-0.223692923784256,0.9678481817245483,-0.1150277778506279,0.8881094455718994,0.1537849307060242,-0.4331417977809906],"rotationconfidence":0.5},"14":{"id":14,"position":[496.3172376155853,-579.4447660446167,3184.792757034302],"positionconfidence":0.5,"rotation":[0.4700884819030762,0.3473495543003082,-0.8113970160484314,0,-0.9193057417869568,-0.3935440480709076,-0.8826192617416382,0.1850005239248276,-0.432155042886734],"rotationconfidence":0.5},"15":{"id":15,"position":[518.1886553764343,-563.2839202880859,3147.04155921936],"positionconfidence":1,"rotation":[0.4700884819030762,0.3473495543003082,-0.8113970160484314,0,-0.9193057417869568,-0.3935440480709076,-0.8826192617416382,0.1850005239248276,-0.432155042886734],"rotationconfidence":1},"17":{"id":17,"position":[330.159455537796,-652.0189046859741,3313.356637954712],"positionconfidence":1,"rotation":[0.975066065788269,-0.2212236970663071,-0.01749913580715656,0.2179687023162842,0.9399409890174866,0.2626795768737793,-0.04166279733181,-0.2599442303180695,0.9647244215011597],"rotationconfidence":1},"18":{"id":18,"position":[255.5669248104096,-973.6824035644531,3223.463296890259],"positionconfidence":1,"rotation":[0.9524520635604858,-0.3046883344650269,0,0.3037610054016113,0.9495531916618347,0.07796253263950348,-0.02375427447259426,-0.0742555782198906,0.9969563484191895],"rotationconfidence":1},"19":{"id":19,"position":[165.584534406662,-1254.966259002686,3200.368642807007],"positionconfidence":1,"rotation":[0.9998018145561218,0.01990867592394352,0,-0.01922311261296272,0.9653732180595398,-0.2601634562015533,-0.005179509986191988,0.2601118981838226,0.9655646085739136],"rotationconfidence":1},"20":{"id":20,"position":[166.1079078912735,-1281.249761581421,3102.801322937012],"positionconfidence":1,"rotation":[0.9998018145561218,0.01990867592394352,0,-0.01922311261296272,0.9653732180595398,-0.2601634562015533,-0.005179509986191988,0.2601118981838226,0.9655646085739136],"rotationconfidence":1},"21":{"id":21,"position":[478.7195920944214,-661.0792875289917,3317.331075668335],"positionconfidence":1,"rotation":[0.9959922432899475,0.06628572195768356,0.06004678085446358,-0.079308420419693,0.9649096727371216,0.2503187954425812,-0.04134715721011162,-0.2540777921676636,0.9662995934486389],"rotationconfidence":1},"22":{"id":22,"position":[504.586398601532,-975.7890105247498,3235.688447952271],"positionconfidence":1,"rotation":[0.9961867332458496,0.01696570590138435,0.0855812355875969,-0.03869159892201424,0.9650859832763672,0.2590602040290833,-0.07819811254739761,-0.2613836228847504,0.9620622992515564],"rotationconfidence":1},"23":{"id":23,"position":[514.7708058357239,-1229.819059371948,3167.498588562012],"positionconfidence":1,"rotation":[0.9158803224563599,0.4014514684677124,0,-0.3918564915657044,0.893990159034729,-0.2173248827457428,-0.0872453898191452,0.1990435719490051,0.9760993123054504],"rotationconfidence":1},"24":{"id":24,"position":[522.6865410804749,-1247.878193855286,3078.937530517578],"positionconfidence":1,"rotation":[0.9158803224563599,0.4014514684677124,0,-0.3918564915657044,0.893990159034729,-0.2173248827457428,-0.0872453898191452,0.1990435719490051,0.9760993123054504],"rotationconfidence":1}},"skeletonTracked":true,"frameCount":2},{"position":[332.9055309295654,-678.788423538208,3234.200477600098],"positionTracked":true,"id":4507,"skeleton":{"1":{"id":1,"position":[447.0460414886475,-39.9693101644516,3443.715810775757],"positionconfidence":1,"rotation":[0.9934068918228149,-0.1146422252058983,0,0.113600492477417,0.9843800067901611,-0.1345027983188629,0.01541970018297434,0.1336160004138947,0.9909132719039917],"rotationconfidence":1},"2":{"id":2,"position":[428.6167025566101,-199.6646821498871,3465.536117553711],"positionconfidence":1,"rotation":[0.98145991563797,-0.09015237540006638,0.1691424548625946,0.113600492477417,0.9843800067901611,-0.1345027983188629,-0.1543746888637543,0.151223748922348,0.9763708114624023],"rotationconfidence":1},"3":{"id":3,"position":[393.5391902923584,-538.1448268890381,3403.365850448608],"positionconfidence":1,"rotation":[0.9773873686790466,-0.1316785663366318,0.1654531359672546,0.1014019548892975,0.9784772992134094,0.1797215938568115,-0.1855576187372208,-0.1588803380727768,0.9697037935256958],"rotationconfidence":1},"4":{"id":4,"position":[400.3596305847168,-588.1584882736206,3340.527296066284],"positionconfidence":1,"rotation":[0.9898180365562439,-0.03752699121832848,0.137301966547966,-0.08461948484182358,0.6205068826675415,0.7796220779418945,-0.1144537106156349,-0.7833025455474854,0.6110135316848755],"rotationconfidence":1},"6":{"id":6,"position":[260.8963847160339,-290.7033264636993,3417.055130004883],"positionconfidence":1,"rotation":[0.2255172282457352,0.8842094540596008,0.409042239189148,0.5919661521911621,0.2090976238250732,-0.7783662676811218,-0.7737686038017273,0.41767418384552,-0.476267009973526],"rotationconfidence":1},"7":{"id":7,"position":[204.0175646543503,-513.7141942977905,3313.888549804688],"positionconfidence":1,"rotation":[-0.5324802994728088,-0.02158377878367901,0.846167266368866,0.343142569065094,0.9083404541015625,0.2391041219234467,-0.7737686038017273,0.41767418384552,-0.476267009973526],"rotationconfidence":1},"8":{"id":8,"position":[314.6513104438782,-509.2297196388245,3138.079881668091],"positionconfidence":0.5,"rotation":[0.05097413435578346,-0.2391134202480316,0.9696527123451233,0,0.9709148406982422,0.2394246608018875,-0.9986998438835144,-0.01220446452498436,0.04949154332280159],"rotationconfidence":0.5},"9":{"id":9,"position":[311.504602432251,-494.4688975811005,3078.221797943115],"positionconfidence":0.5,"rotation":[0.05097413435578346,-0.2391134202480316,0.9696527123451233,0,0.9709148406982422,0.2394246608018875,-0.9986998438835144,-0.01220446452498436,0.04949154332280159],"rotationconfidence":0.5},"12":{"id":12,"position":[580.2667140960693,-324.0145742893219,3472.710371017456],"positionconfidence":1,"rotation":[-0.03964129090309143,-0.886461615562439,-0.4611012041568756,-0.3413890302181244,0.4457105994224548,-0.8275238275527954,0.939085841178894,0.1246107891201973,-0.3202968239784241],"rotationconfidence":1},"13":{"id":13,"position":[570.6285238265991,-539.5445227622986,3360.600471496582],"positionconfidence":0.5,"rotation":[-0.2892270088195801,-0.2168804407119751,-0.9323683381080627,-0.1856492757797241,0.9682124257087708,-0.1676285415887833,0.939085841178894,0.1246107891201973,-0.3202968239784241],"rotationconfidence":0.5},"14":{"id":14,"position":[507.9577565193176,-586.5389704704285,3158.571481704712],"positionconfidence":1,"rotation":[0.3162474036216736,0.6503504514694214,0.690674901008606,0,0.728040337562561,-0.6855342984199524,-0.9486767053604126,0.2167984396219254,0.2302408665418625],"rotationconfidence":1},"15":{"id":15,"position":[523.0149030685425,-555.5745363235474,3191.455841064453],"positionconfidence":1,"rotation":[0.3162474036216736,0.6503504514694214,0.690674901008606,0,0.728040337562561,-0.6855342984199524,-0.9486767053604126,0.2167984396219254,0.2302408665418625],"rotationconfidence":1},"17":{"id":17,"position":[319.5032477378845,-649.6847867965698,3309.748888015747],"positionconfidence":1,"rotation":[0.9745962023735046,-0.2205522358417511,0.03897303715348244,0.2028343826532364,0.9429537057876587,0.2640009820461273,-0.0949757769703865,-0.2493892908096314,0.9637346863746643],"rotationconfidence":1},"18":{"id":18,"position":[249.8900294303894,-973.3086228370667,3219.143152236939],"positionconfidence":1,"rotation":[0.9583767652511597,-0.2855067849159241,0,0.2848085463047028,0.956032931804657,0.06989321112632751,-0.01995498687028885,-0.06698402762413025,0.9975545406341553],"rotationconfidence":1},"19":{"id":19,"position":[166.0854816436768,-1254.62007522583,3198.577165603638],"positionconfidence":1,"rotation":[0.9963350892066956,0.08553468436002731,0,-0.0822848230600357,0.9584797024726868,-0.273030549287796,-0.023353585973382,0.2720299661159515,0.9620053768157959],"rotationconfidence":1},"20":{"id":20,"position":[168.4463918209076,-1282.120704650879,3101.324081420898],"positionconfidence":1,"rotation":[0.9963350892066956,0.08553468436002731,0,-0.0822848230600357,0.9584797024726868,-0.273030549287796,-0.023353585973382,0.2720299661159515,0.9620053768157959],"rotationconfidence":1},"21":{"id":21,"position":[467.4268066883087,-662.5179648399353,3321.005821228027],"positionconfidence":1,"rotation":[0.9910086989402771,0.06406678259372711,0.117462269961834,-0.09295261651277542,0.9611228704452515,0.2600051760673523,-0.09623797237873077,-0.2685858011245728,0.9584362506866455],"rotationconfidence":1},"22":{"id":22,"position":[497.8676736354828,-977.2741794586182,3235.857248306274],"positionconfidence":1,"rotation":[0.9912209510803223,0.01431464590132237,0.131438672542572,-0.04745997115969658,0.9663894176483154,0.252663791179657,-0.1234041526913643,-0.2566837072372437,0.9585847854614258],"rotationconfidence":1},"23":{"id":23,"position":[510.3563666343689,-1231.571435928345,3169.370889663696],"positionconfidence":1,"rotation":[0.8472379446029663,0.5312134623527527,0,-0.5146788954734802,0.8208667635917664,-0.2475545257329941,-0.1315043121576309,0.2097376137971878,0.968873918056488],"rotationconfidence":1},"24":{"id":24,"position":[522.2316980361938,-1250.511527061462,3081.877946853638],"positionconfidence":1,"rotation":[0.8472379446029663,0.5312134623527527,0,-0.5146788954734802,0.8208667635917664,-0.2475545257329941,-0.1315043121576309,0.2097376137971878,0.968873918056488],"rotationconfidence":1}},"skeletonTracked":true,"frameCount":3},{"position":[333.4474861621857,-671.3111996650696,3231.405019760132],"positionTracked":true,"id":4507,"skeleton":{"1":{"id":1,"position":[434.4678521156311,-39.89435732364655,3441.304922103882],"positionconfidence":1,"rotation":[0.9946624636650085,-0.1031819060444832,0,0.1019647493958473,0.9829291701316833,-0.153145357966423,0.01580183021724224,0.1523279398679733,0.9882036447525024],"rotationconfidence":1},"2":{"id":2,"position":[417.9660379886627,-198.9700645208359,3466.089725494385],"positionconfidence":1,"rotation":[0.9782378077507019,-0.07110825181007385,0.1949219852685928,0.1019647493958473,0.9829291701316833,-0.153145357966423,-0.1807045936584473,0.1696877330541611,0.9687889218330383],"rotationconfidence":1},"3":{"id":3,"position":[383.894681930542,-537.1572375297546,3404.035091400147],"positionconfidence":1,"rotation":[0.9717844724655151,-0.1335757821798325,0.1944028437137604,0.09860970079898834,0.9787850975990295,0.1795992255210877,-0.2142687141895294,-0.1553617268800736,0.9643400311470032],"rotationconfidence":1},"4":{"id":4,"position":[391.556441783905,-587.0274305343628,3341.322422027588],"positionconfidence":1,"rotation":[0.9836979508399963,-0.06141322106122971,0.1690176129341126,-0.09518913179636002,0.6195835471153259,0.7791375517845154,-0.1525698751211166,-0.782524585723877,0.603637158870697],"rotationconfidence":1},"6":{"id":6,"position":[252.5532245635986,-289.251059293747,3413.012027740479],"positionconfidence":1,"rotation":[0.2130082696676254,0.8862001895904541,0.4114325940608978,0.616017758846283,0.2050437182188034,-0.7605781555175781,-0.7583861351013184,0.4154591858386993,-0.5022389888763428],"rotationconfidence":1},"7":{"id":7,"position":[199.2040574550629,-511.2050771713257,3309.966325759888],"positionconfidence":1,"rotation":[-0.5406349897384644,0.0294682439416647,0.8407410383224487,0.364093691110611,0.9091343283653259,0.2022634595632553,-0.7583861351013184,0.4154591858386993,-0.5022389888763428],"rotationconfidence":1},"8":{"id":8,"position":[311.3256990909576,-517.316460609436,3135.606050491333],"positionconfidence":0.5,"rotation":[0.02214976027607918,-0.219502180814743,0.9753604531288147,0,0.9755998849868774,0.2195560783147812,-0.9997546076774597,-0.004863114561885595,0.02160930447280407],"rotationconfidence":0.5},"9":{"id":9,"position":[309.890627861023,-503.0950307846069,3072.412967681885],"positionconfidence":0.5,"rotation":[0.02214976027607918,-0.219502180814743,0.9753604531288147,0,0.9755998849868774,0.2195560783147812,-0.9997546076774597,-0.004863114561885595,0.02160930447280407],"rotationconfidence":0.5},"12":{"id":12,"position":[573.1481909751892,-323.255181312561,3478.767395019531],"positionconfidence":1,"rotation":[-0.03577953949570656,-0.8653102517127991,-0.499957948923111,-0.3285069167613983,0.4826607406139374,-0.8118631839752197,0.9438236355781555,0.1351915597915649,-0.3015297949314117],"rotationconfidence":1},"13":{"id":13,"position":[564.1321539878845,-541.3035154342651,3352.783679962158],"positionconfidence":0.5,"rotation":[-0.2771765887737274,-0.1729298532009125,-0.9451287388801575,-0.1799169331789017,0.9756118655204773,-0.1257433444261551,0.9438236355781555,0.1351915597915649,-0.3015297949314117],"rotationconfidence":0.5},"14":{"id":14,"position":[505.027711391449,-578.1786441802979,3151.246786117554],"positionconfidence":0.5,"rotation":[0.2541031837463379,0.3757711350917816,0.8911944627761841,0,0.9214388132095337,-0.3885236382484436,-0.967177152633667,0.0987250953912735,0.2341405302286148],"rotationconfidence":0.5},"15":{"id":15,"position":[523.2396125793457,-551.2466430664062,3215.1198387146],"positionconfidence":1,"rotation":[0.2541031837463379,0.3757711350917816,0.8911944627761841,0,0.9214388132095337,-0.3885236382484436,-0.967177152633667,0.0987250953912735,0.2341405302286148],"rotationconfidence":1},"17":{"id":17,"position":[311.3147616386414,-647.9120254516602,3308.043003082275],"positionconfidence":1,"rotation":[0.9707307815551758,-0.2254924029111862,0.08267436176538467,0.1965931802988052,0.9437717199325562,0.2657933831214905,-0.1379601061344147,-0.2417605966329575,0.9604784846305847],"rotationconfidence":1},"18":{"id":18,"position":[243.6273694038391,-972.8543758392334,3216.529846191406],"positionconfidence":1,"rotation":[0.9643473625183105,-0.2646394968032837,0,0.2640649378299713,0.9622536301612854,0.06586146354675293,-0.017429543659091,-0.06351333111524582,0.9978287816047668],"rotationconfidence":1},"19":{"id":19,"position":[166.381761431694,-1254.337668418884,3197.263717651367],"positionconfidence":1,"rotation":[0.9929997324943542,0.1181170269846916,0,-0.1128963083028793,0.9491096138954163,-0.2940161228179932,-0.03472831100225449,0.2919579148292542,0.955800473690033],"rotationconfidence":1},"20":{"id":20,"position":[169.8533296585083,-1283.522844314575,3101.718425750732],"positionconfidence":1,"rotation":[0.9929997324943542,0.1181170269846916,0,-0.1128963083028793,0.9491096138954163,-0.2940161228179932,-0.03472831100225449,0.2919579148292542,0.955800473690033],"rotationconfidence":1},"21":{"id":21,"position":[458.6176872253418,-663.2980108261108,3325.328350067139],"positionconfidence":1,"rotation":[0.9851052761077881,0.05609651654958725,0.1625450700521469,-0.09883851557970047,0.9582498073577881,0.268306314945221,-0.1407077312469482,-0.2803756594657898,0.9495214223861694],"rotationconfidence":1},"22":{"id":22,"position":[491.1140501499176,-978.3536791801453,3237.113952636719],"positionconfidence":1,"rotation":[0.9855191111564636,0.01735879667103291,0.1686733961105347,-0.05949873477220535,0.9668977856636047,0.2481301575899124,-0.1587826907634735,-0.254572868347168,0.95392906665802],"rotationconfidence":1},"23":{"id":23,"position":[506.8046450614929,-1233.33728313446,3171.678781509399],"positionconfidence":1,"rotation":[0.7984374165534973,0.6020777821540833,0,-0.5780876874923706,0.7666232585906982,-0.2794697880744934,-0.1682625412940979,0.2231391370296478,0.9601544737815857],"rotationconfidence":1},"24":{"id":24,"position":[521.8839645385742,-1253.334522247315,3085.631847381592],"positionconfidence":1,"rotation":[0.7984374165534973,0.6020777821540833,0,-0.5780876874923706,0.7666232585906982,-0.2794697880744934,-0.1682625412940979,0.2231391370296478,0.9601544737815857],"rotationconfidence":1}},"skeletonTracked":true,"frameCount":4},{"position":[331.7733108997345,-664.0331745147705,3231.407880783081],"positionTracked":true,"id":4507,"skeleton":{"1":{"id":1,"position":[423.9287972450256,-36.19464486837387,3434.960126876831],"positionconfidence":1,"rotation":[0.9968535900115967,-0.07926464825868607,0,0.07782645523548126,0.9787665009498596,-0.1896290183067322,0.01503087766468525,0.1890323609113693,0.9818558096885681],"rotationconfidence":1},"2":{"id":2,"position":[411.0462069511414,-198.2095688581467,3466.349363327026],"positionconfidence":1,"rotation":[0.9783469438552856,-0.03838967904448509,0.2033799737691879,0.07782645523548126,0.9787665009498596,-0.1896290183067322,-0.1917817145586014,0.2013513296842575,0.9605609774589539],"rotationconfidence":1},"3":{"id":3,"position":[377.0517110824585,-536.160945892334,3404.806852340698],"positionconfidence":1,"rotation":[0.9682334065437317,-0.1356469392776489,0.2100574225187302,0.09848132729530334,0.979037880897522,0.1782873421907425,-0.2298382818698883,-0.1519370079040527,0.9612957835197449],"rotationconfidence":1},"4":{"id":4,"position":[384.5868706703186,-585.9111547470093,3342.353820800781],"positionconfidence":1,"rotation":[0.979274570941925,-0.08338380604982376,0.1845763325691223,-0.09395312517881393,0.6203169822692871,0.7787038087844849,-0.1794271320104599,-0.7799063920974731,0.5996264815330505],"rotationconfidence":1},"6":{"id":6,"position":[246.701180934906,-287.9619896411896,3410.897016525269],"positionconfidence":1,"rotation":[0.3537482917308807,0.8969815969467163,0.26511549949646,0.5736241936683655,0.01583298854529858,-0.8189656138420105,-0.7387946248054504,0.4417843520641327,-0.508929431438446],"rotationconfidence":1},"7":{"id":7,"position":[164.3777787685394,-496.7052638530731,3349.200010299683],"positionconfidence":1,"rotation":[-0.532599687576294,0.07997598499059677,0.842580258846283,0.4129409193992615,0.8935494422912598,0.1762083768844605,-0.7387946248054504,0.4417843520641327,-0.508929431438446],"rotationconfidence":1},"8":{"id":8,"position":[274.5656669139862,-513.2512450218201,3174.881219863892],"positionconfidence":1,"rotation":[-0.1115895211696625,-0.1773382872343063,0.977803111076355,0,0.9839484691619873,0.1784528344869614,-0.9937543869018555,0.01991346664726734,-0.1097983419895172],"rotationconfidence":1},"9":{"id":9,"position":[282.4911773204804,-500.656008720398,3105.433940887451],"positionconfidence":0.5,"rotation":[-0.1115895211696625,-0.1773382872343063,0.977803111076355,0,0.9839484691619873,0.1784528344869614,-0.9937543869018555,0.01991346664726734,-0.1097983419895172],"rotationconfidence":0.5},"12":{"id":12,"position":[568.0701732635498,-322.4317133426666,3482.285737991333],"positionconfidence":1,"rotation":[-0.03170651569962502,-0.8528428673744202,-0.5212042927742004,-0.3213049173355103,0.5024846196174622,-0.8026660084724426,0.9464449286460876,0.142015740275383,-0.2899545729160309],"rotationconfidence":1},"13":{"id":13,"position":[559.8880648612976,-542.5143241882324,3347.784996032715],"positionconfidence":0.5,"rotation":[-0.2724218666553497,-0.1307453364133835,-0.9532533884048462,-0.1732871979475021,0.9811918139457703,-0.08505506813526154,0.9464449286460876,0.142015740275383,-0.2899545729160309],"rotationconfidence":0.5},"14":{"id":14,"position":[502.5902986526489,-570.0136423110962,3147.289752960205],"positionconfidence":0.5,"rotation":[0.247741162776947,0.2496540546417236,0.9361075162887573,0,0.9662284255027771,-0.257687121629715,-0.9688263535499573,0.06383970379829407,0.2393745481967926],"rotationconfidence":0.5},"15":{"id":15,"position":[523.4174132347107,-549.0257143974304,3225.986480712891],"positionconfidence":1,"rotation":[0.247741162776947,0.2496540546417236,0.9361075162887573,0,0.9662284255027771,-0.257687121629715,-0.9688263535499573,0.06383970379829407,0.2393745481967926],"rotationconfidence":1},"17":{"id":17,"position":[304.7186136245728,-646.2706327438354,3307.359933853149],"positionconfidence":1,"rotation":[0.9668164253234863,-0.2291669696569443,0.1129098758101463,0.1926502138376236,0.9442676305770874,0.266916960477829,-0.1677856743335724,-0.2363075613975525,0.9570823907852173],"rotationconfidence":1},"18":{"id":18,"position":[238.1741255521774,-972.4358916282654,3215.162515640259],"positionconfidence":1,"rotation":[0.9690791964530945,-0.2467498630285263,0,0.2462320476770401,0.9670454859733582,0.06475165486335754,-0.01597746275365353,-0.062749482691288,0.9979013800621033],"rotationconfidence":1},"19":{"id":19,"position":[166.4617955684662,-1254.077076911926,3196.304321289063],"positionconfidence":1,"rotation":[0.992369532585144,0.1232994124293327,0,-0.1168864667415619,0.9407552480697632,-0.3183035254478455,-0.03924663737416267,0.3158746957778931,0.9479888677597046],"rotationconfidence":1},"20":{"id":20,"position":[170.3097224235535,-1285.046935081482,3103.35898399353],"positionconfidence":1,"rotation":[0.992369532585144,0.1232994124293327,0,-0.1168864667415619,0.9407552480697632,-0.3183035254478455,-0.03924663737416267,0.3158746957778931,0.9479888677597046],"rotationconfidence":1},"21":{"id":21,"position":[451.6033530235291,-663.5444164276123,3328.845262527466],"positionconfidence":1,"rotation":[0.9797450304031372,0.05002020671963692,0.1939010173082352,-0.1030401289463043,0.9562015533447266,0.2739730477333069,-0.1717042773962021,-0.288403332233429,0.9419878721237183],"rotationconfidence":1},"22":{"id":22,"position":[485.5809807777405,-978.8532257080078,3238.502264022827],"positionconfidence":1,"rotation":[0.9804544448852539,0.02163010463118553,0.195553332567215,-0.07028684765100479,0.9668561816215515,0.2454565763473511,-0.1837626993656158,-0.254403829574585,0.9494787454605103],"rotationconfidence":1},"23":{"id":23,"position":[504.1670799255371,-1234.5210313797,3173.595666885376],"positionconfidence":1,"rotation":[0.7664623260498047,0.6422892808914185,0,-0.6119217872619629,0.7302239537239075,-0.3038498163223267,-0.1951594799757004,0.2328894436359406,0.9527199268341064],"rotationconfidence":1},"24":{"id":24,"position":[521.5611457824707,-1255.277872085571,3088.682174682617],"positionconfidence":1,"rotation":[0.7664623260498047,0.6422892808914185,0,-0.6119217872619629,0.7302239537239075,-0.3038498163223267,-0.1951594799757004,0.2328894436359406,0.9527199268341064],"rotationconfidence":1}},"skeletonTracked":true,"frameCount":5},{"position":[329.2303383350372,-666.6781902313232,3227.777481079102],"positionTracked":true,"id":4507,"skeleton":{"1":{"id":1,"position":[420.1165437698364,-35.38771718740463,3433.427095413208],"positionconfidence":1,"rotation":[0.9965351223945618,-0.08317303657531738,0,0.08153046667575836,0.9768548011779785,-0.1977564245462418,0.0164480023086071,0.1970712244510651,0.9802512526512146],"rotationconfidence":1},"2":{"id":2,"position":[406.5703749656677,-197.6907104253769,3466.284036636353],"positionconfidence":1,"rotation":[0.9763250350952148,-0.03839146345853806,0.2128747552633286,0.08153046667575836,0.9768548011779785,-0.1977564245462418,-0.2003555446863174,0.2104302942752838,0.9568577408790588],"rotationconfidence":1},"3":{"id":3,"position":[371.8023300170898,-535.2723002433777,3405.353546142578],"positionconfidence":1,"rotation":[0.9655164480209351,-0.139153853058815,0.2200320214033127,0.1008372530341148,0.9790829420089722,0.1767158210277557,-0.2400202751159668,-0.1484346091747284,0.9593525528907776],"rotationconfidence":1},"4":{"id":4,"position":[378.977358341217,-584.9146842956543,3343.170404434204],"positionconfidence":1,"rotation":[0.9761475920677185,-0.1001827567815781,0.1926116496324539,-0.0898100882768631,0.6213755011558533,0.7783486247062683,-0.197661280632019,-0.7770816683769226,0.5975567698478699],"rotationconfidence":1},"6":{"id":6,"position":[242.8108602762222,-286.6052985191345,3409.557580947876],"positionconfidence":1,"rotation":[0.4349548816680908,0.8871250748634338,0.1543478220701218,0.5161841511726379,-0.1051963046193123,-0.8499927520751953,-0.7378131151199341,0.4493804574012756,-0.5036755800247192],"rotationconfidence":1},"7":{"id":7,"position":[144.2263573408127,-487.6762330532074,3374.573945999146],"positionconfidence":1,"rotation":[-0.5164519548416138,0.1046498641371727,0.849897563457489,0.4346369504928589,0.8871898055076599,0.1548713743686676,-0.7378131151199341,0.4493804574012756,-0.5036755800247192],"rotationconfidence":1},"8":{"id":8,"position":[250.2181828022003,-509.1536045074463,3200.148820877075],"positionconfidence":1,"rotation":[-0.1737815886735916,-0.1256891936063767,0.976730227470398,0,0.9918215870857239,0.127631202340126,-0.9847840070724487,0.02217995375394821,-0.1723603308200836],"rotationconfidence":1},"9":{"id":9,"position":[261.8678212165833,-500.7278919219971,3134.67264175415],"positionconfidence":1,"rotation":[-0.1737815886735916,-0.1256891936063767,0.976730227470398,0,0.9918215870857239,0.127631202340126,-0.9847840070724487,0.02217995375394821,-0.1723603308200836],"rotationconfidence":1},"12":{"id":12,"position":[563.7080073356628,-321.552962064743,3484.435558319092],"positionconfidence":1,"rotation":[-0.02945289202034473,-0.8439021706581116,-0.5356879830360413,-0.3189980089664459,0.515832245349884,-0.7950832843780518,0.9472976922988892,0.1474658846855164,-0.2843958735466003],"rotationconfidence":1},"13":{"id":13,"position":[555.9723377227783,-543.2000756263733,3343.73950958252],"positionconfidence":0.5,"rotation":[-0.2733253240585327,-0.09099869430065155,-0.9576076865196228,-0.1670941114425659,0.9848721623420715,-0.04589669406414032,0.9472976922988892,0.1474658846855164,-0.2843958735466003],"rotationconfidence":0.5},"14":{"id":14,"position":[498.9428222179413,-562.1870160102844,3143.934011459351],"positionconfidence":0.5,"rotation":[0.2562903463840485,0.1881623417139053,0.9481086730957031,0,0.9808699488639832,-0.1946641653776169,-0.9665997624397278,0.04989054799079895,0.2513875067234039],"rotationconfidence":0.5},"15":{"id":15,"position":[522.0716595649719,-545.2063679695129,3229.495763778687],"positionconfidence":1,"rotation":[0.2562903463840485,0.1881623417139053,0.9481086730957031,0,0.9808699488639832,-0.1946641653776169,-0.9665997624397278,0.04989054799079895,0.2513875067234039],"rotationconfidence":1},"17":{"id":17,"position":[299.4922995567322,-644.7639465332031,3307.177543640137],"positionconfidence":1,"rotation":[0.9635778069496155,-0.2322334349155426,0.1326096206903458,0.191055104136467,0.9447717070579529,0.2662787437438965,-0.187124639749527,-0.2312445491552353,0.9547304511070251],"rotationconfidence":1},"18":{"id":18,"position":[233.3625108003616,-971.7772006988525,3215.010643005371],"positionconfidence":1,"rotation":[0.9728497266769409,-0.2314375936985016,0,0.2309194356203079,0.9706715941429138,0.06687888503074646,-0.01547828782349825,-0.06506310403347015,0.9977610111236572],"rotationconfidence":1},"19":{"id":19,"position":[166.2798076868057,-1253.759860992432,3195.582151412964],"positionconfidence":1,"rotation":[0.9921244978904724,0.1252556592226028,0,-0.11783766746521,0.9333680868148804,-0.3390255570411682,-0.04246487095952034,0.3363555669784546,0.9407771825790405],"rotationconfidence":1},"20":{"id":20,"position":[170.3616231679916,-1286.091089248657,3105.152606964111],"positionconfidence":1,"rotation":[0.9921244978904724,0.1252556592226028,0,-0.11783766746521,0.9333680868148804,-0.3390255570411682,-0.04246487095952034,0.3363555669784546,0.9407771825790405],"rotationconfidence":1},"21":{"id":21,"position":[445.7507133483887,-663.3927822113037,3331.331729888916],"positionconfidence":1,"rotation":[0.9757552146911621,0.04605608806014061,0.2139638811349869,-0.1053675785660744,0.9557114243507385,0.2747970223426819,-0.1918316334486008,-0.2906794846057892,0.9373931884765625],"rotationconfidence":1},"22":{"id":22,"position":[480.5480539798737,-979.0137410163879,3240.580797195435],"positionconfidence":1,"rotation":[0.9762188196182251,0.02729741670191288,0.2150619775056839,-0.0814853310585022,0.9654980301856995,0.2473329454660416,-0.2008903622627258,-0.258975476026535,0.9447616934776306],"rotationconfidence":1},"23":{"id":23,"position":[502.1733045578003,-1235.245585441589,3174.941539764404],"positionconfidence":1,"rotation":[0.7404663562774658,0.6720934510231018,0,-0.636667788028717,0.7014367580413818,-0.3203758299350739,-0.2153224945068359,0.2372275292873383,0.9472905397415161],"rotationconfidence":1},"24":{"id":24,"position":[521.3188529014587,-1256.338834762573,3090.712547302246],"positionconfidence":1,"rotation":[0.7404663562774658,0.6720934510231018,0,-0.636667788028717,0.7014367580413818,-0.3203758299350739,-0.2153224945068359,0.2372275292873383,0.9472905397415161],"rotationconfidence":1}},"skeletonTracked":true,"frameCount":6},{"position":[322.1061229705811,-679.9262762069702,3245.731830596924],"positionTracked":true,"id":4507,"skeleton":{"1":{"id":1,"position":[415.5376255512238,-34.09430757164955,3432.676315307617],"positionconfidence":1,"rotation":[0.9956480264663696,-0.09319382905960083,0,0.09164770692586899,0.9791298508644104,-0.1813985854387283,0.01690522953867912,0.1806091368198395,0.9834097027778625],"rotationconfidence":1},"2":{"id":2,"position":[400.3809094429016,-196.0229873657227,3462.676048278809],"positionconfidence":1,"rotation":[0.9902393221855164,-0.07040192186832428,0.1202905774116516,0.09164770692586899,0.9791298508644104,-0.1813985854387283,-0.1050092875957489,0.1906523704528809,0.9760250449180603],"rotationconfidence":1},"3":{"id":3,"position":[368.897408246994,-534.2657566070557,3405.591487884522],"positionconfidence":1,"rotation":[0.9860631227493286,-0.1124724224209786,0.1225946992635727,0.09139752388000488,0.9819286465644836,0.1657181531190872,-0.1390179842710495,-0.1522037386894226,0.9785234332084656],"rotationconfidence":1},"4":{"id":4,"position":[374.0074336528778,-583.3649039268494,3343.779802322388],"positionconfidence":1,"rotation":[0.9768722653388977,-0.1206088960170746,0.1765626668930054,-0.06459841132164001,0.6206871271133423,0.7813927531242371,-0.2038330733776093,-0.7747265100479126,0.5985408425331116],"rotationconfidence":1},"6":{"id":6,"position":[236.8272244930267,-284.710705280304,3410.499811172485],"positionconfidence":1,"rotation":[0.4426989555358887,0.8953757286071777,0.04816658049821854,0.4126872420310974,-0.1557657122612,-0.8974555134773254,-0.7960571050643921,0.4171803295612335,-0.438467413187027],"rotationconfidence":1},"7":{"id":7,"position":[136.3274157047272,-487.9754483699799,3399.56521987915],"positionconfidence":1,"rotation":[-0.4554451406002045,0.06418228149414062,0.8879472613334656,0.3985759615898132,0.9065545797348022,0.1389099955558777,-0.7960571050643921,0.4171803295612335,-0.438467413187027],"rotationconfidence":1},"8":{"id":8,"position":[229.1871756315231,-501.0614395141602,3218.523502349854],"positionconfidence":1,"rotation":[-0.3078544735908508,0.01243831217288971,0.9513521790504456,0,0.999914586