{"motiondata":[{"position":[261.6037726402283,-629.8835873603821,2952.674865722656],"positionTracked":true,"id":4520,"skeleton":{"1":{"id":1,"position":[331.1145305633545,-52.08837613463402,3192.1067237854],"positionconfidence":1,"rotation":[0.9955903887748718,-0.09380796551704407,0,0.09380048513412476,0.995510995388031,-0.01262666285037994,0.001184481545351446,0.01257098373025656,0.9999204277992249],"rotationconfidence":1},"2":{"id":2,"position":[315.7214224338532,-215.4565006494522,3194.178819656372],"positionconfidence":1,"rotation":[0.9940462708473206,-0.09294115751981735,0.05686971545219421,0.09380048513412476,0.995510995388031,-0.01262666285037994,-0.05544088408350945,0.01788589172065258,0.9983018040657043],"rotationconfidence":1},"3":{"id":3,"position":[291.1309599876404,-522.3939418792725,3125.707626342773],"positionconfidence":1,"rotation":[0.9956318736076355,-0.0872059240937233,0.03335296362638474,0.07795559614896774,0.9730395674705505,0.2170643508434296,-0.05138304829597473,-0.2135161310434341,0.9755873680114746],"rotationconfidence":1},"4":{"id":4,"position":[288.2475256919861,-567.4332976341248,3070.938110351563],"positionconfidence":1,"rotation":[0.9948545098304749,-0.09743938595056534,0.02775283344089985,0.04062965884804726,0.6346368193626404,0.7717417478561401,-0.09281101077795029,-0.7666431665420532,0.6353302597999573],"rotationconfidence":1},"6":{"id":6,"position":[145.8234935998917,-306.743860244751,3163.211584091187],"positionconfidence":1,"rotation":[0.365079402923584,0.9306458234786987,-0.02480482123792172,0.2110210210084915,-0.108672246336937,-0.9714217782020569,-0.9067453145980835,0.3494117558002472,-0.2360598593950272],"rotationconfidence":1},"7":{"id":7,"position":[66.46249443292618,-509.0477466583252,3168.603658676148],"positionconfidence":1,"rotation":[-0.04500370845198631,0.4764248728752136,0.8780627250671387,0.4192702174186707,0.8068028092384338,-0.4162712097167969,-0.9067453145980835,0.3494117558002472,-0.2360598593950272],"rotationconfidence":1},"8":{"id":8,"position":[74.50974732637405,-594.2387580871582,3011.594533920288],"positionconfidence":1,"rotation":[-0.1536661982536316,0.5200002193450928,0.8402300477027893,0,0.8503295183181763,-0.5262505412101746,-0.988122820854187,-0.08086691796779633,-0.1306669116020203],"rotationconfidence":1},"9":{"id":9,"position":[83.60916376113892,-625.0308156013489,2961.839914321899],"positionconfidence":0.5,"rotation":[-0.1536661982536316,0.5200002193450928,0.8402300477027893,0,0.8503295183181763,-0.5262505412101746,-0.988122820854187,-0.08086691796779633,-0.1306669116020203],"rotationconfidence":0.5},"12":{"id":12,"position":[465.1210904121399,-302.8784990310669,3180.874586105347],"positionconfidence":1,"rotation":[0.1888109892606735,-0.981199324131012,-0.03997977823019028,-0.3805214464664459,-0.03557055816054344,-0.9240878224372864,0.9052921533584595,0.1896910667419434,-0.3800834715366364],"rotationconfidence":1},"13":{"id":13,"position":[505.9994459152222,-515.3121948242188,3172.218799591065],"positionconfidence":1,"rotation":[-0.240845337510109,-0.5078362226486206,-0.827100932598114,-0.3499138057231903,0.8403093218803406,-0.4140539467334747,0.9052921533584595,0.1896910667419434,-0.3800834715366364],"rotationconfidence":1},"14":{"id":14,"position":[461.7857336997986,-608.539342880249,3020.381927490234],"positionconfidence":1,"rotation":[-0.2989387810230255,-0.5738300085067749,-0.7624661326408386,0,-0.7990027070045471,0.6013273596763611,-0.9542722105979919,0.179760068655014,0.2388528883457184],"rotationconfidence":1},"15":{"id":15,"position":[442.4238801002502,-645.70552110672,2970.998048782349],"positionconfidence":0.5,"rotation":[-0.2989387810230255,-0.5738300085067749,-0.7624661326408386,0,-0.7990027070045471,0.6013273596763611,-0.9542722105979919,0.179760068655014,0.2388528883457184],"rotationconfidence":0.5},"17":{"id":17,"position":[210.9399288892746,-629.7663450241089,3040.741205215454],"positionconfidence":1,"rotation":[0.9399616718292236,-0.3362491130828857,-0.05838221684098244,0.3300239443778992,0.8519893288612366,0.4064459502696991,-0.08692607283592224,-0.4013111889362335,0.911807656288147],"rotationconfidence":1},"18":{"id":18,"position":[104.7992184758186,-903.7790298461914,2910.022020339966],"positionconfidence":1,"rotation":[0.9148485064506531,-0.4037973284721375,0,0.3954446315765381,0.8959245085716248,0.2023429721593857,-0.08170554786920547,-0.1851131618022919,0.9793146848678589],"rotationconfidence":1},"19":{"id":19,"position":[11.24566700309515,-1115.735173225403,2862.152099609375],"positionconfidence":1,"rotation":[0.9965246319770813,0.0832984670996666,0,-0.005056167952716351,0.06048845872282982,-0.9981561303138733,-0.08314487338066101,0.9946871995925903,0.06069941073656082],"rotationconfidence":1},"20":{"id":20,"position":[16.05751365423203,-1173.300743103027,2858.639240264893],"positionconfidence":1,"rotation":[0.9965246319770813,0.0832984670996666,0,-0.005056167952716351,0.06048845872282982,-0.9981561303138733,-0.08314487338066101,0.9946871995925903,0.06069941073656082],"rotationconfidence":1},"21":{"id":21,"position":[355.311781167984,-639.3243670463562,3050.297975540161],"positionconfidence":1,"rotation":[0.9622424840927124,0.1947112679481506,0.1902021020650864,-0.257501482963562,0.8776496648788452,0.4042573273181915,-0.0882173553109169,-0.4379709362983704,0.8946502804756165],"rotationconfidence":1},"22":{"id":22,"position":[434.6351325511932,-909.684419631958,2925.766468048096],"positionconfidence":1,"rotation":[-0.5604202747344971,0.1781220883131027,-0.8088273406028748,-0.3604791760444641,0.8267799615859985,0.4318444728851318,0.7456432580947876,0.5335798263549805,-0.3991349637508392],"rotationconfidence":1},"23":{"id":23,"position":[513.7701630592346,-1091.185212135315,2830.964803695679],"positionconfidence":1,"rotation":[0.9959675669670105,-0.08971299231052399,0,0.01392956916242838,0.1546420305967331,-0.9878721833229065,0.0886249840259552,0.9838888645172119,0.155268132686615],"rotationconfidence":1},"24":{"id":24,"position":[508.3939433097839,-1150.870442390442,2821.545839309692],"positionconfidence":1,"rotation":[0.9959675669670105,-0.08971299231052399,0,0.01392956916242838,0.1546420305967331,-0.9878721833229065,0.0886249840259552,0.9838888645172119,0.155268132686615],"rotationconfidence":1}},"skeletonTracked":true,"frameCount":1},{"position":[257.8413486480713,-630.8867931365967,2950.323343276978],"positionTracked":true,"id":4520,"skeleton":{"1":{"id":1,"position":[324.6737122535706,-51.29842087626457,3186.190605163574],"positionconfidence":1,"rotation":[0.9985989332199097,-0.05291729792952538,0,0.05285780131816864,0.9974762201309204,-0.04740379005670548,0.002508480567485094,0.0473373755812645,0.9988757967948914],"rotationconfidence":1},"2":{"id":2,"position":[315.9729838371277,-215.4893130064011,3193.99356842041],"positionconfidence":1,"rotation":[0.9970185160636902,-0.05004226043820381,0.05873455852270126,0.05285780131816864,0.9974762201309204,-0.04740379005670548,-0.05621413886547089,0.05036704242229462,0.9971475005149841],"rotationconfidence":1},"3":{"id":3,"position":[291.2426292896271,-522.5463509559631,3125.266551971436],"positionconfidence":1,"rotation":[0.9955934882164001,-0.08764738589525223,0.03334011137485504,0.078353650867939,0.9728546142578125,0.2177491039037705,-0.0515202172100544,-0.2141772359609604,0.9754351377487183],"rotationconfidence":1},"4":{"id":4,"position":[288.3506715297699,-567.5814747810364,3070.42670249939],"positionconfidence":1,"rotation":[0.9946327209472656,-0.09929510205984116,0.02909073047339916,0.04071994870901108,0.6341129541397095,0.7721675038337708,-0.09511926025152206,-0.7668384909629822,0.6347528100013733],"rotationconfidence":1},"6":{"id":6,"position":[146.1552530527115,-306.8227171897888,3162.572145462036],"positionconfidence":1,"rotation":[0.3696796894073486,0.9291160106658936,-0.008958584628999233,0.2217518091201782,-0.09758612513542175,-0.9702076315879822,-0.902309775352478,0.3566794991493225,-0.2421087920665741],"rotationconfidence":1},"7":{"id":7,"position":[65.76535105705261,-508.8666677474976,3164.520263671875],"positionconfidence":1,"rotation":[-0.06238202005624771,0.4476769268512726,0.8920167088508606,0.4265505969524384,0.819978654384613,-0.3816928863525391,-0.902309775352478,0.3566794991493225,-0.2421087920665741],"rotationconfidence":1},"8":{"id":8,"position":[76.75818353891373,-587.7553820610046,3007.330894470215],"positionconfidence":1,"rotation":[-0.1196234151721001,0.5674605965614319,0.8146647214889526,0,0.8205568790435791,-0.5715648531913757,-0.9928192496299744,-0.06837254017591476,-0.09815781563520432],"rotationconfidence":1},"9":{"id":9,"position":[83.6978405714035,-620.6752061843872,2960.070133209229],"positionconfidence":0.5,"rotation":[-0.1196234151721001,0.5674605965614319,0.8146647214889526,0,0.8205568790435791,-0.5715648531913757,-0.9928192496299744,-0.06837254017591476,-0.09815781563520432],"rotationconfidence":0.5},"12":{"id":12,"position":[465.2383327484131,-302.6200532913208,3180.34815788269],"positionconfidence":1,"rotation":[0.1857508718967438,-0.9817113280296326,-0.0417066253721714,-0.3611672222614288,-0.02873974479734898,-0.9320580363273621,0.9138133525848389,0.1881936639547348,-0.3599004149436951],"rotationconfidence":1},"13":{"id":13,"position":[505.4795145988464,-515.29860496521,3171.312808990479],"positionconfidence":1,"rotation":[-0.2175810486078262,-0.5214083194732666,-0.8251010775566101,-0.342933863401413,0.8322958946228027,-0.4355224967002869,0.9138133525848389,0.1881936639547348,-0.3599004149436951],"rotationconfidence":1},"14":{"id":14,"position":[465.8690690994263,-610.2205514907837,3021.103858947754],"positionconfidence":1,"rotation":[-0.295023500919342,-0.583028256893158,-0.7569935321807861,0,-0.7922569513320923,0.6101877093315125,-0.9554900527000427,0.1800197213888168,0.2337344139814377],"rotationconfidence":1},"15":{"id":15,"position":[446.9784498214722,-647.5523710250854,2972.632884979248],"positionconfidence":0.5,"rotation":[-0.295023500919342,-0.583028256893158,-0.7569935321807861,0,-0.7922569513320923,0.6101877093315125,-0.9554900527000427,0.1800197213888168,0.2337344139814377],"rotationconfidence":0.5},"17":{"id":17,"position":[211.25628054142,-629.7845840454102,3039.94607925415],"positionconfidence":1,"rotation":[0.9393556714057922,-0.3382681608200073,-0.05643951147794724,0.3312114179134369,0.8521689772605896,0.4051011204719544,-0.08893681317567825,-0.399227499961853,0.9125281572341919],"rotationconfidence":1},"18":{"id":18,"position":[104.7201976180077,-903.8897156715393,2909.642934799194],"positionconfidence":1,"rotation":[0.9145532846450806,-0.404465526342392,0,0.3960224688053131,0.8954623341560364,0.2032565027475357,-0.0822102501988411,-0.1858889013528824,0.979125440120697],"rotationconfidence":1},"19":{"id":19,"position":[11.17277797311544,-1115.413546562195,2861.630201339722],"positionconfidence":1,"rotation":[0.9963025450706482,0.08591438084840775,0,-0.004732019733637571,0.05487466976046562,-0.9984821677207947,-0.08578397333621979,0.994790256023407,0.05507832020521164],"rotationconfidence":1},"20":{"id":20,"position":[16.14606380462647,-1173.086047172546,2858.437061309815],"positionconfidence":1,"rotation":[0.9963025450706482,0.08591438084840775,0,-0.004732019733637571,0.05487466976046562,-0.9984821677207947,-0.08578397333621979,0.994790256023407,0.05507832020521164],"rotationconfidence":1},"21":{"id":21,"position":[355.1603853702545,-639.5682096481323,3049.690961837769],"positionconfidence":1,"rotation":[0.9617536664009094,0.1949577927589417,0.1924091726541519,-0.2585941255092621,0.8778701424598694,0.4030796587467194,-0.09032672643661499,-0.4374191761016846,0.8947096467018127],"rotationconfidence":1},"22":{"id":22,"position":[434.7275793552399,-909.6813201904297,2925.666809082031],"positionconfidence":1,"rotation":[-0.5431666374206543,0.1885758489370346,-0.8181743621826172,-0.3611120879650116,0.8272554874420166,0.4304026961326599,0.758002758026123,0.5292330384254456,-0.381240576505661],"rotationconfidence":1},"23":{"id":23,"position":[514.0770673751831,-1091.459512710571,2831.091642379761],"positionconfidence":1,"rotation":[0.9961051940917969,-0.0881725326180458,0,0.01486603543162346,0.167944997549057,-0.985684335231781,0.08691028505563736,0.9818453192710876,0.1686016619205475],"rotationconfidence":1},"24":{"id":24,"position":[508.8461041450501,-1150.554895401001,2820.943832397461],"positionconfidence":1,"rotation":[0.9961051940917969,-0.0881725326180458,0,0.01486603543162346,0.167944997549057,-0.985684335231781,0.08691028505563736,0.9818453192710876,0.1686016619205475],"rotationconfidence":1}},"skeletonTracked":true,"frameCount":2},{"position":[257.9722404479981,-632.612943649292,2948.477268218994],"positionTracked":true,"id":4520,"skeleton":{"1":{"id":1,"position":[321.7563629150391,-51.22583359479904,3183.385610580444],"positionconfidence":0.5,"rotation":[0.9994334578514099,-0.03365473076701164,0,0.03358852490782738,0.9974674582481384,-0.06269477307796478,0.002109975786879659,0.06265925616025925,0.9980327486991882],"rotationconfidence":0.5},"2":{"id":2,"position":[316.222757101059,-215.5555188655853,3193.714380264282],"positionconfidence":1,"rotation":[0.9977615475654602,-0.02983681112527847,0.05984693765640259,0.03358852490782738,0.9974674582481384,-0.06269477307796478,-0.0578247532248497,0.06456459313631058,0.9962366819381714],"rotationconfidence":1},"3":{"id":3,"position":[291.3132011890411,-522.695779800415,3124.781131744385],"positionconfidence":1,"rotation":[0.9954925179481506,-0.08842866122722626,0.03427556529641151,0.07888641953468323,0.972686767578125,0.2183056622743607,-0.05264386907219887,-0.2146178036928177,0.9752782583236694],"rotationconfidence":1},"4":{"id":4,"position":[288.4210348129273,-567.7245259284973,3069.880247116089],"positionconfidence":1,"rotation":[0.9942501783370972,-0.1023284941911697,0.03155116364359856,0.04069818183779717,0.6336385607719421,0.7725579738616943,-0.0990467295050621,-0.7668318748474121,0.6341598033905029],"rotationconfidence":1},"6":{"id":6,"position":[146.5254575014114,-306.9252371788025,3161.650657653809],"positionconfidence":1,"rotation":[0.3751208782196045,0.9269638657569885,0.004722331650555134,0.236775815486908,-0.09088987112045288,-0.9673035144805908,-0.8962262272834778,0.3639738857746124,-0.253577321767807],"rotationconfidence":1},"7":{"id":7,"position":[64.898781478405,-508.6334943771362,3160.623073577881],"positionconfidence":1,"rotation":[-0.08072362840175629,0.4282772839069367,0.9000346064567566,0.4361904859542847,0.8271043300628662,-0.3544520437717438,-0.8962262272834778,0.3639738857746124,-0.253577321767807],"rotationconfidence":1},"8":{"id":8,"position":[78.96256446838379,-583.2485556602478,3003.817796707153],"positionconfidence":1,"rotation":[-0.09940333664417267,0.5871374011039734,0.8033607602119446,0,0.807359516620636,-0.5900598764419556,-0.9950471520423889,-0.05865392088890076,-0.08025422692298889],"rotationconfidence":1},"9":{"id":9,"position":[84.61932837963104,-616.6608929634094,2958.10079574585],"positionconfidence":0.5,"rotation":[-0.09940333664417267,0.5871374011039734,0.8033607602119446,0,0.807359516620636,-0.5900598764419556,-0.9950471520423889,-0.05865392088890076,-0.08025422692298889],"rotationconfidence":0.5},"12":{"id":12,"position":[465.3232097625732,-302.3761808872223,3179.85987663269],"positionconfidence":1,"rotation":[0.1820503324270248,-0.9822829961776733,-0.04447252675890923,-0.3459390997886658,-0.0216462854295969,-0.9380071759223938,0.9204258322715759,0.1861492991447449,-0.3437508046627045],"rotationconfidence":1},"13":{"id":13,"position":[504.7917366027832,-515.335202217102,3170.218229293823],"positionconfidence":1,"rotation":[-0.2016579508781433,-0.5272135734558105,-0.8254573345184326,-0.3348883986473084,0.8290923237800598,-0.4477224946022034,0.9204258322715759,0.1861492991447449,-0.3437508046627045],"rotationconfidence":1},"14":{"id":14,"position":[468.3599472045898,-610.5822920799255,3021.090030670166],"positionconfidence":1,"rotation":[-0.2816686034202576,-0.5892477035522461,-0.7572648525238037,0,-0.7892189621925354,0.6141120195388794,-0.9595118761062622,0.1729760766029358,0.2222982048988342],"rotationconfidence":1},"15":{"id":15,"position":[450.6190419197083,-647.6960778236389,2973.393678665161],"positionconfidence":0.5,"rotation":[-0.2816686034202576,-0.5892477035522461,-0.7572648525238037,0,-0.7892189621925354,0.6141120195388794,-0.9595118761062622,0.1729760766029358,0.2222982048988342],"rotationconfidence":0.5},"17":{"id":17,"position":[211.5626037120819,-629.7860741615295,3038.892269134522],"positionconfidence":1,"rotation":[0.9384312629699707,-0.3414459228515625,-0.05254906788468361,0.3326950073242188,0.8522472977638245,0.403718501329422,-0.09306323528289795,-0.3963448703289032,0.913372814655304],"rotationconfidence":1},"18":{"id":18,"position":[104.5003160834312,-904.0418863296509,2908.974409103394],"positionconfidence":1,"rotation":[0.9143367409706116,-0.404954731464386,0,0.3964747190475464,0.8951899409294128,0.2035752832889557,-0.08243877440690994,-0.1861363649368286,0.9790593385696411],"rotationconfidence":1},"19":{"id":19,"position":[11.00386679172516,-1115.145087242127,2860.967397689819],"positionconfidence":1,"rotation":[0.9959390163421631,0.09003043919801712,0,-0.00419885478913784,0.04644877091050148,-0.9989117980003357,-0.08993246406316757,0.9948552250862122,0.04663816839456558],"rotationconfidence":1},"20":{"id":20,"position":[16.22700691223145,-1172.924757003784,2858.258724212647],"positionconfidence":1,"rotation":[0.9959390163421631,0.09003043919801712,0,-0.00419885478913784,0.04644877091050148,-0.9989117980003357,-0.08993246406316757,0.9948552250862122,0.04663816839456558],"rotationconfidence":1},"21":{"id":21,"position":[354.922354221344,-639.826238155365,3049.142360687256],"positionconfidence":1,"rotation":[0.9609933495521545,0.1943577378988266,0.1967659741640091,-0.2598966658115387,0.877909243106842,0.4021554887294769,-0.09458064287900925,-0.4376075863838196,0.8941779136657715],"rotationconfidence":1},"22":{"id":22,"position":[434.8237216472626,-909.7263813018799,2925.505638122559],"positionconfidence":1,"rotation":[-0.5289080142974854,0.1967775672674179,-0.8255512714385986,-0.3617573380470276,0.8276752233505249,0.4290518164634705,0.767716109752655,0.5255782008171082,-0.3665783405303955],"rotationconfidence":1},"23":{"id":23,"position":[514.3630504608154,-1091.7067527771,2831.170320510864],"positionconfidence":1,"rotation":[0.9962813258171082,-0.08615957945585251,0,0.01544997375458479,0.178651288151741,-0.983791172504425,0.08476303517818451,0.9801328182220459,0.1793181151151657],"rotationconfidence":1},"24":{"id":24,"position":[509.293258190155,-1150.329828262329,2820.445060729981],"positionconfidence":1,"rotation":[0.9962813258171082,-0.08615957945585251,0,0.01544997375458479,0.178651288151741,-0.983791172504425,0.08476303517818451,0.9801328182220459,0.1793181151151657],"rotationconfidence":1}},"skeletonTracked":true,"frameCount":3},{"position":[257.5637996196747,-628.3226013183594,2946.907043457031],"positionTracked":true,"id":4520,"skeleton":{"1":{"id":1,"position":[318.9874887466431,-50.67379027605057,3181.210279464722],"positionconfidence":1,"rotation":[0.9998869299888611,-0.01503291167318821,0,0.01499180682003498,0.9971529245376587,-0.07390107214450836,0.00111094827298075,0.07389271259307861,0.9972655177116394],"rotationconfidence":1},"2":{"id":2,"position":[316.5080845355988,-215.5868709087372,3193.432331085205],"positionconfidence":1,"rotation":[0.997992992401123,-0.01037472020834684,0.06246912851929665,0.01499180682003498,0.9971529245376587,-0.07390107214450836,-0.06152456626296043,0.07468926906585693,0.9953070878982544],"rotationconfidence":1},"3":{"id":3,"position":[291.3899421691895,-522.7453112602234,3124.334335327148],"positionconfidence":1,"rotation":[0.9952665567398071,-0.08976567536592484,0.0372374951839447,0.07952931523323059,0.9725281000137329,0.2187787592411041,-0.05585333704948425,-0.21478171646595,0.9750637412071228],"rotationconfidence":1},"4":{"id":4,"position":[288.5229885578156,-567.7505135536194,3069.376945495606],"positionconfidence":1,"rotation":[0.9936479926109314,-0.1067573875188828,0.0355893075466156,0.04032765328884125,0.6330602169036865,0.7730514407157898,-0.1050591170787811,-0.7667056918144226,0.6333442330360413],"rotationconfidence":1},"6":{"id":6,"position":[146.9504982233048,-307.026207447052,3160.116672515869],"positionconfidence":1,"rotation":[0.3814598023891449,0.9242696166038513,0.01463857479393482,0.2463471591472626,-0.08638232946395874,-0.9653244614601135,-0.89095538854599,0.3718385696411133,-0.2606425285339356],"rotationconfidence":1},"7":{"id":7,"position":[63.89106065034866,-508.2775950431824,3156.92925453186],"positionconfidence":1,"rotation":[-0.08661084622144699,0.4242957234382629,0.9013721942901611,0.4457544684410095,0.8256568908691406,-0.3458233177661896,-0.89095538854599,0.3718385696411133,-0.2606425285339356],"rotationconfidence":1},"8":{"id":8,"position":[78.79707962274551,-581.3003182411194,3001.800060272217],"positionconfidence":1,"rotation":[-0.09126358479261398,0.5944873094558716,0.798909068107605,0,0.8022571206092834,-0.5969786643981934,-0.9958267211914062,-0.05448241159319878,-0.07321686297655106],"rotationconfidence":1},"9":{"id":9,"position":[83.93032103776932,-614.7380471229553,2956.864356994629],"positionconfidence":0.5,"rotation":[-0.09126358479261398,0.5944873094558716,0.798909068107605,0,0.8022571206092834,-0.5969786643981934,-0.9958267211914062,-0.05448241159319878,-0.07321686297655106],"rotationconfidence":0.5},"12":{"id":12,"position":[465.3931558132172,-302.1382987499237,3179.434299468994],"positionconfidence":1,"rotation":[0.1747312396764755,-0.9829027652740479,-0.05806026235222817,-0.3167699873447418,-0.0002841856039594859,-0.948502242565155,0.9322690963745117,0.1841247379779816,-0.3114038109779358],"rotationconfidence":1},"13":{"id":13,"position":[503.3196210861206,-515.4832601547241,3166.831970214844],"positionconfidence":1,"rotation":[-0.1878261417150497,-0.4893278479576111,-0.8516334295272827,-0.3091853260993958,0.8524413108825684,-0.421601802110672,0.9322690963745117,0.1841247379779816,-0.3114038109779358],"rotationconfidence":1},"14":{"id":14,"position":[469.705194234848,-603.0561327934265,3014.418840408325],"positionconfidence":1,"rotation":[-0.2653680145740509,-0.605922520160675,-0.7499585747718811,0,-0.7778465151786804,0.628454327583313,-0.9641472697257996,0.1667716801166534,0.2064155787229538],"rotationconfidence":1},"15":{"id":15,"position":[453.6407291889191,-639.7365927696228,2969.018936157227],"positionconfidence":0.5,"rotation":[-0.2653680145740509,-0.605922520160675,-0.7499585747718811,0,-0.7778465151786804,0.628454327583313,-0.9641472697257996,0.1667716801166534,0.2064155787229538],"rotationconfidence":0.5},"17":{"id":17,"position":[211.8916511535645,-629.5689344406128,3037.672996520996],"positionconfidence":1,"rotation":[0.9372153878211975,-0.3457141220569611,-0.04592251777648926,0.3341943621635437,0.8526312708854675,0.4016640484333038,-0.09970597177743912,-0.3917928040027618,0.9146348834037781],"rotationconfidence":1},"18":{"id":18,"position":[104.2568162083626,-904.1780829429626,2908.308029174805],"positionconfidence":1,"rotation":[0.9142184853553772,-0.4052217900753021,0,0.396719753742218,0.895037055015564,0.2037697285413742,-0.08257193118333817,-0.186290055513382,0.9790189266204834],"rotationconfidence":1},"19":{"id":19,"position":[10.84244716912508,-1114.929676055908,2860.327005386353],"positionconfidence":1,"rotation":[0.9955407977104187,0.09433160722255707,0,-0.003764362307265401,0.03972768411040306,-0.9992033839225769,-0.09425646811723709,0.9947478175163269,0.03990563005208969],"rotationconfidence":1},"20":{"id":20,"position":[16.32293500006199,-1172.768712043762,2858.006715774536],"positionconfidence":1,"rotation":[0.9955407977104187,0.09433160722255707,0,-0.003764362307265401,0.03972768411040306,-0.9992033839225769,-0.09425646811723709,0.9947478175163269,0.03990563005208969],"rotationconfidence":1},"21":{"id":21,"position":[354.7975122928619,-639.9585008621216,3048.800945281982],"positionconfidence":1,"rotation":[0.9601141810417175,0.1919136792421341,0.2033471465110779,-0.2605654299259186,0.877906858921051,0.4017279446125031,-0.1014227569103241,-0.4386898577213287,0.8928967714309692],"rotationconfidence":1},"22":{"id":22,"position":[434.8927736282349,-909.8184704780579,2925.313711166382],"positionconfidence":1,"rotation":[-0.521048367023468,0.2009385079145432,-0.8295373320579529,-0.3622367978096008,0.8279656171798706,0.4280856847763062,0.7728472948074341,0.5235422849655151,-0.358622819185257],"rotationconfidence":1},"23":{"id":23,"position":[514.5359039306641,-1091.858983039856,2831.1927318573],"positionconfidence":1,"rotation":[0.9966015219688416,-0.08237319439649582,0,0.01534975972026587,0.1857108324766159,-0.9824844598770142,0.08093038946390152,0.9791455864906311,0.1863441169261932],"rotationconfidence":1},"24":{"id":24,"position":[509.7174644470215,-1150.155425071716,2820.098161697388],"positionconfidence":1,"rotation":[0.9966015219688416,-0.08237319439649582,0,0.01534975972026587,0.1857108324766159,-0.9824844598770142,0.08093038946390152,0.9791455864906311,0.1863441169261932],"rotationconfidence":1}},"skeletonTracked":true,"frameCount":4},{"position":[254.7648549079895,-632.000744342804,2945.06311416626],"positionTracked":true,"id":4520,"skeleton":{"1":{"id":1,"position":[317.6372349262238,-50.68660899996758,3179.981231689453],"positionconfidence":1,"rotation":[0.9999869465827942,-0.005111801903694868,0,0.005096460226923227,0.996985673904419,-0.07741852104663849,0.0003957481530960649,0.07741750776767731,0.9969987273216248],"rotationconfidence":1},"2":{"id":2,"position":[316.7935609817505,-215.7287895679474,3192.797183990479],"positionconfidence":1,"rotation":[0.9978396892547607,6.991482450757758e-7,0.06569677591323853,0.005096460226923227,0.996985673904419,-0.07741852104663849,-0.06549879908561707,0.0775860846042633,0.9948318600654602],"rotationconfidence":1},"3":{"id":3,"position":[291.3978397846222,-522.7721929550171,3123.769521713257],"positionconfidence":1,"rotation":[0.9949886798858643,-0.09140690416097641,0.04052625596523285,0.08043494075536728,0.9724873900413513,0.2186287939548492,-0.0593954510986805,-0.2142734378576279,0.9749662280082703],"rotationconfidence":1},"4":{"id":4,"position":[288.5605990886688,-567.7511692047119,3068.791151046753],"positionconfidence":1,"rotation":[0.9929974675178528,-0.1112414374947548,0.03976387903094292,0.03991058096289635,0.6327052712440491,0.7733635902404785,-0.1111888885498047,-0.7663610577583313,0.6327143907546997],"rotationconfidence":1},"6":{"id":6,"position":[147.2419798374176,-307.0931136608124,3158.40220451355],"positionconfidence":1,"rotation":[0.3882790803909302,0.9212313890457153,0.023916220292449,0.2541392147541046,-0.08209601044654846,-0.9636769890785217,-0.885806143283844,0.3802537024021149,-0.2659972012042999],"rotationconfidence":1},"7":{"id":7,"position":[62.62808293104172,-507.8481435775757,3153.19037437439],"positionconfidence":1,"rotation":[-0.08752423524856567,0.42601478099823,0.9004726409912109,0.4557268023490906,0.8209254145622253,-0.3440850973129273,-0.885806143283844,0.3802537024021149,-0.2659972012042999],"rotationconfidence":1},"8":{"id":8,"position":[77.55696773529053,-580.5128812789917,2999.598026275635],"positionconfidence":1,"rotation":[-0.09280616044998169,0.5971972346305847,0.7967073917388916,0,0.8001606464385986,-0.5997857451438904,-0.9956842660903931,-0.05566381290555,-0.07425983995199203],"rotationconfidence":1},"9":{"id":9,"position":[82.68541842699051,-613.5138869285583,2955.572128295898],"positionconfidence":0.5,"rotation":[-0.09280616044998169,0.5971972346305847,0.7967073917388916,0,0.8001606464385986,-0.5997857451438904,-0.9956842660903931,-0.05566381290555,-0.07425983995199203],"rotationconfidence":0.5},"12":{"id":12,"position":[465.4334485530853,-301.837146282196,3178.94172668457],"positionconfidence":1,"rotation":[0.1811830252408981,-0.9766116738319397,-0.1157687678933144,-0.3169914782047272,0.05344035476446152,-0.9469215869903564,0.9309613704681396,0.2082638293504715,-0.2998950779438019],"rotationconfidence":1},"13":{"id":13,"position":[504.6380162239075,-513.1573677062988,3153.891563415527],"positionconfidence":1,"rotation":[-0.202566608786583,-0.3887536525726318,-0.8987977504730225,-0.303772360086441,0.8974947333335876,-0.3197273313999176,0.9309613704681396,0.2082638293504715,-0.2998950779438019],"rotationconfidence":1},"14":{"id":14,"position":[468.5332775115967,-582.4474096298218,2993.693113327026],"positionconfidence":1,"rotation":[-0.4668926298618317,0.1489485949277878,-0.8716797232627869,0,-0.9857128858566284,-0.1684340536594391,-0.8843139410018921,-0.07864061743021011,0.4602220952510834],"rotationconfidence":1},"15":{"id":15,"position":[446.4186131954193,-575.3923654556274,2952.405452728272],"positionconfidence":1,"rotation":[-0.4668926298618317,0.1489485949277878,-0.8716797232627869,0,-0.9857128858566284,-0.1684340536594391,-0.8843139410018921,-0.07864061743021011,0.4602220952510834],"rotationconfidence":1},"17":{"id":17,"position":[212.1113389730454,-629.3529272079468,3036.394357681274],"positionconfidence":1,"rotation":[0.9360083937644958,-0.3498154878616333,-0.03895112499594688,0.3354729413986206,0.8531491756439209,0.3994925320148468,-0.1065175756812096,-0.3869954645633698,0.9159085154533386],"rotationconfidence":1},"18":{"id":18,"position":[103.9963513612747,-904.302716255188,2907.647371292114],"positionconfidence":1,"rotation":[0.914219856262207,-0.4052185416221619,0,0.396696001291275,0.8949920535087585,0.2040135413408279,-0.08267007023096085,-0.1865132302045822,0.97896808385849],"rotationconfidence":1},"19":{"id":19,"position":[10.73629502207041,-1114.708185195923,2859.68542098999],"positionconfidence":1,"rotation":[0.9952054023742676,0.0978068858385086,0,-0.003310352331027389,0.03368352353572846,-0.999427080154419,-0.09775085747241974,0.9946352243423462,0.03384580090641975],"rotationconfidence":1},"20":{"id":20,"position":[16.4253618568182,-1172.595620155335,2857.715606689453],"positionconfidence":1,"rotation":[0.9952054023742676,0.0978068858385086,0,-0.003310352331027389,0.03368352353572846,-0.999427080154419,-0.09775085747241974,0.9946352243423462,0.03384580090641975],"rotationconfidence":1},"21":{"id":21,"position":[354.5935451984406,-640.09028673172,3048.427820205689],"positionconfidence":1,"rotation":[0.9591212868690491,0.189525306224823,0.2101586312055588,-0.261395663022995,0.8778645396232605,0.4012806713581085,-0.1084379702806473,-0.4398113787174225,0.8915196657180786],"rotationconfidence":1},"22":{"id":22,"position":[434.9686503410339,-910.0199937820435,2925.040245056152],"positionconfidence":1,"rotation":[0.8861184120178223,0.4482030868530273,-0.1179328262805939,-0.3621701896190643,0.8284399509429932,0.4272235035896301,0.2891831696033478,-0.3358588516712189,0.8964216709136963],"rotationconfidence":1},"23":{"id":23,"position":[514.5684480667114,-1092.099189758301,2831.142663955689],"positionconfidence":1,"rotation":[0.9668508768081665,0.255341500043869,0,-0.2218829840421677,0.8401601910591125,-0.494872510433197,-0.1263615041971207,0.4784679710865021,0.8689656257629395],"rotationconfidence":1},"24":{"id":24,"position":[521.4256644248962,-1118.064045906067,2783.986806869507],"positionconfidence":1,"rotation":[0.9668508768081665,0.255341500043869,0,-0.2218829840421677,0.8401601910591125,-0.494872510433197,-0.1263615041971207,0.4784679710865021,0.8689656257629395],"rotationconfidence":1}},"skeletonTracked":true,"frameCount":5},{"position":[252.6361048221588,-633.5272789001465,2930.430173873901],"positionTracked":true,"id":4520,"skeleton":{"1":{"id":1,"position":[316.6655004024506,-50.85794255137444,3176.131963729858],"positionconfidence":1,"rotation":[0.9999874234199524,0.005012718960642815,0,-0.005004039499908686,0.9982559680938721,-0.05882162228226662,-0.0002948562614619732,0.05882088094949722,0.9982684850692749],"rotationconfidence":1},"2":{"id":2,"position":[317.4974322319031,-216.8200463056564,3185.911178588867],"positionconfidence":1,"rotation":[0.9920607805252075,-0.002435921225696802,-0.125735804438591,-0.005004039499908686,0.9982559680938721,-0.05882162228226662,0.1256598085165024,0.05898381397128105,0.9903184175491333],"rotationconfidence":1},"3":{"id":3,"position":[291.8991148471832,-523.1195688247681,3122.419357299805],"positionconfidence":1,"rotation":[0.9894999861717224,-0.05498859658837318,-0.1336637586355209,0.08156058937311172,0.9759222865104675,0.20229572057724,0.1193214803934097,-0.2110733240842819,0.9701600074768066],"rotationconfidence":1},"4":{"id":4,"position":[287.2952818870544,-568.3679580688477,3067.554473876953],"positionconfidence":1,"rotation":[0.9916176795959473,-0.1273509413003922,0.0218205638229847,0.06460116803646088,0.6349272131919861,0.7698662877082825,-0.1118976697325707,-0.7620034217834473,0.6378321051597595],"rotationconfidence":1},"6":{"id":6,"position":[147.6933360099793,-305.2258491516113,3157.720565795898],"positionconfidence":1,"rotation":[0.3996000587940216,0.9145537614822388,-0.06253895163536072,0.07184188812971115,-0.09925686568021774,-0.9924649000167847,-0.9138700366020203,0.3920961618423462,-0.1053663268685341],"rotationconfidence":1},"7":{"id":7,"position":[63.38968873023987,-498.1693029403687,3170.9144115448],"positionconfidence":1,"rotation":[0.0621660016477108,0.3915921449661255,0.9180364608764648,0.4012191891670227,0.8324158191680908,-0.3822393715381622,-0.9138700366020203,0.3920961618423462,-0.1053663268685341],"rotationconfidence":1},"8":{"id":8,"position":[53.19426953792572,-562.3916387557983,3020.353555679321],"positionconfidence":1,"rotation":[-0.08518828451633453,0.5360525846481323,0.839875340461731,0,0.8429394960403442,-0.5380082726478577,-0.9963648319244385,-0.04583200067281723,-0.07180856913328171],"rotationconfidence":1},"9":{"id":9,"position":[58.41444805264473,-595.2399373054504,2968.887567520142],"positionconfidence":0.5,"rotation":[-0.08518828451633453,0.5360525846481323,0.839875340461731,0,0.8429394960403442,-0.5380082726478577,-0.9963648319244385,-0.04583200067281723,-0.07180856913328171],"rotationconfidence":0.5},"12":{"id":12,"position":[450.7998526096344,-309.487909078598,3119.513750076294],"positionconfidence":1,"rotation":[0.127785786986351,-0.7629396915435791,-0.6337143182754517,-0.7079582810401917,0.3773168921470642,-0.5970151424407959,0.6945976614952087,0.5249333381652832,-0.4919137060642242],"rotationconfidence":1},"13":{"id":13,"position":[480.9783697128296,-489.6674752235413,2969.852685928345],"positionconfidence":1,"rotation":[-0.6214026212692261,0.09325870126485825,-0.7779214382171631,-0.3624816536903381,0.8460188508033752,0.390972226858139,0.6945976614952087,0.5249333381652832,-0.4919137060642242],"rotationconfidence":1},"14":{"id":14,"position":[378.2579004764557,-474.2514193058014,2841.259002685547],"positionconfidence":1,"rotation":[-0.335755318403244,0.9210123419761658,0.1974960714578629,0,0.2096674144268036,-0.9777727127075195,-0.9419492483139038,-0.3282923996448517,-0.07039695233106613],"rotationconfidence":1},"15":{"id":15,"position":[372.0904588699341,-457.3334753513336,2844.886779785156],"positionconfidence":1,"rotation":[-0.335755318403244,0.9210123419761658,0.1974960714578629,0,0.2096674144268036,-0.9777727127075195,-0.9419492483139038,-0.3282923996448517,-0.07039695233106613],"rotationconfidence":1},"17":{"id":17,"position":[211.5576863288879,-629.455029964447,3036.009073257446],"positionconfidence":1,"rotation":[0.9368093013763428,-0.3472001552581787,-0.04290010780096054,0.3347694873809815,0.8540812134742737,0.3980887532234192,-0.1015762910246849,-0.3872948884963989,0.9163432717323303],"rotationconfidence":1},"18":{"id":18,"position":[103.7595197558403,-904.4752717018127,2907.821655273438],"positionconfidence":1,"rotation":[0.9138842821121216,-0.4059745967388153,0,0.3970921039581299,0.8938890099525452,0.2080394625663757,-0.08445873856544495,-0.1901239901781082,0.9781204462051392],"rotationconfidence":1},"19":{"id":19,"position":[10.55913046002388,-1114.277482032776,2858.993291854858],"positionconfidence":1,"rotation":[0.9949253797531128,0.1006161421537399,0,-0.002894042758271098,0.02861724235117436,-0.9995863437652588,-0.1005745083093643,0.9945136904716492,0.02876320481300354],"rotationconfidence":1},"20":{"id":20,"position":[16.41895063221455,-1172.221302986145,2857.317447662354],"positionconfidence":1,"rotation":[0.9949253797531128,0.1006161421537399,0,-0.002894042758271098,0.02861724235117436,-0.9995863437652588,-0.1005745083093643,0.9945136904716492,0.02876320481300354],"rotationconfidence":1},"21":{"id":21,"position":[349.7508466243744,-641.0157680511475,3046.441555023193],"positionconfidence":1,"rotation":[0.9553751349449158,0.2060019820928574,0.2117115259170532,-0.2764924466609955,0.8758869171142578,0.3954417109489441,-0.1039735674858093,-0.4363317489624023,0.8937584757804871],"rotationconfidence":1},"22":{"id":22,"position":[434.8225593566895,-910.5103015899658,2924.771308898926],"positionconfidence":1,"rotation":[0.9157926440238953,0.401616632938385,-0.005299251526594162,-0.3615045249462128,0.8299326300621033,0.4248837530612946,0.1750383973121643,-0.3871897161006928,0.9052324295043945],"rotationconfidence":1},"23":{"id":23,"position":[514.2141580581665,-1092.775464057922,2831.46071434021],"positionconfidence":1,"rotation":[0.9250418543815613,0.3798652589321137,0,-0.3706622421741486,0.9026308059692383,-0.2187857031822205,-0.08310908079147339,0.2023859173059464,0.9757729172706604],"rotationconfidence":1},"24":{"id":24,"position":[519.5837020874023,-1105.851292610169,2768.417596817017],"positionconfidence":1,"rotation":[0.9250418543815613,0.3798652589321137,0,-0.3706622421741486,0.9026308059692383,-0.2187857031822205,-0.08310908079147339,0.2023859173059464,0.9757729172706604],"rotationconfidence":1}},"skeletonTracked":true,"frameCount":6},{"position":[242.4288690090179,-640.3313279151917,2920.003414154053],"positionTracked":true,"id":4520,"skeleton":{"1":{"id":1,"position":[314.9637877941132,-54.36462908983231,3164.668321609497],"positionconfidence":1,"rotation":[0.9999833703041077,0.005768583156168461,0,-0.005767509341239929,0.9997972249984741,-0.01929764077067375,-0.0001113200487452559,0.01929732039570808,0.9998138546943665],"rotationconfidence":1},"2":{"id":2,"position":[315.9359395503998,-222.8870391845703,3167.92106628418],"positionconfidence":1,"rotation":[0.9243828654289246,-0.002030316274613142,-0.3814606964588165,-0.005767509341239929,0.9997972249984741,-0.01929764077067375,0.3814224600791931,0.02003848366439343,0.9241835474967957],"rotationconfidence":1},"3":{"id":3,"position":[293.2295501232147,-523.6384272575378,3120.47290802002],"positionconfidence":1,"rotation":[0.9262707829475403,-0.01050024013966322,-0.376712292432785,0.07436995208263397,0.9850472211837769,0.1554063558578491,0.3694475591182709,-0.1719644367694855,0.9132013320922852],"rotationconfidence":1},"4":{"id":4,"position":[284.886509180069,-569.3740248680115,3066.754579544067],"positionconfidence":1,"rotation":[0.9927597641944885,-0.09545110166072845,-0.07291965186595917,0.1174376383423805,0.6437797546386719,0.7561455965042114,-0.02523073181509972,-0.7592343091964722,0.6503280997276306],"rotationconfidence":1},"6":{"id":6,"position":[151.0899066925049,-300.5964159965515,3159.790277481079],"positionconfidence":1,"rotation":[0.3992315232753754,0.9112011790275574,-0.1016202345490456,-0.02449027821421623,-0.1001984030008316,-0.9946660399436951,-0.9165229797363281,0.3995907008647919,-0.01768678799271584],"rotationconfidence":1},"7":{"id":7,"position":[66.85928255319595,-492.843359708786,3181.230306625366],"positionconfidence":0.5,"rotation":[0.1459825485944748,0.3753474652767181,0.9153160452842712,0.372390478849411,0.8363262414932251,-0.4023478329181671,-0.9165229797363281,0.3995907008647919,-0.01768678799271584],"rotationconfidence":0.5},