{"motiondata":[{"position":[265.4867172241211,-640.3021812438965,2940.447807312012],"positionTracked":true,"id":4520,"skeleton":{"1":{"id":1,"position":[311.1621737480164,-84.2093899846077,3121.711254119873],"positionconfidence":1,"rotation":[0.9988131523132324,0.04870624840259552,0,-0.04704992100596428,0.9648470282554626,-0.2585662305355072,-0.01259379088878632,0.2582593560218811,0.9659935235977173],"rotationconfidence":1},"2":{"id":2,"position":[319.16144490242,-248.2494860887528,3165.671825408936],"positionconfidence":1,"rotation":[0.9988622665405273,0.04343177005648613,-0.01969080790877342,-0.04704992100596428,0.9648470282554626,-0.2585662305355072,0.007768629118800163,0.2591984868049622,0.9657927751541138],"rotationconfidence":1},"3":{"id":3,"position":[297.0466017723084,-544.7009801864624,3115.986824035645],"positionconfidence":1,"rotation":[0.9972071051597595,-0.07004726678133011,-0.02591245993971825,0.07337405532598495,0.9835860133171082,0.1648481041193008,0.01393997296690941,-0.1662889868021011,0.9859785437583923],"rotationconfidence":1},"4":{"id":4,"position":[291.4449870586395,-589.214563369751,3063.294410705566],"positionconfidence":1,"rotation":[0.9938094019889832,-0.1104060783982277,-0.01238066703081131,0.08094237744808197,0.64321368932724,0.7613963484764099,-0.07609937340021133,-0.7576850056648254,0.6481683850288391],"rotationconfidence":1},"6":{"id":6,"position":[156.4691960811615,-324.4615495204926,3154.534816741943],"positionconfidence":1,"rotation":[0.333759218454361,0.9389606714248657,-0.08341294527053833,0.1804312765598297,-0.1504840850830078,-0.9720078110694885,-0.9252293705940247,0.3093662559986115,-0.21964330971241],"rotationconfidence":1},"7":{"id":7,"position":[84.5218226313591,-526.8701910972595,3172.515869140625],"positionconfidence":1,"rotation":[-0.04877075925469399,0.4771305024623871,0.8774781823158264,0.3762606680393219,0.8225807547569275,-0.4263671338558197,-0.9252293705940247,0.3093662559986115,-0.21964330971241],"rotationconfidence":1},"8":{"id":8,"position":[93.4811383485794,-614.5203113555908,3011.32082939148],"positionconfidence":1,"rotation":[-0.08675390481948853,0.4565363526344299,0.8854650855064392,0,0.8888160586357117,-0.4582640826702118,-0.9962298274040222,-0.03975619748234749,-0.07710826396942139],"rotationconfidence":1},"9":{"id":9,"position":[98.2322096824646,-639.5224928855896,2962.828397750855],"positionconfidence":0.5,"rotation":[-0.08675390481948853,0.4565363526344299,0.8854650855064392,0,0.8888160586357117,-0.4582640826702118,-0.9962298274040222,-0.03975619748234749,-0.07710826396942139],"rotationconfidence":0.5},"12":{"id":12,"position":[464.8915231227875,-320.1605975627899,3150.899648666382],"positionconfidence":1,"rotation":[0.1768557578325272,-0.9817689061164856,0.06965576112270355,-0.3157764375209808,-0.1236290857195854,-0.9407449960708618,0.9322056174278259,0.144380509853363,-0.33188396692276],"rotationconfidence":1},"13":{"id":13,"position":[502.9089450836182,-531.2044620513916,3165.873050689697],"positionconfidence":1,"rotation":[-0.205996572971344,-0.5423114895820618,-0.8145328164100647,-0.2975871562957764,0.8276790380477905,-0.475803941488266,0.9322056174278259,0.144380509853363,-0.33188396692276],"rotationconfidence":1},"14":{"id":14,"position":[464.2614126205444,-632.9488754272461,3013.056516647339],"positionconfidence":1,"rotation":[-0.2622498273849487,-0.629534125328064,-0.7313767075538635,0,-0.7579033374786377,0.6523669362068176,-0.9650000929832458,0.1710831224918366,0.1987600177526474],"rotationconfidence":1},"15":{"id":15,"position":[446.6020464897156,-675.3404140472412,2963.807106018066],"positionconfidence":0.5,"rotation":[-0.2622498273849487,-0.629534125328064,-0.7313767075538635,0,-0.7579033374786377,0.6523669362068176,-0.9650000929832458,0.1710831224918366,0.1987600177526474],"rotationconfidence":0.5},"17":{"id":17,"position":[215.7541215419769,-649.9750018119812,3037.732124328613],"positionconfidence":1,"rotation":[0.92466139793396,-0.3623507022857666,-0.1170609965920448,0.3751949071884155,0.814448893070221,0.4426079988479614,-0.06503911316394806,-0.4531832039356232,0.889041543006897],"rotationconfidence":1},"18":{"id":18,"position":[97.9543998837471,-905.6870341300964,2898.766756057739],"positionconfidence":1,"rotation":[0.9175253510475159,-0.3976775109767914,0,0.3886528611183167,0.8967035412788391,0.2118295729160309,-0.08423985540866852,-0.1943590044975281,0.9773067235946655],"rotationconfidence":1},"19":{"id":19,"position":[9.439048357307911,-1109.910488128662,2850.522756576538],"positionconfidence":1,"rotation":[0.9926198720932007,0.121267206966877,0,-0.004915699362754822,0.0402369350194931,-0.9991781115531921,-0.1211675480008125,0.9918041229248047,0.04053609818220139],"rotationconfidence":1},"20":{"id":20,"position":[16.47517457604408,-1167.503952980042,2848.168849945068],"positionconfidence":1,"rotation":[0.9926198720932007,0.121267206966877,0,-0.004915699362754822,0.0402369350194931,-0.9991781115531921,-0.1211675480008125,0.9918041229248047,0.04053609818220139],"rotationconfidence":1},"21":{"id":21,"position":[355.6531071662903,-659.3657732009888,3043.179750442505],"positionconfidence":1,"rotation":[0.95823073387146,0.2113693356513977,0.192657470703125,-0.2781030237674713,0.8458183407783508,0.455247312784195,-0.0667278990149498,-0.4898105561733246,0.8692715167999268],"rotationconfidence":1},"22":{"id":22,"position":[438.841700553894,-912.3743176460266,2907.002210617065],"positionconfidence":1,"rotation":[-0.715096116065979,0.05068233609199524,-0.6971863508224487,-0.3600888550281525,0.8281484842300415,0.4295417070388794,0.5991439819335938,0.5582126379013062,-0.5739555954933167],"rotationconfidence":1},"23":{"id":23,"position":[514.1527652740479,-1085.578083992004,2817.165374755859],"positionconfidence":1,"rotation":[0.9990888833999634,-0.0426766574382782,0,0.001230979920364916,0.02881805785000324,-0.999583899974823,0.04265890270471573,0.9986732602119446,0.02884433791041374],"rotationconfidence":1},"24":{"id":24,"position":[511.3615393638611,-1150.922536849976,2815.278053283691],"positionconfidence":1,"rotation":[0.9990888833999634,-0.0426766574382782,0,0.001230979920364916,0.02881805785000324,-0.999583899974823,0.04265890270471573,0.9986732602119446,0.02884433791041374],"rotationconfidence":1}},"skeletonTracked":true,"frameCount":1},{"position":[267.2017812728882,-636.8944048881531,2939.012289047241],"positionTracked":true,"id":4520,"skeleton":{"1":{"id":1,"position":[318.7958896160126,-79.57188785076141,3120.606422424316],"positionconfidence":1,"rotation":[0.999996542930603,0.002617874415591359,0,-0.0025328837800771,0.967531144618988,-0.2527388334274292,-0.0006616385071538389,0.25273796916008,0.9675344228744507],"rotationconfidence":1},"2":{"id":2,"position":[319.2381858825684,-248.5237419605255,3164.740085601807],"positionconfidence":1,"rotation":[0.9999765753746033,0.0008450151653960347,-0.006786633748561144,-0.0025328837800771,0.967531144618988,-0.2527388334274292,0.006352712400257587,0.2527501583099365,0.9675107598304749],"rotationconfidence":1},"3":{"id":3,"position":[296.8892753124237,-545.0244545936584,3115.442752838135],"positionconfidence":1,"rotation":[0.9971698522567749,-0.07109890133142471,-0.02443919703364372,0.07415016740560532,0.9837426543235779,0.1635607779026032,0.01241288892924786,-0.1649100631475449,0.9862305521965027],"rotationconfidence":1},"4":{"id":4,"position":[291.3314700126648,-589.6076560020447,3062.839508056641],"positionconfidence":1,"rotation":[0.9938282370567322,-0.1103333905339241,-0.01149145513772965,0.08034016937017441,0.6444669961929321,0.7603996992111206,-0.07649161666631699,-0.7566299438476562,0.6493537425994873],"rotationconfidence":1},"6":{"id":6,"position":[156.270831823349,-324.748158454895,3153.451919555664],"positionconfidence":1,"rotation":[0.334446907043457,0.9386297464370728,-0.08437704294919968,0.168554425239563,-0.1476660370826721,-0.9745687246322632,-0.9272187948226929,0.3117193579673767,-0.2075966447591782],"rotationconfidence":1},"7":{"id":7,"position":[84.12861824035645,-527.2162556648254,3171.652555465698],"positionconfidence":1,"rotation":[-0.03046471811830998,0.489687591791153,0.8713655471801758,0.3732790052890778,0.8142709136009216,-0.4445511102676392,-0.9272187948226929,0.3117193579673767,-0.2075966447591782],"rotationconfidence":1},"8":{"id":8,"position":[89.66454863548279,-616.2003874778748,3013.311386108398],"positionconfidence":1,"rotation":[-0.0803740918636322,0.4717105031013489,0.8780826330184937,0,0.8809326887130737,-0.473241537809372,-0.9967647194862366,-0.03803635761141777,-0.070804163813591],"rotationconfidence":1},"9":{"id":9,"position":[94.09943968057632,-642.2284841537476,2964.860439300537],"positionconfidence":0.5,"rotation":[-0.0803740918636322,0.4717105031013489,0.8780826330184937,0,0.8809326887130737,-0.473241537809372,-0.9967647194862366,-0.03803635761141777,-0.070804163813591],"rotationconfidence":0.5},"12":{"id":12,"position":[464.8246467113495,-320.412665605545,3150.293350219727],"positionconfidence":1,"rotation":[0.1717371493577957,-0.9832043051719666,0.06177077814936638,-0.3103103041648865,-0.1134995594620705,-0.943835437297821,0.9349940419197083,0.142923504114151,-0.3245905339717865],"rotationconfidence":1},"13":{"id":13,"position":[501.8095374107361,-532.1531295776367,3163.596153259277],"positionconfidence":1,"rotation":[-0.1994492411613464,-0.5448859930038452,-0.8144441246986389,-0.2932680547237396,0.8262397646903992,-0.4809591770172119,0.9349940419197083,0.142923504114151,-0.3245905339717865],"rotationconfidence":1},"14":{"id":14,"position":[464.566707611084,-633.8987946510315,3011.516332626343],"positionconfidence":1,"rotation":[-0.2782670557498932,-0.623679518699646,-0.7304733395576477,0,-0.7605106234550476,0.649325430393219,-0.9605036973953247,0.1806858777999878,0.2116250544786453],"rotationconfidence":1},"15":{"id":15,"position":[445.6131458282471,-676.379382610321,2961.761713027954],"positionconfidence":0.5,"rotation":[-0.2782670557498932,-0.623679518699646,-0.7304733395576477,0,-0.7605106234550476,0.649325430393219,-0.9605036973953247,0.1806858777999878,0.2116250544786453],"rotationconfidence":0.5},"17":{"id":17,"position":[215.5155092477799,-650.434136390686,3037.365436553955],"positionconfidence":1,"rotation":[0.92457515001297,-0.362693727016449,-0.1166790872812271,0.3753083050251007,0.8142688274383545,0.4428430497646332,-0.06560824811458588,-0.4532322883605957,0.888974666595459],"rotationconfidence":1},"18":{"id":18,"position":[97.69827127456665,-906.0503840446472,2898.347616195679],"positionconfidence":1,"rotation":[0.916899561882019,-0.3991178870201111,0,0.3900365233421326,0.8960368037223816,0.2121076434850693,-0.08465595543384552,-0.1944814026355743,0.9772462844848633],"rotationconfidence":1},"19":{"id":19,"position":[9.11884568631649,-1109.545230865479,2850.176811218262],"positionconfidence":1,"rotation":[0.9925182461738586,0.1220971643924713,0,-0.00504743680357933,0.04103021696209908,-0.9991452693939209,-0.121992789208889,0.9916697144508362,0.04133950918912888],"rotationconfidence":1},"20":{"id":20,"position":[16.20100811123848,-1167.115569114685,2847.776889801025],"positionconfidence":1,"rotation":[0.9925182461738586,0.1220971643924713,0,-0.00504743680357933,0.04103021696209908,-0.9991452693939209,-0.121992789208889,0.9916697144508362,0.04133950918912888],"rotationconfidence":1},"21":{"id":21,"position":[355.6974828243256,-659.8444581031799,3042.913436889648],"positionconfidence":1,"rotation":[0.9581124186515808,0.2113154977560043,0.1933037340641022,-0.2783751785755158,0.8457415103912354,0.4552236199378967,-0.06728919595479965,-0.4899663627147675,0.8691404461860657],"rotationconfidence":1},"22":{"id":22,"position":[438.8763308525085,-912.553071975708,2906.892061233521],"positionconfidence":1,"rotation":[-0.70071941614151,0.06308403611183167,-0.7106424570083618,-0.3608681857585907,0.8279221057891846,0.429324209690094,0.6154401302337646,0.5572840571403503,-0.5573760867118835],"rotationconfidence":1},"23":{"id":23,"position":[514.2950415611267,-1085.582494735718,2817.166566848755],"positionconfidence":1,"rotation":[0.9989944100379944,-0.04483598843216896,0,0.001991943223401904,0.04438265413045883,-0.9990127086639404,0.04479171708226204,0.9980080127716064,0.04442733153700829],"rotationconfidence":1},"24":{"id":24,"position":[511.4009380340576,-1150.066256523132,2814.296007156372],"positionconfidence":1,"rotation":[0.9989944100379944,-0.04483598843216896,0,0.001991943223401904,0.04438265413045883,-0.9990127086639404,0.04479171708226204,0.9980080127716064,0.04442733153700829],"rotationconfidence":1}},"skeletonTracked":true,"frameCount":2},{"position":[263.6981010437012,-644.6366906166077,2932.711839675903],"positionTracked":true,"id":4520,"skeleton":{"1":{"id":1,"position":[323.8665759563446,-77.28156447410583,3119.073867797852],"positionconfidence":1,"rotation":[0.9996780157089233,-0.02537322416901588,0,0.02455426193773747,0.9674117565155029,-0.2520151734352112,0.00639443751424551,0.2519340217113495,0.9677233099937439],"rotationconfidence":1},"2":{"id":2,"position":[319.507509469986,-249.0241378545761,3163.813591003418],"positionconfidence":1,"rotation":[0.9996979236602783,-0.02403652854263783,0.005133122205734253,0.02455426193773747,0.9674117565155029,-0.2520151734352112,0.001091726822778583,0.2520650625228882,0.9677096605300903],"rotationconfidence":1},"3":{"id":3,"position":[296.6452538967133,-545.6969738006592,3114.31097984314],"positionconfidence":1,"rotation":[0.9970982670783997,-0.07358469069004059,-0.01950070820748806,0.07579265534877777,0.9835259318351746,0.1641104221343994,0.00710343848913908,-0.1651122123003006,0.9862491488456726],"rotationconfidence":1},"4":{"id":4,"position":[291.1703586578369,-590.3377532958984,3061.750411987305],"positionconfidence":1,"rotation":[0.9937606453895569,-0.1111627891659737,-0.009100767783820629,0.07914387434720993,0.6453172564506531,0.7598039507865906,-0.07858902961015701,-0.7557833790779114,0.6500886678695679],"rotationconfidence":1},"6":{"id":6,"position":[156.3058942556381,-325.0324428081513,3151.165246963501],"positionconfidence":1,"rotation":[0.3361181914806366,0.9376834034919739,-0.088172547519207,0.1773059964179993,-0.1549447178840637,-0.9718821048736572,-0.924979567527771,0.3110337257385254,-0.2183366268873215],"rotationconfidence":1},"7":{"id":7,"position":[83.7649405002594,-527.4030566215515,3170.194625854492],"positionconfidence":1,"rotation":[-0.04080335795879364,0.4899343848228455,0.870803952217102,0.3778200149536133,0.8143847584724426,-0.4404880702495575,-0.924979567527771,0.3110337257385254,-0.2183366268873215],"rotationconfidence":1},"8":{"id":8,"position":[91.19980037212372,-616.6749596595764,3011.523723602295],"positionconfidence":0.5,"rotation":[-0.09454426914453506,0.4793708622455597,0.8725050091743469,0,0.876430869102478,-0.4815278053283691,-0.9955207109451294,-0.0455256961286068,-0.0828615128993988],"rotationconfidence":0.5},"9":{"id":9,"position":[96.53835743665695,-643.7432169914246,2962.256669998169],"positionconfidence":0.5,"rotation":[-0.09454426914453506,0.4793708622455597,0.8725050091743469,0,0.876430869102478,-0.4815278053283691,-0.9955207109451294,-0.0455256961286068,-0.0828615128993988],"rotationconfidence":0.5},"12":{"id":12,"position":[464.7862911224365,-320.6532597541809,3149.676561355591],"positionconfidence":1,"rotation":[0.165918305516243,-0.9848582148551941,0.05025306344032288,-0.3055630028247833,-0.09979559481143951,-0.9469277262687683,0.9376046061515808,0.1417571604251862,-0.3174941539764404],"rotationconfidence":1},"13":{"id":13,"position":[500.5902051925659,-533.1782102584839,3160.520792007446],"positionconfidence":1,"rotation":[-0.1940045356750488,-0.544482946395874,-0.8160272836685181,-0.2885478734970093,0.8267062306404114,-0.4830081760883331,0.9376046061515808,0.1417571604251862,-0.3174941539764404],"rotationconfidence":1},"14":{"id":14,"position":[464.8258984088898,-633.5524320602417,3010.087966918945],"positionconfidence":1,"rotation":[-0.2834283113479614,-0.6119459271430969,-0.7383702397346497,0,-0.7699429988861084,0.6381127834320068,-0.9589934945106506,0.1808592230081558,0.2182236462831497],"rotationconfidence":1},"15":{"id":15,"position":[445.7079470157623,-674.8297214508057,2960.283041000366],"positionconfidence":0.5,"rotation":[-0.2834283113479614,-0.6119459271430969,-0.7383702397346497,0,-0.7699429988861084,0.6381127834320068,-0.9589934945106506,0.1808592230081558,0.2182236462831497],"rotationconfidence":0.5},"17":{"id":17,"position":[215.240091085434,-651.1216759681702,3036.232471466065],"positionconfidence":1,"rotation":[0.9242731332778931,-0.3641673922538757,-0.114460252225399,0.3756962716579437,0.8146965503692627,0.4417258501052856,-0.06761178374290466,-0.4512776732444763,0.889818549156189],"rotationconfidence":1},"18":{"id":18,"position":[97.52169251441956,-906.3937664031982,2897.824764251709],"positionconfidence":1,"rotation":[0.9163955450057983,-0.4002738893032074,0,0.3911855816841126,0.8955885171890259,0.2118843942880631,-0.08481179177761078,-0.1941699087619782,0.9772946834564209],"rotationconfidence":1},"19":{"id":19,"position":[8.864572271704674,-1109.367251396179,2849.803924560547],"positionconfidence":1,"rotation":[0.9923269748687744,0.1236413270235062,0,-0.005107194650918245,0.04098958522081375,-0.9991465210914612,-0.1235357969999313,0.9914800524711609,0.04130653291940689],"rotationconfidence":1},"20":{"id":20,"position":[16.03562012314796,-1166.921019554138,2847.406148910523],"positionconfidence":1,"rotation":[0.9923269748687744,0.1236413270235062,0,-0.005107194650918245,0.04098958522081375,-0.9991465210914612,-0.1235357969999313,0.9914800524711609,0.04130653291940689],"rotationconfidence":1},"21":{"id":21,"position":[355.5801808834076,-660.7369184494019,3042.019605636597],"positionconfidence":1,"rotation":[0.9576624035835266,0.211300402879715,0.1955375969409943,-0.2794053852558136,0.8458682298660278,0.45435631275177,-0.06939337402582169,-0.4897541701793671,0.8690946102142334],"rotationconfidence":1},"22":{"id":22,"position":[438.9096796512604,-913.0075573921204,2906.512975692749],"positionconfidence":1,"rotation":[0.8847165107727051,0.4502557814121246,-0.1206085234880447,-0.3627512753009796,0.8275471329689026,0.4284592270851135,0.2927254736423492,-0.3353140652179718,0.895475447177887],"rotationconfidence":1},"23":{"id":23,"position":[514.582097530365,-1085.639595985413,2817.13342666626],"positionconfidence":1,"rotation":[0.9572293162345886,0.2893306910991669,0,-0.2382421344518662,0.7882065773010254,-0.5674251914024353,-0.164173498749733,0.5431559085845947,0.8234250545501709],"rotationconfidence":1},"24":{"id":24,"position":[523.1525301933289,-1113.994240760803,2774.147748947144],"positionconfidence":1,"rotation":[0.9572293162345886,0.2893306910991669,0,-0.2382421344518662,0.7882065773010254,-0.5674251914024353,-0.164173498749733,0.5431559085845947,0.8234250545501709],"rotationconfidence":1}},"skeletonTracked":true,"frameCount":3},{"position":[264.2616927623749,-638.8171911239624,2926.651477813721],"positionTracked":true,"id":4520,"skeleton":{"1":{"id":1,"position":[326.8506824970245,-76.49336755275726,3118.581771850586],"positionconfidence":0.5,"rotation":[0.9992672801017761,-0.03827141597867012,0,0.03709001839160919,0.9684209823608398,-0.2465467005968094,0.009435690939426422,0.2463660538196564,0.9691308736801147],"rotationconfidence":0.5},"2":{"id":2,"position":[320.2274739742279,-249.4254559278488,3162.607908248901],"positionconfidence":1,"rotation":[0.9988458156585693,-0.04346193745732307,-0.02045147120952606,0.03709001839160919,0.9684209823608398,-0.2465467005968094,0.03052102774381638,0.2455035597085953,0.9689151048660278],"rotationconfidence":1},"3":{"id":3,"position":[296.7428267002106,-546.2425947189331,3112.606525421143],"positionconfidence":1,"rotation":[0.9963449239730835,-0.07077477872371674,-0.04783153161406517,0.07778588682413101,0.9831181168556213,0.1656146496534348,0.03530270233750343,-0.1687299162149429,0.985029935836792],"rotationconfidence":1},"4":{"id":4,"position":[290.8693253993988,-590.8318161964417,3060.066223144531],"positionconfidence":1,"rotation":[0.9937540888786316,-0.110201358795166,-0.01756790839135647,0.08492562174797058,0.6447206139564514,0.7596861720085144,-0.0723920464515686,-0.7564331293106079,0.6500526070594788],"rotationconfidence":1},"6":{"id":6,"position":[156.2832891941071,-324.7560262680054,3149.739503860474],"positionconfidence":1,"rotation":[0.3429342806339264,0.9354467988014221,-0.08564694970846176,0.1857226043939591,-0.1568959057331085,-0.9699951410293579,-0.9208164811134338,0.3167380094528198,-0.227538600564003],"rotationconfidence":1},"7":{"id":7,"position":[82.59853720664978,-525.7512927055359,3168.142080307007],"positionconfidence":1,"rotation":[-0.04128308594226837,0.5009968876838684,0.8644638657569885,0.3878046870231628,0.8054060935974121,-0.4482502639293671,-0.9208164811134338,0.3167380094528198,-0.227538600564003],"rotationconfidence":1},"8":{"id":8,"position":[90.06769955158234,-616.3944005966187,3011.738538742065],"positionconfidence":0.5,"rotation":[-0.08125662058591843,0.4922730624675751,0.8666398525238037,0,0.8695151805877686,-0.4939063191413879,-0.9966933131217957,-0.04013315960764885,-0.07065386325120926],"rotationconfidence":0.5},"9":{"id":9,"position":[94.64100003242493,-644.1006064414978,2962.962150573731],"positionconfidence":0.5,"rotation":[-0.08125662058591843,0.4922730624675751,0.8666398525238037,0,0.8695151805877686,-0.4939063191413879,-0.9966933131217957,-0.04013315960764885,-0.07065386325120926],"rotationconfidence":0.5},"12":{"id":12,"position":[467.3340320587158,-321.5779364109039,3139.136075973511],"positionconfidence":1,"rotation":[0.2179607748985291,-0.9531663060188293,-0.209683284163475,-0.4942351281642914,0.07746250182390213,-0.8658702373504639,0.841560959815979,0.2923586070537567,-0.4542044997215271],"rotationconfidence":1},"13":{"id":13,"position":[512.6986503601074,-519.9623703956604,3095.494270324707],"positionconfidence":1,"rotation":[-0.3811902701854706,-0.274330347776413,-0.8828571438789368,-0.3827129602432251,0.9161164164543152,-0.1194214522838593,0.841560959815979,0.2923586070537567,-0.4542044997215271],"rotationconfidence":1},"14":{"id":14,"position":[445.3108310699463,-568.4592127799988,2939.420461654663],"positionconfidence":1,"rotation":[-0.3301094770431519,0.3039566874504089,-0.893665611743927,0,-0.9467371106147766,-0.322007566690445,-0.9439427256584167,-0.1062977463006973,0.3125268816947937],"rotationconfidence":1},"15":{"id":15,"position":[423.0164289474487,-547.9310750961304,2879.06551361084],"positionconfidence":1,"rotation":[-0.3301094770431519,0.3039566874504089,-0.893665611743927,0,-0.9467371106147766,-0.322007566690445,-0.9439427256584167,-0.1062977463006973,0.3125268816947937],"rotationconfidence":1},"17":{"id":17,"position":[214.6583497524262,-651.6211628913879,3034.813165664673],"positionconfidence":1,"rotation":[0.925315260887146,-0.3584466874599457,-0.1237243860960007,0.3749294877052307,0.816005289554596,0.4399583339691162,-0.0567418560385704,-0.4534880518913269,0.8894543051719666],"rotationconfidence":1},"18":{"id":18,"position":[97.4218100309372,-906.7775011062622,2897.242784500122],"positionconfidence":1,"rotation":[0.9156281352043152,-0.4020261764526367,0,0.392480880022049,0.8938884735107422,0.216615155339241,-0.08708496391773224,-0.1983389258384705,0.9762570261955261],"rotationconfidence":1},"19":{"id":19,"position":[8.805477991700172,-1108.604192733765,2848.334312438965],"positionconfidence":1,"rotation":[0.9927653074264526,0.1200707629323006,0,-0.002722719917073846,0.02251190692186356,-0.9997428059577942,-0.1200398877263069,0.9925100207328796,0.02267596125602722],"rotationconfidence":1},"20":{"id":20,"position":[15.80139808356762,-1166.447639465332,2847.012758255005],"positionconfidence":1,"rotation":[0.9927653074264526,0.1200707629323006,0,-0.002722719917073846,0.02251190692186356,-0.9997428059577942,-0.1200398877263069,0.9925100207328796,0.02267596125602722],"rotationconfidence":1},"21":{"id":21,"position":[354.727566242218,-661.8123650550842,3038.552761077881],"positionconfidence":1,"rotation":[0.9578474164009094,0.2199191451072693,0.1848344951868057,-0.2812881469726563,0.8486663103103638,0.4479313492774963,-0.05835412815213203,-0.4810416400432587,0.874753475189209],"rotationconfidence":1},"22":{"id":22,"position":[438.5803937911987,-914.8023128509521,2905.023097991943],"positionconfidence":1,"rotation":[0.8583895564079285,0.4783058166503906,-0.1854473352432251,-0.3686538934707642,0.8265286684036255,0.4253757297992706,0.3567372262477875,-0.2967722117900848,0.8858128786087036],"rotationconfidence":1},"23":{"id":23,"position":[514.7784948348999,-1085.639834403992,2817.101001739502],"positionconfidence":1,"rotation":[0.9635136127471924,0.2676590979099274,0,-0.2087558507919312,0.7514749765396118,-0.6258644461631775,-0.1675183326005936,0.6030290126800537,0.7799318432807922],"rotationconfidence":1},"24":{"id":24,"position":[523.4190821647644,-1116.744041442871,2776.872158050537],"positionconfidence":1,"rotation":[0.9635136127471924,0.2676590979099274,0,-0.2087558507919312,0.7514749765396118,-0.6258644461631775,-0.1675183326005936,0.6030290126800537,0.7799318432807922],"rotationconfidence":1}},"skeletonTracked":true,"frameCount":4},{"position":[223.1982499361038,-684.0936541557312,2876.290559768677],"positionTracked":true,"id":4520,"skeleton":{"1":{"id":1,"position":[289.2621755599976,-109.3320026993752,3030.576705932617],"positionconfidence":1,"rotation":[0.986405611038208,0.1643286645412445,0,-0.1601399183273315,0.9612619876861572,-0.2243449985980988,-0.03686631470918655,0.2212951630353928,0.9745097756385803],"rotationconfidence":1},"2":{"id":2,"position":[315.9534335136414,-269.5499658584595,3067.96932220459],"positionconfidence":1,"rotation":[0.8924432396888733,0.04387998208403587,-0.44902104139328,-0.1601399183273315,0.9612619876861572,-0.2243449985980988,0.4217825829982758,0.2721213400363922,0.8648986220359802],"rotationconfidence":1},"3":{"id":3,"position":[288.8918817043304,-573.1630325317383,3086.368560791016],"positionconfidence":1,"rotation":[0.8899986743927002,-0.1061989814043045,-0.4434233605861664,0.08861846476793289,0.9942417144775391,-0.06025198474526405,0.4472686350345612,0.01432869117707014,0.8942849040031433],"rotationconfidence":1},"4":{"id":4,"position":[271.4585959911346,-627.7538537979126,3051.520347595215],"positionconfidence":1,"rotation":[0.947945773601532,-0.1125762835144997,-0.2978682816028595,0.2599241435527802,0.8139298558235168,0.5195745825767517,0.1839520931243897,-0.569951593875885,0.8008225560188293],"rotationconfidence":1},"6":{"id":6,"position":[160.1351648569107,-318.1306719779968,3124.241352081299],"positionconfidence":0.5,"rotation":[0.3522395491600037,0.9162945747375488,-0.1906083673238754,0.1723442226648331,-0.2636823058128357,-0.9490885734558105,-0.9199047684669495,0.3014562726020813,-0.2507974207401276],"rotationconfidence":0.5},"7":{"id":7,"position":[90.86094051599503,-498.3364343643189,3161.727905273438],"positionconfidence":0.5,"rotation":[-0.05618263408541679,0.5316426753997803,0.8451031446456909,0.3880962431430817,0.7915048599243164,-0.4721240103244782,-0.9199047684669495,0.3014562726020813,-0.2507974207401276],"rotationconfidence":0.5},"8":{"id":8,"position":[102.1183431148529,-604.8625111579895,2992.393255233765],"positionconfidence":0.5,"rotation":[-0.09401912242174149,0.5134105682373047,0.8529771566390991,0,0.8567723035812378,-0.5156948566436768,-0.9955704212188721,-0.0484851785004139,-0.08055298030376434],"rotationconfidence":0.5},"9":{"id":9,"position":[108.2148179411888,-638.1535530090332,2937.083721160889],"positionconfidence":0.5,"rotation":[-0.09401912242174149,0.5134105682373047,0.8529771566390991,0,0.8567723035812378,-0.5156948566436768,-0.9955704212188721,-0.0484851785004139,-0.08055298030376434],"rotationconfidence":0.5},"12":{"id":12,"position":[412.9250049591065,-307.5705766677856,2997.641563415527],"positionconfidence":1,"rotation":[-0.3774122595787048,-0.0315365344285965,-0.9255082011222839,0.0115248765796423,0.9991825819015503,-0.03874669596552849,0.9259735941886902,-0.02528984658420086,-0.3767403066158295],"rotationconfidence":1},"13":{"id":13,"position":[320.371150970459,-315.3043687343597,2770.676612854004],"positionconfidence":1,"rotation":[-0.3672770857810974,0.1712519973516464,-0.9142102003097534,0.0876377671957016,0.984902560710907,0.1492864489555359,0.9259735941886902,-0.02528984658420086,-0.3767403066158295],"rotationconfidence":1},"14":{"id":14,"position":[250.722348690033,-282.8288972377777,2597.309827804565],"positionconfidence":1,"rotation":[-0.4589446485042572,0.3015140891075134,-0.8357386589050293,0,-0.9406547546386719,-0.3393652439117432,-0.8884649276733398,-0.1557498574256897,0.4317084550857544],"rotationconfidence":1},"15":{"id":15,"position":[184.6567392349243,-239.4255995750427,2477.004289627075],"positionconfidence":1,"rotation":[-0.4589446485042572,0.3015140891075134,-0.8357386589050293,0,-0.9406547546386719,-0.3393652439117432,-0.8884649276733398,-0.1557498574256897,0.4317084550857544],"rotationconfidence":1},"17":{"id":17,"position":[201.102614402771,-686.954915523529,3059.272766113281],"positionconfidence":1,"rotation":[0.8545331358909607,-0.3314723968505859,-0.3998740613460541,0.4802094399929047,0.7975742220878601,0.3650675714015961,0.1979194134473801,-0.503985583782196,0.8407297134399414],"rotationconfidence":1},"18":{"id":18,"position":[58.7243065237999,-923.4293699264526,2951.033115386963],"positionconfidence":1,"rotation":[0.9474519491195679,-0.3198981285095215,0,0.3072816729545593,0.9100853800773621,0.278069406747818,-0.0889538824558258,-0.2634573876857758,0.9605609774589539],"rotationconfidence":1},"19":{"id":19,"position":[-8.54657031595707,-1122.667551040649,2890.157461166382],"positionconfidence":1,"rotation":[0.9834004640579224,0.1814486533403397,0,-0.0114381518214941,0.06199155375361443,-0.9980111718177795,-0.1810877770185471,0.9814445376396179,0.06303795427083969],"rotationconfidence":1},"20":{"id":20,"position":[1.963904593139887,-1179.631352424622,2886.498689651489],"positionconfidence":1,"rotation":[0.9834004640579224,0.1814486533403397,0,-0.0114381518214941,0.06199155375361443,-0.9980111718177795,-0.1810877770185471,0.9814445376396179,0.06303795427083969],"rotationconfidence":1},"21":{"id":21,"position":[325.6304562091827,-693.2896375656128,3026.159763336182],"positionconfidence":1,"rotation":[0.9432389140129089,0.3203912973403931,-0.08746322244405746,-0.2512882947921753,0.860680878162384,0.4428121745586395,0.217151090502739,-0.3956991732120514,0.8923382759094238],"rotationconfidence":1},"22":{"id":22,"position":[404.5132398605347,-963.4689688682556,2887.155055999756],"positionconfidence":1,"rotation":[0.8213731050491333,0.4977495074272156,-0.2785529792308807,-0.3694235682487488,0.8363150954246521,0.4050964713096619,0.4345946311950684,-0.2298313081264496,0.8708071112632751],"rotationconfidence":1},"23":{"id":23,"position":[479.3905913829804,-1132.979154586792,2805.047273635864],"positionconfidence":0.5,"rotation":[0.9444271922111511,-0.3287207186222076,0,0.3076513111591339,0.8838939666748047,-0.3522529602050781,0.1157928481698036,0.3326772749423981,0.9359048008918762],"rotationconfidence":0.5},"24":{"id":24,"position":[472.010999917984,-1154.181003570557,2745.40114402771],"positionconfidence":0.5,"rotation":[0.9444271922111511,-0.3287207186222076,0,0.3076513111591339,0.8838939666748047,-0.3522529602050781,0.1157928481698036,0.3326772749423981,0.9359048008918762],"rotationconfidence":0.5}},"skeletonTracked":true,"frameCount":5},{"position":[221.0894823074341,-675.4428148269653,2868.303060531616],"positionTracked":true,"id":4520,"skeleton":{"1":{"id":1,"position":[267.3944234848023,-123.8420084118843,2991.207599639893],"positionconfidence":1,"rotation":[0.9658917784690857,0.2589461505413055,0,-0.2544103264808655,0.9489727020263672,-0.1863496750593185,-0.04825453087687492,0.1799936145544052,0.9824835062026978],"rotationconfidence":1},"2":{"id":2,"position":[309.076189994812,-279.318630695343,3021.738529205322],"positionconfidence":1,"rotation":[0.8050416111946106,0.1010355949401856,-0.5845509171485901,-0.2544103264808655,0.9489727020263672,-0.1863496750593185,0.5358949303627014,0.2987350225448608,0.789667010307312],"rotationconfidence":1},"3":{"id":3,"position":[280.1291346549988,-591.0424590110779,3071.825265884399],"positionconfidence":1,"rotation":[0.8248118162155151,-0.1635567545890808,-0.5412344336509705,0.0913022980093956,0.9832123517990112,-0.1579792499542236,0.5579869151115417,0.08088720589876175,0.8258982300758362],"rotationconfidence":1},"4":{"id":4,"position":[255.1067769527435,-655.955970287323,3048.630475997925],"positionconfidence":1,"rotation":[0.8929840922355652,-0.2001773715019226,-0.4031229913234711,0.3412106931209564,0.8851757049560547,0.3162895441055298,0.2935207188129425,-0.4199914634227753,0.8587506413459778],"rotationconfidence":1},"6":{"id":6,"position":[160.3423953056335,-314.1241073608398,3107.625722885132],"positionconfidence":0.5,"rotation":[0.3551031649112701,0.8966989517211914,-0.2642586529254913,0.1561626046895981,-0.3356101810932159,-0.9289665818214417,-0.921691358089447,0.2886116802692413,-0.2592070996761322],"rotationconfidence":0.5},"7":{"id":7,"position":[93.47748011350632,-482.9699695110321,3157.384872436523],"positionconfidence":0.5,"rotation":[-0.06546922773122787,0.5428764224052429,0.8372567892074585,0.382359504699707,0.7886624336242676,-0.4814693331718445,-0.921691358089447,0.2886116802692413,-0.2592070996761322],"rotationconfidence":0.5},"8":{"id":8,"position":[107.3512062430382,-598.0120897293091,2979.959964752197],"positionconfidence":0.5,"rotation":[-0.09408822655677795,0.5293409824371338,0.8431759476661682,0,0.8469329476356506,-0.5316995978355408,-0.9955638647079468,-0.05002667382359505,-0.07968641817569733],"rotationconfidence":0.5},"9":{"id":9,"position":[113.8863936066628,-634.7790956497192,2921.39458656311],"positionconfidence":0.5,"rotation":[-0.09408822655677795,0.5293409824371338,0.8431759476661682,0,0.8469329476356506,-0.5316995978355408,-0.9955638647079468,-0.05002667382359505,-0.07968641817569733],"rotationconfidence":0.5},"12":{"id":12,"position":[390.2558386325836,-316.6021704673767,2952.536106109619],"positionconfidence":1,"rotation":[-0.3997462391853333,0.04928315058350563,-0.9153000712394714,-0.1112473905086517,0.9885637164115906,0.1018138900399208,0.9098500609397888,0.1425244510173798,-0.3896919786930084],"rotationconfidence":1},"13":{"id":13,"position":[286.175012588501,-303.7704527378082,2714.221954345703],"positionconfidence":1,"rotation":[-0.4148799180984497,0.2968451678752899,-0.8600916862487793,-0.006905914749950171,0.9442298412322998,0.3292151391506195,0.9098500609397888,0.1425244510173798,-0.3896919786930084],"rotationconfidence":1},"14":{"id":14,"position":[193.247988820076,-237.2814863920212,2521.574020385742],"positionconfidence":1,"rotation":[-0.3902625441551209,0.4213468134403229,-0.8186342120170593,0,-0.8891398310661316,-0.4576357007026672,-0.920703649520874,-0.1785980761051178,0.3469979763031006],"rotationconfidence":1},"15":{"id":15,"position":[164.2797291278839,-206.0059159994125,2460.808753967285],"positionconfidence":1,"rotation":[-0.3902625441551209,0.4213468134403229,-0.8186342120170593,0,-0.8891398310661316,-0.4576357007026672,-0.920703649520874,-0.1785980761051178,0.3469979763031006],"rotationconfidence":1},"17":{"id":17,"position":[190.3533935546875,-709.9201083183289,3071.487188339233],"positionconfidence":1,"rotation":[0.7900729179382324,-0.3734812438488007,-0.4861033856868744,0.546843409538269,0.787758469581604,0.283547043800354,0.2770325541496277,-0.4898452460765839,0.8266223669052124],"rotationconfidence":1},"18":{"id":18,"position":[34.10183638334274,-935.0091814994812,2990.468263626099],"positionconfidence":1,"rotation":[0.9652241468429565,-0.2614239454269409,0,0.2470140755176544,0.9120203256607056,0.3274186253547669,-0.08559507131576538,-0.316032350063324,0.944879412651062],"rotationconfidence":1},"19":{"id":19,"position":[-19.12363618612289,-1131.527185440064,2919.917583465576],"positionconfidence":1,"rotation":[0.9836917519569397,0.1798624098300934,0,-0.0002750559069681913,0.001504317740909755,-0.9999988079071045,-0.1798622012138367,0.983690619468689,0.001529257278889418],"rotationconfidence":1},"20":{"id":20,"position":[-8.63615795969963,-1188.884615898132,2919.828414916992],"positionconfidence":1,"rotation":[0.9836917519569397,0.1798624098300934,0,-0.0002750559069681913,0.001504317740909755,-0.9999988079071045,-0.1798622012138367,0.983690619468689,0.001529257278889418],"rotationconfidence":1},"21":{"id":21,"position":[303.2372891902924,-717.184841632843,3029.350519180298],"positionconfidence":1,"rotation":[0.9285604953765869,0.3320952951908112,-0.1657955050468445,-0.2215466797351837,0.8542488813400269,0.4702933728694916,0.2978128492832184,-0.3999644219875336,0.8667964339256287],"rotationconfidence":1},"22":{"id":22,"position":[375.1265406608582,-994.378387928009,2876.745939254761],"positionconfidence":1,"rotation":[0.7533751130104065,0.5524591207504272,-0.3566720485687256,-0.4132440686225891,0.8196585774421692,0.3967231214046478,0.5115225911140442,-0.151488721370697,0.8458108305931091],"rotationconfidence":1},"23":{"id":23,"position":[456.5302729606628,-1155.840516090393,2798.596620559692],"positionconfidence":0.5,"rotation":[0.7175644040107727,-0.6964922547340393,0,0.6495027542114258,0.6691532135009766,-0.3610820174217224,0.2514908015727997,0.2590995728969574,0.9325340390205383],"rotationconfidence":0.5},"24":{"id":24,"position":[437.8843009471893,-1175.050616264343,2729.456901550293],"positionconfidence":0.5,"rotation":[0.7175644040107727,-0.6964922547340393,0,0.6495027542114258,0.6691532135009766,-0.3610820174217224,0.2514908015727997,0.2590995728969574,0.9325340390205383],"rotationconfidence":0.5}},"skeletonTracked":true,"frameCount":6},{"position":[215.5289500951767,-670.8895564079285,2846.73547744751],"positionTracked":true,"id":4520,"skeleton":{"1":{"id":1,"position":[214.7400677204132,-142.1325206756592,2946.536779403687],"positionconfidence":1,"rotation":[0.9307385683059692,0.3656854331493378,0,-0.360048234462738,0.9163907766342163,-0.1749092191457748,-0.06396175175905228,0.162794753909111,0.984584629535675],"rotationconfidence":1},"2":{"id":2,"position":[273.4252512454987,-291.4974093437195,2975.045680999756],"positionconfidence":1,"rotation":[0.6835927367210388,0.1315567493438721,-0.7179092764854431,-0.360048234462738,0.9163907766342163,-0.1749092191457748,0.6348749399185181,0.3780486285686493,0.6738048195838928],"rotationconfidence":1},"3":{"id":3,"position":[260.3086531162262,-615.7547831535339,3048.813104629517],"positionconfidence":1,"rotation":[0.7495078444480896,-0.1755295544862747,-0.6383001804351807,0.0394127294421196,0.9743279814720154,-0.2216562181711197,0.6608210206031799,0.1409759372472763,0.7371846437454224],"rotationconfidence":1},"4":{"id":4,"position":[239.6452873945236,-682.9324960708618,3041.572570800781],"positionconfidence":1,"rotation":[0.9085642695426941,-0.2428306341171265,-0.3399180769920349,0.2924509942531586,0.9507738947868347,0.1024761125445366,0.2983009219169617,-0.1925155222415924,0.9348552823066711],"rotationconfidence":1},"6":{"id":6,"position":[135.2522373199463,-314.6299421787262,3073.199510574341],"positionconfidence":0.5,"rotation":[0.3267077207565308,0.8679503202438354,-0.3740645945072174,0.3370130062103272,-0.476750910282135,-0.8118687868118286,-0.8829973936080933,0.1391791701316834,-0.4482687413692474],"rotationconfidence":0.5},"7":{"id":7,"position":[76.11382007598877,-471.7404246330261,3140.910148620606],"positionconfidence":0.5,"rotation":[-0.2910242974758148,0.5869629979133606,0.7554993033409119,0.3682669401168823,0.79756098985672,-0.477782279253006,-0.8829973936080933,0.1391791701316834,-0.4482687413692474],"rotationconfidence":0.5},"8":{"id":8,"position":[138.7291699647903,-598