{"motiondata":[{"position":[322.4218785762787,-626.6719102859497,3003.091335296631],"positionTracked":true,"id":5023,"skeleton":{"1":{"id":1,"position":[369.9933290481567,-13.60226981341839,3201.820850372315],"positionconfidence":1,"rotation":[0.9998826384544373,0.01531729474663734,0,-0.01485880557447672,0.9699534177780151,-0.2428364157676697,-0.003719596890732646,0.2428079098463059,0.9700672030448914],"rotationconfidence":1},"2":{"id":2,"position":[372.4829852581024,-176.1220991611481,3242.509126663208],"positionconfidence":1,"rotation":[0.9998835325241089,0.01357447635382414,-0.006961333099752665,-0.01485880557447672,0.9699534177780151,-0.2428364157676697,0.003455792088061571,0.2429115772247315,0.9700422286987305],"rotationconfidence":1},"3":{"id":3,"position":[353.2583117485046,-492.4206733703613,3194.865226745606],"positionconfidence":1,"rotation":[0.9981043934822083,-0.06136767938733101,0.004665391985327005,0.05999387800693512,0.9870637059211731,0.1486809253692627,-0.01372924167662859,-0.148119181394577,0.9888742566108704],"rotationconfidence":1},"4":{"id":4,"position":[349.8626053333283,-538.7067794799805,3136.466264724731],"positionconfidence":1,"rotation":[0.9969818592071533,-0.07755687832832336,0.003499170998111367,0.04552207142114639,0.6205010414123535,0.7828832268714905,-0.0628892183303833,-0.7803611159324646,0.6221588850021362],"rotationconfidence":1},"6":{"id":6,"position":[206.4187079668045,-274.6977210044861,3220.672845840454],"positionconfidence":1,"rotation":[0.3601413071155548,0.9328324198722839,0.01104592718183994,0.6001591682434082,-0.2226077616214752,-0.7682803273200989,-0.7142178416252136,0.2833187878131867,-0.640018105506897],"rotationconfidence":1},"7":{"id":7,"position":[130.8146417140961,-470.5261886119843,3218.353986740112],"positionconfidence":1,"rotation":[-0.4408886432647705,0.5280845761299133,0.7257713079452515,0.5436083078384399,0.8005355596542358,-0.252255380153656,-0.7142178416252136,0.2833187878131867,-0.640018105506897],"rotationconfidence":1},"8":{"id":8,"position":[239.6579384803772,-600.8957624435425,3039.180994033814],"positionconfidence":0.5,"rotation":[-0.3407338261604309,0.2582220137119293,0.9040032029151917,0,0.961542010307312,-0.2746575772762299,-0.9401596784591675,-0.09358512610197067,-0.3276298940181732],"rotationconfidence":0.5},"9":{"id":9,"position":[258.1606507301331,-614.9178743362427,2990.091323852539],"positionconfidence":0.5,"rotation":[-0.3407338261604309,0.2582220137119293,0.9040032029151917,0,0.961542010307312,-0.2746575772762299,-0.9401596784591675,-0.09358512610197067,-0.3276298940181732],"rotationconfidence":0.5},"12":{"id":12,"position":[528.1909704208374,-288.7250185012817,3223.039150238037],"positionconfidence":1,"rotation":[0.287369042634964,-0.9559246301651001,0.06022563576698303,-0.7013338208198547,-0.2528248429298401,-0.6664910912513733,0.6523417830467224,0.1492906361818314,-0.7430763244628906],"rotationconfidence":1},"13":{"id":13,"position":[580.278217792511,-461.99169754982,3233.955383300781],"positionconfidence":0.5,"rotation":[-0.6004786491394043,-0.4964198172092438,-0.6268913745880127,-0.462466835975647,0.8551489114761353,-0.2341895550489426,0.6523417830467224,0.1492906361818314,-0.7430763244628906],"rotationconfidence":0.5},"14":{"id":14,"position":[434.4006478786469,-582.5896859169006,3081.661224365234],"positionconfidence":0.5,"rotation":[0.3433449566364288,0.5625390410423279,-0.7521063685417175,0,-0.8007867336273193,-0.5989495515823364,-0.9392092823982239,0.2056463062763214,-0.2749460935592651],"rotationconfidence":0.5},"15":{"id":15,"position":[473.1585085391998,-519.0885066986084,2996.761083602905],"positionconfidence":1,"rotation":[0.3433449566364288,0.5625390410423279,-0.7521063685417175,0,-0.8007867336273193,-0.5989495515823364,-0.9392092823982239,0.2056463062763214,-0.2749460935592651],"rotationconfidence":1},"17":{"id":17,"position":[275.2193808555603,-602.3691892623901,3113.722801208496],"positionconfidence":1,"rotation":[0.9744428992271423,-0.2193117737770081,-0.04861479252576828,0.2222819179296494,0.9101377129554749,0.3496285676956177,-0.03243149816989899,-0.3514992296695709,0.935626208782196],"rotationconfidence":1},"18":{"id":18,"position":[198.3506381511688,-917.1097874641418,2992.815494537354],"positionconfidence":1,"rotation":[0.9449831247329712,-0.3271192312240601,0,0.3185603022575378,0.920258104801178,0.2272539734840393,-0.07433914393186569,-0.2147511690855026,0.9738355875015259],"rotationconfidence":1},"19":{"id":19,"position":[119.8866665363312,-1143.776774406433,2936.841011047363],"positionconfidence":1,"rotation":[0.8013975024223328,-0.5981320738792419,0,0.5720206499099731,0.7664124965667725,-0.2922398149967194,0.1747980266809464,0.2342002838850021,0.9563450217247009],"rotationconfidence":1},"20":{"id":20,"position":[104.5676171779633,-1164.301753044128,2853.028297424316],"positionconfidence":1,"rotation":[0.8013975024223328,-0.5981320738792419,0,0.5720206499099731,0.7664124965667725,-0.2922398149967194,0.1747980266809464,0.2342002838850021,0.9563450217247009],"rotationconfidence":1},"21":{"id":21,"position":[414.8682057857513,-612.9262447357178,3114.597320556641],"positionconfidence":1,"rotation":[0.9884822368621826,0.1250632852315903,0.0852169618010521,-0.1475570946931839,0.9215313196182251,0.3591752648353577,-0.03361046314239502,-0.36761274933815,0.9293713569641113],"rotationconfidence":1},"22":{"id":22,"position":[465.8657014369965,-931.4184784889221,2990.462064743042],"positionconfidence":1,"rotation":[0.980408787727356,0.1829939335584641,0.0728820264339447,-0.196972593665123,0.9119640588760376,0.3598934412002564,-0.0006074722041375935,-0.3671984672546387,0.930142343044281],"rotationconfidence":1},"23":{"id":23,"position":[509.8721385002136,-1135.164022445679,2910.056829452515],"positionconfidence":1,"rotation":[0.8490648865699768,0.5282884240150452,0,-0.5179278254508972,0.832413375377655,-0.1970755904912949,-0.1041127666831017,0.1673299968242645,0.9803884029388428],"rotationconfidence":1},"24":{"id":24,"position":[518.9955234527588,-1149.827122688294,2824.145555496216],"positionconfidence":1,"rotation":[0.8490648865699768,0.5282884240150452,0,-0.5179278254508972,0.832413375377655,-0.1970755904912949,-0.1041127666831017,0.1673299968242645,0.9803884029388428],"rotationconfidence":1}},"skeletonTracked":true,"frameCount":1},{"position":[321.5133249759674,-623.5827207565308,2999.624252319336],"positionTracked":true,"id":5023,"skeleton":{"1":{"id":1,"position":[369.4701790809631,-12.61153258383274,3200.14214515686],"positionconfidence":1,"rotation":[0.9999383091926575,0.01111113466322422,0,-0.01077750977128744,0.9699139595031738,-0.2432095259428024,-0.0027023337315768,0.2431945204734802,0.9699738621711731],"rotationconfidence":1},"2":{"id":2,"position":[371.2835907936096,-175.8081763982773,3241.064310073853],"positionconfidence":1,"rotation":[0.9999303817749023,0.01162321213632822,0.002042502630501986,-0.01077750977128744,0.9699139595031738,-0.2432095259428024,-0.004807927180081606,0.2431705594062805,0.9699715971946716],"rotationconfidence":1},"3":{"id":3,"position":[352.680116891861,-492.0465648174286,3194.660902023315],"positionconfidence":1,"rotation":[0.9980682134628296,-0.06067373231053352,0.0133573804050684,0.05810576304793358,0.9877334237098694,0.1449355781078339,-0.02198731526732445,-0.1438794583082199,0.9893509149551392],"rotationconfidence":1},"4":{"id":4,"position":[349.5992124080658,-538.4992361068726,3136.46125793457],"positionconfidence":1,"rotation":[0.9971951842308044,-0.07454448938369751,0.006710131652653217,0.04133844748139381,0.6232848763465881,0.7809014916419983,-0.06239422410726547,-0.7784337997436523,0.6246181726455688],"rotationconfidence":1},"6":{"id":6,"position":[205.0536125898361,-273.8137245178223,3217.467069625855],"positionconfidence":1,"rotation":[0.3563492596149445,0.9343523979187012,0.0008622926543466747,0.599613606929779,-0.2279764711856842,-0.7671310901641846,-0.7165742516517639,0.2738836705684662,-0.6414896845817566],"rotationconfidence":1},"7":{"id":7,"position":[130.3691118955612,-469.6374535560608,3217.286348342896],"positionconfidence":1,"rotation":[-0.4415242373943329,0.5338687896728516,0.7211383581161499,0.5399793386459351,0.7999824285507202,-0.2616303563117981,-0.7165742516517639,0.2738836705684662,-0.6414896845817566],"rotationconfidence":1},"8":{"id":8,"position":[238.644152879715,-600.5581617355347,3040.441513061523],"positionconfidence":0.5,"rotation":[-0.3700639605522156,0.6611961722373962,0.6525889039039612,0,0.7024590969085693,-0.7117241024971008,-0.9290062785148621,-0.2633834481239319,-0.2599548101425171],"rotationconfidence":0.5},"9":{"id":9,"position":[264.7141218185425,-647.1375823020935,2994.468450546265],"positionconfidence":1,"rotation":[-0.3700639605522156,0.6611961722373962,0.6525889039039612,0,0.7024590969085693,-0.7117241024971008,-0.9290062785148621,-0.2633834481239319,-0.2599548101425171],"rotationconfidence":1},"12":{"id":12,"position":[527.8880596160889,-287.8861129283905,3222.59521484375],"positionconfidence":1,"rotation":[0.2520820498466492,-0.9675203561782837,-0.01895072311162949,-0.589240550994873,-0.1379302591085434,-0.7960972785949707,0.7676263451576233,0.2118483334779739,-0.6048718690872192],"rotationconfidence":1},"13":{"id":13,"position":[574.8412013053894,-468.0977463722229,3219.065427780151],"positionconfidence":0.5,"rotation":[-0.5247613191604614,-0.3340622186660767,-0.7829610705375671,-0.3679338395595551,0.9184349179267883,-0.1452651470899582,0.7676263451576233,0.2118483334779739,-0.6048718690872192],"rotationconfidence":0.5},"14":{"id":14,"position":[452.5148570537567,-545.9704995155334,3036.550521850586],"positionconfidence":0.5,"rotation":[0.3757312297821045,0.5254896283149719,-0.7633391618728638,0,-0.823692262172699,-0.5670371651649475,-0.9267287254333496,0.2130535691976547,-0.3094868957996368],"rotationconfidence":0.5},"15":{"id":15,"position":[472.4442362785339,-518.0976986885071,2996.0618019104],"positionconfidence":1,"rotation":[0.3757312297821045,0.5254896283149719,-0.7633391618728638,0,-0.823692262172699,-0.5670371651649475,-0.9267287254333496,0.2130535691976547,-0.3094868957996368],"rotationconfidence":1},"17":{"id":17,"position":[274.976372718811,-602.3179888725281,3113.715171813965],"positionconfidence":1,"rotation":[0.9744782447814941,-0.2192341238260269,-0.04825343191623688,0.2221158742904663,0.9105442762374878,0.3486739993095398,-0.03250435739755631,-0.3504931330680847,0.9360010623931885],"rotationconfidence":1},"18":{"id":18,"position":[198.1699764728546,-917.1789884567261,2993.145704269409],"positionconfidence":1,"rotation":[0.9451882839202881,-0.3265259563922882,0,0.317931205034256,0.9203091263771057,0.2279272973537445,-0.07442417740821838,-0.2154342085123062,0.9736781716346741],"rotationconfidence":1},"19":{"id":19,"position":[119.8568418622017,-1143.87047290802,2937.002420425415],"positionconfidence":1,"rotation":[0.8075060844421387,-0.5898593068122864,0,0.564297616481781,0.7725126147270203,-0.2911916673183441,0.1717620939016342,0.2351390272378922,0.9566647410392761],"rotationconfidence":1},"20":{"id":20,"position":[104.8019528388977,-1164.480328559876,2853.151082992554],"positionconfidence":1,"rotation":[0.8075060844421387,-0.5898593068122864,0,0.564297616481781,0.7725126147270203,-0.2911916673183441,0.1717620939016342,0.2351390272378922,0.9566647410392761],"rotationconfidence":1},"21":{"id":21,"position":[414.7663116455078,-612.7669811248779,3114.656925201416],"positionconfidence":1,"rotation":[0.9884703755378723,0.12519571185112,0.08516069501638412,-0.1476238071918488,0.9219083189964294,0.3581791520118713,-0.03366785496473312,-0.366621196269989,0.9297608733177185],"rotationconfidence":1},"22":{"id":22,"position":[465.7846987247467,-931.3759803771973,2990.87119102478],"positionconfidence":1,"rotation":[0.9804494380950928,0.1818335354328156,0.0752032920718193,-0.1967484951019287,0.9117419123649597,0.3605782687664032,-0.003000771859660745,-0.3683249056339264,0.9296923279762268],"rotationconfidence":1},"23":{"id":23,"position":[509.7171664237976,-1134.961128234863,2910.356760025024],"positionconfidence":1,"rotation":[0.8443149924278259,0.5358473062515259,0,-0.5252137184143066,0.8275600671768188,-0.1982295364141464,-0.1062207520008087,0.1673681437969208,0.9801555871963501],"rotationconfidence":1},"24":{"id":24,"position":[519.0308690071106,-1149.636387825012,2824.414253234863],"positionconfidence":1,"rotation":[0.8443149924278259,0.5358473062515259,0,-0.5252137184143066,0.8275600671768188,-0.1982295364141464,-0.1062207520008087,0.1673681437969208,0.9801555871963501],"rotationconfidence":1}},"skeletonTracked":true,"frameCount":2},{"position":[321.708619594574,-621.3114261627197,3001.314878463745],"positionTracked":true,"id":5023,"skeleton":{"1":{"id":1,"position":[369.411051273346,-12.37584091722965,3198.732614517212],"positionconfidence":1,"rotation":[0.9999831914901733,0.005792784504592419,0,-0.005622998345643282,0.9706737995147705,-0.2403346747159958,-0.001392206992022693,0.2403306365013123,0.9706900715827942],"rotationconfidence":1},"2":{"id":2,"position":[370.3557252883911,-175.4508167505264,3239.10927772522],"positionconfidence":1,"rotation":[0.9999131560325623,0.008319898508489132,0.01020825374871492,-0.005622998345643282,0.9706737995147705,-0.2403346747159958,-0.01190844457596541,0.2402564287185669,0.9706363081932068],"rotationconfidence":1},"3":{"id":3,"position":[352.1129190921783,-491.611659526825,3194.110631942749],"positionconfidence":1,"rotation":[0.9979482293128967,-0.06054634600877762,0.0208230409771204,0.05703234300017357,0.9884112477302551,0.1406789124011993,-0.02909932099282742,-0.1392026841640472,0.9898363351821899],"rotationconfidence":1},"4":{"id":4,"position":[349.3310809135437,-538.2307767868042,3136.140108108521],"positionconfidence":1,"rotation":[0.9973425269126892,-0.07214406877756119,0.0101576978340745,0.03736903145909309,0.6262446045875549,0.7787305116653442,-0.06254199147224426,-0.776281476020813,0.6272763609886169],"rotationconfidence":1},"6":{"id":6,"position":[204.0320485830307,-272.8389501571655,3214.270114898682],"positionconfidence":1,"rotation":[0.3591766953468323,0.933246374130249,-0.006583452690392733,0.6004311442375183,-0.2364756762981415,-0.7639120221138,-0.7144749164581299,0.2704265117645264,-0.6452867388725281],"rotationconfidence":1},"7":{"id":7,"position":[128.0160993337631,-470.3506827354431,3215.663433074951],"positionconfidence":1,"rotation":[-0.4434842169284821,0.5383015871047974,0.7166261672973633,0.541153609752655,0.7981858849525452,-0.2646730840206146,-0.7144749164581299,0.2704265117645264,-0.6452867388725281],"rotationconfidence":1},"8":{"id":8,"position":[236.677810549736,-602.2443771362305,3040.076971054077],"positionconfidence":0.5,"rotation":[-0.37421914935112,0.7339492440223694,0.5668144226074219,0,0.6112258434295654,-0.7914561629295349,-0.9273402690887451,-0.2961780428886414,-0.2287324219942093],"rotationconfidence":0.5},"9":{"id":9,"position":[267.8185105323792,-663.3200645446777,2992.90943145752],"positionconfidence":0.5,"rotation":[-0.37421914935112,0.7339492440223694,0.5668144226074219,0,0.6112258434295654,-0.7914561629295349,-0.9273402690887451,-0.2961780428886414,-0.2287324219942093],"rotationconfidence":0.5},"12":{"id":12,"position":[527.6632905006409,-287.1208488941193,3221.775770187378],"positionconfidence":1,"rotation":[0.2217307686805725,-0.972382128238678,-0.07285993546247482,-0.650947093963623,-0.09197286516427994,-0.7535310983657837,0.7260189652442932,0.2145089656114578,-0.6533624529838562],"rotationconfidence":1},"13":{"id":13,"position":[570.4202055931091,-474.6277928352356,3207.726001739502],"positionconfidence":0.5,"rotation":[-0.5575346946716309,-0.3725680410861969,-0.7418545484542847,-0.4025564193725586,0.9028726816177368,-0.1508952677249908,0.7260189652442932,0.2145089656114578,-0.6533624529838562],"rotationconfidence":0.5},"14":{"id":14,"position":[441.5057301521301,-560.7738494873047,3036.192655563355],"positionconfidence":0.5,"rotation":[0.4492367804050446,0.6505773067474365,-0.6123197674751282,0,-0.6853716373443604,-0.728193461894989,-0.8934127688407898,0.3271313011646271,-0.3078941404819489],"rotationconfidence":0.5},"15":{"id":15,"position":[471.6148972511292,-517.170250415802,2995.153188705444],"positionconfidence":1,"rotation":[0.4492367804050446,0.6505773067474365,-0.6123197674751282,0,-0.6853716373443604,-0.728193461894989,-0.8934127688407898,0.3271313011646271,-0.3078941404819489],"rotationconfidence":1},"17":{"id":17,"position":[274.7123539447784,-602.2164225578308,3113.368988037109],"positionconfidence":1,"rotation":[0.9745045304298401,-0.2194164097309113,-0.04687481001019478,0.2218580096960068,0.9111806154251099,0.3471726477146149,-0.03346395865082741,-0.3487208783626556,0.9366289973258972],"rotationconfidence":1},"18":{"id":18,"position":[198.0081498622894,-917.2439575195312,2993.339061737061],"positionconfidence":1,"rotation":[0.9453626275062561,-0.3260208070278168,0,0.3174147009849548,0.9204075336456299,0.2282498627901077,-0.0744142010807991,-0.2157788872718811,0.9736026525497437],"rotationconfidence":1},"19":{"id":19,"position":[119.8286190629005,-1143.941164016724,2937.120914459229],"positionconfidence":1,"rotation":[0.812354564666748,-0.583163857460022,0,0.5579869747161865,0.7772828340530396,-0.2906577885150909,0.1695011109113693,0.2361171692609787,0.9568270444869995],"rotationconfidence":1},"20":{"id":20,"position":[104.9663573503494,-1164.644479751587,2853.224039077759],"positionconfidence":1,"rotation":[0.812354564666748,-0.583163857460022,0,0.5579869747161865,0.7772828340530396,-0.2906577885150909,0.1695011109113693,0.2361171692609787,0.9568270444869995],"rotationconfidence":1},"21":{"id":21,"position":[414.674699306488,-612.5653982162476,3114.516496658325],"positionconfidence":1,"rotation":[0.9884248375892639,0.1250190734863281,0.08594560623168945,-0.1477014124393463,0.9223796725273132,0.3569315373897553,-0.03465123102068901,-0.3654942512512207,0.9301683902740479],"rotationconfidence":1},"22":{"id":22,"position":[465.7227098941803,-931.354820728302,2991.15514755249],"positionconfidence":1,"rotation":[0.9804933071136475,0.1808048039674759,0.07708688825368881,-0.1964889466762543,0.9115995764732361,0.361079603433609,-0.004987447988241911,-0.3691828548908234,0.9293434023857117],"rotationconfidence":1},"23":{"id":23,"position":[509.5754861831665,-1134.807348251343,2910.568714141846],"positionconfidence":1,"rotation":[0.8406510949134827,0.5415770411491394,0,-0.5307116508483887,0.8237855434417725,-0.1993049085140228,-0.1079389676451683,0.1675458997488022,0.9799374938011169],"rotationconfidence":1},"24":{"id":24,"position":[519.0454721450806,-1149.50692653656,2824.594259262085],"positionconfidence":1,"rotation":[0.8406510949134827,0.5415770411491394,0,-0.5307116508483887,0.8237855434417725,-0.1993049085140228,-0.1079389676451683,0.1675458997488022,0.9799374938011169],"rotationconfidence":1}},"skeletonTracked":true,"frameCount":3},{"position":[321.4214146137238,-624.1413354873657,2998.625993728638],"positionTracked":true,"id":5023,"skeleton":{"1":{"id":1,"position":[369.2907989025116,-11.14712841808796,3196.390151977539],"positionconfidence":1,"rotation":[0.9999996423721313,0.0008319151238538325,0,-0.0008087126188911498,0.9721091389656067,-0.2345273643732071,-0.0001951068552443758,0.2345272749662399,0.9721094369888306],"rotationconfidence":1},"2":{"id":2,"position":[369.4269955158234,-174.8616248369217,3235.887289047241],"positionconfidence":1,"rotation":[0.9998642802238464,0.004644609522074461,0.01580397598445416,-0.0008087126188911498,0.9721091389656067,-0.2345273643732071,-0.0164524782449007,0.2344827800989151,0.9719810485839844],"rotationconfidence":1},"3":{"id":3,"position":[351.5291810035706,-490.9835159778595,3193.066120147705],"positionconfidence":1,"rotation":[0.9978777766227722,-0.05994171276688576,0.02543262951076031,0.05601633712649345,0.989393949508667,0.1340211182832718,-0.0331963486969471,-0.1323120594024658,0.9906520843505859],"rotationconfidence":1},"4":{"id":4,"position":[349.0391969680786,-537.8210544586182,3135.406732559204],"positionconfidence":1,"rotation":[0.9975206255912781,-0.06914708763360977,0.01309186592698097,0.03350022807717323,0.6301519274711609,0.7757489681243896,-0.06189063563942909,-0.7733868956565857,0.6309058666229248],"rotationconfidence":1},"6":{"id":6,"position":[203.3248394727707,-272.0601856708527,3211.774587631226],"positionconfidence":1,"rotation":[0.3530941903591156,0.935551106929779,-0.008288642391562462,0.6026176810264587,-0.2341979444026947,-0.7628915309906006,-0.7156651616096497,0.2643776535987854,-0.6464735269546509],"rotationconfidence":1},"7":{"id":7,"position":[129.2529404163361,-468.3195650577545,3213.513374328613],"positionconfidence":1,"rotation":[-0.4399307072162628,0.5482749342918396,0.7112352252006531,0.542479932308197,0.7934098243713379,-0.2760734260082245,-0.7156651616096497,0.2643776535987854,-0.6464735269546509],"rotationconfidence":1},"8":{"id":8,"position":[236.721470952034,-602.2549867630005,3039.769172668457],"positionconfidence":0.5,"rotation":[0.1128450408577919,-0.6370033025741577,0.7625567317008972,0,0.7674587368965149,0.6410982012748718,-0.9936124682426453,-0.07234475016593933,0.08660390973091125],"rotationconfidence":0.5},"9":{"id":9,"position":[226.8174886703491,-546.3476181030273,2972.842454910278],"positionconfidence":1,"rotation":[0.1128450408577919,-0.6370033025741577,0.7625567317008972,0,0.7674587368965149,0.6410982012748718,-0.9936124682426453,-0.07234475016593933,0.08660390973091125],"rotationconfidence":1},"12":{"id":12,"position":[527.6913642883301,-286.4115238189697,3220.727205276489],"positionconfidence":1,"rotation":[0.2145897448062897,-0.9733392000198364,-0.08100643008947372,-0.5687776207923889,-0.05711016058921814,-0.8205062747001648,0.7940046191215515,0.2221468836069107,-0.5658687949180603],"rotationconfidence":1},"13":{"id":13,"position":[569.2633390426636,-474.9742746353149,3205.034017562866],"positionconfidence":1,"rotation":[-0.5052585005760193,-0.2764542400836945,-0.8174881935119629,-0.3380392789840698,0.934999406337738,-0.1072643399238586,0.7940046191215515,0.2221468836069107,-0.5658687949180603],"rotationconfidence":1},"14":{"id":14,"position":[459.9165618419647,-534.8038077354431,3028.115272521973],"positionconfidence":0.5,"rotation":[0.2443585842847824,0.4583200216293335,-0.8545359373092651,0,-0.8812510967254639,-0.4726483821868897,-0.9696849584579468,0.1154956892132759,-0.2153412699699402],"rotationconfidence":0.5},"15":{"id":15,"position":[470.013290643692,-515.8663392066956,2992.806434631348],"positionconfidence":1,"rotation":[0.2443585842847824,0.4583200216293335,-0.8545359373092651,0,-0.8812510967254639,-0.4726483821868897,-0.9696849584579468,0.1154956892132759,-0.2153412699699402],"rotationconfidence":1},"17":{"id":17,"position":[274.4392454624176,-602.0556688308716,3112.767934799194],"positionconfidence":1,"rotation":[0.9745798110961914,-0.2192291468381882,-0.0461835227906704,0.2215142548084259,0.912022054195404,0.3451772630214691,-0.03355251997709274,-0.3466330468654633,0.9374005198478699],"rotationconfidence":1},"18":{"id":18,"position":[197.8746205568314,-917.2887802124023,2993.460178375244],"positionconfidence":1,"rotation":[0.9454456567764282,-0.3257800340652466,0,0.3171540498733521,0.9204122424125671,0.2285928428173065,-0.07447098195552826,-0.216122105717659,0.9735221862792969],"rotationconfidence":1},"19":{"id":19,"position":[119.767002761364,-1143.964767456055,2937.16311454773],"positionconfidence":1,"rotation":[0.8164547085762024,-0.577409565448761,0,0.5525856614112854,0.7813538312911987,-0.2900609076023102,0.167483925819397,0.2368215620517731,0.9570081830024719],"rotationconfidence":1},"20":{"id":20,"position":[105.0750464200974,-1164.73913192749,2853.212833404541],"positionconfidence":1,"rotation":[0.8164547085762024,-0.577409565448761,0,0.5525856614112854,0.7813538312911987,-0.2900609076023102,0.167483925819397,0.2368215620517731,0.9570081830024719],"rotationconfidence":1},"21":{"id":21,"position":[414.5916998386383,-612.2561693191528,3114.012479782105],"positionconfidence":1,"rotation":[0.988415539264679,0.1252059638500214,0.08578029274940491,-0.1477450877428055,0.9231005907058716,0.3550447821617127,-0.03473011404275894,-0.3636053502559662,0.9309054613113403],"rotationconfidence":1},"22":{"id":22,"position":[465.6726717948914,-931.4063787460327,2991.260290145874],"positionconfidence":1,"rotation":[0.9804756045341492,0.1802427619695664,0.0786132737994194,-0.196530893445015,0.9115617871284485,0.3611518144607544,-0.006565855816006661,-0.3695504665374756,0.9291873574256897],"rotationconfidence":1},"23":{"id":23,"position":[509.5029473304749,-1134.702682495117,2910.71629524231],"positionconfidence":1,"rotation":[0.8375772833824158,0.546318769454956,0,-0.5352563858032227,0.8206171989440918,-0.2002194821834564,-0.1093836724758148,0.1676993072032929,0.9797510504722595],"rotationconfidence":1},"24":{"id":24,"position":[519.1023349761963,-1149.419784545898,2824.734449386597],"positionconfidence":1,"rotation":[0.8375772833824158,0.546318769454956,0,-0.5352563858032227,0.8206171989440918,-0.2002194821834564,-0.1093836724758148,0.1676993072032929,0.9797510504722595],"rotationconfidence":1}},"skeletonTracked":true,"frameCount":4},{"position":[322.6605951786041,-618.6763644218445,2998.924732208252],"positionTracked":true,"id":5023,"skeleton":{"1":{"id":1,"position":[369.3145215511322,-10.02171356230974,3194.705963134766],"positionconfidence":1,"rotation":[0.9999960064888,-0.002844663104042411,0,0.002769223647192121,0.9734764695167542,-0.2287704199552536,0.0006507747457362711,0.2287695109844208,0.9734804630279541],"rotationconfidence":1},"2":{"id":2,"position":[368.8470423221588,-174.3565946817398,3233.325242996216],"positionconfidence":1,"rotation":[0.9998255968093872,0.001531451474875212,0.01861942000687122,0.002769223647192121,0.9734764695167542,-0.2287704199552536,-0.01847591809928417,0.228782057762146,0.97330242395401],"rotationconfidence":1},"3":{"id":3,"position":[351.0715961456299,-490.4009699821472,3192.013025283814],"positionconfidence":1,"rotation":[0.9978445768356323,-0.05968677625060082,0.02726886421442032,0.05568254739046097,0.9900261163711548,0.1294127553701401,-0.03472112119197846,-0.1276154220104218,0.9912157654762268],"rotationconfidence":1},"4":{"id":4,"position":[348.7874567508698,-537.4080538749695,3134.588479995728],"positionconfidence":1,"rotation":[0.9976073503494263,-0.06738100200891495,0.01547613833099604,0.03076449781656265,0.6331265568733215,0.7734367251396179,-0.06191329285502434,-0.7711099982261658,0.6336846351623535],"rotationconfidence":1},"6":{"id":6,"position":[202.8646469116211,-271.4267671108246,3209.890127182007],"positionconfidence":1,"rotation":[0.3442606329917908,0.9388415217399597,-0.007818126119673252,0.602097749710083,-0.2271552383899689,-0.7654271125793457,-0.7203907370567322,0.2587991654872894,-0.6434750556945801],"rotationconfidence":1},"7":{"id":7,"position":[131.8112015724182,-465.1983380317688,3211.503744125366],"positionconfidence":1,"rotation":[-0.4304493367671967,0.5606412887573242,0.7073859572410583,0.5438295602798462,0.7865777015686035,-0.292480856180191,-0.7203907370567322,0.2587991654872894,-0.6434750556945801],"rotationconfidence":1},"8":{"id":8,"position":[236.7845475673676,-601.9214987754822,3038.994073867798],"positionconfidence":0.5,"rotation":[0.1629950106143951,-0.714310348033905,0.6805830597877502,0,0.6898079514503479,0.7239924073219299,-0.9866268634796143,-0.1180071532726288,0.1124352514743805],"rotationconfidence":0.5},"9":{"id":9,"position":[218.953475356102,-523.77849817276,2964.540719985962],"positionconfidence":1,"rotation":[0.1629950106143951,-0.714310348033905,0.6805830597877502,0,0.6898079514503479,0.7239924073219299,-0.9866268634796143,-0.1180071532726288,0.1124352514743805],"rotationconfidence":1},"12":{"id":12,"position":[527.8176069259644,-285.759299993515,3219.427585601807],"positionconfidence":1,"rotation":[0.218220591545105,-0.975883424282074,0.005601092707365751,-0.5896403789520264,-0.1364204734563828,-0.7960614562034607,0.7776272296905518,0.1704143434762955,-0.6051899790763855],"rotationconfidence":1},"13":{"id":13,"position":[573.0451345443726,-488.0169928073883,3220.588445663452],"positionconfidence":0.5,"rotation":[-0.5411815643310547,-0.3085322082042694,-0.7822598218917847,-0.3200289011001587,0.9358242154121399,-0.1476979404687882,0.7776272296905518,0.1704143434762955,-0.6051899790763855],"rotationconfidence":0.5},"14":{"id":14,"position":[452.1081149578095,-556.9642186164856,3045.778036117554],"positionconfidence":0.5,"rotation":[0.2268980890512466,0.5903573036193848,-0.7745938301086426,0,-0.7953373789787292,-0.6061670780181885,-0.973918616771698,0.1375381499528885,-0.1804605275392532],"rotationconfidence":0.5},"15":{"id":15,"position":[468.4127569198608,-514.5418047904968,2990.116596221924],"positionconfidence":1,"rotation":[0.2268980890512466,0.5903573036193848,-0.7745938301086426,0,-0.7953373789787292,-0.6061670780181885,-0.973918616771698,0.1375381499528885,-0.1804605275392532],"rotationconfidence":1},"17":{"id":17,"position":[274.1893529891968,-601.8466949462891,3112.023115158081],"positionconfidence":1,"rotation":[0.974638819694519,-0.2192469239234924,-0.04483350738883019,0.221148207783699,0.9129743576049805,0.3428867757320404,-0.03424502536654472,-0.34410560131073,0.9383062720298767],"rotationconfidence":1},"18":{"id":18,"position":[197.7725327014923,-917.3210859298706,2993.540048599243],"positionconfidence":1,"rotation":[0.9454882740974426,-0.3256562948226929,0,0.3170115947723389,0.9203898906707764,0.2288800030946732,-0.07453621178865433,-0.2164033651351929,0.9734546542167664],"rotationconfidence":1},"19":{"id":19,"position":[119.705818593502,-1143.974661827087,2937.176465988159],"positionconfidence":1,"rotation":[0.819803774356842,-0.5726446509361267,0,0.5481083393096924,0.7846773266792297,-0.2895840704441071,0.165828749537468,0.2374020963907242,0.9571526050567627],"rotationconfidence":1},"20":{"id":20,"position":[105.1525771617889,-1164.809226989746,2853.176116943359],"positionconfidence":1,"rotation":[0.819803774356842,-0.5726446509361267,0,0.5481083393096924,0.7846773266792297,-0.2895840704441071,0.165828749537468,0.2374020963907242,0.9571526050567627],"rotationconfidence":1},"21":{"id":21,"position":[414.5250618457794,-611.9503974914551,3113.439559936523],"positionconfidence":1,"rotation":[0.9883832931518555,0.1251557916402817,0.08622408658266068,-0.1477893590927124,0.923809289932251,0.3531780540943146,-0.03545233234763145,-0.3618182837963104,0.9315743446350098],"rotationconfidence":1},"22":{"id":22,"position":[465.6361043453217,-931.4379096031189,2991.297483444214],"positionconfidence":1,"rotation":[0.9804717302322388,0.1798216551542282,0.07962148636579514,-0.1965114176273346,0.9116067290306091,0.3610491156578064,-0.00765903340652585,-0.369644969701767,0.929141640663147],"rotationconfidence":1},"23":{"id":23,"position":[509.4336271286011,-1134.612441062927,2910.828590393066],"positionconfidence":1,"rotation":[0.8356820940971375,0.5492135286331177,0,-0.5380144119262695,0.8186415433883667,-0.2009144425392151,-0.1103449165821075,0.1679005920886993,0.9796088337898254],"rotationconfidence":1},"24":{"id":24,"position":[519.1203355789185,-1149.351716041565,2824.832916259766],"positionconfidence":1,"rotation":[0.8356820940971375,0.5492135286331177,0,-0.5380144119262695,0.8186415433883667,-0.2009144425392151,-0.1103449165821075,0.1679005920886993,0.9796088337898254],"rotationconfidence":1}},"skeletonTracked":true,"frameCount":5},{"position":[325.5889415740967,-622.1349835395813,2998.807668685913],"positionTracked":true,"id":5023,"skeleton":{"1":{"id":1,"position":[370.171457529068,-10.2876229211688,3193.177938461304],"positionconfidence":1,"rotation":[0.9999803304672241,-0.006271433550864458,0,0.006106952670961618,0.9737538695335388,-0.2275218963623047,0.001426888396963477,0.2275174260139465,0.9737730026245117],"rotationconfidence":1},"2":{"id":2,"position":[369.1451549530029,-173.9316135644913,3231.414079666138],"positionconfidence":1,"rotation":[0.9999185800552368,-0.003395425155758858,0.01230715401470661,0.006106952670961618,0.9737538695335388,-0.2275218963623047,-0.01121160387992859,0.2275785058736801,0.9736952185630798],"rotationconfidence":1},"3":{"id":3,"position":[350.9670495986939,-489.9789690971375,3190.665483474731],"positionconfidence":1,"rotation":[0.9980040192604065,-0.05995837971568108,0.01982561498880386,0.05695225298404694,0.9901807308197021,0.1276659071445465,-0.02728558331727982,-0.1262819766998291,0.9916191101074219],"rotationconfidence":1},"4":{"id":4,"position":[348.6393094062805,-537.0729565620422,3133.302211761475],"positionconfidence":1,"rotation":[0.997581958770752,-0.06781872361898422,0.01519687846302986,0.03134791925549507,0.6342196464538574,0.7725171446800232,-0.06202928721904755,-0.7701727747917175,0.63481205701828],"rotationconfidence":1},"6":{"id":6,"position":[202.9231935739517,-270.8854079246521,3208.450317382813],"positionconfidence":1,"rotation":[0.3330499827861786,0.9428969025611877,-0.004824580159038305,0.4523790180683136,-0.1642744690179825,-0.87656569480896,-0.8273035287857056,0.2897575795650482,-0.4812583029270172],"rotationconfidence":1},"7":{"id":7,"position":[135.2623403072357,-462.4398648738861,3209.430456161499],"positionconfidence":1,"rotation":[-0.3729891180992127,0.3572721481323242,0.8562917709350586,0.4200572073459625,0.8879173398017883,-0.187496080994606,-0.8273035287857056,0.2897575795650482,-0.4812583029270172],"rotationconfidence":1},"8":{"id":8,"position":[226.7390489578247,-550.0619411468506,2999.422311782837],"positionconfidence":1,"rotation":[0.04477241635322571,-0.514717698097229,0.8561898469924927,0,0.857049286365509,0.5152343511581421,-0.998997151851654,-0.02306828647851944,0.03837216645479202],"rotationconfidence":1},"9":{"id":9,"position":[223.2759296894074,-510.2488398551941,2933.196544647217],"positionconfidence":0.5,"rotation":[0.04477241635322571,-0.514717698097229,0.8561898469924927,0,0.857049286365509,0.5152343511581421,-0.998997151851654,-0.02306828647851944,0.03837216645479202],"rotationconfidence":0.5},"12":{"id":12,"position":[528.2343029975891,-285.3021323680878,3215.56568145752],"positionconfidence":1,"rotation":[0.2432626336812973,-0.9693184494972229,0.03528314083814621,-0.5114893913269043,-0.1591019630432129,-0.8444316983222961,0.8241369724273682,0.1873717457056046,-0.5344997644424438],"rotationconfidence":1},"13":{"id":13,"position":[577.1011114120483,-480.0196588039398,3222.653388977051],"positionconfidence":0.5,"rotation":[-0.4945651292800903,-0.2218774408102036,-0.84034264087677,-0.2760499119758606,0.9569023847579956,-0.0901898741722107,0.8241369724273682,0.1873717457056046,-0.5344997644424438],"rotationconfidence":0.5},"14":{"id":14,"position":[471.5286195278168,-527.3827910423279,3043.269395828247],"positionconfidence":0.5,"rotation":[-0.07897751778364182,0.240059956908226,-0.9675400853157043,0,-0.970571756362915,-0.2408121526241303,-0.9968764185905457,-0.0190187469124794,0.07665334641933441],"rotationconfidence":0.5},"15":{"id":15,"position":[467.0122265815735,-513.6547684669495,2987.939834594727],"positionconfidence":1,"rotation":[-0.07897751778364182,0.240059956908226,-0.9675400853157043,0,-0.970571756362915,-0.2408121526241303,-0.9968764185905457,-0.0190187469124794,0.07665334641933441],"rotationconfidence":1},"17":{"id":17,"position":[274.0145623683929,-601.5601754188538,3110.788583755493],"positionconfidence":1,"rotation":[0.9746859669685364,-0.2192572206258774,-0.04374418780207634,0.2209141403436661,0.9143432378768921,0.3393720388412476,-0.03441256657242775,-0.3404448628425598,0.9396345615386963],"rotationconfidence":1},"18":{"id":18,"position":[197.7253407239914,-917.3142313957214,2993.591785430908],"positionconfidence":1,"rotation":[0.945533037185669,-0.3255259990692139,0,0.3168805837631226,0.9204213619232178,0.2289353311061859,-0.0745244026184082,-0.2164659202098846,0.9734416604042053],"rotationconfidence":1},"19":{"id":19,"position":[119.6853294968605,-1143.991708755493,2937.210559844971],"positionconfidence":1,"rotation":[0.8214159607887268,-0.5703295469284058,0,0.5459260940551758,0.7862688899040222,-0.2893888652324677,0.1650470346212387,0.237708643078804,0.9572116136550903],"rotationconfidence":1},"20":{"id":20,"position":[105.1966100931168,-1164.859056472778,2853.1813621521],"positionconfidence":1,"rotation":[0.8214159607887268,-0.5703295469284058,0,0.5459260940551758,0.7862688899040222,-0.2893888652324677,0.1650470346212387,0.237708643078804,0.9572116136550903],"rotationconfidence":1},"21":{"id":21,"position":[414.4373536109924,-611.641526222229,3112.278699874878],"positionconfidence":1,"rotation":[0.9883285164833069,0.1256446838378906,0.08613939583301544,-0.1481035798788071,0.9248802065849304,0.3502311706542969,-0.03566394001245499,-0.3589010238647461,0.9326939582824707],"rotationconfidence":1},"22":{"id":22,"position":[465.6583368778229,-931.5073490142822,2991.152763366699],"positionconfidence":1,"rotation":[0.9804868698120117,0.1794939488172531,0.08017102628946304,-0.1964042633771896,0.9118856191635132,0.3604025840759277,-0.008416722528636456,-0.3691159188747406,0.9293452501296997],"rotationconfidence":1},"23":{"id":23,"position":[509.3892812728882,-1134.545803070068,2910.906314849854],"positionconfidence":1,"rotation":[0.834764838218689,0.5506065487861633,0,-0.5393305420875549,0.8176695108413696,-0.2013427913188934,-0.110860675573349,0.1680738925933838,0.9795207977294922],"rotationconfidence":1},"24":{"id":24,"position":[519.1237330436707,-1149.304032325745,2824.896574020386],"positionconfidence":1,"rotation":[0.834764838218689,0.5506065487861633,0,-0.5393305420875549,0.8176695108413696,-0.2013427913188934,-0.110860675573349,0.1680738925933838,0.9795207977294922],"rotationconfidence":1}},"skeletonTracked":true,"frameCount":6},{"position":[324.5721161365509,-623.9904761314392,2994.772911071777],"positionTracked":true,"id":5023,"skeleton":{"1":{"id":1,"position":[371.5354204177856,-9.86123364418745,3192.109346389771],"positionconfidence":1,"rotation":[0.9999369382858276,-0.01122953742742539,0,0.01094438508152962,0.974545419216156,-0.2239225804805756,0.002514546969905496,0.2239084541797638,0.9746068716049194],"rotationconfidence":1},"2":{"id":2,"position":[369.6961402893066,-173.6403852701187,3229.741096496582],"positionconfidence":1,"rotation":[0.9999136328697205,-0.00903712585568428,0.009540573693811893,0.01094438508152962,0.974545419216156,-0.2239225804805756,-0.007274107076227665,0.2240076661109924,0.9745602607727051],"rotationconfidence":1},"3":{"id":3,"position":[351.0393798351288,-489.6733462810516,3189.17441368103],"positionconfidence":1,"rotation":[0.9980140328407288,-0.06095653399825096,0.015889011323452,0.05845368653535843,0.9901660680770874,0.1270998865365982,-0.02348032593727112,-0.1259186863899231,0.9917626976966858],"rotationconfidence":1},"4":{"id":4,"position":[348.663866519928,-536.8219614028931,3131.82258605957],"positionconfidence":1,"rotation":[0.9974820017814636,-0.0691906064748764,0.01556549035012722,0.0319795124232769,0.6347216367721558,0.772078812122345,-0.06330035626888275,-0.7696369886398315,0.63533616065979],"rotationconfidence":1},"6":{"id":6,"position":[203.3878564834595,-270.3561782836914,3207.102537155151],"positionconfidence":1,"rotation":[0.3233950138092041,0.9462558627128601,0.00392892025411129,0.360550582408905,-0.1193818151950836,-0.9250681400299072,-0.874882161617279,0.3005790114402771,-0.3797806203365326],"rotationconfidence":1},"7":{"id":7,"position":[138.410896062851,-460.4791700839996,3206.313133239746],"positionconfidence":1,"rotation":[-0.3251248300075531,0.2167248725891113,0.9205020666122437,0.3589915037155151,0.9288069605827332,-0.09188302606344223,-0.874882161617279,0.3005790114402771,-0.3797806203365326],"rotationconfidence":1},"8":{"id":8,"position":[220.003142952919,-514.8677229881287,2975.3069877624