{"motiondata":[{"position":[314.1746819019318,-640.3102278709412,3203.45664024353],"positionTracked":true,"id":4507,"skeleton":{"1":{"id":1,"position":[361.2435162067413,2.102535218000412,3426.809787750244],"positionconfidence":1,"rotation":[0.9998565912246704,0.01693628542125225,0,-0.01679030433297157,0.9912384152412415,-0.1310131400823593,-0.002218876034021378,0.1309943497180939,0.9913806319236755],"rotationconfidence":1},"2":{"id":2,"position":[364.1140460968018,-167.3630923032761,3449.20825958252],"positionconfidence":1,"rotation":[0.9995414018630981,0.01994241215288639,0.02278458327054977,-0.01679030433297157,0.9912384152412415,-0.1310131400823593,-0.02519767358899117,0.1305705010890961,0.9911187291145325],"rotationconfidence":1},"3":{"id":3,"position":[342.7968919277191,-504.7780275344849,3392.944097518921],"positionconfidence":1,"rotation":[0.9969860315322876,-0.06892571598291397,0.03561167418956757,0.0621967613697052,0.984470784664154,0.1641611605882645,-0.04637357592582703,-0.161451444029808,0.9857905507087708],"rotationconfidence":1},"4":{"id":4,"position":[341.4877057075501,-552.9276728630066,3329.983234405518],"positionconfidence":1,"rotation":[0.9938027262687683,-0.09730002284049988,0.05374589934945107,0.01651495322585106,0.607391893863678,0.794230580329895,-0.1099234893918037,-0.7884209752082825,0.6052347421646118],"rotationconfidence":1},"6":{"id":6,"position":[202.8557360172272,-263.3910477161408,3422.204732894898],"positionconfidence":1,"rotation":[0.3052154183387756,0.9389379620552063,0.1588674485683441,0.4179159700870514,0.01783565431833267,-0.9083105325698853,-0.8556808829307556,0.3436236679553986,-0.3869535326957703],"rotationconfidence":1},"7":{"id":7,"position":[138.8938128948212,-460.1579010486603,3388.911962509155],"positionconfidence":1,"rotation":[-0.3519114851951599,0.1618654578924179,0.9219316244125366,0.3794319331645966,0.9250526428222656,-0.0175800621509552,-0.8556808829307556,0.3436236679553986,-0.3869535326957703],"rotationconfidence":1},"8":{"id":8,"position":[223.5120385885239,-499.0789592266083,3167.230606079102],"positionconfidence":1,"rotation":[-0.2897496521472931,0.3320899307727814,0.8976421356201172,0,0.9378746151924133,-0.3469742834568024,-0.9571024179458618,-0.1005356758832932,-0.2717488408088684],"rotationconfidence":1},"9":{"id":9,"position":[247.09452688694,-526.1074900627136,3094.172239303589],"positionconfidence":0.5,"rotation":[-0.2897496521472931,0.3320899307727814,0.8976421356201172,0,0.9378746151924133,-0.3469742834568024,-0.9571024179458618,-0.1005356758832932,-0.2717488408088684],"rotationconfidence":0.5},"12":{"id":12,"position":[525.4539847373962,-286.9905531406403,3433.515310287476],"positionconfidence":1,"rotation":[0.04212838411331177,-0.9319295287132263,-0.3601840436458588,-0.4240546524524689,0.3097437620162964,-0.8510208129882812,0.904656171798706,0.1885898411273956,-0.3821400701999664],"rotationconfidence":1},"13":{"id":13,"position":[534.8831415176392,-495.5746233463287,3352.899074554443],"positionconfidence":0.5,"rotation":[-0.368473619222641,-0.104287825524807,-0.9237701296806335,-0.2140662223100662,0.9765028953552246,-0.02485424280166626,0.904656171798706,0.1885898411273956,-0.3821400701999664],"rotationconfidence":0.5},"14":{"id":14,"position":[464.1153812408447,-515.60378074646,3175.482988357544],"positionconfidence":1,"rotation":[-0.6247586607933044,0.1916163265705109,-0.756941020488739,0,-0.9694207310676575,-0.2454046308994293,-0.7808178663253784,-0.1533186733722687,0.6056540012359619],"rotationconfidence":1},"15":{"id":15,"position":[446.4114904403687,-510.1739168167114,3154.033422470093],"positionconfidence":1,"rotation":[-0.6247586607933044,0.1916163265705109,-0.756941020488739,0,-0.9694207310676575,-0.2454046308994293,-0.7808178663253784,-0.1533186733722687,0.6056540012359619],"rotationconfidence":1},"17":{"id":17,"position":[266.7858004570007,-615.5110001564026,3299.987077713013],"positionconfidence":1,"rotation":[0.9836345314979553,-0.1735902428627014,0.04826638847589493,0.1551614105701447,0.9522863626480103,0.2628225684165955,-0.09158685058355331,-0.2510322630405426,0.9636361598968506],"rotationconfidence":1},"18":{"id":18,"position":[212.1457457542419,-950.8584141731262,3207.434177398682],"positionconfidence":1,"rotation":[0.9794694185256958,-0.2015924155712128,0,0.1993660479784012,0.9686521887779236,0.148208886384964,-0.02987778745591641,-0.1451660692691803,0.9889558553695679],"rotationconfidence":1},"19":{"id":19,"position":[153.5857319831848,-1235.381722450256,3163.90061378479],"positionconfidence":1,"rotation":[0.9653106331825256,-0.2611042559146881,0,0.2459966987371445,0.9094575047492981,-0.3352203667163849,0.08752746880054474,0.3235917687416077,0.942139744758606],"rotationconfidence":1},"20":{"id":20,"position":[145.7582265138626,-1264.320254325867,3079.645872116089],"positionconfidence":1,"rotation":[0.9653106331825256,-0.2611042559146881,0,0.2459966987371445,0.9094575047492981,-0.3352203667163849,0.08752746880054474,0.3235917687416077,0.942139744758606],"rotationconfidence":1},"21":{"id":21,"position":[407.7748954296112,-627.2237300872803,3310.335874557495],"positionconfidence":1,"rotation":[0.9895666837692261,0.08399130403995514,0.117061123251915,-0.1108997613191605,0.9627170562744141,0.246733084321022,-0.09197329729795456,-0.2571408748626709,0.9619872570037842],"rotationconfidence":1},"22":{"id":22,"position":[445.8380937576294,-957.6490521430969,3225.651741027832],"positionconfidence":1,"rotation":[0.9981560111045837,0.0005550787900574505,0.06069871410727501,-0.01465996913611889,0.9725620746612549,0.2321809977293015,-0.05890438705682755,-0.2326426953077316,0.9707767963409424],"rotationconfidence":1},"23":{"id":23,"position":[449.8439431190491,-1223.402500152588,3162.208080291748],"positionconfidence":1,"rotation":[0.9752101898193359,0.2212807685136795,0,-0.2133334577083588,0.9401854276657104,-0.265594094991684,-0.05877085775136948,0.2590100467205048,0.9640849232673645],"rotationconfidence":1},"24":{"id":24,"position":[455.0768136978149,-1246.464371681213,3076.367378234863],"positionconfidence":1,"rotation":[0.9752101898193359,0.2212807685136795,0,-0.2133334577083588,0.9401854276657104,-0.265594094991684,-0.05877085775136948,0.2590100467205048,0.9640849232673645],"rotationconfidence":1}},"skeletonTracked":true,"frameCount":1},{"position":[313.0008280277252,-643.0296301841736,3202.550172805786],"positionTracked":true,"id":4507,"skeleton":{"1":{"id":1,"position":[361.6397678852081,1.579525996930897,3421.801090240479],"positionconfidence":1,"rotation":[0.9998472929000854,0.01747610419988632,0,-0.01731262169778347,0.9904941320419312,-0.1364612430334091,-0.002384810941293836,0.1364404112100601,0.9906454086303711],"rotationconfidence":1},"2":{"id":2,"position":[364.5821213722229,-166.7591482400894,3444.993257522583],"positionconfidence":1,"rotation":[0.9995784163475037,0.02032795920968056,0.02073409780859947,-0.01731262169778347,0.9904941320419312,-0.1364612430334091,-0.02331097982823849,0.1360447406768799,0.9904284477233887],"rotationconfidence":1},"3":{"id":3,"position":[343.1380391120911,-504.2138695716858,3390.014886856079],"positionconfidence":1,"rotation":[0.997042715549469,-0.06890330463647842,0.03403300419449806,0.06259661167860031,0.9850513339042664,0.1604852825403214,-0.04458222538232803,-0.1578803509473801,0.9864513874053955],"rotationconfidence":1},"4":{"id":4,"position":[341.8493270874023,-552.6933670043945,3327.320337295532],"positionconfidence":1,"rotation":[0.9933281540870667,-0.100210428237915,0.05707094445824623,0.01625880599021912,0.6116329431533813,0.7909746170043945,-0.1141703650355339,-0.7847694158554077,0.6091815233230591],"rotationconfidence":1},"6":{"id":6,"position":[203.2603919506073,-262.926459312439,3420.132160186768],"positionconfidence":1,"rotation":[0.2990915477275848,0.9359400272369385,0.185904398560524,0.4225783050060272,0.04476232454180718,-0.9052203893661499,-0.8555535674095154,0.3493029773235321,-0.3821199536323547],"rotationconfidence":1},"7":{"id":7,"position":[140.5184119939804,-459.2634439468384,3381.134033203125],"positionconfidence":1,"rotation":[-0.3528271615505219,0.146744504570961,0.9241098761558533,0.3788683414459229,0.9254478216171265,-0.002304206369444728,-0.8555535674095154,0.3493029773235321,-0.3821199536323547],"rotationconfidence":1},"8":{"id":8,"position":[219.5969820022583,-492.1530485153198,3174.014806747437],"positionconfidence":1,"rotation":[-0.3020027279853821,0.3045428693294525,0.9033538103103638,0,0.9476000666618347,-0.3194593787193298,-0.9533072113990784,-0.09647760540246964,-0.2861778140068054],"rotationconfidence":1},"9":{"id":9,"position":[245.5955296754837,-518.3702707290649,3096.247673034668],"positionconfidence":0.5,"rotation":[-0.3020027279853821,0.3045428693294525,0.9033538103103638,0,0.9476000666618347,-0.3194593787193298,-0.9533072113990784,-0.09647760540246964,-0.2861778140068054],"rotationconfidence":0.5},"12":{"id":12,"position":[525.0260829925537,-286.3585352897644,3430.923938751221],"positionconfidence":1,"rotation":[0.0962873250246048,-0.9592931866645813,-0.2654904723167419,-0.3985577821731567,0.2072547823190689,-0.8934187293052673,0.9120748043060303,0.1918382197618485,-0.3623778223991394],"rotationconfidence":1},"13":{"id":13,"position":[544.8314547538757,-483.6758673191071,3376.315116882324],"positionconfidence":1,"rotation":[-0.3357470333576202,-0.1578798443078995,-0.9286268949508667,-0.2353582829236984,0.9686444997787476,-0.0795891135931015,0.9120748043060303,0.1918382197618485,-0.3623778223991394],"rotationconfidence":1},"14":{"id":14,"position":[476.7757952213287,-515.6779885292053,3188.083171844482],"positionconfidence":1,"rotation":[-0.3727547228336334,0.06503014266490936,-0.9256483912467957,0,-0.9975413680076599,-0.07008088380098343,-0.9279299378395081,-0.02612297981977463,0.371838241815567],"rotationconfidence":1},"15":{"id":15,"position":[464.1656279563904,-513.4780406951904,3156.768798828125],"positionconfidence":0.5,"rotation":[-0.3727547228336334,0.06503014266490936,-0.9256483912467957,0,-0.9975413680076599,-0.07008088380098343,-0.9279299378395081,-0.02612297981977463,0.371838241815567],"rotationconfidence":0.5},"17":{"id":17,"position":[267.4002647399902,-615.0155663490295,3297.483682632446],"positionconfidence":1,"rotation":[0.9830935001373291,-0.1756027638912201,0.05187235772609711,0.1563743054866791,0.9525671005249023,0.2610801756381989,-0.09525831043720245,-0.2485547512769699,0.9639224410057068],"rotationconfidence":1},"18":{"id":18,"position":[212.3314440250397,-950.4718780517578,3205.541610717773],"positionconfidence":1,"rotation":[0.9794280529022217,-0.2017936706542969,0,0.1997417658567429,0.969468891620636,0.1422442942857742,-0.02870399877429009,-0.13931804895401,0.9898316264152527],"rotationconfidence":1},"19":{"id":19,"position":[153.6348313093185,-1235.362410545349,3163.74135017395],"positionconfidence":1,"rotation":[0.9655678272247314,-0.2601512372493744,0,0.2450134605169296,0.9093829989433289,-0.3361410796642304,0.08744752407073975,0.324567049741745,0.9418116211891174],"rotationconfidence":1},"20":{"id":20,"position":[145.8177715539932,-1264.375925064087,3079.551458358765],"positionconfidence":1,"rotation":[0.9655678272247314,-0.2601512372493744,0,0.2450134605169296,0.9093829989433289,-0.3361410796642304,0.08744752407073975,0.324567049741745,0.9418116211891174],"rotationconfidence":1},"21":{"id":21,"position":[408.1505239009857,-627.1173357963562,3308.27260017395],"positionconfidence":1,"rotation":[0.9892020225524902,0.08327213674783707,0.1206029951572418,-0.1109659224748612,0.9631101489067078,0.245163694024086,-0.09573867917060852,-0.2558992803096771,0.9619510173797607],"rotationconfidence":1},"22":{"id":22,"position":[446.1866021156311,-957.2451114654541,3224.237203598023],"positionconfidence":1,"rotation":[0.9982526898384094,-0.0006659952341578901,0.05908554419875145,-0.01311900932341814,0.9724821448326111,0.2326077520847321,-0.05761455371975899,-0.2329764515161514,0.9707741737365723],"rotationconfidence":1},"23":{"id":23,"position":[449.7653841972351,-1222.532033920288,3160.783290863037],"positionconfidence":1,"rotation":[0.9767891764640808,0.2142026275396347,0,-0.2065097391605377,0.9417086839675903,-0.2655903697013855,-0.05689016729593277,0.2594258487224579,0.9640859365463257],"rotationconfidence":1},"24":{"id":24,"position":[454.8302888870239,-1245.628595352173,3074.951171875],"positionconfidence":1,"rotation":[0.9767891764640808,0.2142026275396347,0,-0.2065097391605377,0.9417086839675903,-0.2655903697013855,-0.05689016729593277,0.2594258487224579,0.9640859365463257],"rotationconfidence":1}},"skeletonTracked":true,"frameCount":2},{"position":[314.9485290050507,-644.3260312080383,3199.223518371582],"positionTracked":true,"id":4507,"skeleton":{"1":{"id":1,"position":[362.608790397644,1.215835101902485,3418.519496917725],"positionconfidence":1,"rotation":[0.9999154210090637,0.01300622522830963,0,-0.01288265269249678,0.9904152154922485,-0.1375197321176529,-0.001788612571544945,0.1375080943107605,0.9904990196228027],"rotationconfidence":1},"2":{"id":2,"position":[364.788144826889,-166.33240878582,3441.783666610718],"positionconfidence":1,"rotation":[0.9996558427810669,0.01590020023286343,0.02086669020354748,-0.01288265269249678,0.9904152154922485,-0.1375197321176529,-0.02285327948629856,0.1372035890817642,0.9902792572975159],"rotationconfidence":1},"3":{"id":3,"position":[343.4804677963257,-503.7710666656494,3387.644052505493],"positionconfidence":1,"rotation":[0.9970905780792236,-0.06836947053670883,0.03370578959584236,0.06222712993621826,0.9854588508605957,0.1581098139286041,-0.04402555152773857,-0.1555523872375488,0.9868460893630981],"rotationconfidence":1},"4":{"id":4,"position":[342.2781527042389,-552.5161623954773,3325.079679489136],"positionconfidence":1,"rotation":[0.9928625226020813,-0.1025784611701965,0.06084074825048447,0.01515757665038109,0.614529013633728,0.788748562335968,-0.1182970255613327,-0.7821967005729675,0.6116977334022522],"rotationconfidence":1},"6":{"id":6,"position":[203.55424284935,-262.570858001709,3418.481111526489],"positionconfidence":1,"rotation":[0.2863656878471375,0.932284414768219,0.2209989726543427,0.4284575879573822,0.08170535415410995,-0.8998602032661438,-0.8569823503494263,0.3523777425289154,-0.3760466873645783],"rotationconfidence":1},"7":{"id":7,"position":[143.2774215936661,-458.8064551353455,3371.963262557983],"positionconfidence":1,"rotation":[-0.3532096445560455,0.1297325938940048,0.926505446434021,0.3752654194831848,0.9268221259117126,0.01328467391431332,-0.8569823503494263,0.3523777425289154,-0.3760466873645783],"rotationconfidence":1},"8":{"id":8,"position":[217.73561835289,-486.1546754837036,3176.6517162323],"positionconfidence":1,"rotation":[-0.3131622672080994,0.2706545889377594,0.9103161692619324,0,0.958530604839325,-0.2849896848201752,-0.9496996998786926,-0.08924801647663116,-0.3001756072044373],"rotationconfidence":1},"9":{"id":9,"position":[245.0583726167679,-509.7687244415283,3097.228527069092],"positionconfidence":0.5,"rotation":[-0.3131622672080994,0.2706545889377594,0.9103161692619324,0,0.958530604839325,-0.2849896848201752,-0.9496996998786926,-0.08924801647663116,-0.3001756072044373],"rotationconfidence":0.5},"12":{"id":12,"position":[524.7969031333923,-285.9281897544861,3429.130792617798],"positionconfidence":1,"rotation":[0.115218959748745,-0.9671962857246399,-0.226397916674614,-0.384238988161087,0.1667787730693817,-0.908044695854187,0.9160157442092896,0.1916148662567139,-0.3524184226989746],"rotationconfidence":1},"13":{"id":13,"position":[547.9121208190918,-479.9670279026032,3383.710861206055],"positionconfidence":0.5,"rotation":[-0.3211906850337982,-0.1759656965732575,-0.9305227398872375,-0.2403155416250229,0.9655669927597046,-0.09964244067668915,0.9160157442092896,0.1916148662567139,-0.3524184226989746],"rotationconfidence":0.5},"14":{"id":14,"position":[482.5082719326019,-515.798807144165,3194.229125976563],"positionconfidence":1,"rotation":[0.9968054294586182,-0.07919423282146454,-0.01035050395876169,0,-0.1295955181121826,0.9915669560432434,-0.07986776530742645,-0.9883993268013,-0.129181519150734],"rotationconfidence":1},"15":{"id":15,"position":[497.2721338272095,-516.9717669487,3194.0758228302],"positionconfidence":1,"rotation":[0.9968054294586182,-0.07919423282146454,-0.01035050395876169,0,-0.1295955181121826,0.9915669560432434,-0.07986776530742645,-0.9883993268013,-0.129181519150734],"rotationconfidence":1},"17":{"id":17,"position":[268.0640816688538,-614.6618127822876,3295.234441757202],"positionconfidence":1,"rotation":[0.9824575781822205,-0.1779982447624207,0.05561933666467667,0.1579194813966751,0.9527326226234436,0.2595418393611908,-0.09918835014104843,-0.2462054789066315,0.9641287922859192],"rotationconfidence":1},"18":{"id":18,"position":[212.4547064304352,-950.154721736908,3203.840017318726],"positionconfidence":1,"rotation":[0.97940993309021,-0.2018816769123077,0,0.199984148144722,0.97020423412323,0.1367840617895126,-0.02761419489979744,-0.1339676678180695,0.9906008243560791],"rotationconfidence":1},"19":{"id":19,"position":[153.6593288183212,-1235.394954681397,3163.625478744507],"positionconfidence":1,"rotation":[0.9660854935646057,-0.2582225203514099,0,0.2430634200572968,0.9093708992004395,-0.3375868499279022,0.08717252314090729,0.3261377513408661,0.9412944316864014],"rotationconfidence":1},"20":{"id":20,"position":[145.8660811185837,-1264.551758766174,3079.473495483398],"positionconfidence":1,"rotation":[0.9660854935646057,-0.2582225203514099,0,0.2430634200572968,0.9093708992004395,-0.3375868499279022,0.08717252314090729,0.3261377513408661,0.9412944316864014],"rotationconfidence":1},"21":{"id":21,"position":[408.6578190326691,-627.0967721939087,3306.523084640503],"positionconfidence":1,"rotation":[0.9888415932655334,0.08207041025161743,0.1243250444531441,-0.1106259152293205,0.9634793400764465,0.24386365711689,-0.09977062046527863,-0.2548960745334625,0.9618075489997864],"rotationconfidence":1},"22":{"id":22,"position":[446.5270638465881,-956.9131135940552,3223.044157028198],"positionconfidence":1,"rotation":[0.9982947111129761,-0.00220814417116344,0.05833292007446289,-0.01139490026980639,0.972689688205719,0.2318297773599625,-0.05725174397230148,-0.2320991456508637,0.9710057973861694],"rotationconfidence":1},"23":{"id":23,"position":[449.633002281189,-1222.041726112366,3159.85369682312],"positionconfidence":1,"rotation":[0.9778506755828857,0.2093037813901901,0,-0.2017435729503632,0.9425299763679504,-0.266339510679245,-0.05574586242437363,0.2604402601718903,0.9638792276382446],"rotationconfidence":1},"24":{"id":24,"position":[454.5944333076477,-1245.221138000488,3074.06759262085],"positionconfidence":1,"rotation":[0.9778506755828857,0.2093037813901901,0,-0.2017435729503632,0.9425299763679504,-0.266339510679245,-0.05574586242437363,0.2604402601718903,0.9638792276382446],"rotationconfidence":1}},"skeletonTracked":true,"frameCount":3},{"position":[310.5941712856293,-638.6487483978271,3205.756902694702],"positionTracked":true,"id":4507,"skeleton":{"1":{"id":1,"position":[364.1962707042694,2.800864866003394,3417.664289474487],"positionconfidence":1,"rotation":[0.9999887347221375,0.004735642578452826,0,-0.004694696981459856,0.9913426041603088,-0.1312168836593628,-0.0006213962333276868,0.1312154084444046,0.9913536906242371],"rotationconfidence":1},"2":{"id":2,"position":[364.9953603744507,-165.936678647995,3439.998865127564],"positionconfidence":1,"rotation":[0.9997550845146179,0.007491179276257753,0.02082642167806625,-0.004694696981459856,0.9913426041603088,-0.1312168836593628,-0.02162908762693405,0.1310869455337524,0.9911348819732666],"rotationconfidence":1},"3":{"id":3,"position":[343.8118100166321,-503.6271214485169,3385.54835319519],"positionconfidence":1,"rotation":[0.9971758127212524,-0.06777207553386688,0.03236439079046249,0.06181233003735542,0.9853605031967163,0.1588833332061768,-0.04265844449400902,-0.1564340889453888,0.9867668151855469],"rotationconfidence":1},"4":{"id":4,"position":[342.6596522331238,-552.6174902915955,3322.837114334106],"positionconfidence":1,"rotation":[0.992659866809845,-0.1034783497452736,0.06260029226541519,0.01447671744972467,0.6155577898025513,0.7879588007926941,-0.1200707703828812,-0.7812687754631042,0.6125375032424927],"rotationconfidence":1},"6":{"id":6,"position":[203.8722187280655,-262.1148228645325,3416.963338851929],"positionconfidence":1,"rotation":[0.280445784330368,0.9302746057510376,0.2365148663520813,0.4312080144882202,0.09803791344165802,-0.8969104290008545,-0.8575604557991028,0.3535218834877014,-0.3736475706100464],"rotationconfidence":1},"7":{"id":7,"position":[144.6207612752914,-458.6594998836517,3366.993427276611],"positionconfidence":1,"rotation":[-0.3556293547153473,0.1173451468348503,0.9272313714027405,0.3716423213481903,0.9280369877815247,0.02509220130741596,-0.8575604557991028,0.3535218834877014,-0.3736475706100464],"rotationconfidence":1},"8":{"id":8,"position":[216.923862695694,-482.5169742107391,3178.477764129639],"positionconfidence":1,"rotation":[-0.3238268792629242,0.2437010854482651,0.9141913652420044,0,0.966256856918335,-0.2575804889202118,-0.9461163282394409,-0.08341148495674133,-0.3128999471664429],"rotationconfidence":1},"9":{"id":9,"position":[245.1930344104767,-503.7913918495178,3098.671436309815],"positionconfidence":0.5,"rotation":[-0.3238268792629242,0.2437010854482651,0.9141913652420044,0,0.966256856918335,-0.2575804889202118,-0.9461163282394409,-0.08341148495674133,-0.3128999471664429],"rotationconfidence":0.5},"12":{"id":12,"position":[524.458646774292,-285.7162952423096,3427.080869674683],"positionconfidence":1,"rotation":[0.128445103764534,-0.9721348285675049,-0.1961010992527008,-0.3744984269142151,0.1355515271425247,-0.9172658920288086,0.918287992477417,0.1912578791379929,-0.3466520607471466],"rotationconfidence":1},"13":{"id":13,"position":[549.8204231262207,-477.6665270328522,3388.360261917114],"positionconfidence":0.5,"rotation":[-0.3126963078975678,-0.1866703629493713,-0.9313299059867859,-0.2428338527679443,0.9636259078979492,-0.1116115227341652,0.918287992477417,0.1912578791379929,-0.3466520607471466],"rotationconfidence":0.5},"14":{"id":14,"position":[485.8901500701904,-515.8309936523438,3197.951316833496],"positionconfidence":1,"rotation":[0.8211605548858643,-0.1972732692956924,-0.5355170965194702,0,-0.9383558630943298,0.3456706404685974,-0.5706971883773804,-0.2838510870933533,-0.7705408334732056],"rotationconfidence":1},"15":{"id":15,"position":[504.3188333511353,-520.2582478523254,3185.933113098145],"positionconfidence":0.5,"rotation":[0.8211605548858643,-0.1972732692956924,-0.5355170965194702,0,-0.9383558630943298,0.3456706404685974,-0.5706971883773804,-0.2838510870933533,-0.7705408334732056],"rotationconfidence":0.5},"17":{"id":17,"position":[268.5464918613434,-614.5926117897034,3293.051242828369],"positionconfidence":1,"rotation":[0.9821507334709167,-0.1793751567602158,0.05660862848162651,0.159192830324173,0.9529978632926941,0.2577839195728302,-0.1001879498362541,-0.2441710084676743,0.9645429253578186],"rotationconfidence":1},"18":{"id":18,"position":[212.5488817691803,-949.8187899589539,3202.373266220093],"positionconfidence":1,"rotation":[0.9793672561645508,-0.2020886987447739,0,0.2002835720777512,0.9706192016601562,0.1333602517843247,-0.02695059962570667,-0.1306086629629135,0.9910677075386047],"rotationconfidence":1},"19":{"id":19,"position":[153.6185741424561,-1235.408306121826,3163.134098052979],"positionconfidence":1,"rotation":[0.9664207696914673,-0.2569646537303925,0,0.241733729839325,0.9091386198997498,-0.3391633033752441,0.08715298771858215,0.3277744948863983,0.9407275319099426],"rotationconfidence":1},"20":{"id":20,"position":[145.8350121974945,-1264.681577682495,3079.118490219116],"positionconfidence":1,"rotation":[0.9664207696914673,-0.2569646537303925,0,0.241733729839325,0.9091386198997498,-0.3391633033752441,0.08715298771858215,0.3277744948863983,0.9407275319099426],"rotationconfidence":1},"21":{"id":21,"position":[409.1254472732544,-627.2643208503723,3304.445505142212],"positionconfidence":1,"rotation":[0.9888031482696533,0.08148875832557678,0.1250119805335999,-0.1100392192602158,0.9640216827392578,0.2419783920049667,-0.1007957458496094,-0.253025233745575,0.9621946811676025],"rotationconfidence":1},"22":{"id":22,"position":[446.7388689517975,-956.7846059799194,3221.73285484314],"positionconfidence":1,"rotation":[0.9983251094818115,-0.003391425125300884,0.05775212869048119,-0.00999957975000143,0.9731385707855225,0.2300029098987579,-0.05698086321353912,-0.2301951795816422,0.9714747667312622],"rotationconfidence":1},"23":{"id":23,"position":[449.4609832763672,-1221.695184707642,3159.120798110962],"positionconfidence":1,"rotation":[0.9787417054176331,0.2050969302654266,0,-0.1976258009672165,0.9430887699127197,-0.267446756362915,-0.05485250428318977,0.2617612779140472,0.9635726809501648],"rotationconfidence":1},"24":{"id":24,"position":[454.3410241603851,-1244.983196258545,3073.395013809204],"positionconfidence":1,"rotation":[0.9787417054176331,0.2050969302654266,0,-0.1976258009672165,0.9430887699127197,-0.267446756362915,-0.05485250428318977,0.2617612779140472,0.9635726809501648],"rotationconfidence":1}},"skeletonTracked":true,"frameCount":4},{"position":[307.307630777359,-642.0256495475769,3197.348117828369],"positionTracked":true,"id":4507,"skeleton":{"1":{"id":1,"position":[386.5974247455597,-17.67236739397049,3418.167114257813],"positionconfidence":1,"rotation":[0.9900451898574829,-0.1407498419284821,0,0.1396255344152451,0.9821366667747498,-0.1261437386274338,0.01775471121072769,0.124888002872467,0.9920119643211365],"rotationconfidence":1},"2":{"id":2,"position":[365.3891086578369,-166.853278875351,3437.32762336731],"positionconfidence":1,"rotation":[0.9898989796638489,-0.1352818608283997,0.04241112619638443,0.1396255344152451,0.9821366667747498,-0.1261437386274338,-0.0245885644108057,0.1307912319898605,0.9911049008369446],"rotationconfidence":1},"3":{"id":3,"position":[343.9314961433411,-503.6237239837647,3382.67707824707],"positionconfidence":1,"rotation":[0.9969766736030579,-0.0692441463470459,0.03525385633111,0.0627690851688385,0.9851409196853638,0.1598670184612274,-0.045799870043993,-0.157170832157135,0.986508846282959],"rotationconfidence":1},"4":{"id":4,"position":[342.9326713085175,-552.6615381240845,3319.91982460022],"positionconfidence":1,"rotation":[0.992692768573761,-0.102242149412632,0.06409148126840591,0.01254011876881123,0.6156635284423828,0.7879093289375305,-0.12001633644104,-0.7813482284545898,0.6124468445777893],"rotationconfidence":1},"6":{"id":6,"position":[203.8242667913437,-262.1766626834869,3414.542675018311],"positionconfidence":1,"rotation":[0.2797411382198334,0.9284660220146179,0.2443270236253738,0.4391141533851624,0.102574959397316,-0.8925564289093018,-0.8537701964378357,0.3569722175598145,-0.3790081441402435],"rotationconfidence":1},"7":{"id":7,"position":[144.8742151260376,-457.8329622745514,3363.055467605591],"positionconfidence":1,"rotation":[-0.363521933555603,0.1124280244112015,0.9247766137123108,0.3727307021617889,0.9273244738578796,0.03377953544259071,-0.8537701964378357,0.3569722175598145,-0.3790081441402435],"rotationconfidence":1},"8":{"id":8,"position":[217.1029895544052,-480.1714718341827,3179.310083389282],"positionconfidence":1,"rotation":[-0.3343099355697632,0.2277086675167084,0.9145411849021912,0,0.9703733325004578,-0.241610124707222,-0.9424630999565125,-0.08077266812324524,-0.3244054317474365],"rotationconfidence":1},"9":{"id":9,"position":[245.9936738014221,-499.849796295166,3100.276470184326],"positionconfidence":0.5,"rotation":[-0.3343099355697632,0.2277086675167084,0.9145411849021912,0,0.9703733325004578,-0.241610124707222,-0.9424630999565125,-0.08077266812324524,-0.3244054317474365],"rotationconfidence":0.5},"12":{"id":12,"position":[524.431049823761,-285.9696447849274,3425.636529922485],"positionconfidence":1,"rotation":[0.1360093653202057,-0.9752828478813171,-0.1741400808095932,-0.3637080192565918,0.1143455728888512,-0.9244682192802429,0.9215301871299744,0.1890724897384644,-0.339166134595871],"rotationconfidence":1},"13":{"id":13,"position":[550.9686470031738,-476.2628972530365,3391.659021377564],"positionconfidence":0.5,"rotation":[-0.3036572933197022,-0.1935072690248489,-0.9329240918159485,-0.2420213967561722,0.9627079963684082,-0.1209095492959023,0.9215301871299744,0.1890724897384644,-0.339166134595871],"rotationconfidence":0.5},"14":{"id":14,"position":[488.542377948761,-516.0443782806396,3199.867248535156],"positionconfidence":1,"rotation":[0.4820300042629242,-0.1754246056079865,-0.8584131598472595,0,-0.9797508120536804,0.200221061706543,-0.8761547207832336,-0.0965125560760498,-0.4722692966461182],"rotationconfidence":1},"15":{"id":15,"position":[504.9412846565247,-522.0124125480652,3170.663595199585],"positionconfidence":0.5,"rotation":[0.4820300042629242,-0.1754246056079865,-0.8584131598472595,0,-0.9797508120536804,0.200221061706543,-0.8761547207832336,-0.0965125560760498,-0.4722692966461182],"rotationconfidence":0.5},"17":{"id":17,"position":[268.6916291713715,-614.5277619361877,3290.145397186279],"positionconfidence":1,"rotation":[0.9822816848754883,-0.1793253421783447,0.05445326119661331,0.1599923968315125,0.9537073969841003,0.2546460032463074,-0.09759696573019028,-0.2414220124483109,0.9655000567436218],"rotationconfidence":1},"18":{"id":18,"position":[212.5378996133804,-949.2576122283936,3200.770378112793],"positionconfidence":1,"rotation":[0.9794224500656128,-0.2018207162618637,0,0.2001055181026459,0.9710987210273743,0.1300962567329407,-0.02625611983239651,-0.12741918861866,0.9915013313293457],"rotationconfidence":1},"19":{"id":19,"position":[153.5880565643311,-1235.337257385254,3162.444829940796],"positionconfidence":1,"rotation":[0.9679847359657288,-0.2510088086128235,0,0.2359398603439331,0.9098731875419617,-0.3412669599056244,0.08566101640462875,0.330341249704361,0.9399664402008057],"rotationconfidence":1},"20":{"id":20,"position":[145.9485590457916,-1264.798045158386,3078.61590385437],"positionconfidence":1,"rotation":[0.9679847359657288,-0.2510088086128235,0,0.2359398603439331,0.9098731875419617,-0.3412669599056244,0.08566101640462875,0.330341249704361,0.9399664402008057],"rotationconfidence":1},"21":{"id":21,"position":[409.5551073551178,-627.5572776794434,3301.126480102539],"positionconfidence":1,"rotation":[0.9891510009765625,0.08227109909057617,0.1217032298445702,-0.109411783516407,0.9654197096824646,0.236629992723465,-0.09802689403295517,-0.2473785877227783,0.9639474153518677],"rotationconfidence":1},"22":{"id":22,"position":[446.8469023704529,-956.6099047660828,3220.473766326904],"positionconfidence":1,"rotation":[0.9982538223266602,-0.004286942072212696,0.05891400948166847,-0.009309221990406513,0.9734818935394287,0.2285742908716202,-0.05833160504698753,-0.2287236005067825,0.9717420935630798],"rotationconfidence":1},"23":{"id":23,"position":[449.378252029419,-1221.317648887634,3158.320188522339],"positionconfidence":1,"rotation":[0.9783287644386292,0.2070577591657639,0,-0.1994223445653915,0.9422520995140076,-0.2690570652484894,-0.05571034923195839,0.2632262408733368,0.9631242156028748],"rotationconfidence":1},"24":{"id":24,"position":[454.3309211730957,-1244.718551635742,3072.69811630249],"positionconfidence":1,"rotation":[0.9783287644386292,0.2070577591657639,0,-0.1994223445653915,0.9422520995140076,-0.2690570652484894,-0.05571034923195839,0.2632262408733368,0.9631242156028748],"rotationconfidence":1}},"skeletonTracked":true,"frameCount":5},{"position":[307.9423010349274,-640.6972408294678,3193.635940551758],"positionTracked":true,"id":4507,"skeleton":{"1":{"id":1,"position":[389.7293210029602,-17.21195876598358,3414.233922958374],"positionconfidence":1,"rotation":[0.9871902465820312,-0.1595477908849716,0,0.1580640226602554,0.9780095815658569,-0.1360631734132767,0.02170857787132263,0.1343202441930771,0.9907003045082092],"rotationconfidence":1},"2":{"id":2,"position":[365.5030429363251,-167.1102792024612,3435.088157653809],"positionconfidence":1,"rotation":[0.9869606494903564,-0.1522385329008102,0.0522715263068676,0.1580640226602554,0.9780095815658569,-0.1360631734132767,-0.03040799126029015,0.1425512135028839,0.9893202185630798],"rotationconfidence":1},"3":{"id":3,"position":[343.9673781394959,-503.4359693527222,3379.770755767822],"positionconfidence":1,"rotation":[0.9966088533401489,-0.0707307755947113,0.04204725101590157,0.06305750459432602,0.9847785234451294,0.1619721204042435,-0.05286364629864693,-0.1587714701890945,0.9858991503715515],"rotationconfidence":1},"4":{"id":4,"position":[343.271404504776,-552.4406433105469,3316.96367263794],"positionconfidence":1,"rotation":[0.991562008857727,-0.1073042377829552,0.07273555546998978,0.0087361428886652,0.6151265501976013,0.788379967212677,-0.1293380856513977,-0.7810922265052795,0.6108735203742981],"rotationconfidence":1},"6":{"id":6,"position":[203.6029398441315,-262.0153725147247,3411.442756652832],"positionconfidence":1,"rotation":[0.2799668610095978,0.9269525408744812,0.2497550398111343,0.4477315545082092,0.1040567010641098,-0.8880926966667175,-0.849208414554596,0.360459715127945,-0.3858934640884399],"rotationconfidence":1},"7":{"id":7,"position":[144.7241604328156,-456.9592773914337,3358.917713165283],"positionconfidence":1,"rotation":[-0.372902512550354,0.1080587282776833,0.921556830406189,0.3738832771778107,0.9264944791793823,0.0426519513130188,-0.849208414554596,0.360459715127945,-0.3858934640884399],"rotationconfidence":1},"8":{"id":8,"position":[218.074232339859,-478.2144725322723,3177.647113800049],"positionconfidence":1,"rotation":[-0.341875821352005,0.2196465879678726,0.913715660572052,0,0.9723015427589417,-0.2337299436330795,-0.9397451281547546,-0.07990662008523941,-0.3324064016342163],"rotationconfidence":1},"9":{"id":9,"position":[246.686652302742,-496.5972304344177,3101.176023483276],"positionconfidence":0.5,"rotation":[-0.341875821352005,0.2196465879678726,0.913715660572052,0,0.9723015427589417,-0.2337299436330795,-0.9397451281547546,-0.07990662008523941,-0.3324064016342163],"rotationconfidence":0.5},"12":{"id":12,"position":[524.416983127594,-286.0749065876007,3424.77011680603],"positionconfidence":1,"rotation":[0.1398928910493851,-0.9772391319274902,-0.1594792306423187,-0.3649236559867859,0.09884152561426163,-0.925775945186615,0.9204676747322083,0.1877072304487228,-0.3427904546260834],"rotationconfidence":1},"13":{"id":13,"position":[551.5203475952148,-475.4088222980499,3393.872022628784],"positionconfidence":0.5,"rotation":[-0.3069600164890289,-0.1956560760736466,-0.9313936233520508,-0.2418983578681946,0.9625406861305237,-0.1224764809012413,0.9204676747322083,0.1877072304487228,-0.3427904546260834],"rotationconfidence":0.5},"14":{"id":14,"position":[487.8296554088593,-516.0052180290222,3200.618505477905],"positionconfidence":1,"rotation":[0.2485435456037521,-0.1310443133115768,-0.9597153663635254,0,-0.9908061027526855,0.1352895945310593,-0.968620777130127,-0.03362535685300827,-0.2462584674358368],"rotationconfidence":1},"15":{"id":15,"position":[498.8569617271423,-521.8193531036377,3158.038139343262],"positionconfidence":0.5,"rotation":[0.2485435456037521,-0.1310443133115768,-0.9597153663635254,0,-0.9908061027526855,0.1352895945310593,-0.968620777130127,-0.03362535685300827,-0.2462584674358368],"rotationconfidence":0.5},"17":{"id":17,"position":[268.9093947410584,-614.165723323822,3285.887002944946],"positionconfidence":1,"rotation":[0.9809349179267883,-0.1826002299785614,0.06651058793067932,0.1609299778938294,0.9551138281822205,0.2487148195505142,-0.1089405715465546,-0.2332695126533508,0.9662904143333435],"rotationconfidence":1},"18":{"id":18,"position":[212.5909924507141,-948.4134912490845,3198.847770690918],"positionconfidence":1,"rotation":[0.97945636510849,-0.201656386256218,0,0.2000461369752884,0.9716353416442871,0.1261204332113266,-0.02543299086391926,-0.123529464006424,0.99201500415802],"rotationconfidence":1},"19":{"id":19,"position":[153.5472422838211,-1235.19229888916,3161.623239517212],"positionconfidence":1,"rotation":[0.9706718325614929,-0.2404086291790009,0,0.2257333248853684,0.9114189743995667,-0.3440348505973816,0.0827089324593544,0.3339448869228363,0.9389568567276001],"rotationconfidence":1},"20":{"id":20,"position":[146.1821794509888,-1264.929413795471,3078.01103591919],"positionconfidence":1,"rotation":[0.9706718325614929,-0.2404086291790009,0,0.2257333248853684,0.9114189743995667,-0.3440348505973816,0.0827089324593544,0.3339448869228363,0.9389568567276001],"rotationconfidence":1},"21":{"id":21,"position":[410.0046157836914,-627.6306509971619,3298.543691635132],"positionconfidence":1,"rotation":[0.9880635738372803,0.07842959463596344,0.1325863897800446,-0.1080480441451073,0.9663134217262268,0.2335893362760544,-0.1097996905446053,-0.2451268136501312,0.9632532596588135],"rotationconfidence":1},"22":{"id":22,"position":[446.7678368091583,-956.4176797866821,3219.065189361572],"positionconfidence":1,"rotation":[0.9981457591056824,-0.004574538208544254,0.06069647148251534,-0.00924023799598217,0.974227249622345,0.2253795713186264,-0.06016316264867783,-0.225522518157959,0.9723785519599915],"rotationconfidence":1},"23":{"id":23,"position":[449.2788314819336,-1221.15969657898,3157.819271087647],"positionconfidence":1,"rotation":[0.9773448705673218,0.2116530537605286,0,-0.2037425935268402,0.9408169388771057,-0.2708365023136139,-0.05732336640357971,0.2647006511688232,0.9626253247261047],"rotationconfidence":1},"24":{"id":24,"position":[454.3731808662415,-1244.683742523193,3072.270393371582],"positionconfidence":1,"rotation":[0.9773448705673218,0.2116530537605286,0,-0.2037425935268402,0.9408169388771057,-0.2708365023136139,-0.05732336640357971,0.2647006511688232,0.9626253247261047],"rotationconfidence":1}},"skeletonTracked":true,"frameCount":6},{"position":[309.4200789928436,-643.6523795127869,3197.911739349365],"positionTracked":true,"id":4507,"skeleton":{"1":{"id":1,"position":[389.157235622406,-13.80779501050711,3407.064914703369],"positionconfidence":1,"rotation":[0.9884030818939209,-0.1518529504537582,0,0.1497248262166977,0.9745512008666992,-0.1668307483196259,0.02533374167978764,0.1648960262537003,0.9859855771064758],"rotationconfidence":1},"2":{"id":2,"position":[365.5684888362885,-167.3457324504852,3433.348655700684],"positionconfidence":1,"rotation":[0.9881842732429504,-0.1419030278921127,0.05792666971683502,0.1497248262166977,0.9745512008666992,-0.1668307483196259,-0.03277871385216713,0.1735325753688812,0.9842824935913086],"rotationconfidence":1},"3":{"id":3,"position":[344.008207321167,-503.2452940940857,3377.421140670776],"positionconfidence":1,"rotation":[0.9963081479072571,-0.07178856432437897,0.04707994312047958,0.06318853050470352,0.9844491481781006,0.1639114767313004,-0.05811478570103645,-0.1603314578533173,0.985351026058197],"rotationconfidence":1},"4":{"id":4,"position":[343.5259759426117,-552.1645545959473,3314.561605453491],"positionconfidence":1,"rotation":[0.9904138445854187,-0.1125913113355637,0.08002406358718872,0.006054129917174578,0.6141524314880371,0.7891643047332764,-0.1379999965429306,-0.7811146378517151,0.6089466214179993],"rotationconfidence":1},"6":{"id":6,"position":[203.2804042100906,-261.9754076004028,3408.824682235718],"positionconfidence":1,"rotation":[0.2801177501678467,0.9247495532035828,0.257628470659256,0.4576245844364166,0.1072798371315002,-0.8826499581336975,-0.8438683748245239,0.3651430010795593,-0.3931370973587036],"rotationconfidence":1},"7":{"id":7,"position":[144.3585008382797,-456.493616104126,3354.633331298828],"positionconfidence":1,"rotation":[-0.3823381364345551,0.1048328205943108,0.9180564284324646,0.3764355480670929,0.9250301122665405,0.05114299431443214,-0.8438683748245239,0.3651430010795593,-0.3931370973587036],"rotationconfidence":1},"8":{"id":8,"position":[219.7510302066803,-477.1654009819031,3173.603534698486],"positionconfidence":1,"rotation":[-0.349