{"motiondata":[{"position":[123.7372606992722,-526.4672636985779,2456.155776977539],"positionTracked":true,"id":4824,"skeleton":{"1":{"id":1,"position":[152.3272097110748,36.46568581461906,2686.933040618897],"positionconfidence":1,"rotation":[0.9990126490592957,0.04442591592669487,0,-0.04373612999916077,0.9835014343261719,0.1755339801311493,0.007798257749527693,-0.1753606647253037,0.9844734072685242],"rotationconfidence":1},"2":{"id":2,"position":[160.9247028827667,-156.8675190210342,2652.427196502686],"positionconfidence":1,"rotation":[0.9963996410369873,0.05571503564715385,-0.06390302628278732,-0.04373612999916077,0.9835014343261719,0.1755339801311493,0.07262859493494034,-0.1721071153879166,0.9823971390724182],"rotationconfidence":1},"3":{"id":3,"position":[150.6515890359879,-485.3205382823944,2608.100414276123],"positionconfidence":1,"rotation":[0.9967660307884216,-0.02069708146154881,-0.07764770090579987,0.03098139539361,0.9905402064323425,0.1336795836687088,0.07414639741182327,-0.1356529146432877,0.9879781007766724],"rotationconfidence":1},"4":{"id":4,"position":[144.832506775856,-534.9894165992737,2548.165321350098],"positionconfidence":1,"rotation":[0.9970073103904724,-0.06336649507284164,-0.04428664967417717,0.07454804331064224,0.6363061666488647,0.7678262591362,-0.02047459408640862,-0.7688298225402832,0.639125645160675],"rotationconfidence":1},"6":{"id":6,"position":[9.812356904149055,-275.126039981842,2651.763916015625],"positionconfidence":1,"rotation":[0.1763471812009811,0.9792178273200989,-0.1001701131463051,0.07900784909725189,-0.1155177876353264,-0.9901582598686218,-0.9811521172523499,0.1666973978281021,-0.0977371335029602],"rotationconfidence":1},"7":{"id":7,"position":[-33.85052084922791,-517.5765752792358,2676.565647125244],"positionconfidence":1,"rotation":[0.04893762245774269,0.7036519646644592,0.708857536315918,0.1869376301765442,0.6907140612602234,-0.69854736328125,-0.9811521172523499,0.1666973978281021,-0.0977371335029602],"rotationconfidence":1},"8":{"id":8,"position":[-47.07807675004005,-707.7696323394775,2484.965562820435],"positionconfidence":1,"rotation":[0.0499088428914547,0.734360933303833,0.6769218444824219,0,0.6777665019035339,-0.7352772951126099,-0.9987538456916809,0.03669684007763863,0.03382654115557671],"rotationconfidence":1},"9":{"id":9,"position":[-51.29708349704742,-769.8482871055603,2427.74248123169],"positionconfidence":0.5,"rotation":[0.0499088428914547,0.734360933303833,0.6769218444824219,0,0.6777665019035339,-0.7352772951126099,-0.9987538456916809,0.03669684007763863,0.03382654115557671],"rotationconfidence":0.5},"12":{"id":12,"position":[299.4649112224579,-283.6781740188599,2628.851652145386],"positionconfidence":1,"rotation":[0.1666144877672195,-0.981042742729187,0.09896843880414963,-0.2209734320640564,-0.1349691897630692,-0.9658955335617065,0.9609425067901611,0.1390627920627594,-0.2392722070217133],"rotationconfidence":1},"13":{"id":13,"position":[339.2950892448425,-518.2022452354431,2652.510643005371],"positionconfidence":1,"rotation":[-0.2002088725566864,-0.2475855946540833,-0.9479544162750244,-0.1910655349493027,0.9588341116905212,-0.2100739181041718,0.9609425067901611,0.1390627920627594,-0.2392722070217133],"rotationconfidence":1},"14":{"id":14,"position":[294.2911982536316,-573.8556981086731,2439.424991607666],"positionconfidence":0.5,"rotation":[0.1781888753175736,-0.2884817719459534,-0.9407587051391602,0,-0.9560592770576477,0.2931736707687378,-0.9839963316917419,-0.0522402860224247,-0.1703591346740723],"rotationconfidence":0.5},"15":{"id":15,"position":[305.1434457302094,-591.4251208305359,2382.129907608032],"positionconfidence":0.5,"rotation":[0.1781888753175736,-0.2884817719459534,-0.9407587051391602,0,-0.9560592770576477,0.2931736707687378,-0.9839963316917419,-0.0522402860224247,-0.1703591346740723],"rotationconfidence":0.5},"17":{"id":17,"position":[82.20008760690689,-596.3021516799927,2529.299736022949],"positionconfidence":1,"rotation":[0.8109757304191589,-0.5429116487503052,-0.2180941253900528,0.5849630236625671,0.7449364066123962,0.3207613825798035,-0.01167884096503258,-0.3877067565917969,0.9217087030410767],"rotationconfidence":1},"18":{"id":18,"position":[-120.378315448761,-854.2808890342712,2418.216943740845],"positionconfidence":1,"rotation":[0.5920224189758301,0.8059214949607849,0,-0.7574693560600281,0.5564299821853638,0.3415052890777588,0.2752264440059662,-0.2021787911653519,0.939879834651947],"rotationconfidence":1},"19":{"id":19,"position":[122.7254495024681,-1032.862663269043,2308.613538742065],"positionconfidence":0.5,"rotation":[-0.2889406979084015,0.95734703540802,0,-0.8963772654533386,-0.2705391645431519,-0.3511644303798676,-0.3361862003803253,-0.1014656946063042,0.936313807964325],"rotationconfidence":0.5},"20":{"id":20,"position":[154.0395468473434,-1023.411631584168,2221.400499343872],"positionconfidence":0.5,"rotation":[-0.2889406979084015,0.95734703540802,0,-0.8963772654533386,-0.2705391645431519,-0.3511644303798676,-0.3361862003803253,-0.1014656946063042,0.936313807964325],"rotationconfidence":0.5},"21":{"id":21,"position":[200.9508311748505,-599.2416143417358,2529.567956924439],"positionconfidence":1,"rotation":[0.883908212184906,0.4234031736850739,0.1985851228237152,-0.4675048291683197,0.8109458088874817,0.3518608808517456,-0.01206276379525662,-0.403852254152298,0.9147447347640991],"rotationconfidence":1},"22":{"id":22,"position":[363.0097806453705,-880.3532123565674,2407.596588134766],"positionconfidence":1,"rotation":[0.935748815536499,0.3463436663150787,0.06648409366607666,-0.2665481269359589,0.5711233615875244,0.7763829231262207,0.2309246957302094,-0.7442206144332886,0.6267452836036682],"rotationconfidence":1},"23":{"id":23,"position":[439.4828379154205,-1044.209361076355,2184.851169586182],"positionconfidence":0.5,"rotation":[-0.9279178380966187,-0.3727847039699554,0,-0.1422857195138931,0.3541708290576935,-0.9242931008338928,0.3445623517036438,-0.8576681017875671,-0.3816833794116974],"rotationconfidence":0.5},"24":{"id":24,"position":[402.5907516479492,-952.3793458938599,2225.717782974243],"positionconfidence":0.5,"rotation":[-0.9279178380966187,-0.3727847039699554,0,-0.1422857195138931,0.3541708290576935,-0.9242931008338928,0.3445623517036438,-0.8576681017875671,-0.3816833794116974],"rotationconfidence":0.5}},"skeletonTracked":true,"frameCount":1},{"position":[124.6680021286011,-523.9740014076233,2455.958127975464],"positionTracked":true,"id":4824,"skeleton":{"1":{"id":1,"position":[152.491495013237,36.75036504864693,2689.026594161987],"positionconfidence":1,"rotation":[0.999129593372345,0.04171266406774521,0,-0.04104739055037499,0.9831944704055786,0.177886888384819,0.007420136127620935,-0.1777320504188538,0.9840508699417114],"rotationconfidence":1},"2":{"id":2,"position":[160.5847626924515,-157.1049839258194,2653.952836990356],"positionconfidence":1,"rotation":[0.9968321323394775,0.05243635550141335,-0.05980079993605614,-0.04104739055037499,0.9831944704055786,0.177886888384819,0.06812355667352676,-0.1748686879873276,0.9822322130203247],"rotationconfidence":1},"3":{"id":3,"position":[149.9208956956863,-485.5292141437531,2608.728408813477],"positionconfidence":1,"rotation":[0.9970569610595703,-0.0222726222127676,-0.07335890829563141,0.03214963898062706,0.9901398420333862,0.1363435089588165,0.06959884613752365,-0.1383006870746613,0.9879418015480042],"rotationconfidence":1},"4":{"id":4,"position":[144.1716998815537,-534.9973440170288,2548.752546310425],"positionconfidence":1,"rotation":[0.9968202114105225,-0.07024980336427689,-0.03761159256100655,0.07374854385852814,0.6345587968826294,0.7693480849266052,-0.03017977997660637,-0.7696753740310669,0.6377217173576355],"rotationconfidence":1},"6":{"id":6,"position":[9.578495286405087,-275.2681076526642,2651.994466781616],"positionconfidence":1,"rotation":[0.1835602670907974,0.9760966897010803,-0.1163647323846817,0.08073478937149048,-0.1329460591077805,-0.9878295063972473,-0.9796874523162842,0.171931579709053,-0.1032085865736008],"rotationconfidence":1},"7":{"id":7,"position":[-35.72739660739899,-516.1858797073364,2680.715322494507],"positionconfidence":1,"rotation":[0.04516927897930145,0.6906530857086182,0.7217742800712585,0.1953771263360977,0.7024513483047485,-0.6843901872634888,-0.9796874523162842,0.171931579709053,-0.1032085865736008],"rotationconfidence":1},"8":{"id":8,"position":[-48.31582307815552,-708.6670398712158,2479.560852050781],"positionconfidence":1,"rotation":[0.04483157023787499,0.725979745388031,0.6862532496452332,0,0.6869439482688904,-0.7267103791236877,-0.9989945292472839,0.03257956728339195,0.03079677559435368],"rotationconfidence":1},"9":{"id":9,"position":[-52.21445858478546,-771.7995643615723,2419.883012771606],"positionconfidence":0.5,"rotation":[0.04483157023787499,0.725979745388031,0.6862532496452332,0,0.6869439482688904,-0.7267103791236877,-0.9989945292472839,0.03257956728339195,0.03079677559435368],"rotationconfidence":0.5},"12":{"id":12,"position":[299.1834580898285,-283.5845351219177,2630.428075790405],"positionconfidence":1,"rotation":[0.1655701398849487,-0.9797868132591248,0.1122694909572601,-0.2090947031974793,-0.1461286991834641,-0.9669156670570374,0.9637768864631653,0.1366173923015595,-0.2290627509355545],"rotationconfidence":1},"13":{"id":13,"position":[338.6431634426117,-517.0934200286865,2657.184839248657],"positionconfidence":1,"rotation":[-0.1921678185462952,-0.2398584336042404,-0.9515983462333679,-0.1849475204944611,0.9611469507217407,-0.2049165517091751,0.9637768864631653,0.1366173923015595,-0.2290627509355545],"rotationconfidence":1},"14":{"id":14,"position":[295.5887913703919,-570.8326697349548,2443.983316421509],"positionconfidence":1,"rotation":[0.03378253057599068,-0.1985962390899658,-0.9794989824295044,0,-0.9800584316253662,0.1987096518278122,-0.9994292259216309,-0.006712914910167456,-0.03310885280370712],"rotationconfidence":1},"15":{"id":15,"position":[297.691822052002,-583.195686340332,2383.007526397705],"positionconfidence":0.5,"rotation":[0.03378253057599068,-0.1985962390899658,-0.9794989824295044,0,-0.9800584316253662,0.1987096518278122,-0.9994292259216309,-0.006712914910167456,-0.03310885280370712],"rotationconfidence":0.5},"17":{"id":17,"position":[81.444151699543,-596.1452722549438,2529.393911361694],"positionconfidence":1,"rotation":[0.8117495179176331,-0.5470194816589355,-0.2045297771692276,0.5835447311401367,0.7458261251449585,0.3212771117687225,-0.02320119179785252,-0.3801487982273102,0.9246342778205872],"rotationconfidence":1},"18":{"id":18,"position":[-120.6473559141159,-854.4375896453857,2418.130159378052],"positionconfidence":1,"rotation":[0.5856614112854004,0.8105558156967163,0,-0.7616105079650879,0.5502963066101074,0.3422329723834992,0.2773989140987396,-0.2004326432943344,0.9396151304244995],"rotationconfidence":1},"19":{"id":19,"position":[123.3421340584755,-1030.730485916138,2308.492422103882],"positionconfidence":0.5,"rotation":[-0.3029620945453644,0.9530025720596313,0,-0.8908484578132629,-0.2832031548023224,-0.3552249372005463,-0.3385303020477295,-0.1076196879148483,0.9347807765007019],"rotationconfidence":0.5},"20":{"id":20,"position":[154.9640148878098,-1020.677804946899,2221.175193786621],"positionconfidence":0.5,"rotation":[-0.3029620945453644,0.9530025720596313,0,-0.8908484578132629,-0.2832031548023224,-0.3552249372005463,-0.3385303020477295,-0.1076196879148483,0.9347807765007019],"rotationconfidence":0.5},"21":{"id":21,"position":[200.1607120037079,-599.4619131088257,2531.009197235107],"positionconfidence":1,"rotation":[0.8830962181091309,0.4179325997829437,0.2132448107004166,-0.4685806035995483,0.8087851405143738,0.3553853929042816,-0.02394209429621697,-0.4137618839740753,0.9100702404975891],"rotationconfidence":1},"22":{"id":22,"position":[362.9064857959747,-880.366325378418,2407.577991485596],"positionconfidence":1,"rotation":[0.9298980832099915,0.3627601563930512,0.0607842467725277,-0.2722786962985992,0.5677908658981323,0.7768384218215942,0.2472932934761047,-0.7389308214187622,0.6267595291137695],"rotationconfidence":1},"23":{"id":23,"position":[440.9817755222321,-1043.179035186768,2184.821367263794],"positionconfidence":0.5,"rotation":[-0.9219838380813599,-0.3872282207012177,0,-0.150418221950531,0.3581432402133942,-0.9214703440666199,0.356819361448288,-0.8495808839797974,-0.3884485065937042],"rotationconfidence":0.5},"24":{"id":24,"position":[402.7983844280243,-952.2650241851807,2226.389408111572],"positionconfidence":0.5,"rotation":[-0.9219838380813599,-0.3872282207012177,0,-0.150418221950531,0.3581432402133942,-0.9214703440666199,0.356819361448288,-0.8495808839797974,-0.3884485065937042],"rotationconfidence":0.5}},"skeletonTracked":true,"frameCount":2},{"position":[122.7328777313232,-527.3626446723938,2455.398082733154],"positionTracked":true,"id":4824,"skeleton":{"1":{"id":1,"position":[152.593195438385,37.05745562911034,2690.683841705322],"positionconfidence":1,"rotation":[0.9992175698280334,0.0395498238503933,0,-0.03891031071543694,0.9830604195594788,0.1791039705276489,0.0070835305377841,-0.178963840007782,0.9838301539421082],"rotationconfidence":1},"2":{"id":2,"position":[160.2798849344254,-157.1450531482697,2655.302047729492],"positionconfidence":1,"rotation":[0.9972139000892639,0.04961850494146347,-0.05569995567202568,-0.03891031071543694,0.9830604195594788,0.1791039705276489,0.06364329159259796,-0.1764376610517502,0.9822521805763245],"rotationconfidence":1},"3":{"id":3,"position":[149.1512656211853,-485.5661988258362,2609.48657989502],"positionconfidence":1,"rotation":[0.9973173141479492,-0.02415480278432369,-0.06909928470849991,0.03354134038090706,0.9898520112037659,0.1380865126848221,0.06506261974573135,-0.1400337517261505,0.9880068302154541],"rotationconfidence":1},"4":{"id":4,"position":[143.4765458106995,-534.8601341247559,2549.505472183228],"positionconfidence":1,"rotation":[0.9966810345649719,-0.07432137429714203,-0.03321533277630806,0.0728977769613266,0.6332327723503113,0.770520806312561,-0.03623311966657639,-0.770384669303894,0.6365488767623901],"rotationconfidence":1},"6":{"id":6,"position":[9.31843463331461,-275.2902209758759,2652.230501174927],"positionconfidence":1,"rotation":[0.1891960948705673,0.9735440611839294,-0.1281284838914871,0.089039646089077,-0.1469566971063614,-0.985127329826355,-0.9778940677642822,0.1749736964702606,-0.1144876405596733],"rotationconfidence":1},"7":{"id":7,"position":[-37.28723898530006,-515.1084661483765,2683.793067932129],"positionconfidence":1,"rotation":[0.04609998688101769,0.7144579887390137,0.6981579065322876,0.2039558738470078,0.6774466037750244,-0.7067304849624634,-0.9778940677642822,0.1749736964702606,-0.1144876405596733],"rotationconfidence":1},"8":{"id":8,"position":[-49.34753477573395,-702.0190358161926,2501.146793365479],"positionconfidence":0.5,"rotation":[0.04434911534190178,0.7764281630516052,0.6286433339118958,0,0.6292625069618225,-0.7771928310394287,-0.9990161061286926,0.03446781635284424,0.0279072355479002],"rotationconfidence":0.5},"9":{"id":9,"position":[-52.79049649834633,-762.2956037521362,2452.343225479126],"positionconfidence":0.5,"rotation":[0.04434911534190178,0.7764281630516052,0.6286433339118958,0,0.6292625069618225,-0.7771928310394287,-0.9990161061286926,0.03446781635284424,0.0279072355479002],"rotationconfidence":0.5},"12":{"id":12,"position":[298.8629341125488,-283.3836972713471,2632.016181945801],"positionconfidence":1,"rotation":[0.1649932563304901,-0.9789489507675171,0.1201508194208145,-0.2042664140462875,-0.1530955880880356,-0.9668697118759155,0.964910626411438,0.1349841952323914,-0.2252261191606522],"rotationconfidence":1},"13":{"id":13,"position":[338.2030725479126,-516.7992115020752,2660.664319992065],"positionconfidence":1,"rotation":[-0.1897794306278229,-0.2342856824398041,-0.9534642696380615,-0.1814698576927185,0.9627510905265808,-0.2004475146532059,0.964910626411438,0.1349841952323914,-0.2252261191606522],"rotationconfidence":1},"14":{"id":14,"position":[295.3028082847595,-569.760262966156,2445.130586624146],"positionconfidence":0.5,"rotation":[-0.07904282957315445,-0.1330129951238632,-0.9879574775695801,0,-0.9910581707954407,0.1334304511547089,-0.996871292591095,0.01054672058671713,0.07833604514598846],"rotationconfidence":0.5},"15":{"id":15,"position":[290.3448939323425,-578.1034231185913,2383.161544799805],"positionconfidence":0.5,"rotation":[-0.07904282957315445,-0.1330129951238632,-0.9879574775695801,0,-0.9910581707954407,0.1334304511547089,-0.996871292591095,0.01054672058671713,0.07833604514598846],"rotationconfidence":0.5},"17":{"id":17,"position":[80.52519708871841,-595.8423614501953,2529.803991317749],"positionconfidence":1,"rotation":[0.8130055069923401,-0.5481774210929871,-0.1962740421295166,0.581470251083374,0.7468827366828918,0.3225810527801514,-0.0302379559725523,-0.3763876855373383,0.9259686470031738],"rotationconfidence":1},"18":{"id":18,"position":[-120.8710595965385,-854.530394077301,2418.075799942017],"positionconfidence":1,"rotation":[0.5835542678833008,0.8120741844177246,0,-0.7632139921188354,0.5484434962272644,0.3416345715522766,0.2774326205253601,-0.1993623077869415,0.9398329257965088],"rotationconfidence":1},"19":{"id":19,"position":[123.4867572784424,-1030.125260353088,2308.694839477539],"positionconfidence":0.5,"rotation":[-0.3064324855804443,0.9518923759460449,0,-0.8890255689620972,-0.2861944437026978,-0.3573882281780243,-0.3401951491832733,-0.109515368938446,0.9339559674263],"rotationconfidence":0.5},"20":{"id":20,"position":[155.280664563179,-1019.890189170837,2221.409320831299],"positionconfidence":0.5,"rotation":[-0.3064324855804443,0.9518923759460449,0,-0.8890255689620972,-0.2861944437026978,-0.3573882281780243,-0.3401951491832733,-0.109515368938446,0.9339559674263],"rotationconfidence":0.5},"21":{"id":21,"position":[199.5359659194946,-599.4352698326111,2532.229900360107],"positionconfidence":1,"rotation":[0.8827097415924072,0.4140806496143341,0.2221730053424835,-0.468883752822876,0.8074699640274048,0.357966810464859,-0.0311709102243185,-0.4201540946960449,0.9069173336029053],"rotationconfidence":1},"22":{"id":22,"position":[362.6454472541809,-880.3279399871826,2407.704830169678],"positionconfidence":1,"rotation":[0.9270396828651428,0.3703132271766663,0.05886871367692947,-0.2752300202846527,0.5654035806655884,0.7775391340255737,0.2546484470367432,-0.7370120882987976,0.626072883605957],"rotationconfidence":1},"23":{"id":23,"position":[441.5726065635681,-1042.467594146729,2184.731483459473],"positionconfidence":0.5,"rotation":[-0.9189686179161072,-0.3943307101726532,0,-0.1554618775844574,0.3622963726520538,-0.9190065264701843,0.3623924553394318,-0.844538152217865,-0.3942423760890961],"rotationconfidence":0.5},"24":{"id":24,"position":[402.7896523475647,-952.0857930183411,2226.922988891602],"positionconfidence":0.5,"rotation":[-0.9189686179161072,-0.3943307101726532,0,-0.1554618775844574,0.3622963726520538,-0.9190065264701843,0.3623924553394318,-0.844538152217865,-0.3942423760890961],"rotationconfidence":0.5}},"skeletonTracked":true,"frameCount":3},{"position":[122.8667050600052,-523.175060749054,2457.748889923096],"positionTracked":true,"id":4824,"skeleton":{"1":{"id":1,"position":[152.6197046041489,37.32358664274216,2691.964626312256],"positionconfidence":1,"rotation":[0.9992786645889282,0.0379757471382618,0,-0.03735672309994698,0.9829898476600647,0.1798207610845566,0.006828827783465385,-0.1796910464763641,0.9836994409561157],"rotationconfidence":1},"2":{"id":2,"position":[160.0077599287033,-157.082736492157,2656.40139579773],"positionconfidence":1,"rotation":[0.9975110292434692,0.04744965210556984,-0.05215628445148468,-0.03735672309994698,0.9829898476600647,0.1798207610845566,0.05980152636766434,-0.1774247884750366,0.982315719127655],"rotationconfidence":1},"3":{"id":3,"position":[148.2998877763748,-485.551118850708,2610.16321182251],"positionconfidence":1,"rotation":[0.9975041747093201,-0.02633216977119446,-0.06551653891801834,0.03527387604117394,0.9896207451820374,0.139307975769043,0.06116823479533196,-0.1412712782621384,0.9880794882774353],"rotationconfidence":1},"4":{"id":4,"position":[142.6738202571869,-534.6992015838623,2550.172805786133],"positionconfidence":1,"rotation":[0.9964415431022644,-0.07933887839317322,-0.02844944410026074,0.07235517352819443,0.6320788264274597,0.7715187072753906,-0.04322913661599159,-0.7708317637443542,0.6355701684951782],"rotationconfidence":1},"6":{"id":6,"position":[9.054350666701794,-275.2631604671478,2652.423620223999],"positionconfidence":1,"rotation":[0.1930570155382156,0.9718755483627319,-0.1348592936992645,0.095281682908535,-0.1553649455308914,-0.9832513928413391,-0.976550281047821,0.1769739389419556,-0.1225962117314339],"rotationconfidence":1},"7":{"id":7,"position":[-38.46987336874008,-514.5066380500793,2685.621500015259],"positionconfidence":1,"rotation":[0.04688034206628799,0.730586051940918,0.6812093257904053,0.2101233750581741,0.659487783908844,-0.7217506170272827,-0.976550281047821,0.1769739389419556,-0.1225962117314339],"rotationconfidence":1},"8":{"id":8,"position":[-50.26256665587425,-698.2846856117249,2514.264106750488],"positionconfidence":0.5,"rotation":[0.04278681427240372,0.7973731756210327,0.6019678115844727,0,0.6025195717811584,-0.7981040477752686,-0.9990841746330261,0.03414832800626755,0.02577989362180233],"rotationconfidence":0.5},"9":{"id":9,"position":[-53.44902724027634,-757.6674222946167,2469.433784484863],"positionconfidence":0.5,"rotation":[0.04278681427240372,0.7973731756210327,0.6019678115844727,0,0.6025195717811584,-0.7981040477752686,-0.9990841746330261,0.03414832800626755,0.02577989362180233],"rotationconfidence":0.5},"12":{"id":12,"position":[298.6012101173401,-283.1709682941437,2633.368253707886],"positionconfidence":1,"rotation":[0.1806827783584595,-0.962845504283905,0.2007045149803162,-0.1912454217672348,-0.2345619350671768,-0.9531033635139465,0.9647688865661621,0.1338255405426025,-0.2265210896730423],"rotationconfidence":1},"13":{"id":13,"position":[341.8157398700714,-513.4580731391907,2681.371450424194],"positionconfidence":1,"rotation":[-0.1926102042198181,-0.2272528558969498,-0.9545980095863342,-0.1792271584272385,0.9645967483520508,-0.1934703141450882,0.9647688865661621,0.1338255405426025,-0.2265210896730423],"rotationconfidence":1},"14":{"id":14,"position":[295.9156334400177,-567.6137208938599,2453.885316848755],"positionconfidence":0.5,"rotation":[-0.1236539706587791,-0.1125040054321289,-0.9859272241592407,0,-0.9935523867607117,0.1133741065859795,-0.9923253655433655,0.01401915866881609,0.1228566989302635],"rotationconfidence":0.5},"15":{"id":15,"position":[287.7702116966248,-575.024664402008,2388.939619064331],"positionconfidence":0.5,"rotation":[-0.1236539706587791,-0.1125040054321289,-0.9859272241592407,0,-0.9935523867607117,0.1133741065859795,-0.9923253655433655,0.01401915866881609,0.1228566989302635],"rotationconfidence":0.5},"17":{"id":17,"position":[79.35354858636856,-595.4506993293762,2530.023336410523],"positionconfidence":1,"rotation":[0.8145372271537781,-0.5492759346961975,-0.1866144686937332,0.5788723826408386,0.7485819458961487,0.3233137726783752,-0.03789227083325386,-0.3713770806789398,0.9277085661888123],"rotationconfidence":1},"18":{"id":18,"position":[-121.1337670683861,-854.7154068946838,2418.046474456787],"positionconfidence":1,"rotation":[0.5770313739776611,0.81672203540802,0,-0.7670396566390991,0.5419297218322754,0.3434563279151917,0.2805083394050598,-0.198185071349144,0.9391686320304871],"rotationconfidence":1},"19":{"id":19,"position":[124.2090836167336,-1028.055310249329,2308.189630508423],"positionconfidence":0.5,"rotation":[-0.3179184794425964,0.9481180310249329,0,-0.8845632076263428,-0.2966075539588928,-0.359961062669754,-0.3412855863571167,-0.1144382879137993,0.9329673647880554],"rotationconfidence":0.5},"20":{"id":20,"position":[156.1907678842545,-1017.33136177063,2220.761775970459],"positionconfidence":0.5,"rotation":[-0.3179184794425964,0.9481180310249329,0,-0.8845632076263428,-0.2966075539588928,-0.359961062669754,-0.3412855863571167,-0.1144382879137993,0.9329673647880554],"rotationconfidence":0.5},"21":{"id":21,"position":[198.7892836332321,-599.4448065757751,2533.302783966065],"positionconfidence":1,"rotation":[0.8819729685783386,0.4103500545024872,0.2318110764026642,-0.4696772694587708,0.8060490489006042,0.360122561454773,-0.03907477110624313,-0.4264947474002838,0.9036455154418945],"rotationconfidence":1},"22":{"id":22,"position":[362.4075949192047,-880.2427053451538,2407.849311828613],"positionconfidence":1,"rotation":[0.924712598323822,0.3763141930103302,0.05739440396428108,-0.2774897813796997,0.5631584525108337,0.7783649563789368,0.2605876326560974,-0.7356902360916138,0.6251830458641052],"rotationconfidence":1},"23":{"id":23,"position":[442.0008659362793,-1041.775226593018,2184.588432312012],"positionconfidence":0.5,"rotation":[-0.9164906144142151,-0.4000560939311981,0,-0.1600201278924942,0.3665909469127655,-0.9165176153182983,0.3666585087776184,-0.8399798274040222,-0.3999942243099213],"rotationconfidence":0.5},"24":{"id":24,"position":[402.7569591999054,-951.8711566925049,2227.400302886963],"positionconfidence":0.5,"rotation":[-0.9164906144142151,-0.4000560939311981,0,-0.1600201278924942,0.3665909469127655,-0.9165176153182983,0.3666585087776184,-0.8399798274040222,-0.3999942243099213],"rotationconfidence":0.5}},"skeletonTracked":true,"frameCount":4},{"position":[123.0113729834557,-522.3765969276428,2454.728841781616],"positionTracked":true,"id":4824,"skeleton":{"1":{"id":1,"position":[152.6299118995667,37.5131405889988,2692.814826965332],"positionconfidence":1,"rotation":[0.9993162751197815,0.03697440400719643,0,-0.03637030720710754,0.9829891324043274,0.1800264120101929,0.00665636919438839,-0.1799033284187317,0.9836618304252625],"rotationconfidence":1},"2":{"id":2,"position":[159.8228067159653,-156.8909883499146,2657.211303710938],"positionconfidence":1,"rotation":[0.9978067874908447,0.04569040983915329,-0.04789650812745094,-0.03637030720710754,0.9829891324043274,0.1800264120101929,0.05530722811818123,-0.1778895556926727,0.9824950695037842],"rotationconfidence":1},"3":{"id":3,"position":[147.4601924419403,-485.4210913181305,2610.749959945679],"positionconfidence":1,"rotation":[0.9977000951766968,-0.02887043543159962,-0.06132786720991135,0.03723349422216415,0.9894608855247498,0.1399314105510712,0.05664164572954178,-0.1418930441141129,0.9882602095603943],"rotationconfidence":1},"4":{"id":4,"position":[142.0034468173981,-534.4772338867188,2550.716400146484],"positionconfidence":1,"rotation":[0.9963086247444153,-0.08271320909261703,-0.02297067642211914,0.07021082937717438,0.6311953663825989,0.7724395394325256,-0.049391970038414,-0.771200954914093,0.6346727609634399],"rotationconfidence":1},"6":{"id":6,"position":[8.806543424725533,-275.0972509384155,2652.38094329834],"positionconfidence":1,"rotation":[0.1964711993932724,0.9704517722129822,-0.140080064535141,0.1069820448756218,-0.1632284224033356,-0.9807707071304321,-0.9746557474136353,0.1777071505784988,-0.1358906030654907],"rotationconfidence":1},"7":{"id":7,"position":[-39.55832496285439,-513.9911770820618,2686.864137649536],"positionconfidence":1,"rotation":[0.03835020586848259,0.7311744093894958,0.6811116933822632,0.2203981429338455,0.6586380004882812,-0.7194584608078003,-0.9746557474136353,0.1777071505784988,-0.1358906030654907],"rotationconfidence":1},"8":{"id":8,"position":[-49.25589635968208,-698.8824009895325,2514.632225036621],"positionconfidence":0.5,"rotation":[0.01303246337920427,0.7821201682090759,0.6229913830757141,0,0.6230442523956299,-0.7821865081787109,-0.9999150633811951,0.01019381731748581,0.008119801059365273],"rotationconfidence":0.5},"9":{"id":9,"position":[-50.28451234102249,-760.612964630127,2465.461254119873],"positionconfidence":0.5,"rotation":[0.01303246337920427,0.7821201682090759,0.6229913830757141,0,0.6230442523956299,-0.7821865081787109,-0.9999150633811951,0.01019381731748581,0.008119801059365273],"rotationconfidence":0.5},"12":{"id":12,"position":[298.4564900398254,-282.9943895339966,2634.645938873291],"positionconfidence":1,"rotation":[0.1846705675125122,-0.9577670097351074,0.2204067409038544,-0.1878502815961838,-0.2545277178287506,-0.9486453533172607,0.9646808505058289,0.1337834149599075,-0.2269205898046494],"rotationconfidence":1},"13":{"id":13,"position":[342.2361314296722,-510.0511312484741,2686.89751625061],"positionconfidence":1,"rotation":[-0.1894904673099518,-0.245972141623497,-0.9505740404129028,-0.1829871833324432,0.9599998593330383,-0.2119339257478714,0.9646808505058289,0.1337834149599075,-0.2269205898046494],"rotationconfidence":1},"14":{"id":14,"position":[296.5638041496277,-569.3370699882507,2457.783460617065],"positionconfidence":0.5,"rotation":[-0.1127431765198708,-0.1638705730438232,-0.9800180196762085,0,-0.9863066077232361,0.1649221032857895,-0.9936241507530212,0.01859384216368198,0.1111993417143822],"rotationconfidence":0.5},"15":{"id":15,"position":[289.1507744789124,-580.1118016242981,2393.345832824707],"positionconfidence":0.5,"rotation":[-0.1127431765198708,-0.1638705730438232,-0.9800180196762085,0,-0.9863066077232361,0.1649221032857895,-0.9936241507530212,0.01859384216368198,0.1111993417143822],"rotationconfidence":0.5},"17":{"id":17,"position":[78.32328230142593,-595.0015187263489,2530.133962631226],"positionconfidence":1,"rotation":[0.8159319758415222,-0.5500521063804626,-0.1780382990837097,0.5764333009719849,0.7502799034118652,0.3237354457378388,-0.04449281841516495,-0.3667733371257782,0.9292457699775696],"rotationconfidence":1},"18":{"id":18,"position":[-121.329240500927,-854.8672795295715,2418.005466461182],"positionconfidence":1,"rotation":[0.5723378658294678,0.82001793384552,0,-0.7701470851898193,0.5375301241874695,0.3434165716171265,0.2816077470779419,-0.1965503096580505,0.9391832947731018],"rotationconfidence":1},"19":{"id":19,"position":[124.8548179864883,-1026.693344116211,2308.229446411133],"positionconfidence":0.5,"rotation":[-0.3229086995124817,0.9464301466941833,0,-0.8817756175994873,-0.3008494973182678,-0.3632645905017853,-0.3438045382499695,-0.1173012852668762,0.9316859245300293],"rotationconfidence":0.5},"20":{"id":20,"position":[157.1216136217117,-1015.684366226196,2220.788717269898],"positionconfidence":0.5,"rotation":[-0.3229086995124817,0.9464301466941833,0,-0.8817756175994873,-0.3008494973182678,-0.3632645905017853,-0.3438045382499695,-0.1173012852668762,0.9316859245300293],"rotationconfidence":0.5},"21":{"id":21,"position":[198.2680559158325,-599.3790626525879,2534.149169921875],"positionconfidence":1,"rotation":[0.8814215064048767,0.4069444239139557,0.2397755533456802,-0.4700943529605866,0.8051470518112183,0.3615930080413818,-0.04590632021427155,-0.4314329922199249,0.9009762406349182],"rotationconfidence":1},"22":{"id":22,"position":[362.1985614299774,-880.1485896110535,2408.055067062378],"positionconfidence":1,"rotation":[0.9226481318473816,0.3815627694129944,0.0559486635029316,-0.279219925403595,0.5608945488929749,0.7793802618980408,0.2660011947154999,-0.7347157001495361,0.6240482330322266],"rotationconfidence":1},"23":{"id":23,"position":[442.3170983791351,-1041.09001159668,2184.422016143799],"positionconfidence":0.5,"rotation":[-0.9143007397651672,-0.4050360321998596,0,-0.1643712967634201,0.371040552854538,-0.9139534831047058,0.3701840937137604,-0.83562833070755,-0.4058189392089844],"rotationconfidence":0.5},"24":{"id":24,"position":[402.690589427948,-951.6398310661316,2227.863073348999],"positionconfidence":0.5,"rotation":[-0.9143007397651672,-0.4050360321998596,0,-0.1643712967634201,0.371040552854538,-0.9139534831047058,0.3701840937137604,-0.83562833070755,-0.4058189392089844],"rotationconfidence":0.5}},"skeletonTracked":true,"frameCount":5},{"position":[125.6561577320099,-517.4134969711304,2452.543020248413],"positionTracked":true,"id":4824,"skeleton":{"1":{"id":1,"position":[152.6423692703247,37.77321055531502,2693.344593048096],"positionconfidence":1,"rotation":[0.9993329048156738,0.03651967272162437,0,-0.0359257347881794,0.9830802083015442,0.1796178221702576,0.0065595842897892,-0.1794980019330978,0.9837363958358765],"rotationconfidence":1},"2":{"id":2,"position":[159.746527671814,-156.6266566514969,2657.825946807861],"positionconfidence":1,"rotation":[0.9981327652931213,0.04418177902698517,-0.04217610880732536,-0.0359257347881794,0.9830802083015442,0.1796178221702576,0.04939833655953407,-0.1777672320604324,0.9828318953514099],"rotationconfidence":1},"3":{"id":3,"position":[146.8416601419449,-485.197126865387,2611.169815063477],"positionconfidence":1,"rotation":[0.9979569315910339,-0.03128543868660927,-0.05570607632398605,0.03885635361075401,0.9893206357955933,0.1404808908700943,0.05071616545319557,-0.1423584073781967,0.9885150194168091],"rotationconfidence":1},"4":{"id":4,"position":[141.5826380252838,-534.2055559158325,2551.090955734253],"positionconfidence":1,"rotation":[0.9961639642715454,-0.0857963114976883,-0.01721247471868992,0.06767436116933823,0.6306522488594055,0.7731091976165771,-0.05547483637928963,-0.771308422088623,0.6340393424034119],"rotationconfidence":1},"6":{"id":6,"position":[8.46372451633215,-274.5644152164459,2651.634931564331],"positionconfidence":1,"rotation":[0.1983320266008377,0.9692952036857605,-0.145365834236145,0.1182999536395073,-0.1709012687206268,-0.9781605005264282,-0.9729694724082947,0.176803782582283,-0.1485627740621567],"rotationconfidence":1},"7":{"id":7,"position":[-40.43190181255341,-513.5288238525391,2687.472581863403],"positionconfidence":1,"rotation":[0.0279056578874588,0.7286123633384705,0.6843575835227966,0.2292416840791702,0.6617133021354675,-0.7138513922691345,-0.9729694724082947,0.176803782582283,-0.1485627740621567],"rotationconfidence":1},"8":{"id":8,"position":[-47.58307710289955,-700.2449035644531,2512.097358703613],"positionconfidence":0.5,"rotation":[-0.01147952768951654,0.7624890804290771,0.6468992233276367,0,0.6469417810440063,-0.762539267539978,-0.9999340176582336,-0.008753590285778046,-0.007426586002111435],"rotationconfidence":0.5},"9":{"id":9,"position":[-46.61981016397476,-764.2266750335693,2457.814931869507],"positionconfidence":0.5,"rotation":[-0.01147952768951654,0.7624890804290771,0.6468992233276367,0,0.6469417810440063,-0.762539267539978,-0.9999340176582336,-0.008753590285778046,-0.007426586002111435],"rotationconfidence":0.5},"12":{"id":12,"position":[298.4229624271393,-282.7784419059753,2635.575532913208],"positionconfidence":1,"rotation":[0.178680419921875,-0.962948739528656,0.2019978016614914,-0.1922204941511154,-0.2355098873376846,-0.9526732563972473,0.9649479389190674,0.1313959360122681,-0.2271794676780701],"rotationconfidence":1},"13":{"id":13,"position":[340.7596945762634,-510.9405517578125,2683.43710899353],"positionconfidence":1,"rotation":[-0.185267373919487,-0.2720572054386139,-0.9442780017852783,-0.185880109667778,0.9532680511474609,-0.2381776571273804,0.9649479389190674,0.1313959360122681,-0.2271794676780701],"rotationconfidence":1},"14":{"id":14,"position":[296.2453961372376,-576.3078927993774,2456.554889678955],"positionconfidence":0.5,"rotation":[-0.1184494718909264,-0.05345789715647697,-0.9915200471878052,0,-0.99854975938797,0.05383690819144249,-0.9929600954055786,0.006376953329890966,0.1182776913046837],"rotationconfidence":0.5},"15":{"id":15,"position":[288.675457239151,-579.7243118286133,2393.188238143921],"positionconfidence":0.5,"rotation":[-0.1184494718909264,-0.05345789715647697,-0.9915200471878052,0,-0.99854975938797,0.05383690819144249,-0.9929600954055786,0.006376953329890966,0.1182776913046837],"rotationconfidence":0.5},"17":{"id":17,"position":[77.61254906654358,-594.4896936416626,2530.052185058594],"positionconfidence":1,"rotation":[0.816757321357727,-0.551479697227478,-0.1696395725011826,0.5747288465499878,0.7516560554504395,0.3235737383365631,-0.05093375220894814,-0.3617779612541199,0.930871844291687],"rotationconfidence":1},"18":{"id":18,"position":[-121.5109825134277,-854.9123406410217,2417.945146560669],"positionconfidence":1,"rotation":[0.5647982358932495,0.8252289891242981,0,-0.7739447951316833,0.5296985507011414,0.3470287322998047,0.2863781750202179,-0.1960012167692184,0.9378544688224792],"rotationconfidence":1},"19":{"id":19,"position":[125.6371289491653,-1024.063944816589,2307.126522064209],"positionconfidence":0.5,"rotation":[-0.3324756920337677,0.9431118965148926,0,-0.8774954080581665,-0.3093438744544983,-0.3664810359477997,-0.3456325829029083,-0.1218460202217102,0.9304255247116089],"rotationconfidence":0.5},"20":{"id":20,"position":[158.1549495458603,-1012.600421905518,2219.590187072754],"positionconfidence":0.5,"rotation":[-0.3324756920337677,0.9431118965148926,0,-0.8774954080581665,-0.3093438744544983,-0.3664810359477997,-0.3456325829029083,-0.1218460202217102,0.9304255247116089],"rotationconfidence":0.5},"21":{"id":21,"position":[197.9973912239075,-599.2562174797058,2534.786701202393],"positionconfidence":1,"rotation":[0.8811779618263245,0.4031229317188263,0.2470170110464096,-0.4698509573936462,0.80479496717453,0.3626915514469147,-0.05258875340223312,-0.4356569647789002,0.8985752463340759],"rotationconfidence":1},"22":{"id":22,"position":[361.9555234909058,-880.0956606864929,2408.222675323486],"positionconfidence":1,"rotation":[0.9213091135025024,0.3847724199295044,0.05603206157684326,-0.2809527814388275,0.5591304302215576,0.7800248861312866,0.2688028216362,-0.7343863844871521,0.6232348680496216],"rotationconfidence":1},"23":{"id":23,"position":[442.6055550575256,-1040.59910774231,2184.309482574463],"positionconfidence":0.5,"rotation":[-0.912703812122345,-0.4086218178272247,0,-0.1680672466754913,0.3753975331783295,-0.9114988446235657,0.3724583089351654,-0.8319284319877625,-0.4113026857376099],"rotationconfidence":0.5},"24":{"id":24,"position":[402.7082026004791,-951.4837861061096,2228.367805480957],"positionconfidence":0.5,"rotation":[-0.912703812122345,-0.4086218178272247,0,-0.1680672466754913,0.3753975331783295,-0.9114988446235657,0.3724583089351654,-0.8319284319877625,-0.4113026857376099],"rotationconfidence":0.5}},"skeletonTracked":true,"frameCount":6},{"position":[126.4007538557053,-522.5253701210022,2452.269554138184],"positionTracked":true,"id":4824,"skeleton":{"1":{"id":1,"position":[152.6623517274857,38.01976516842842,2693.689346313477],"positionconfidence":1,"rotation":[0.9993435144424438,0.03622930124402046,0,-0.03564168885350227,0.9831348657608032,0.1793753206729889,0.006498642731457949,-0.1792575567960739,0.9837807416915894],"rotationconfidence":1},"2":{"id":2,"position":[159.7084999084473,-156.3401073217392,2658.227920532227],"positionconfidence":1,"rotation":[0.9984422326087952,0.04274087399244309,-0.03586823865771294,-0.03564168885350227,0.9831348657608032,0.1793753206729889,0.04292997345328331,-0.1778174936771393,0.983126699924469],"rotationconfidence":1},"3":{"id":3,"position":[146.3018357753754,-484.9274158477783,2611.49525642395],"positionconfidence":1,"rotation":[0.9982048869132996,-0.03368435800075531,-0.04952308535575867,0.04036151245236397,0.9892304539680481,0.1406912952661514,0.04425064846873283,-0.1424375623464584,0.9888142347335815],"rotationconfidence":1},"4":{"id":4,"position":[141.2455588579178,-533.9237451553345,2551.384210586548],"positionconfidence":1,"rotation":[0.9960190057754517,-0.08836247026920319,-0.01175676565617323,0.06506220251321793,0.6304656863212585,0.773485541343689,-0.06093485653400421,-0.7711712718009949,0.6337049007415771],"rotationconfidence":1},"6":{"id":6,"position":[8.14786460250616,-273.9429771900177,2650.65860748291],"positionconfidence":1,"rotation":[0.1998284906148911,0.968312680721283,-0.1497966349124908,0.1284176260232925,-0.177443265914917,-0.9757165908813477,-0.9713792204856873,0.1757394522428513,-0.1598066538572311],"rotationconfidence":1},"7":{"id":7,"position":[-41.20141267776489,-513.0757093429565,2687.652111053467],"positionconfidence":1,"rotation":[0.01779905334115028,0.7247337698936462,0.6887991428375244,0.2368664592504501,0.6662407517433167,-0.7071193456649