{"motiondata":[{"position":[114.5279482007027,-465.2738869190216,2395.22123336792],"positionTracked":true,"id":4308,"skeleton":{"1":{"id":1,"position":[129.4529139995575,98.35047274827957,2560.324907302856],"positionconfidence":1,"rotation":[0.9987305998802185,0.05037218704819679,0,-0.05028706043958664,0.997042715549469,0.05811307951807976,0.002927282825112343,-0.05803931131958962,0.9983101487159729],"rotationconfidence":1},"2":{"id":2,"position":[139.4763290882111,-100.3840118646622,2548.741579055786],"positionconfidence":1,"rotation":[0.998571515083313,0.05124606192111969,-0.01513064745813608,-0.05028706043958664,0.997042715549469,0.05811307951807976,0.01806396618485451,-0.05726918205618858,0.9981953501701355],"rotationconfidence":1},"3":{"id":3,"position":[126.5675276517868,-426.6201257705689,2546.205759048462],"positionconfidence":1,"rotation":[0.999015212059021,-0.03937091678380966,-0.02045609802007675,0.03953675553202629,0.9991878867149353,0.007766646333038807,0.02013370767235756,-0.008567765355110168,0.9997605681419373],"rotationconfidence":1},"4":{"id":4,"position":[122.7525323629379,-482.5431704521179,2493.243932723999],"positionconfidence":1,"rotation":[0.9973512887954712,0.0008413086179643869,-0.07273047417402267,0.04947078600525856,0.7251796722412109,0.6867802143096924,0.05332045629620552,-0.6885592341423035,0.723217248916626],"rotationconfidence":1},"6":{"id":6,"position":[-18.31020973622799,-208.2993686199188,2572.592258453369],"positionconfidence":1,"rotation":[0.1524942815303803,0.9508302807807922,-0.2695688903331757,0.1111049652099609,-0.2875232696533203,-0.9513076543807983,-0.9820393323898315,0.1151185184717178,-0.1494875997304916],"rotationconfidence":1},"7":{"id":7,"position":[-55.49311265349388,-440.1417076587677,2638.3216381073],"positionconfidence":1,"rotation":[-0.07897735387086868,0.4687372148036957,0.8798000812530518,0.1713516861200333,0.8758044242858887,-0.4512266218662262,-0.9820393323898315,0.1151185184717178,-0.1494875997304916],"rotationconfidence":1},"8":{"id":8,"position":[-36.87537088990212,-550.6395697593689,2430.921792984009],"positionconfidence":1,"rotation":[0.3759534060955048,-0.3318523466587067,0.8651780486106873,0,0.9336736798286438,0.3581248819828033,-0.9266385436058044,-0.1346382647752762,0.3510178029537201],"rotationconfidence":1},"9":{"id":9,"position":[-64.29729610681534,-526.4343619346619,2367.815971374512],"positionconfidence":0.5,"rotation":[0.3759534060955048,-0.3318523466587067,0.8651780486106873,0,0.9336736798286438,0.3581248819828033,-0.9266385436058044,-0.1346382647752762,0.3510178029537201],"rotationconfidence":0.5},"12":{"id":12,"position":[300.5995452404022,-221.6424942016602,2566.055536270142],"positionconfidence":1,"rotation":[0.1684712320566177,-0.9692431092262268,0.1794025897979736,-0.2684795260429382,-0.2202433496713638,-0.9377694725990295,0.9484387636184692,0.1098212450742722,-0.2973265945911408],"rotationconfidence":1},"13":{"id":13,"position":[340.160459280014,-449.243038892746,2608.18338394165],"positionconfidence":1,"rotation":[-0.2466464191675186,-0.3334414958953857,-0.9099353551864624,-0.1990712583065033,0.9363524913787842,-0.2891618311405182,0.9484387636184692,0.1098212450742722,-0.2973265945911408],"rotationconfidence":1},"14":{"id":14,"position":[279.331773519516,-531.4773917198181,2383.772373199463],"positionconfidence":1,"rotation":[-0.3022551536560059,0.5376426577568054,-0.7871354222297668,0,-0.8257585763931274,-0.5640236735343933,-0.9532269835472107,-0.1704790592193604,0.2495897859334946],"rotationconfidence":1},"15":{"id":15,"position":[256.5822005271912,-491.0111129283905,2324.527740478516],"positionconfidence":0.5,"rotation":[-0.3022551536560059,0.5376426577568054,-0.7871354222297668,0,-0.8257585763931274,-0.5640236735343933,-0.9532269835472107,-0.1704790592193604,0.2495897859334946],"rotationconfidence":0.5},"17":{"id":17,"position":[48.09283837676048,-552.6971817016602,2485.867261886597],"positionconfidence":1,"rotation":[0.9007770419120789,-0.3679902255535126,-0.230616107583046,0.4279581308364868,0.8424533605575562,0.3272982537746429,0.07384075969457626,-0.3935167789459229,0.916347086429596],"rotationconfidence":1},"18":{"id":18,"position":[-94.25588697195053,-832.9165577888489,2377.000331878662],"positionconfidence":1,"rotation":[0.9347740411758423,-0.355243057012558,0,0.06609952449798584,0.1739319413900375,0.9825367331504822,-0.3490393459796906,-0.9184498190879822,0.1860684603452683],"rotationconfidence":1},"19":{"id":19,"position":[-114.9868667125702,-887.4673247337341,2068.844556808472],"positionconfidence":0.5,"rotation":[-0.9239675998687744,0.3824707567691803,0,-0.3544618785381317,-0.8563041687011719,-0.3756327927112579,-0.1436685621738434,-0.3470725417137146,0.9267686009407043],"rotationconfidence":0.5},"20":{"id":20,"position":[-102.0689085125923,-856.2602996826172,1985.514163970947],"positionconfidence":0.5,"rotation":[-0.9239675998687744,0.3824707567691803,0,-0.3544618785381317,-0.8563041687011719,-0.3756327927112579,-0.1436685621738434,-0.3470725417137146,0.9267686009407043],"rotationconfidence":0.5},"21":{"id":21,"position":[192.1602338552475,-554.5867681503296,2473.446607589722],"positionconfidence":1,"rotation":[0.9443643689155579,0.3250394761562347,0.05025260895490646,-0.3201576173305512,0.8734703063964844,0.3668089509010315,0.07533322274684906,-0.3624900281429291,0.9289380311965942],"rotationconfidence":1},"22":{"id":22,"position":[299.0977168083191,-846.3390469551086,2350.926876068115],"positionconfidence":1,"rotation":[0.8511846661567688,0.5148322582244873,0.1021396666765213,-0.3388909697532654,0.390477865934372,0.8559672832489014,0.4007962942123413,-0.7632004618644714,0.5068407654762268],"rotationconfidence":1},"23":{"id":23,"position":[399.6976912021637,-962.2526168823242,2096.832513809204],"positionconfidence":0.5,"rotation":[-0.7887230515480042,-0.6147487163543701,0,-0.4634567499160767,0.5946153402328491,-0.6569935083389282,0.4038859307765961,-0.5181859135627747,-0.7538962364196777],"rotationconfidence":0.5},"24":{"id":24,"position":[366.5823340415955,-919.7655916213989,2158.645868301392],"positionconfidence":1,"rotation":[-0.7887230515480042,-0.6147487163543701,0,-0.4634567499160767,0.5946153402328491,-0.6569935083389282,0.4038859307765961,-0.5181859135627747,-0.7538962364196777],"rotationconfidence":1}},"skeletonTracked":true,"frameCount":1},{"position":[113.6763840913773,-470.9705412387848,2394.000053405762],"positionTracked":true,"id":4308,"skeleton":{"1":{"id":1,"position":[129.5733004808426,98.34185242652893,2560.420036315918],"positionconfidence":1,"rotation":[0.9986755847930908,0.05145092308521271,0,-0.05136618763208389,0.9970308542251587,0.05736824870109558,0.002951649250462651,-0.05729226768016815,0.9983531832695007],"rotationconfidence":1},"2":{"id":2,"position":[139.8172974586487,-100.4967465996742,2548.979043960571],"positionconfidence":1,"rotation":[0.9985266923904419,0.05227980762720108,-0.01453890465199947,-0.05136618763208389,0.9970308542251587,0.05736824870109558,0.01749493554234505,-0.05653691291809082,0.9982472062110901],"rotationconfidence":1},"3":{"id":3,"position":[126.7243474721909,-426.8136024475098,2546.058416366577],"positionconfidence":1,"rotation":[0.9990056157112122,-0.03990555182099342,-0.01988507434725761,0.04008956626057625,0.99915611743927,0.00894272793084383,0.01951142773032188,-0.009731017984449863,0.9997622966766357],"rotationconfidence":1},"4":{"id":4,"position":[122.9579523205757,-482.6618432998657,2493.040084838867],"positionconfidence":1,"rotation":[0.9975075721740723,-0.0002877874067053199,-0.07055927813053131,0.04885182529687882,0.7243766188621521,0.687671422958374,0.05091359093785286,-0.6894044280052185,0.7225852608680725],"rotationconfidence":1},"6":{"id":6,"position":[-18.06333288550377,-208.3296775817871,2572.563409805298],"positionconfidence":1,"rotation":[0.1533173769712448,0.9508135914802551,-0.2691604495048523,0.108733057975769,-0.2869591414928436,-0.9517519474029541,-0.982176661491394,0.1166534572839737,-0.1473806798458099],"rotationconfidence":1},"7":{"id":7,"position":[-55.44064939022064,-440.1289820671082,2638.182163238525],"positionconfidence":1,"rotation":[-0.07682928442955017,0.4664479494094849,0.881205677986145,0.1715411096811295,0.876822829246521,-0.4491719007492065,-0.982176661491394,0.1166534572839737,-0.1473806798458099],"rotationconfidence":1},"8":{"id":8,"position":[-37.36931458115578,-549.8441457748413,2430.910110473633],"positionconfidence":0.5,"rotation":[0.3703433573246002,-0.3285884559154511,0.8688356280326843,0,0.935343325138092,0.3537412583827972,-0.9288948774337769,-0.1310057193040848,0.3463981747627258],"rotationconfidence":0.5},"9":{"id":9,"position":[-64.35074657201767,-525.9047746658325,2367.610931396484],"positionconfidence":0.5,"rotation":[0.3703433573246002,-0.3285884559154511,0.8688356280326843,0,0.935343325138092,0.3537412583827972,-0.9288948774337769,-0.1310057193040848,0.3463981747627258],"rotationconfidence":0.5},"12":{"id":12,"position":[300.8909225463867,-221.8651175498962,2566.206932067871],"positionconfidence":1,"rotation":[0.167194738984108,-0.9695419669151306,0.1789815127849579,-0.2668618857860565,-0.2192633450031281,-0.938460648059845,0.9491209983825684,0.1091423332691193,-0.2953934371471405],"rotationconfidence":1},"13":{"id":13,"position":[340.1350975036621,-449.4373202323914,2608.217716217041],"positionconfidence":1,"rotation":[-0.2455720156431198,-0.3306958675384522,-0.9112269282341003,-0.1971388161182404,0.937404990196228,-0.287068098783493,0.9491209983825684,0.1091423332691193,-0.2953934371471405],"rotationconfidence":1},"14":{"id":14,"position":[279.7209024429321,-530.7931900024414,2384.042978286743],"positionconfidence":0.5,"rotation":[-0.3029780983924866,0.5342381000518799,-0.789172887802124,0,-0.8280954360961914,-0.5605871081352234,-0.9529974460601807,-0.1698456108570099,0.2508947849273682],"rotationconfidence":0.5},"15":{"id":15,"position":[256.9210529327393,-490.5904531478882,2324.655771255493],"positionconfidence":0.5,"rotation":[-0.3029780983924866,0.5342381000518799,-0.789172887802124,0,-0.8280954360961914,-0.5605871081352234,-0.9529974460601807,-0.1698456108570099,0.2508947849273682],"rotationconfidence":0.5},"17":{"id":17,"position":[48.27732220292091,-552.7166724205017,2485.434055328369],"positionconfidence":1,"rotation":[0.9006743431091309,-0.3699045777320862,-0.2279393374919891,0.4285985231399536,0.8425107598304749,0.3263110220432282,0.07133740931749344,-0.3915944397449493,0.9173684120178223],"rotationconfidence":1},"18":{"id":18,"position":[-94.31111067533493,-833.0076336860657,2376.875162124634],"positionconfidence":1,"rotation":[0.8682467937469482,-0.496132493019104,0,0.04103313013911247,0.07180921733379364,0.9965739846229553,-0.4944327473640442,-0.8652721643447876,0.08270598948001862],"rotationconfidence":1},"19":{"id":19,"position":[-107.6732203364372,-856.3917279243469,2052.348852157593],"positionconfidence":0.5,"rotation":[-0.9990022778511047,0.04465947672724724,0,-0.04356425255537033,-0.9745028614997864,-0.2201055884361267,-0.009829800575971603,-0.2198859751224518,0.975476086139679],"rotationconfidence":0.5},"20":{"id":20,"position":[-106.9504395127296,-840.2236104011536,1980.622529983521],"positionconfidence":0.5,"rotation":[-0.9990022778511047,0.04465947672724724,0,-0.04356425255537033,-0.9745028614997864,-0.2201055884361267,-0.009829800575971603,-0.2198859751224518,0.975476086139679],"rotationconfidence":0.5},"21":{"id":21,"position":[192.3355609178543,-554.7121167182922,2473.379850387573],"positionconfidence":1,"rotation":[0.9449648261070251,0.3229435086250305,0.05242982506752014,-0.3189965784549713,0.8738451600074768,0.3669273257255554,0.07268126308917999,-0.3634584248065949,0.9287709593772888],"rotationconfidence":1},"22":{"id":22,"position":[298.9335656166077,-846.7220067977905,2350.764989852905],"positionconfidence":1,"rotation":[0.8632670640945435,0.4923926591873169,0.1109932661056519,-0.3388868272304535,0.4024434685707092,0.8504087328910828,0.3740665018558502,-0.7717440128326416,0.5142815709114075],"rotationconfidence":1},"23":{"id":23,"position":[399.9309539794922,-966.6609764099121,2097.320318222046],"positionconfidence":0.5,"rotation":[-0.7970350384712219,-0.6039330959320068,0,-0.4576506316661835,0.6039801239967346,-0.6525058746337891,0.3940698504447937,-0.5200700163841248,-0.7577836513519287],"rotationconfidence":0.5},"24":{"id":24,"position":[363.9633655548096,-919.1930890083313,2166.484832763672],"positionconfidence":0.5,"rotation":[-0.7970350384712219,-0.6039330959320068,0,-0.4576506316661835,0.6039801239967346,-0.6525058746337891,0.3940698504447937,-0.5200700163841248,-0.7577836513519287],"rotationconfidence":0.5}},"skeletonTracked":true,"frameCount":2},{"position":[113.5289892554283,-467.1309888362885,2393.937826156616],"positionTracked":true,"id":4308,"skeleton":{"1":{"id":1,"position":[129.6153366565704,98.32242876291275,2560.48583984375],"positionconfidence":1,"rotation":[0.9986166954040527,0.05258072540163994,0,-0.05249688774347305,0.9970244765281677,0.05644732713699341,0.002968041459098458,-0.05636924505233765,0.9984056353569031],"rotationconfidence":1},"2":{"id":2,"position":[140.0880068540573,-100.5752235651016,2549.225091934204],"positionconfidence":1,"rotation":[0.99847412109375,0.05337515100836754,-0.01416452508419752,-0.05249688774347305,0.9970244765281677,0.05644732713699341,0.01713526248931885,-0.05561760067939758,0.9983051419258118],"rotationconfidence":1},"3":{"id":3,"position":[126.8418878316879,-426.9503057003021,2545.940637588501],"positionconfidence":1,"rotation":[0.9989952445030212,-0.04034851491451263,-0.01950420625507832,0.04055013507604599,0.9991268515586853,0.01005464885383844,0.0190814882516861,-0.0108354464173317,0.9997592568397522],"rotationconfidence":1},"4":{"id":4,"position":[123.1177151203156,-482.7292561531067,2492.868661880493],"positionconfidence":1,"rotation":[0.9976747035980225,-0.001787099521607161,-0.06813069432973862,0.04831377416849136,0.7236215472221375,0.6885038614273071,0.04807041957974434,-0.6901945471763611,0.7220253348350525],"rotationconfidence":1},"6":{"id":6,"position":[-17.87600852549076,-208.3417773246765,2572.585582733154],"positionconfidence":1,"rotation":[0.1540922522544861,0.9508647322654724,-0.268536239862442,0.1070392653346062,-0.2862477004528046,-0.9521579146385193,-0.9822413921356201,0.1179762557148933,-0.1458884328603745],"rotationconfidence":1},"7":{"id":7,"position":[-55.40984123945236,-439.9536848068237,2637.995719909668],"positionconfidence":1,"rotation":[-0.07554425299167633,0.463067889213562,0.8830975294113159,0.171740785241127,0.8784359693527222,-0.4459320306777954,-0.9822413921356201,0.1179762557148933,-0.1458884328603745],"rotationconfidence":1},"8":{"id":8,"position":[-37.64215856790543,-548.8652586936951,2430.294990539551],"positionconfidence":1,"rotation":[0.3667073249816895,-0.3235355615615845,0.8722673058509827,0,0.9375828504562378,0.3477619588375092,-0.9303362369537354,-0.1275268644094467,0.3438184857368469],"rotationconfidence":1},"9":{"id":9,"position":[-64.18311595916748,-525.4489183425903,2367.163419723511],"positionconfidence":0.5,"rotation":[0.3667073249816895,-0.3235355615615845,0.8722673058509827,0,0.9375828504562378,0.3477619588375092,-0.9303362369537354,-0.1275268644094467,0.3438184857368469],"rotationconfidence":0.5},"12":{"id":12,"position":[301.1256456375122,-222.0030277967453,2566.349029541016],"positionconfidence":1,"rotation":[0.1653997898101807,-0.9700012803077698,0.1781580150127411,-0.2652570009231567,-0.2177437841892242,-0.939268946647644,0.9498850107192993,0.1080972477793694,-0.2933144569396973],"rotationconfidence":1},"13":{"id":13,"position":[339.8882448673248,-449.3296146392822,2608.101606369019],"positionconfidence":1,"rotation":[-0.2443134337663651,-0.3286330103874207,-0.9123109579086304,-0.1950111240148544,0.9382511377334595,-0.2857539653778076,0.9498850107192993,0.1080972477793694,-0.2933144569396973],"rotationconfidence":1},"14":{"id":14,"position":[279.8421978950501,-530.0992727279663,2383.878707885742],"positionconfidence":0.5,"rotation":[-0.3033007979393005,0.5317246317863464,-0.7907449007034302,0,-0.8298343420028687,-0.5580097436904907,-0.9528948068618774,-0.169244796037674,0.2516894042491913],"rotationconfidence":0.5},"15":{"id":15,"position":[257.0371925830841,-490.119218826294,2324.42307472229],"positionconfidence":0.5,"rotation":[-0.3033007979393005,0.5317246317863464,-0.7907449007034302,0,-0.8298343420028687,-0.5580097436904907,-0.9528948068618774,-0.169244796037674,0.2516894042491913],"rotationconfidence":0.5},"17":{"id":17,"position":[48.41125011444092,-552.6612401008606,2484.968900680542],"positionconfidence":1,"rotation":[0.901401937007904,-0.3706408739089966,-0.2238298207521439,0.4275426268577576,0.8436115980148315,0.3248486220836639,0.06842325627803802,-0.3885160386562347,0.9188980460166931],"rotationconfidence":1},"18":{"id":18,"position":[-93.88352930545807,-833.432137966156,2376.852750778198],"positionconfidence":1,"rotation":[0.8827353715896606,-0.4698704183101654,0,0.2959706485271454,0.5560336709022522,0.776677668094635,-0.3649378716945648,-0.6856008768081665,0.6298984289169312],"rotationconfidence":1},"19":{"id":19,"position":[-175.6914705038071,-987.1229529380798,2162.174701690674],"positionconfidence":0.5,"rotation":[-0.8803995847702026,0.47423255443573,0,0.1548115909099579,0.287403404712677,-0.94521564245224,-0.4482520520687103,-0.8321675062179565,-0.3264465630054474],"rotationconfidence":0.5},"20":{"id":20,"position":[-143.4607207775116,-927.2874593734741,2185.647249221802],"positionconfidence":0.5,"rotation":[-0.8803995847702026,0.47423255443573,0,0.1548115909099579,0.287403404712677,-0.94521564245224,-0.4482520520687103,-0.8321675062179565,-0.3264465630054474],"rotationconfidence":0.5},"21":{"id":21,"position":[192.4620717763901,-554.7918677330017,2473.341703414917],"positionconfidence":1,"rotation":[0.9454929828643799,0.3209702372550964,0.0549657866358757,-0.3181214332580566,0.8743350505828857,0.3665200173854828,0.06958350539207458,-0.3640279173851013,0.9287852048873901],"rotationconfidence":1},"22":{"id":22,"position":[298.8054752349854,-847.0694422721863,2350.81934928894],"positionconfidence":1,"rotation":[0.8575981259346008,0.5040079355239868,0.1024769619107246,-0.3387766778469086,0.4036461114883423,0.8498824238777161,0.3869830667972565,-0.7635743618011475,0.5169122815132141],"rotationconfidence":1},"23":{"id":23,"position":[399.9617099761963,-967.5952196121216,2097.050666809082],"positionconfidence":0.5,"rotation":[-0.7935793399810791,-0.6084669232368469,0,-0.4656742215156555,0.6073451638221741,-0.6436456441879272,0.3916370272636414,-0.5107837915420532,-0.76532381772995],"rotationconfidence":0.5},"24":{"id":24,"position":[360.7478737831116,-916.4514541625977,2173.681020736694],"positionconfidence":1,"rotation":[-0.7935793399810791,-0.6084669232368469,0,-0.4656742215156555,0.6073451638221741,-0.6436456441879272,0.3916370272636414,-0.5107837915420532,-0.76532381772995],"rotationconfidence":1}},"skeletonTracked":true,"frameCount":3},{"position":[115.5780181288719,-466.5537476539612,2394.126653671265],"positionTracked":true,"id":4308,"skeleton":{"1":{"id":1,"position":[129.6155899763107,98.30182790756226,2560.531377792358],"positionconfidence":1,"rotation":[0.998546838760376,0.05389053374528885,0,-0.05380853265523911,0.9970274567604065,0.05514489859342575,0.002971787936985493,-0.05506476387381554,0.9984784126281738],"rotationconfidence":1},"2":{"id":2,"position":[140.351265668869,-100.6213277578354,2549.529075622559],"positionconfidence":1,"rotation":[0.9984093904495239,0.05464980751276016,-0.01386190392076969,-0.05380853265523911,0.9970274567604065,0.05514489859342575,0.01683435589075089,-0.05431129410862923,0.9983821511268616],"rotationconfidence":1},"3":{"id":3,"position":[126.9451379776001,-427.0529448986054,2545.847654342651],"positionconfidence":1,"rotation":[0.9989832043647766,-0.04081091284751892,-0.01915672421455383,0.04103152081370354,0.9990943074226379,0.01126755774021149,0.0186795350164175,-0.01204213034361601,0.9997529983520508],"rotationconfidence":1},"4":{"id":4,"position":[123.2631951570511,-482.7660322189331,2492.721796035767],"positionconfidence":1,"rotation":[0.9978300333023071,-0.003235158743336797,-0.06576293706893921,0.04777370020747185,0.7228847742080688,0.689315140247345,0.04530897736549377,-0.6909610033035278,0.7214706540107727],"rotationconfidence":1},"6":{"id":6,"position":[-17.73005537688732,-208.3477228879929,2572.633504867554],"positionconfidence":1,"rotation":[0.1546612530946732,0.9510409235954285,-0.2675836980342865,0.1053405627608299,-0.2851727902889252,-0.9526697993278503,-0.9823355674743652,0.1191536858677864,-0.1442883759737015],"rotationconfidence":1},"7":{"id":7,"position":[-55.38266897201538,-439.8806691169739,2637.777328491211],"positionconfidence":1,"rotation":[-0.07428443431854248,0.4594039022922516,0.8851157426834106,0.1717514395713806,0.8801990747451782,-0.4424375295639038,-0.9823355674743652,0.1191536858677864,-0.1442883759737015],"rotationconfidence":1},"8":{"id":8,"position":[-37.91423141956329,-547.9122996330261,2429.636955261231],"positionconfidence":1,"rotation":[0.3634495139122009,-0.3189322352409363,0.8753208518028259,0,0.9395747780799866,0.3423438370227814,-0.9316138625144958,-0.1244247034192085,0.3414880037307739],"rotationconfidence":1},"9":{"id":9,"position":[-64.05160576105118,-524.976372718811,2366.68848991394],"positionconfidence":0.5,"rotation":[0.3634495139122009,-0.3189322352409363,0.8753208518028259,0,0.9395747780799866,0.3423438370227814,-0.9316138625144958,-0.1244247034192085,0.3414880037307739],"rotationconfidence":0.5},"12":{"id":12,"position":[301.349937915802,-222.0778316259384,2566.506385803223],"positionconfidence":1,"rotation":[0.1636658757925034,-0.9704759120941162,0.1771720498800278,-0.2636149227619171,-0.2160864025354385,-0.9401137232780457,0.9506422281265259,0.1071593388915062,-0.2911979258060455],"rotationconfidence":1},"13":{"id":13,"position":[339.6253883838654,-449.036568403244,2607.940435409546],"positionconfidence":1,"rotation":[-0.2429450154304504,-0.3267412483692169,-0.91335529088974,-0.1930209249258041,0.9390192031860352,-0.2845802009105682,0.9506422281265259,0.1071593388915062,-0.2911979258060455],"rotationconfidence":1},"14":{"id":14,"position":[279.9765169620514,-529.259443283081,2383.689641952515],"positionconfidence":0.5,"rotation":[-0.3035856187343597,0.5291796922683716,-0.7923413515090942,0,-0.8315888047218323,-0.5553918480873108,-0.9528042674064636,-0.1686089783906937,0.252458393573761],"rotationconfidence":0.5},"15":{"id":15,"position":[257.1671307086945,-489.5004332065582,2324.158430099487],"positionconfidence":0.5,"rotation":[-0.3035856187343597,0.5291796922683716,-0.7923413515090942,0,-0.8315888047218323,-0.5553918480873108,-0.9528042674064636,-0.1686089783906937,0.252458393573761],"rotationconfidence":0.5},"17":{"id":17,"position":[48.52737486362457,-552.5780916213989,2484.537363052368],"positionconfidence":1,"rotation":[0.9015771746635437,-0.3722116947174072,-0.2204932570457459,0.4276196658611298,0.8439818620681763,0.3237841129302979,0.06557607650756836,-0.3862035572528839,0.9200797080993652],"rotationconfidence":1},"18":{"id":18,"position":[-93.82736682891846,-833.5399627685547,2376.749515533447],"positionconfidence":1,"rotation":[0.8730880618095398,-0.4875625967979431,0,0.09271123260259628,0.1660198569297791,0.9817546010017395,-0.4786668121814728,-0.8571582436561584,0.1901524811983109],"rotationconfidence":1},"19":{"id":19,"position":[-123.4599351882935,-886.603593826294,2062.958955764771],"positionconfidence":0.5,"rotation":[-0.9342964887619019,0.3564969599246979,0,-0.3139355778694153,-0.8227529525756836,-0.4738375544548035,-0.1689216494560242,-0.4427047669887543,0.8806122541427612],"rotationconfidence":0.5},"20":{"id":20,"position":[-108.7893545627594,-848.1553792953491,1986.479163169861],"positionconfidence":0.5,"rotation":[-0.9342964887619019,0.3564969599246979,0,-0.3139355778694153,-0.8227529525756836,-0.4738375544548035,-0.1689216494560242,-0.4427047669887543,0.8806122541427612],"rotationconfidence":0.5},"21":{"id":21,"position":[192.5820410251617,-554.8465251922607,2473.318099975586],"positionconfidence":1,"rotation":[0.9459985494613647,0.3190439343452454,0.05742708593606949,-0.3172575235366821,0.8747892379760742,0.3661849498748779,0.0665924921631813,-0.3646295964717865,0.9287684559822083],"rotationconfidence":1},"22":{"id":22,"position":[298.6661493778229,-847.3572731018066,2350.873708724976],"positionconfidence":1,"rotation":[0.8561239242553711,0.5066865682601929,0.101590633392334,-0.3397047221660614,0.4036566317081451,0.8495068550109863,0.3894259929656982,-0.7617939710617065,0.5177038908004761],"rotationconfidence":1},"23":{"id":23,"position":[400.2381563186646,-968.0509567260742,2096.870422363281],"positionconfidence":0.5,"rotation":[-0.791338324546814,-0.61137855052948,0,-0.4705335795879364,0.6090354919433594,-0.638493537902832,0.3903612196445465,-0.5052643418312073,-0.7696272134780884],"rotationconfidence":0.5},"24":{"id":24,"position":[358.9890599250794,-914.6601557731628,2178.19619178772],"positionconfidence":1,"rotation":[-0.791338324546814,-0.61137855052948,0,-0.4705335795879364,0.6090354919433594,-0.638493537902832,0.3903612196445465,-0.5052643418312073,-0.7696272134780884],"rotationconfidence":1}},"skeletonTracked":true,"frameCount":4},{"position":[116.3460090756416,-468.3686196804047,2394.798755645752],"positionTracked":true,"id":4308,"skeleton":{"1":{"id":1,"position":[129.6118199825287,98.29375147819519,2560.616731643677],"positionconfidence":1,"rotation":[0.9984753727912903,0.05519963428378105,0,-0.05511978641152382,0.9970309734344482,0.05376633629202843,0.002967882202938199,-0.05368436127901077,0.998553454875946],"rotationconfidence":1},"2":{"id":2,"position":[140.6092643737793,-100.6328836083412,2549.889326095581],"positionconfidence":1,"rotation":[0.9983378648757935,0.05593939498066902,-0.01385884266346693,-0.05511978641152382,0.9970309734344482,0.05376633629202843,0.0168253555893898,-0.05291308835148811,0.9984573721885681],"rotationconfidence":1},"3":{"id":3,"position":[127.0341724157333,-427.1241426467896,2545.777082443237],"positionconfidence":1,"rotation":[0.9989644885063171,-0.04129511490464211,-0.01909932121634483,0.04153954610228539,0.9990575909614563,0.01258339360356331,0.01856169104576111,-0.01336374133825302,0.9997385144233704],"rotationconfidence":1},"4":{"id":4,"position":[123.3881860971451,-482.7721118927002,2492.600440979004],"positionconfidence":1,"rotation":[0.9979680180549622,-0.004661425016820431,-0.06354629993438721,0.04731559008359909,0.722168505191803,0.6900969743728638,0.04267430305480957,-0.6917014718055725,0.7209216356277466],"rotationconfidence":1},"6":{"id":6,"position":[-17.60883070528507,-208.3055824041367,2572.74866104126],"positionconfidence":1,"rotation":[0.155366986989975,0.9511954188346863,-0.2666240036487579,0.104741558432579,-0.2842420935630798,-0.9530138969421387,-0.9822882413864136,0.1201402842998505,-0.143791526556015],"rotationconfidence":1},"7":{"id":7,"position":[-55.37337437272072,-439.5095109939575,2637.556076049805],"positionconfidence":1,"rotation":[-0.07424061745405197,0.4550507366657257,0.8873653411865234,0.1720407605171204,0.8823237419128418,-0.4380716979503632,-0.9822882413864136,0.1201402842998505,-0.143791526556015],"rotationconfidence":1},"8":{"id":8,"position":[-37.91683167219162,-546.507716178894,2428.905725479126],"positionconfidence":1,"rotation":[0.3619340062141419,-0.3120477199554443,0.8784247040748596,0,0.9423097968101501,0.3347419500350952,-0.9322036504745483,-0.1211544945836067,0.3410539627075195],"rotationconfidence":1},"9":{"id":9,"position":[-63.77780437469482,-524.2112278938293,2366.140365600586],"positionconfidence":0.5,"rotation":[0.3619340062141419,-0.3120477199554443,0.8784247040748596,0,0.9423097968101501,0.3347419500350952,-0.9322036504745483,-0.1211544945836067,0.3410539627075195],"rotationconfidence":0.5},"12":{"id":12,"position":[301.530122756958,-222.1188247203827,2566.638708114624],"positionconfidence":1,"rotation":[0.1626618355512619,-0.9707427024841309,0.1766342371702194,-0.2613414824008942,-0.2150127738714218,-0.9409942030906677,0.9514419436454773,0.1069019958376885,-0.2886697351932526],"rotationconfidence":1},"13":{"id":13,"position":[339.5313620567322,-448.904812335968,2607.904195785523],"positionconfidence":1,"rotation":[-0.2414100915193558,-0.3227229118347168,-0.9151891469955444,-0.1909958869218826,0.9404371380805969,-0.2812449038028717,0.9514419436454773,0.1069019958376885,-0.2886697351932526],"rotationconfidence":1},"14":{"id":14,"position":[280.2876234054565,-528.1032919883728,2383.310317993164],"positionconfidence":1,"rotation":[-0.3068827092647553,0.5231244564056396,-0.7950872778892517,0,-0.8353973627090454,-0.5496463179588318,-0.9517472386360168,-0.16867695748806,0.2563689947128296],"rotationconfidence":1},"15":{"id":15,"position":[257.3439180850983,-488.9925420284271,2323.866605758667],"positionconfidence":0.5,"rotation":[-0.3068827092647553,0.5231244564056396,-0.7950872778892517,0,-0.8353973627090454,-0.5496463179588318,-0.9517472386360168,-0.16867695748806,0.2563689947128296],"rotationconfidence":0.5},"17":{"id":17,"position":[48.62162843346596,-552.4556636810303,2484.155654907227],"positionconfidence":1,"rotation":[0.9017654657363892,-0.3735480308532715,-0.2174417227506638,0.4276218116283417,0.8442742824554443,0.3230179250240326,0.06291773915290833,-0.3842692077159882,0.921074628829956],"rotationconfidence":1},"18":{"id":18,"position":[-93.78015995025635,-833.6063623428345,2376.587867736816],"positionconfidence":1,"rotation":[0.9592950940132141,-0.2824056446552277,0,0.0226550754159689,0.07695633172988892,0.9967769980430603,-0.2814954519271851,-0.956203281879425,0.0802217498421669],"rotationconfidence":1},"19":{"id":19,"position":[-101.6732975840569,-860.4183197021484,2029.305934906006],"positionconfidence":0.5,"rotation":[-0.9788669347763062,0.2044979780912399,0,-0.1963721811771393,-0.9399712681770325,-0.2790912389755249,-0.05707360059022903,-0.2731932103633881,0.9602646231651306],"rotationconfidence":0.5},"20":{"id":20,"position":[-96.96660935878754,-837.8888964653015,1950.11579990387],"positionconfidence":0.5,"rotation":[-0.9788669347763062,0.2044979780912399,0,-0.1963721811771393,-0.9399712681770325,-0.2790912389755249,-0.05707360059022903,-0.2731932103633881,0.9602646231651306],"rotationconfidence":0.5},"21":{"id":21,"position":[192.6825493574143,-554.8771619796753,2473.304748535156],"positionconfidence":1,"rotation":[0.9464399218559265,0.3172951638698578,0.05979181826114655,-0.3165117204189301,0.875130295753479,0.3660153448581696,0.06380927562713623,-0.3653363883495331,0.9286859631538391],"rotationconfidence":1},"22":{"id":22,"position":[298.5413670539856,-847.5685715675354,2350.889205932617],"positionconfidence":1,"rotation":[0.8770595788955688,0.4638242721557617,0.1250347048044205,-0.3386735320091248,0.41243115067482,0.845695436000824,0.3406858742237091,-0.7840712070465088,0.5188117027282715],"rotationconfidence":1},"23":{"id":23,"position":[399.9859690666199,-971.1061716079712,2097.573757171631],"positionconfidence":0.5,"rotation":[-0.8048644065856934,-0.5934587717056274,0,-0.4522870182991028,0.6134035587310791,-0.6474353671073914,0.3842261731624603,-0.5210976600646973,-0.7621203660964966],"rotationconfidence":0.5},"24":{"id":24,"position":[357.9514026641846,-914.097785949707,2180.950164794922],"positionconfidence":0.5,"rotation":[-0.8048644065856934,-0.5934587717056274,0,-0.4522870182991028,0.6134035587310791,-0.6474353671073914,0.3842261731624603,-0.5210976600646973,-0.7621203660964966],"rotationconfidence":0.5}},"skeletonTracked":true,"frameCount":5},{"position":[115.7940700650215,-470.6304371356964,2395.384550094605],"positionTracked":true,"id":4308,"skeleton":{"1":{"id":1,"position":[129.5571625232697,98.34850579500198,2561.033248901367],"positionconfidence":1,"rotation":[0.9983717799186707,0.05704065039753914,0,-0.05696003511548042,0.9969607591629028,0.05314816907048225,0.003031606087461114,-0.05306163057684898,0.9985865354537964],"rotationconfidence":1},"2":{"id":2,"position":[140.9213393926621,-100.5565449595451,2550.429582595825],"positionconfidence":1,"rotation":[0.9982297420501709,0.05778312310576439,-0.01407961174845696,-0.05696003511548042,0.9969607591629028,0.05314816907048225,0.01710788905620575,-0.05225211381912231,0.9984872937202454],"rotationconfidence":1},"3":{"id":3,"position":[127.1209120750427,-427.175909280777,2545.724868774414],"positionconfidence":1,"rotation":[0.9989328384399414,-0.04192819446325302,-0.01937201805412769,0.04221028462052345,0.9990050196647644,0.01438993960618973,0.01874940283596516,-0.01519228424876928,0.999708890914917],"rotationconfidence":1},"4":{"id":4,"position":[123.5048621892929,-482.7609956264496,2492.501258850098],"positionconfidence":1,"rotation":[0.9980944991111755,-0.006140079814940691,-0.06139873713254929,0.04693584516644478,0.7214870452880859,0.6908353567123413,0.04005660861730576,-0.6924007534980774,0.7204003930091858],"rotationconfidence":1},"6":{"id":6,"position":[-17.48142205178738,-208.2134932279587,2572.939157485962],"positionconfidence":1,"rotation":[0.1561959832906723,0.9514020681381226,-0.265399694442749,0.1050343811511993,-0.2831731140613556,-0.9532999992370605,-0.9821255803108215,0.1210255324840546,-0.1441604197025299],"rotationconfidence":1},"7":{"id":7,"position":[-55.37592619657517,-439.0318989753723,2637.327432632446],"positionconfidence":1,"rotation":[-0.07393984496593475,0.4562584757804871,0.8867700099945068,0.1730962246656418,0.8815786838531494,-0.4391545057296753,-0.9821255803108215,0.1210255324840546,-0.1441604197025299],"rotationconfidence":1},"8":{"id":8,"position":[-38.00980374217033,-546.1925268173218,2429.05330657959],"positionconfidence":0.5,"rotation":[0.3591520190238953,-0.3101933896541596,0.8802214860916138,0,0.943149209022522,0.3323693871498108,-0.9332789778709412,-0.1193711385130882,0.3387339413166046],"rotationconfidence":0.5},"9":{"id":9,"position":[-63.65521997213364,-524.0430235862732,2366.200685501099],"positionconfidence":0.5,"rotation":[0.3591520190238953,-0.3101933896541596,0.8802214860916138,0,0.943149209022522,0.3323693871498108,-0.9332789778709412,-0.1193711385130882,0.3387339413166046],"rotationconfidence":0.5},"12":{"id":12,"position":[301.6623258590698,-222.1452444791794,2566.741943359375],"positionconfidence":1,"rotation":[0.1622631251811981,-0.9707218408584595,0.1771153211593628,-0.2598856091499329,-0.2151988595724106,-0.9413549304008484,0.9519087672233582,0.1067174598574638,-0.2871954739093781],"rotationconfidence":1},"13":{"id":13,"position":[339.5115733146668,-448.5743343830109,2608.055591583252],"positionconfidence":1,"rotation":[-0.2403279095888138,-0.3213245868682861,-0.9159656167030334,-0.190032497048378,0.940936803817749,-0.2802245020866394,0.9519087672233582,0.1067174598574638,-0.2871954739093781],"rotationconfidence":1},"14":{"id":14,"position":[280.4533541202545,-527.5366902351379,2382.966041564941],"positionconfidence":1,"rotation":[-0.3083778321743012,0.5205721259117126,-0.7961833477020264,0,-0.8369740843772888,-0.5472425818443298,-0.9512640833854675,-0.1687574833631516,0.2581042647361755],"rotationconfidence":1},"15":{"id":15,"position":[257.4565708637238,-488.7158572673798,2323.591947555542],"positionconfidence":0.5,"rotation":[-0.3083778321743012,0.5205721259117126,-0.7961833477020264,0,-0.8369740843772888,-0.5472425818443298,-0.9512640833854675,-0.1687574833631516,0.2581042647361755],"rotationconfidence":0.5},"17":{"id":17,"position":[48.71487244963646,-552.3011684417725,2483.804702758789],"positionconfidence":1,"rotation":[0.9020985960960388,-0.3746360540390015,-0.2141629755496979,0.4272903501987457,0.8448653817176819,0.3219089508056641,0.06034018844366074,-0.3819034099578857,0.9222303032875061],"rotationconfidence":1},"18":{"id":18,"position":[-93.63380819559097,-833.7619304656982,2376.56307220459],"positionconfidence":1,"rotation":[0.9003982543945312,-0.4350667297840118,0,0.2730427086353302,0.5650792121887207,0.7785454988479614,-0.3387192487716675,-0.701000988483429,0.627588152885437],"rotationconfidence":1},"19":{"id":19,"position":[-171.9373613595963,-995.8161115646362,2153.290748596191],"positionconfidence":0.5,"rotation":[-0.8821156620979309,0.4710328876972199,0,0.1894354373216629,0.3547607064247131,-0.9155649542808533,-0.4312612116336823,-0.807634174823761,-0.4021703004837036],"rotationconfidence":0.5},"20":{"id":20,"position":[-139.0721946954727,-934.2686533927917,2183.938980102539],"positionconfidence":0.5,"rotation":[-0.8821156620979309,0.4710328876972199,0,0.1894354373216629,0.3547607064247131,-0.9155649542808533,-0.4312612116336823,-0.807634174823761,-0.4021703004837036],"rotationconfidence":0.5},"21":{"id":21,"position":[192.7708834409714,-554.8886060714722,2473.307847976685],"positionconfidence":1,"rotation":[0.9467752575874329,0.3158185482025147,0.06225160136818886,-0.3160465359687805,0.8753254413604736,0.365950882434845,0.06108365952968597,-0.3661476075649262,0.9285497665405273],"rotationconfidence":1},"22":{"id":22,"position":[298.493355512619,-847.6985692977905,2350.891590118408],"positionconfidence":1,"rotation":[0.8814998865127563,0.4538276493549347,0.1303780227899551,-0.3385608196258545,0.4150021076202393,0.8444820046424866,0.3291421234607697,-0.7885516881942749,0.519472599029541],"rotationconfidence":1},"23":{"id":23,"position":[400.0349044799805,-972.1664786338806,2097.613573074341],"positionconfidence":0.5,"rotation":[-0.807757556438446,-0.5895147919654846,0,-0.4487913846969605,0.6149373054504395,-0.64841228723526,0.3822486698627472,-0.5237599611282349,-0.7612894177436829],"rotationconfidence":0.5},"24":{"id":24,"position":[357.2295010089874,-913.5141968727112,2182.865142822266],"positionconfidence":1,"rotation":[-0.807757556438446,-0.5895147919654846,0,-0.4487913846969605,0.6149373054504395,-0.64841228723526,0.3822486698627472,-0.5237599611282349,-0.7612894177436829],"rotationconfidence":1}},"skeletonTracked":true,"frameCount":6},{"position":[113.2492125034332,-467.3529863357544,2395.638704299927],"positionTracked":true,"id":4308,"skeleton":{"1":{"id":1,"position":[129.4566839933395,98.48319739103317,2561.650514602661],"positionconfidence":1,"rotation":[0.9982447624206543,0.05922362208366394,0,-0.05913946405053139,0.9968262314796448,0.05329218506813049,0.003156156279146671,-0.05319864302873612,0.9985790252685547],"rotationconfidence":1},"2":{"id":2,"position":[141.2579268217087,-100.4328578710556,2551.016092300415],"positionconfidence":1,"rotation":[0.9980940222740173,0.05998881161212921,-0.01448005065321922,-0.05913946405053139,0.9968262314796448,0.05329218506813049,0.01763102784752846,-0.0523342676460743,0.9984739422798157],"rotationconfidence":1},"3":{"id":3,"position":[127.2037923336029,-427.2099435329437,2545.684337615967],"positionconfidence":1,"rotation":[0.998892068862915,-0.04263561591506004,-0.01992210559546948,0.04296289011836052,0.9989436864852905,0.01629894785583019,0.01920614764094353,-0.01713680289685726,0.9996687173843384],"rotationconfidence":1},"4":{"id":4,"position":[123.6091479659081,-482.7317893505096,2492.417097091675],"positionconfidence":1,"rotation":[0.99820876121521,-0.007706690113991499,-0.05932944640517235,0.04666797071695328,0.7208200693130493,0.6915493607521057,0.03743629902601242,-0.69307941198349,0.7198885679244995],"rotationconfidence":1},"6":{"id":6,"position":[-17.3677820712328,-208.0870866775513,2573.199510574341],"positionconfidence":1,"rotation":[0.1569915413856506,0.951714813709259,-0.2638040781021118,0.1050741001963615,-0.2816961705684662,-0.9537330865859985,-0.9819945096969604,0.1220090538263321,-0.1442244946956635],"rotationconfidence":1},"7":{"id":7,"position":[-55.37252873182297,-438.4796321392059,2637.061595916748],"positionconfidence":1,"rotation":[-0.07333938032388687,0.457351565361023,0.8862565755844116,0.1740926206111908,0.8808764219284058