{"motiondata":[{"position":[211.369201540947,-477.430135011673,2680.810928344727],"positionTracked":true,"id":4360,"skeleton":{"1":{"id":1,"position":[273.2986509799957,194.9546337127686,3007.377862930298],"positionconfidence":1,"rotation":[0.9959977269172668,-0.08937843143939972,0,0.08899221569299698,0.9916938543319702,0.09286368638277054,-0.008300011046230793,-0.09249202162027359,0.9956787824630737],"rotationconfidence":1},"2":{"id":2,"position":[255.6344866752625,-1.88779563177377,2988.945245742798],"positionconfidence":1,"rotation":[0.9931787848472595,-0.09540312737226486,0.06703922152519226,0.08899221569299698,0.9916938543319702,0.09286368638277054,-0.07534187287092209,-0.08626427501440048,0.9934194684028625],"rotationconfidence":1},"3":{"id":3,"position":[243.616133928299,-340.4650986194611,2907.266855239868],"positionconfidence":1,"rotation":[0.996169924736023,-0.05227027088403702,0.07009448856115341,0.03448621183633804,0.9715348482131958,0.234373077750206,-0.08034998178482056,-0.2310581058263779,0.9696164131164551],"rotationconfidence":1},"4":{"id":4,"position":[245.3444749116898,-384.9169015884399,2841.475009918213],"positionconfidence":1,"rotation":[0.9921214580535889,-0.0901629701256752,0.08698084950447083,-0.02176206931471825,0.5597062706947327,0.8284052610397339,-0.1233752071857452,-0.8237715363502502,0.5533344745635986],"rotationconfidence":1},"6":{"id":6,"position":[99.80414807796478,-117.9633215069771,2957.491159439087],"positionconfidence":1,"rotation":[0.2470475137233734,0.968511164188385,-0.03088203072547913,0.364094078540802,-0.1223132908344269,-0.9232957363128662,-0.8979994654655457,0.2168539166450501,-0.3828463554382324],"rotationconfidence":1},"7":{"id":7,"position":[42.87561774253845,-341.1427140235901,2964.60747718811],"positionconfidence":1,"rotation":[-0.3582209050655365,0.1449150592088699,0.9223217964172363,0.2554892897605896,0.9653880596160889,-0.05245203897356987,-0.8979994654655457,0.2168539166450501,-0.3828463554382324],"rotationconfidence":1},"8":{"id":8,"position":[141.2965506315231,-380.9580206871033,2711.20023727417],"positionconfidence":1,"rotation":[0.6999934315681458,-0.2506839632987976,0.6687052845954895,0,0.9363662600517273,0.3510245978832245,-0.7141492962837219,-0.2457149177789688,0.6554502248764038],"rotationconfidence":1},"9":{"id":9,"position":[106.0611978173256,-368.3394193649292,2677.539825439453],"positionconfidence":1,"rotation":[0.6999934315681458,-0.2506839632987976,0.6687052845954895,0,0.9363662600517273,0.3510245978832245,-0.7141492962837219,-0.2457149177789688,0.6554502248764038],"rotationconfidence":1},"12":{"id":12,"position":[439.8075640201569,-133.7372064590454,2981.907606124878],"positionconfidence":1,"rotation":[0.1661947816610336,-0.9818241000175476,0.09165531396865845,-0.2635317742824554,-0.1337902396917343,-0.9553278684616089,0.9502265453338623,0.134616419672966,-0.2809771001338959],"rotationconfidence":1},"13":{"id":13,"position":[474.392294883728,-338.0524218082428,3000.980854034424],"positionconfidence":1,"rotation":[-0.2638390362262726,-0.1319721341133118,-0.9554958939552307,-0.1657065898180008,0.98207026720047,-0.08988635987043381,0.9502265453338623,0.134616419672966,-0.2809771001338959],"rotationconfidence":1},"14":{"id":14,"position":[400.2023041248322,-375.1622140407562,2732.300996780396],"positionconfidence":1,"rotation":[-0.2285225987434387,0.1658847332000732,-0.9593016505241394,0,-0.9853760600090027,-0.1703935861587524,-0.9735385775566101,-0.03893878683447838,0.2251807004213333],"rotationconfidence":1},"15":{"id":15,"position":[392.7987813949585,-369.7879910469055,2701.22218132019],"positionconfidence":1,"rotation":[-0.2285225987434387,0.1658847332000732,-0.9593016505241394,0,-0.9853760600090027,-0.1703935861587524,-0.9735385775566101,-0.03893878683447838,0.2251807004213333],"rotationconfidence":1},"17":{"id":17,"position":[170.1367795467377,-448.6309885978699,2807.093620300293],"positionconfidence":1,"rotation":[0.8750720024108887,-0.4618579149246216,-0.1446935832500458,0.4711427688598633,0.7444497346878052,0.4730952680110931,-0.110785685479641,-0.4821637272834778,0.8690481185913086],"rotationconfidence":1},"18":{"id":18,"position":[-12.50338647514582,-737.2195720672607,2623.696565628052],"positionconfidence":1,"rotation":[0.8755671977996826,-0.4830962121486664,0,0.4375320076942444,0.792986273765564,0.4239556789398193,-0.2048113793134689,-0.3712016940116882,0.9056828022003174],"rotationconfidence":1},"19":{"id":19,"position":[-128.6546438932419,-947.7329850196838,2511.149406433106],"positionconfidence":1,"rotation":[0.7064234018325806,-0.7077895402908325,0,0.6912526488304138,0.6899184584617615,-0.2149011790752411,0.1521047949790955,0.1518112123012543,0.9766358733177185],"rotationconfidence":1},"20":{"id":20,"position":[-141.3080990314484,-960.3620171546936,2429.903984069824],"positionconfidence":1,"rotation":[0.7064234018325806,-0.7077895402908325,0,0.6912526488304138,0.6899184584617615,-0.2149011790752411,0.1521047949790955,0.1518112123012543,0.9766358733177185],"rotationconfidence":1},"21":{"id":21,"position":[315.7128989696503,-463.5151922702789,2817.39354133606],"positionconfidence":1,"rotation":[0.9434598088264465,0.1928958147764206,0.2695824205875397,-0.310588002204895,0.7985893487930298,0.5155482888221741,-0.1158385574817658,-0.5701282024383545,0.8133481740951538],"rotationconfidence":1},"22":{"id":22,"position":[431.0562610626221,-760.0880861282349,2625.933885574341],"positionconfidence":1,"rotation":[0.9363797903060913,0.2782052159309387,0.2139972597360611,-0.3506748080253601,0.7157684564590454,0.6039062738418579,0.01483738701790571,-0.6405290961265564,0.767790675163269],"rotationconfidence":1},"23":{"id":23,"position":[559.7856640815735,-1022.839903831482,2404.245615005493],"positionconfidence":0.5,"rotation":[-0.430091917514801,0.9027851223945618,0,-0.8813737034797668,-0.4198914170265198,-0.2164985686540604,-0.1954516768455505,-0.09311427921056747,0.9762829542160034],"rotationconfidence":0.5},"24":{"id":24,"position":[577.1989226341248,-1014.544129371643,2317.266225814819],"positionconfidence":0.5,"rotation":[-0.430091917514801,0.9027851223945618,0,-0.8813737034797668,-0.4198914170265198,-0.2164985686540604,-0.1954516768455505,-0.09311427921056747,0.9762829542160034],"rotationconfidence":0.5}},"skeletonTracked":true,"frameCount":1},{"position":[212.7802819013596,-475.0009775161743,2680.309295654297],"positionTracked":true,"id":4360,"skeleton":{"1":{"id":1,"position":[273.0984389781952,194.8875337839127,3007.65872001648],"positionconfidence":1,"rotation":[0.995877206325531,-0.09071151912212372,0,0.09032858163118362,0.9916731119155884,0.09178890287876129,-0.00832631066441536,-0.09141047298908234,0.995778501033783],"rotationconfidence":1},"2":{"id":2,"position":[255.2392184734345,-1.18006078992039,2989.510774612427],"positionconfidence":1,"rotation":[0.9930069446563721,-0.09671627730131149,0.06769900023937225,0.09032858163118362,0.9916731119155884,0.09178890287876129,-0.0760127604007721,-0.08503186702728271,0.993474543094635],"rotationconfidence":1},"3":{"id":3,"position":[243.3423697948456,-340.3332829475403,2907.559156417847],"positionconfidence":1,"rotation":[0.9961172938346863,-0.05209106579422951,0.07097110152244568,0.034076988697052,0.9714607000350952,0.2347398400306702,-0.08117348700761795,-0.231409952044487,0.9694640040397644],"rotationconfidence":1},"4":{"id":4,"position":[245.1791316270828,-384.7764134407044,2841.806173324585],"positionconfidence":1,"rotation":[0.9920563697814941,-0.08961241692304611,0.08828234672546387,-0.02313731424510479,0.5598410367965698,0.8282769322395325,-0.1236479803919792,-0.8237400054931641,0.5533204674720764],"rotationconfidence":1},"6":{"id":6,"position":[99.39302504062653,-117.7577823400497,2957.575559616089],"positionconfidence":1,"rotation":[0.2450049668550491,0.9691416621208191,-0.02714878506958485,0.3561411201953888,-0.1160086169838905,-0.9272030591964722,-0.901740550994873,0.2175005376338959,-0.3735738694667816],"rotationconfidence":1},"7":{"id":7,"position":[42.78403148055077,-341.6803181171417,2963.848352432251],"positionconfidence":1,"rotation":[-0.3489193916320801,0.1439394503831863,0.9260328412055969,0.2551846504211426,0.9653885364532471,-0.05390588566660881,-0.901740550994873,0.2175005376338959,-0.3735738694667816],"rotationconfidence":1},"8":{"id":8,"position":[139.0111893415451,-381.3768327236176,2708.461284637451],"positionconfidence":1,"rotation":[0.707846999168396,-0.2795267105102539,0.648704469203949,0,0.9183690547943115,0.3957251608371735,-0.7063658833503723,-0.2801128625869751,0.6500647664070129],"rotationconfidence":1},"9":{"id":9,"position":[105.9920266270638,-368.3376610279083,2678.200960159302],"positionconfidence":1,"rotation":[0.707846999168396,-0.2795267105102539,0.648704469203949,0,0.9183690547943115,0.3957251608371735,-0.7063658833503723,-0.2801128625869751,0.6500647664070129],"rotationconfidence":1},"12":{"id":12,"position":[439.5290315151215,-133.793368935585,2982.227563858032],"positionconfidence":1,"rotation":[0.1633366644382477,-0.9820296764373779,0.09454537183046341,-0.2606599628925324,-0.1353832930326462,-0.9558911323547363,0.9515133500099182,0.1314878761768341,-0.2780888676643372],"rotationconfidence":1},"13":{"id":13,"position":[473.5068380832672,-338.0782604217529,3001.895189285278],"positionconfidence":1,"rotation":[-0.2610656917095184,-0.132938414812088,-0.9561234712600708,-0.1626873314380646,0.9823637008666992,-0.09216570109128952,0.9515133500099182,0.1314878761768341,-0.2780888676643372],"rotationconfidence":1},"14":{"id":14,"position":[399.9065458774567,-375.5565881729126,2732.342481613159],"positionconfidence":1,"rotation":[-0.2210467457771301,0.1727782636880875,-0.9598364233970642,0,-0.9841820001602173,-0.1771606653928757,-0.975263237953186,-0.03916078805923462,0.2175502330064774],"rotationconfidence":1},"15":{"id":15,"position":[392.8393125534058,-370.0325787067413,2701.65491104126],"positionconfidence":1,"rotation":[-0.2210467457771301,0.1727782636880875,-0.9598364233970642,0,-0.9841820001602173,-0.1771606653928757,-0.975263237953186,-0.03916078805923462,0.2175502330064774],"rotationconfidence":1},"17":{"id":17,"position":[169.9513792991638,-448.5208690166473,2807.430744171143],"positionconfidence":1,"rotation":[0.8756209015846252,-0.4609631299972534,-0.144225612282753,0.470088928937912,0.7447583675384521,0.4736573696136475,-0.1109253615140915,-0.4825431704521179,0.8688197135925293],"rotationconfidence":1},"18":{"id":18,"position":[-12.30227388441563,-737.2639775276184,2623.793601989746],"positionconfidence":1,"rotation":[0.8756017088890076,-0.4830337762832642,0,0.4376561045646668,0.793345034122467,0.4231556951999664,-0.2043984979391098,-0.3705158531665802,0.9060569405555725],"rotationconfidence":1},"19":{"id":19,"position":[-128.7058740854263,-948.270320892334,2511.246681213379],"positionconfidence":1,"rotation":[0.5818590521812439,-0.8132897019386292,0,0.7981582880020142,0.5710334777832031,-0.1920005232095718,0.1561520248651505,0.1117172315716744,0.9813948273658752],"rotationconfidence":1},"20":{"id":20,"position":[-142.2722339630127,-957.976222038269,2425.983905792236],"positionconfidence":1,"rotation":[0.5818590521812439,-0.8132897019386292,0,0.7981582880020142,0.5710334777832031,-0.1920005232095718,0.1561520248651505,0.1117172315716744,0.9813948273658752],"rotationconfidence":1},"21":{"id":21,"position":[315.6343996524811,-463.4731113910675,2817.726135253906],"positionconfidence":1,"rotation":[0.9432271718978882,0.1931685954332352,0.2702004313468933,-0.3112262487411499,0.7981573939323425,0.5158323049545288,-0.1160198748111725,-0.570640504360199,0.8129628896713257],"rotationconfidence":1},"22":{"id":22,"position":[431.2517046928406,-759.9802613258362,2626.099824905396],"positionconfidence":1,"rotation":[0.9365201592445374,0.2771389484405518,0.214765265583992,-0.3503549695014954,0.7161781787872314,0.6036060452461243,0.01347254775464535,-0.6405333280563354,0.7678123116493225],"rotationconfidence":1},"23":{"id":23,"position":[559.3692660331726,-1021.87180519104,2405.373573303223],"positionconfidence":0.5,"rotation":[-0.4253817796707153,0.9050139784812927,0,-0.8834202289581299,-0.4152321219444275,-0.2171424180269241,-0.1965169310569763,-0.09236843138933182,0.9761399030685425],"rotationconfidence":0.5},"24":{"id":24,"position":[576.8009424209595,-1013.678431510925,2318.786859512329],"positionconfidence":0.5,"rotation":[-0.4253817796707153,0.9050139784812927,0,-0.8834202289581299,-0.4152321219444275,-0.2171424180269241,-0.1965169310569763,-0.09236843138933182,0.9761399030685425],"rotationconfidence":0.5}},"skeletonTracked":true,"frameCount":2},{"position":[211.791530251503,-476.6043722629547,2680.712938308716],"positionTracked":true,"id":4360,"skeleton":{"1":{"id":1,"position":[272.9802131652832,194.8382556438446,3007.910013198853],"positionconfidence":1,"rotation":[0.9957582950592041,-0.09200774878263474,0,0.09161965548992157,0.9915581941604614,0.09175101667642593,-0.008441804908216,-0.09136183559894562,0.9957820177078247],"rotationconfidence":1},"2":{"id":2,"position":[254.9168169498444,-0.6537252338603139,2989.820718765259],"positionconfidence":1,"rotation":[0.9928271770477295,-0.09806530922651291,0.06839141249656677,0.09161965548992157,0.9915581941604614,0.09175101667642593,-0.07681164890527725,-0.08482689410448074,0.9934305548667908],"rotationconfidence":1},"3":{"id":3,"position":[243.093729019165,-340.2429521083832,2907.807588577271],"positionconfidence":1,"rotation":[0.9960539937019348,-0.0520404726266861,0.07189031690359116,0.03382351994514465,0.9714977145195007,0.2346233576536179,-0.08205119520425797,-0.2312659621238709,0.9694244265556335],"rotationconfidence":1},"4":{"id":4,"position":[245.0347691774368,-384.6981227397919,2842.084407806397],"positionconfidence":1,"rotation":[0.9919832944869995,-0.0891289934515953,0.08958367258310318,-0.02445564977824688,0.5601018071174622,0.8280627727508545,-0.1239803731441498,-0.8236151933670044,0.5534319281578064],"rotationconfidence":1},"6":{"id":6,"position":[99.02933239936829,-117.6028773188591,2957.589864730835],"positionconfidence":1,"rotation":[0.2437983900308609,0.96952885389328,-0.02400168031454086,0.3362177014350891,-0.1077073961496353,-0.9356050491333008,-0.9096813201904297,0.2200292348861694,-0.3522316813468933],"rotationconfidence":1},"7":{"id":7,"position":[42.55654662847519,-342.1818614006043,2963.149547576904],"positionconfidence":1,"rotation":[-0.3288425803184509,0.1364012956619263,0.9344822764396667,0.253658264875412,0.9659098386764526,-0.05172672867774963,-0.9096813201904297,0.2200292348861694,-0.3522316813468933],"rotationconfidence":1},"8":{"id":8,"position":[134.3336403369904,-380.2502751350403,2702.343702316284],"positionconfidence":1,"rotation":[0.7287012338638306,-0.3063574433326721,0.6124863624572754,0,0.8943604826927185,0.4473470747470856,-0.6848316788673401,-0.3259823620319367,0.6517215967178345],"rotationconfidence":1},"9":{"id":9,"position":[106.0144826769829,-368.3444559574127,2678.540945053101],"positionconfidence":1,"rotation":[0.7287012338638306,-0.3063574433326721,0.6124863624572754,0,0.8943604826927185,0.4473470747470856,-0.6848316788673401,-0.3259823620319367,0.6517215967178345],"rotationconfidence":1},"12":{"id":12,"position":[439.2513334751129,-133.8607370853424,2982.507467269898],"positionconfidence":1,"rotation":[0.1619738191366196,-0.9819687008857727,0.09747816622257233,-0.2592277228832245,-0.1376550644636154,-0.9559561610221863,0.9521373510360718,0.1295708268880844,-0.2768500149250031],"rotationconfidence":1},"13":{"id":13,"position":[472.9112088680267,-337.9242420196533,3002.764463424683],"positionconfidence":1,"rotation":[-0.2595696747303009,-0.1355780512094498,-0.9561601281166077,-0.1614252477884293,0.9822576642036438,-0.09545627236366272,0.9521373510360718,0.1295708268880844,-0.2768500149250031],"rotationconfidence":1},"14":{"id":14,"position":[399.6035754680634,-376.2141764163971,2732.725858688355],"positionconfidence":1,"rotation":[-0.2096196860074997,0.1827120929956436,-0.960560142993927,0,-0.9823858141899109,-0.1868636459112167,-0.9777829051017761,-0.03917029872536659,0.2059274017810822],"rotationconfidence":1},"15":{"id":15,"position":[392.9600119590759,-370.4234063625336,2702.282428741455],"positionconfidence":1,"rotation":[-0.2096196860074997,0.1827120929956436,-0.960560142993927,0,-0.9823858141899109,-0.1868636459112167,-0.9777829051017761,-0.03917029872536659,0.2059274017810822],"rotationconfidence":1},"17":{"id":17,"position":[169.8052138090134,-448.4767615795136,2807.703018188477],"positionconfidence":1,"rotation":[0.8759938478469849,-0.4604100286960602,-0.1437272876501083,0.4693213403224945,0.7449355721473694,0.4741397500038147,-0.1112311109900475,-0.482797771692276,0.8686392307281494],"rotationconfidence":1},"18":{"id":18,"position":[-12.12856266647577,-737.2531890869141,2623.9013671875],"positionconfidence":1,"rotation":[0.8755819201469421,-0.4830698966979981,0,0.4377902746200562,0.793510913848877,0.4227055907249451,-0.2041963487863541,-0.3701133728027344,0.9062671065330505],"rotationconfidence":1},"19":{"id":19,"position":[-128.7118345499039,-948.5646486282349,2511.335134506226],"positionconfidence":1,"rotation":[0.4780042469501495,-0.878357470035553,0,0.8640793561935425,0.4702340364456177,-0.1795737147331238,0.1577299237251282,0.08583700656890869,0.9837445020675659],"rotationconfidence":1},"20":{"id":20,"position":[-142.7999138832092,-956.231415271759,2423.469305038452],"positionconfidence":1,"rotation":[0.4780042469501495,-0.878357470035553,0,0.8640793561935425,0.4702340364456177,-0.1795737147331238,0.1577299237251282,0.08583700656890869,0.9837445020675659],"rotationconfidence":1},"21":{"id":21,"position":[315.5580461025238,-463.4788334369659,2818.028688430786],"positionconfidence":1,"rotation":[0.942973792552948,0.1933607757091522,0.2709466814994812,-0.3118694722652435,0.7977383732795715,0.5160920023918152,-0.1163526028394699,-0.5711612105369568,0.8125496506690979],"rotationconfidence":1},"22":{"id":22,"position":[431.4337968826294,-759.8801851272583,2626.273632049561],"positionconfidence":1,"rotation":[0.9367080926895142,0.2761180698871613,0.2152596116065979,-0.349892258644104,0.7165365815162659,0.6034490466117859,0.01238179951906204,-0.640573263168335,0.7677971720695496],"rotationconfidence":1},"23":{"id":23,"position":[558.9669942855835,-1021.052598953247,2406.320810317993],"positionconfidence":0.5,"rotation":[-0.4191171526908875,0.9079321622848511,0,-0.8862046599388123,-0.4090873599052429,-0.2174599170684815,-0.1974388509988785,-0.09114118665456772,0.9760692715644836],"rotationconfidence":0.5},"24":{"id":24,"position":[576.423168182373,-1012.994527816773,2320.023536682129],"positionconfidence":0.5,"rotation":[-0.4191171526908875,0.9079321622848511,0,-0.8862046599388123,-0.4090873599052429,-0.2174599170684815,-0.1974388509988785,-0.09114118665456772,0.9760692715644836],"rotationconfidence":0.5}},"skeletonTracked":true,"frameCount":3},{"position":[212.5760316848755,-475.4428565502167,2682.273626327515],"positionTracked":true,"id":4360,"skeleton":{"1":{"id":1,"position":[272.9757428169251,194.7606801986694,3008.141040802002],"positionconfidence":1,"rotation":[0.9955863952636719,-0.09384938329458237,0,0.09344810247421265,0.9913294911384583,0.09237617999315262,-0.008669447153806686,-0.09196846932172775,0.9957242012023926],"rotationconfidence":1},"2":{"id":2,"position":[254.5889914035797,-0.2922687563113868,2989.965200424194],"positionconfidence":1,"rotation":[0.9925764799118042,-0.100014440715313,0.06920485943555832,0.09344810247421265,0.9913294911384583,0.09237617999315262,-0.07784376293420792,-0.08522335439920425,0.9933164119720459],"rotationconfidence":1},"3":{"id":3,"position":[242.7846789360046,-340.2184545993805,2908.029317855835],"positionconfidence":1,"rotation":[0.9959690570831299,-0.05217362195253372,0.07296498864889145,0.03374001756310463,0.9716038703918457,0.2341956049203873,-0.08311188966035843,-0.2307897061109543,0.969447672367096],"rotationconfidence":1},"4":{"id":4,"position":[244.8256015777588,-384.7225606441498,2842.337369918823],"positionconfidence":1,"rotation":[0.9919562935829163,-0.08833525329828262,0.09066236764192581,-0.02571277506649494,0.5606895685195923,0.8276267647743225,-0.1239420622587204,-0.8233007788658142,0.5539081692695618],"rotationconfidence":1},"6":{"id":6,"position":[98.68854284286499,-117.48006939888,2957.498073577881],"positionconfidence":1,"rotation":[0.2432796508073807,0.9697304368019104,-0.02092543244361877,0.2901450097560883,-0.09334158152341843,-0.9524195790290833,-0.925543487071991,0.2256328910589218,-0.3040705621242523],"rotationconfidence":1},"7":{"id":7,"position":[42.19524562358856,-342.6664769649506,2962.35728263855],"positionconfidence":1,"rotation":[-0.2839187979698181,0.1177624017000198,0.9515891671180725,0.2505179047584534,0.9670684933662415,-0.04493280500173569,-0.925543487071991,0.2256328910589218,-0.3040705621242523],"rotationconfidence":1},"8":{"id":8,"position":[115.7075315713882,-373.1575310230255,2715.97170829773],"positionconfidence":0.5,"rotation":[0.2346020489931107,-0.1246494501829147,0.9640665650367737,0,0.9917446970939636,0.128228098154068,-0.9720914363861084,-0.03008257411420345,0.2326653450727463],"rotationconfidence":0.5},"9":{"id":9,"position":[106.438472867012,-368.2326674461365,2677.881717681885],"positionconfidence":1,"rotation":[0.2346020489931107,-0.1246494501829147,0.9640665650367737,0,0.9917446970939636,0.128228098154068,-0.9720914363861084,-0.03008257411420345,0.2326653450727463],"rotationconfidence":1},"12":{"id":12,"position":[438.9837086200714,-133.9368373155594,2982.754230499268],"positionconfidence":1,"rotation":[0.1603161543607712,-0.981673002243042,0.103038378059864,-0.2735810279846191,-0.1444902569055557,-0.9509342908859253,0.9483944773674011,0.1242607831954956,-0.291731208562851],"rotationconfidence":1},"13":{"id":13,"position":[472.3004400730133,-337.9470705986023,3004.167556762695],"positionconfidence":1,"rotation":[-0.2712895274162293,-0.158340185880661,-0.9493841528892517,-0.1641639918088913,0.9795343279838562,-0.1164583116769791,0.9483944773674011,0.1242607831954956,-0.291731208562851],"rotationconfidence":1},"14":{"id":14,"position":[395.8751857280731,-382.5532495975494,2736.71555519104],"positionconfidence":1,"rotation":[-0.07318595051765442,0.3267474174499512,-0.9422737956047058,0,-0.9448074698448181,-0.3276260197162628,-0.9973182678222656,-0.0239776223897934,0.06914663314819336],"rotationconfidence":1},"15":{"id":15,"position":[393.2643532752991,-370.8968758583069,2703.100919723511],"positionconfidence":1,"rotation":[-0.07318595051765442,0.3267474174499512,-0.9422737956047058,0,-0.9448074698448181,-0.3276260197162628,-0.9973182678222656,-0.0239776223897934,0.06914663314819336],"rotationconfidence":1},"17":{"id":17,"position":[169.5360690355301,-448.5638737678528,2807.999849319458],"positionconfidence":1,"rotation":[0.8763976693153381,-0.4596284627914429,-0.1437665075063705,0.4685724973678589,0.744894802570343,0.4749436378479004,-0.1112067028880119,-0.4836045801639557,0.8681933879852295],"rotationconfidence":1},"18":{"id":18,"position":[-12.06765975803137,-737.2612953186035,2623.926877975464],"positionconfidence":1,"rotation":[0.87571781873703,-0.4828232228755951,0,0.4376678764820099,0.7938175797462463,0.4222564697265625,-0.2038752287626267,-0.3697775006294251,0.9064764380455017],"rotationconfidence":1},"19":{"id":19,"position":[-128.7697404623032,-948.9290118217468,2511.334180831909],"positionconfidence":1,"rotation":[0.4005740880966187,-0.9162644147872925,0,0.9025120735168457,0.3945617973804474,-0.172607034444809,0.1581536680459976,0.06914190202951431,0.9849908351898193],"rotationconfidence":1},"20":{"id":20,"position":[-143.1501656770706,-955.2158713340759,2421.772003173828],"positionconfidence":1,"rotation":[0.4005740880966187,-0.9162644147872925,0,0.9025120735168457,0.3945617973804474,-0.172607034444809,0.1581536680459976,0.06914190202951431,0.9849908351898193],"rotationconfidence":1},"21":{"id":21,"position":[315.4209554195404,-463.5820090770721,2818.320751190186],"positionconfidence":1,"rotation":[0.9426664710044861,0.1940327435731888,0.2715347707271576,-0.3128134906291962,0.7972521781921387,0.5162718892097473,-0.1163080334663391,-0.5716119408607483,0.8122389912605286],"rotationconfidence":1},"22":{"id":22,"position":[431.6481351852417,-759.8044276237488,2626.497745513916],"positionconfidence":1,"rotation":[0.9369159936904907,0.275054931640625,0.2157158255577087,-0.3493697643280029,0.7167698740959167,0.6034746766090393,0.01137008052319288,-0.6407696604728699,0.7676490545272827],"rotationconfidence":1},"23":{"id":23,"position":[558.6400032043457,-1020.341992378235,2407.14168548584],"positionconfidence":0.5,"rotation":[-0.4124377369880676,0.9109857082366943,0,-0.8891294002532959,-0.4025425612926483,-0.2177342772483826,-0.1983528435230255,-0.0898018479347229,0.9760080575942993],"rotationconfidence":0.5},"24":{"id":24,"position":[576.1315226554871,-1012.422919273377,2321.073532104492],"positionconfidence":0.5,"rotation":[-0.4124377369880676,0.9109857082366943,0,-0.8891294002532959,-0.4025425612926483,-0.2177342772483826,-0.1983528435230255,-0.0898018479347229,0.9760080575942993],"rotationconfidence":0.5}},"skeletonTracked":true,"frameCount":4},{"position":[213.7406468391419,-478.7281155586243,2681.0142993927],"positionTracked":true,"id":4360,"skeleton":{"1":{"id":1,"position":[273.0030417442322,194.6526020765305,3008.35132598877],"positionconfidence":1,"rotation":[0.9953958988189697,-0.0958486795425415,0,0.0954294428229332,0.9910420179367065,0.09342821687459946,-0.008954971097409725,-0.09299806505441666,0.9956259727478027],"rotationconfidence":1},"2":{"id":2,"position":[254.252552986145,-0.07265861495397985,2989.994049072266],"positionconfidence":1,"rotation":[0.9922516345977783,-0.1022055968642235,0.07064265757799149,0.0954294428229332,0.9910420179367065,0.09342821687459946,-0.07955873757600784,-0.0859629288315773,0.9931166172027588],"rotationconfidence":1},"3":{"id":3,"position":[242.4243241548538,-340.2679264545441,2908.231019973755],"positionconfidence":1,"rotation":[0.9958266019821167,-0.05255691334605217,0.0746150016784668,0.03378695249557495,0.9717568159103394,0.2335534542798996,-0.08478248119354248,-0.2300577014684677,0.9694769382476807],"rotationconfidence":1},"4":{"id":4,"position":[244.5738613605499,-384.8553597927094,2842.575550079346],"positionconfidence":1,"rotation":[0.9919719099998474,-0.08713234215974808,0.09164945036172867,-0.0270745325833559,0.5616017580032349,0.8269646167755127,-0.1235258504748344,-0.8228070139884949,0.5547340512275696],"rotationconfidence":1},"6":{"id":6,"position":[98.3366072177887,-117.4174323678017,2957.176446914673],"positionconfidence":1,"rotation":[0.2432887852191925,0.9697844386100769,-0.0181279368698597,0.2819782495498657,-0.08859716355800629,-0.9553212523460388,-0.928061842918396,0.2273073047399521,-0.2950128316879273],"rotationconfidence":1},"7":{"id":7,"position":[41.70132428407669,-343.1738913059235,2961.396455764771],"positionconfidence":1,"rotation":[-0.2771557867527008,0.1075873002409935,0.9547825455665588,0.24876868724823,0.9678617715835571,-0.03684813156723976,-0.928061842918396,0.2273073047399521,-0.2950128316879273],"rotationconfidence":1},"8":{"id":8,"position":[112.9460260272026,-370.8299100399017,2715.963363647461],"positionconfidence":1,"rotation":[0.1517603546380997,-0.0694652572274208,0.9859732985496521,0,0.9975274205207825,0.07027928531169891,-0.988417387008667,-0.01066560950130224,0.1513851135969162],"rotationconfidence":1},"9":{"id":9,"position":[106.9775521755219,-368.0979609489441,2677.186727523804],"positionconfidence":1,"rotation":[0.1517603546380997,-0.0694652572274208,0.9859732985496521,0,0.9975274205207825,0.07027928531169891,-0.988417387008667,-0.01066560950130224,0.1513851135969162],"rotationconfidence":1},"12":{"id":12,"position":[438.6214017868042,-133.9903771877289,2983.002185821533],"positionconfidence":1,"rotation":[0.1596539169549942,-0.9813259243965149,0.1072850003838539,-0.2818011939525604,-0.1494621783494949,-0.9477601051330566,0.9460965991020203,0.121080569922924,-0.3004010319709778],"rotationconfidence":1},"13":{"id":13,"position":[471.8042016029358,-337.9511833190918,3005.300521850586],"positionconfidence":1,"rotation":[-0.2783438861370087,-0.1702875941991806,-0.9452654719352722,-0.1656078547239304,0.9779272675514221,-0.1274064779281616,0.9460965991020203,0.121080569922924,-0.3004010319709778],"rotationconfidence":1},"14":{"id":14,"position":[393.4178054332733,-385.9070837497711,2739.097595214844],"positionconfidence":1,"rotation":[0.007217471953481436,0.3813791275024414,-0.9243905544281006,0,-0.9244146347045898,-0.3813890516757965,-0.9999739527702332,0.002752664731815457,-0.006671936716884375],"rotationconfidence":1},"15":{"id":15,"position":[393.6910629272461,-371.4678585529327,2704.099655151367],"positionconfidence":1,"rotation":[0.007217471953481436,0.3813791275024414,-0.9243905544281006,0,-0.9244146347045898,-0.3813890516757965,-0.9999739527702332,0.002752664731815457,-0.006671936716884375],"rotationconfidence":1},"17":{"id":17,"position":[169.2302376031876,-448.7341940402985,2808.315515518189],"positionconfidence":1,"rotation":[0.8770245909690857,-0.4582711458206177,-0.1442757993936539,0.4674989581108093,0.7447612285614014,0.4762095212936401,-0.1107820495963097,-0.4850962162017822,0.8674151301383972],"rotationconfidence":1},"18":{"id":18,"position":[-12.23293878138065,-737.8187775611877,2623.471260070801],"positionconfidence":1,"rotation":[0.8757323026657104,-0.4827970862388611,0,0.4378027617931366,0.7941182851791382,0.4215504825115204,-0.2035233378410339,-0.3691653609275818,0.9068049192428589],"rotationconfidence":1},"19":{"id":19,"position":[-129.1808485984802,-949.9473571777344,2510.864734649658],"positionconfidence":1,"rotation":[0.322467029094696,-0.946580708026886,0,0.9337316751480103,0.3180898129940033,-0.1642074882984161,0.155435636639595,0.05295149981975555,0.9864258766174316],"rotationconfidence":1},"20":{"id":20,"position":[-143.445611000061,-954.8068642616272,2420.337677001953],"positionconfidence":1,"rotation":[0.322467029094696,-0.946580708026886,0,0.9337316751480103,0.3180898129940033,-0.1642074882984161,0.155435636639595,0.05295149981975555,0.9864258766174316],"rotationconfidence":1},"21":{"id":21,"position":[315.2660131454468,-463.7424349784851,2818.573236465454],"positionconfidence":1,"rotation":[0.942389190196991,0.1950412839651108,0.2717750370502472,-0.3138285875320435,0.796765923500061,0.5164065957069397,-0.1158204823732376,-0.5719466805458069,0.8120730519294739],"rotationconfidence":1},"22":{"id":22,"position":[431.8535625934601,-759.7415447235107,2626.727819442749],"positionconfidence":1,"rotation":[0.937124490737915,0.2739197313785553,0.2162539809942246,-0.3488435745239258,0.7169358134269714,0.6035819053649902,0.01029276940971613,-0.6410701870918274,0.7674132585525513],"rotationconfidence":1},"23":{"id":23,"position":[558.3714842796326,-1019.758462905884,2407.821893692017],"positionconfidence":0.5,"rotation":[-0.4056987464427948,0.9140068292617798,0,-0.8920034766197205,-0.395932137966156,-0.2180997580289841,-0.1993446797132492,-0.0884828045964241,0.9759264588356018],"rotationconfidence":0.5},"24":{"id":24,"position":[575.9152173995972,-1011.971354484558,2321.933507919312],"positionconfidence":0.5,"rotation":[-0.4056987464427948,0.9140068292617798,0,-0.8920034766197205,-0.395932137966156,-0.2180997580289841,-0.1993446797132492,-0.0884828045964241,0.9759264588356018],"rotationconfidence":0.5}},"skeletonTracked":true,"frameCount":5},{"position":[207.4014395475388,-482.5399816036224,2677.586317062378],"positionTracked":true,"id":4360,"skeleton":{"1":{"id":1,"position":[273.1882929801941,194.474920630455,3008.202314376831],"positionconfidence":1,"rotation":[0.9950992465019226,-0.09888114780187607,0,0.09844697266817093,0.9907298684120178,0.09360799193382263,-0.00925606582313776,-0.09314924478530884,0.9956091046333313],"rotationconfidence":1},"2":{"id":2,"position":[253.8662552833557,0.02587877679616213,2989.830017089844],"positionconfidence":1,"rotation":[0.991587221622467,-0.105604313313961,0.07485032081604004,0.09844697266817093,0.9907298684120178,0.09360799193382263,-0.08404186367988586,-0.08545170724391937,0.9927915930747986],"rotationconfidence":1},"3":{"id":3,"position":[241.9566661119461,-340.3641581535339,2908.4312915802],"positionconfidence":1,"rotation":[0.9954352378845215,-0.05369609594345093,0.07890038192272186,0.0340089462697506,0.9720155000686646,0.2324416637420654,-0.08917361497879028,-0.2286973297595978,0.9694047570228577],"rotationconfidence":1},"4":{"id":4,"position":[244.30051445961,-385.0674629211426,2842.813968658447],"positionconfidence":1,"rotation":[0.9917068481445312,-0.08693833649158478,0.09465246647596359,-0.02950744703412056,0.5627840161323547,0.8260771632194519,-0.1250866651535034,-0.8220193386077881,0.5555514097213745],"rotationconfidence":1},"6":{"id":6,"position":[97.94047474861145,-117.335706949234,2956.058025360107],"positionconfidence":1,"rotation":[0.2488873898983002,0.9684838056564331,-0.009712589904665947,0.3025772571563721,-0.08727671205997467,-0.9491205811500549,-0.9200554490089417,0.2332852929830551,-0.3147631883621216],"rotationconfidence":1},"7":{"id":7,"position":[39.7777296602726,-343.6616659164429,2958.327770233154],"positionconfidence":1,"rotation":[-0.2889398336410523,0.1385603398084641,0.9472669363021851,0.2645971477031708,0.9624857306480408,-0.06007778272032738,-0.9200554490089417,0.2332852929830551,-0.3147631883621216],"rotationconfidence":1},"8":{"id":8,"position":[114.0744462609291,-379.2904615402222,2714.751720428467],"positionconfidence":1,"rotation":[0.1561327576637268,-0.2811245918273926,0.9468851089477539,0,0.9586419463157654,0.2846151292324066,-0.9877361059188843,-0.04443774372339249,0.1496754139661789],"rotationconfidence":1},"9":{"id":9,"position":[107.7703610062599,-367.9396510124207,2676.519870758057],"positionconfidence":1,"rotation":[0.1561327576637268,-0.2811245918273926,0.9468851089477539,0,0.9586419463157654,0.2846151292324066,-0.9877361059188843,-0.04443774372339249,0.1496754139661789],"rotationconfidence":1},"12":{"id":12,"position":[438.2666349411011,-133.9972168207169,2983.433246612549],"positionconfidence":1,"rotation":[0.1540928483009338,-0.9801068305969238,0.1250839978456497,-0.2760376632213593,-0.1642584949731827,-0.9470071196556091,0.9487142562866211,0.1113991215825081,-0.2958574593067169],"rotationconfidence":1},"13":{"id":13,"position":[470.3457951545715,-338.0365669727325,3009.473323822022],"positionconfidence":1,"rotation":[-0.2745555937290192,-0.1735977530479431,-0.9457710981369019,-0.1567182540893555,0.9784958362579346,-0.1341094076633453,0.9487142562866211,0.1113991215825081,-0.2958574593067169],"rotationconfidence":1},"14":{"id":14,"position":[392.655074596405,-387.1593475341797,2741.849422454834],"positionconfidence":1,"rotation":[0.1376694589853287,0.3804339468479157,-0.914503812789917,0,-0.9232951402664185,-0.3840911686420441,-0.9904782176017761,0.05287762358784676,-0.1271095424890518],"rotationconfidence":1},"15":{"id":15,"position":[397.617906332016,-373.4451234340668,2708.882570266724],"positionconfidence":1,"rotation":[0.1376694589853287,0.3804339468479157,-0.914503812789917,0,-0.9232951402664185,-0.3840911686420441,-0.9904782176017761,0.05287762358784676,-0.1271095424890518],"rotationconfidence":1},"17":{"id":17,"position":[168.9513772726059,-448.9544034004211,2808.583974838257],"positionconfidence":1,"rotation":[0.8775199055671692,-0.4577980637550354,-0.1427580267190933,0.46617791056633,0.7446029186248779,0.4777497053146362,-0.1124148368835449,-0.4857854545116425,0.8668190836906433],"rotationconfidence":1},"18":{"id":18,"position":[-12.44605984538794,-738.6915683746338,2622.683763504028],"positionconfidence":1,"rotation":[0.8756219744682312,-0.4829972088336945,0,0.4380846917629242,0.7942003607749939,0.4211030006408691,-0.2033915668725967,-0.3687270283699036,0.9070129990577698],"rotationconfidence":1},"19":{"id":19,"position":[-129.5822262763977,-951.0468244552612,2510.088205337524],"positionconfidence":1,"rotation":[0.2671349048614502,-0.9636592268943787,0,0.9518111348152161,0.2638505101203919,-0.1563287079334259,0.1506475806236267,0.04176084697246552,0.9877051115036011],"rotationconfidence":1},"20":{"id":20,"position":[-143.460288643837,-954.893946647644,2419.098138809204],"positionconfidence":1,"rotation":[0.2671349048614502,-0.9636592268943787,0,0.9518111348152161,0.2638505101203919,-0.1563287079334259,0.1506475806236267,0.04176084697246552,0.9877051115036011],"rotationconfidence":1},"21":{"id":21,"position":[314.9996399879456,-464.1230702400208,2819.023609161377],"positionconfidence":1,"rotation":[0.9416385293006897,0.1951386630535126,0.2742951810359955,-0.3154556751251221,0.7959340810775757,0.5166977643966675,-0.1174931898713112,-0.5730705261230469,0.8110398650169373],"rotationconfidence":1},"22":{"id":22,"position":[432.1238696575165,-759.6421241760254,2627.181053161621],"positionconfidence":1,"rotation":[0.9375039339065552,0.2717135846614838,0.2173893600702286,-0.3478771150112152,0.717041552066803,0.6040140986442566,0.008241632021963596,-0.6418904066085815,0.7667522430419922],"rotationconfidence":1},"23":{"id":23,"position":[558.0569505691528,-1019.214391708374,2408.525228500366],"positionconfidence":0.5,"rotation":[-0.396923303604126,0.9178518056869507,0,-0.8955615162849426,-0.3872839212417603,-0.2190451771020889,-0.2010509967803955,-0.08694412559270859,0.9757147431373596],"rotationconfidence":0.5},"24":{"id":24,"position":[575.7185816764832,-1011.576652526856,2322.812080383301],"positionconfidence":0.5,"rotation":[-0.396923303604126,0.9178518056869507,0,-0.8955615162849426,-0.3872839212417603,-0.2190451771020889,-0.2010509967803955,-0.08694412559270859,0.9757147431373596],"rotationconfidence":0.5}},"skeletonTracked":true,"frameCount":6},{"position":[209.5074653625488,-481.5600216388702,2677.382230758667],"positionTracked":true,"id":4360,"skeleton":{"1":{"id":1,"position":[275.1923501491547,193.971261382103,3007.72500038147],"positionconfidence":1,"rotation":[0.9938135147094727,-0.1110620573163033,0,0.1105798929929733,0.9894989728927612,0.09308003634214401,-0.01033766008913517,-0.09250419586896896,0.9956586956977844],"rotationconfidence":1},"2":{"id":2,"position":[253.5137534141541,-0.01472323492635042,2989.477157592773],"positionconfidence":1,"rotation":[0.9866053462028503,-0.1205902770161629,0.1098543405532837,0.1105798929929733,0.9894989728927612,0.09308003634214401,-0.1199253052473068,-0.07968557626008987,0.9895797967910767],"rotationconfidence":1},"3":{"id":3,"position":[240.9748136997223,-340.5260741710663,2908.596277236939],"positionconfidence":1,"rotation":[0.9915277361869812,-0.06343609094619751,0.1133519113063812,0.03580407798290253,0.9723066687583923,0.2309497743844986,-0.1248633712530136,-0.2249346375465393,0.9663403034210205],"rotationconfidence":1},"4":{"id":4,"position":[244.0713942050934,-385.3259086608887,2843.023061752319],"positionconfidence":1,"rotation":[0.9910526871681213,-0.08368648588657379,0.1039756089448929,-0.03896237909793854,0.5636889338493347,0.8250676989555359,-0.1276569217443466,-0.8217366933822632,0.5553848147392273],"rotationconfidence":1},"6":{"id":6,"position":[98.18470478057861,-117.1430796384811,2953.309535980225],"positionconfidence":1,"rotation":[0.2693118155002594,0.9627012610435486,0.02602686360478401,0.3320327997207642,-0.06744864583015442,-0.9408532381057739,-0.9040051698684692,0.2620246708393097,-0.3378131091594696],"rotationconfidence":1},"7":{"id":7,"position":[35.01651436090469,-342.9486155509949,2947.204828262329],"positionconfidence":1,"rotation":[-0.310562014579773,0.1405578851699829,0.9401035904884338,0.29381263256073,0.9547704458236694,-0.0456901453435421,-0.9040051698684692,0.2620246708393097,-0.3378131091594696],"rotationconfidence":1},"8":{"id":8,"position":[111.2416759133339,-377.447515