{"motiondata":[{"position":[197.9671865701675,-519.1054344177246,2518.593549728394],"positionTracked":true,"id":4390,"skeleton":{"1":{"id":1,"position":[244.4655150175095,59.62628498673439,2737.587451934815],"positionconfidence":1,"rotation":[0.999999463558197,-0.001020374475046992,0,0.001018965966068208,0.998619019985199,0.05252813175320625,-0.00005359836359275505,-0.05252810195088387,0.9986194968223572],"rotationconfidence":1},"2":{"id":2,"position":[244.2639917135239,-137.8729641437531,2727.198839187622],"positionconfidence":1,"rotation":[0.9998054504394531,-0.002052502473816276,0.01962567865848541,0.001018965966068208,0.998619019985199,0.05252813175320625,-0.01970638707280159,-0.05249790474772453,0.998426616191864],"rotationconfidence":1},"3":{"id":3,"position":[224.0988910198212,-460.3167772293091,2675.798654556274],"positionconfidence":1,"rotation":[0.9978660345077515,-0.06425518542528152,0.01160730514675379,0.0616411492228508,0.9856537580490112,0.1571212857961655,-0.02153663896024227,-0.1560704857110977,0.9875110983848572],"rotationconfidence":1},"4":{"id":4,"position":[221.611499786377,-507.2150826454163,2615.601301193237],"positionconfidence":1,"rotation":[0.9989408850669861,-0.0456574521958828,-0.00570622505620122,0.03257869556546211,0.6142522096633911,0.7884369492530823,-0.03249296173453331,-0.7877877950668335,0.6150891184806824],"rotationconfidence":1},"6":{"id":6,"position":[68.47677379846573,-243.7650561332703,2716.326951980591],"positionconfidence":1,"rotation":[0.2838752269744873,0.913349449634552,-0.2919035851955414,0.1695606112480164,-0.3474462330341339,-0.9222420454025269,-0.9437500238418579,0.2123063057661057,-0.253499448299408],"rotationconfidence":1},"7":{"id":7,"position":[1.5722899697721,-459.0257406234741,2785.123586654663],"positionconfidence":1,"rotation":[-0.06744041293859482,0.6269438862800598,0.7761398553848267,0.3237093091011047,0.7495781183242798,-0.5773602724075317,-0.9437500238418579,0.2123063057661057,-0.253499448299408],"rotationconfidence":1},"8":{"id":8,"position":[18.68085749447346,-618.0714964866638,2588.229179382324],"positionconfidence":1,"rotation":[-0.07096248865127563,0.6765186190605164,0.7329984903335571,0,0.734851062297821,-0.6782284379005432,-0.9974789023399353,-0.04812877625226975,-0.05214685946702957],"rotationconfidence":1},"9":{"id":9,"position":[24.49033409357071,-673.4559535980225,2528.220891952515],"positionconfidence":0.5,"rotation":[-0.07096248865127563,0.6765186190605164,0.7329984903335571,0,0.734851062297821,-0.6782284379005432,-0.9974789023399353,-0.04812877625226975,-0.05214685946702957],"rotationconfidence":0.5},"12":{"id":12,"position":[425.5954921245575,-250.7797479629517,2723.006725311279],"positionconfidence":1,"rotation":[0.2766992151737213,-0.9529895782470703,0.1234845370054245,-0.2712289392948151,-0.2007275223731995,-0.9413518905639648,0.9218852519989014,0.2269787341356278,-0.314019501209259],"rotationconfidence":1},"13":{"id":13,"position":[486.9480133056641,-462.0861411094666,2750.386953353882],"positionconfidence":1,"rotation":[-0.1987146139144898,-0.418779581785202,-0.8860791921615601,-0.332626074552536,0.8792635798454285,-0.3409627377986908,0.9218852519989014,0.2269787341356278,-0.314019501209259],"rotationconfidence":1},"14":{"id":14,"position":[447.523444890976,-545.1711416244507,2574.590682983398],"positionconfidence":1,"rotation":[-0.1576216369867325,-0.5280331969261169,-0.8344677090644836,0,-0.8450309038162231,0.5347173810005188,-0.9874995350837708,0.08428303152322769,0.1331951469182968],"rotationconfidence":1},"15":{"id":15,"position":[436.7843568325043,-581.1471343040466,2517.736673355103],"positionconfidence":0.5,"rotation":[-0.1576216369867325,-0.5280331969261169,-0.8344677090644836,0,-0.8450309038162231,0.5347173810005188,-0.9874995350837708,0.08428303152322769,0.1331951469182968],"rotationconfidence":0.5},"17":{"id":17,"position":[137.2875571250916,-579.1081786155701,2591.858863830566],"positionconfidence":1,"rotation":[0.87883460521698,-0.4391537606716156,-0.1865307986736298,0.477082371711731,0.8034976124763489,0.3560672402381897,-0.006491205655038357,-0.4019148051738739,0.9156541228294373],"rotationconfidence":1},"18":{"id":18,"position":[-15.5284944921732,-836.4795446395874,2477.805614471436],"positionconfidence":1,"rotation":[0.7505378127098083,-0.6608275175094604,0,0.514371395111084,0.5841995477676392,0.6278001070022583,-0.4148675799369812,-0.4711877107620239,0.7783746123313904],"rotationconfidence":1},"19":{"id":19,"position":[-215.4193669557571,-1063.506484031677,2233.834981918335],"positionconfidence":0.5,"rotation":[-0.7176706194877625,-0.6963827013969421,0,0.6819232702255249,-0.7027691602706909,-0.2027218639850617,0.141172006726265,-0.1454875320196152,0.979236364364624],"rotationconfidence":0.5},"20":{"id":20,"position":[-230.3159981966019,-1048.154473304749,2130.504846572876],"positionconfidence":0.5,"rotation":[-0.7176706194877625,-0.6963827013969421,0,0.6819232702255249,-0.7027691602706909,-0.2027218639850617,0.141172006726265,-0.1454875320196152,0.979236364364624],"rotationconfidence":0.5},"21":{"id":21,"position":[297.3516285419464,-587.8045558929443,2589.176416397095],"positionconfidence":1,"rotation":[0.9665566682815552,0.2185453623533249,0.1341865211725235,-0.25618577003479,0.8467045426368713,0.4663263559341431,-0.01170287560671568,-0.4851075112819672,0.874376118183136],"rotationconfidence":1},"22":{"id":22,"position":[379.5290291309357,-859.4042658805847,2439.591646194458],"positionconfidence":1,"rotation":[0.08204922825098038,0.8256218433380127,-0.5582260489463806,-0.4604173898696899,0.5281625390052795,0.713484525680542,0.8839024901390076,0.1984761208295822,0.4234659969806671],"rotationconfidence":1},"23":{"id":23,"position":[512.6761198043823,-1012.142419815064,2233.260631561279],"positionconfidence":0.5,"rotation":[-0.7203543782234192,-0.6936062574386597,0,-0.4812439382076263,0.4998025298118591,-0.7201400995254517,0.4994936287403107,-0.5187560319900513,-0.6938287019729614],"rotationconfidence":0.5},"24":{"id":24,"position":[450.0727653503418,-947.1248388290405,2320.220708847046],"positionconfidence":1,"rotation":[-0.7203543782234192,-0.6936062574386597,0,-0.4812439382076263,0.4998025298118591,-0.7201400995254517,0.4994936287403107,-0.5187560319900513,-0.6938287019729614],"rotationconfidence":1}},"skeletonTracked":true,"frameCount":1},{"position":[196.4962482452393,-523.4782099723816,2517.189502716065],"positionTracked":true,"id":4390,"skeleton":{"1":{"id":1,"position":[244.6833401918411,59.79537591338158,2737.613439559937],"positionconfidence":1,"rotation":[1,0.000197684727027081,0,-0.0001974844781216234,0.9989870190620422,0.04499843344092369,0.000008895503015082795,-0.04499843344092369,0.998987078666687],"rotationconfidence":1},"2":{"id":2,"position":[244.7223961353302,-137.7714425325394,2728.714227676392],"positionconfidence":1,"rotation":[0.9997822642326355,-0.000741656287573278,0.02085286937654018,-0.0001974844781216234,0.9989870190620422,0.04499843344092369,-0.02086511999368668,-0.04499275237321854,0.9987694025039673],"rotationconfidence":1},"3":{"id":3,"position":[224.2802083492279,-459.9661529064179,2676.712274551392],"positionconfidence":1,"rotation":[0.9977824091911316,-0.06534712016582489,0.01264646556228399,0.06251360476016998,0.9852933287620544,0.1590255051851273,-0.02285233698785305,-0.1578822731971741,0.9871934056282043],"rotationconfidence":1},"4":{"id":4,"position":[221.7657268047333,-506.7546963691711,2616.481304168701],"positionconfidence":1,"rotation":[0.9988744258880615,-0.04716033861041069,-0.005065297707915306,0.0329507514834404,0.6131353974342346,0.7892902493476868,-0.03411748632788658,-0.7885688543319702,0.6139993667602539],"rotationconfidence":1},"6":{"id":6,"position":[68.73641163110733,-243.3062195777893,2717.084646224976],"positionconfidence":1,"rotation":[0.2850859761238098,0.9128404259681702,-0.2923155725002289,0.1298683434724808,-0.3389454782009125,-0.9317994713783264,-0.9496632218360901,0.2276804149150848,-0.2151776701211929],"rotationconfidence":1},"7":{"id":7,"position":[1.446409034542739,-458.7676525115967,2786.081075668335],"positionconfidence":1,"rotation":[-0.01129151228815317,0.661546528339386,0.7498190999031067,0.3130691647529602,0.7145053148269653,-0.6256755590438843,-0.9496632218360901,0.2276804149150848,-0.2151776701211929],"rotationconfidence":1},"8":{"id":8,"position":[4.397813230752945,-631.6843628883362,2590.091466903687],"positionconfidence":1,"rotation":[-0.09319881349802017,0.08524394780397415,0.9919916391372681,0,0.9963280558586121,-0.0856165885925293,-0.9956473708152771,-0.00797936413437128,-0.09285659343004227],"rotationconfidence":1},"9":{"id":9,"position":[14.91548679769039,-641.3043141365051,2478.143215179443],"positionconfidence":0.5,"rotation":[-0.09319881349802017,0.08524394780397415,0.9919916391372681,0,0.9963280558586121,-0.0856165885925293,-0.9956473708152771,-0.00797936413437128,-0.09285659343004227],"rotationconfidence":0.5},"12":{"id":12,"position":[425.7786571979523,-250.3237426280975,2724.227428436279],"positionconfidence":1,"rotation":[0.2734996676445007,-0.9527416825294495,0.1322167068719864,-0.2459055483341217,-0.2021470814943314,-0.947980523109436,0.9299077391624451,0.2267595231533051,-0.289571613073349],"rotationconfidence":1},"13":{"id":13,"position":[486.3936603069305,-461.4773392677307,2753.530263900757],"positionconfidence":1,"rotation":[-0.1576500982046127,-0.4655774235725403,-0.8708524703979492,-0.3322921097278595,0.855463445186615,-0.3971953988075256,0.9299077391624451,0.2267595231533051,-0.289571613073349],"rotationconfidence":1},"14":{"id":14,"position":[455.1642537117004,-553.7050366401672,2581.020355224609],"positionconfidence":0.5,"rotation":[-0.0739189013838768,-0.6358034014701843,-0.7683033347129822,0,-0.77041095495224,0.6375475525856018,-0.9972642064094543,0.04712681472301483,0.05694793164730072],"rotationconfidence":0.5},"15":{"id":15,"position":[449.918657541275,-598.8243222236633,2526.498317718506],"positionconfidence":0.5,"rotation":[-0.0739189013838768,-0.6358034014701843,-0.7683033347129822,0,-0.77041095495224,0.6375475525856018,-0.9972642064094543,0.04712681472301483,0.05694793164730072],"rotationconfidence":0.5},"17":{"id":17,"position":[137.3892575502396,-578.6517262458801,2592.414140701294],"positionconfidence":1,"rotation":[0.8787364363670349,-0.4405295252799988,-0.1837275922298431,0.4772244095802307,0.8037195205688477,0.3553754687309265,-0.008887948468327522,-0.3999606966972351,0.9164891242980957],"rotationconfidence":1},"18":{"id":18,"position":[-15.5681548640132,-836.2556099891663,2478.511095046997],"positionconfidence":1,"rotation":[0.7591150403022766,-0.6509564518928528,0,0.5081013441085815,0.5925240516662598,0.625098705291748,-0.4069120287895203,-0.474521815776825,0.7805457711219788],"rotationconfidence":1},"19":{"id":19,"position":[-212.7788364887238,-1066.233515739441,2235.889911651611],"positionconfidence":0.5,"rotation":[-0.7126768231391907,-0.7014926075935364,0,0.6882108449935913,-0.6991832852363586,-0.1936715096235275,0.1358591020107269,-0.1380251795053482,0.9810664057731628],"rotationconfidence":0.5},"20":{"id":20,"position":[-227.112203836441,-1051.671624183655,2132.385730743408],"positionconfidence":0.5,"rotation":[-0.7126768231391907,-0.7014926075935364,0,0.6882108449935913,-0.6991832852363586,-0.1936715096235275,0.1358591020107269,-0.1380251795053482,0.9810664057731628],"rotationconfidence":0.5},"21":{"id":21,"position":[297.3775267601013,-587.3063802719116,2590.18874168396],"positionconfidence":1,"rotation":[0.9661237597465515,0.2190145701169968,0.1365194469690323,-0.2576995491981506,0.8473648428916931,0.4642885625362396,-0.0139958243817091,-0.4837411642074585,0.8750991821289062],"rotationconfidence":1},"22":{"id":22,"position":[380.1407814025879,-859.4475984573364,2441.076993942261],"positionconfidence":1,"rotation":[0.7366656064987183,0.6723126173019409,-0.07293494790792465,-0.4370472431182861,0.5556122660636902,0.7073080539703369,0.516055703163147,-0.4891735017299652,0.7031328082084656],"rotationconfidence":1},"23":{"id":23,"position":[506.1314105987549,-1019.617795944214,2237.176418304443],"positionconfidence":0.5,"rotation":[-0.7821625471115112,-0.623074471950531,0,-0.4210377335548401,0.5285402536392212,-0.737138032913208,0.4592918753623962,-0.5765617489814758,-0.6757422089576721],"rotationconfidence":0.5},"24":{"id":24,"position":[449.6701061725617,-948.7403631210327,2320.24621963501],"positionconfidence":1,"rotation":[-0.7821625471115112,-0.623074471950531,0,-0.4210377335548401,0.5285402536392212,-0.737138032913208,0.4592918753623962,-0.5765617489814758,-0.6757422089576721],"rotationconfidence":1}},"skeletonTracked":true,"frameCount":2},{"position":[193.862572312355,-520.5358266830444,2518.633127212524],"positionTracked":true,"id":4390,"skeleton":{"1":{"id":1,"position":[244.8854446411133,60.01371890306473,2737.646579742432],"positionconfidence":1,"rotation":[0.9999995827674866,-0.0009423409937880933,0,0.000941733771469444,0.9993551969528198,0.03589263185858727,-0.00003382309660082683,-0.03589261695742607,0.999355673789978],"rotationconfidence":1},"2":{"id":2,"position":[244.6992993354797,-137.5211775302887,2730.551958084106],"positionconfidence":1,"rotation":[0.9996268153190613,-0.001920625916682184,0.0272480733692646,0.000941733771469444,0.9993551969528198,0.03589263185858727,-0.02729944139719009,-0.03585357591509819,0.9989840984344482],"rotationconfidence":1},"3":{"id":3,"position":[224.0819483995438,-459.3115448951721,2678.167819976807],"positionconfidence":1,"rotation":[0.9975734949111938,-0.06699679046869278,0.01892935484647751,0.06311223655939102,0.9850397109985352,0.1603542566299439,-0.02938939072191715,-0.1587705016136169,0.986877977848053],"rotationconfidence":1},"4":{"id":4,"position":[221.6929197311401,-505.9452056884766,2617.897033691406],"positionconfidence":1,"rotation":[0.9987444877624512,-0.05008738860487938,-0.0008340853964909911,0.03133445978164673,0.611646294593811,0.7905105948448181,-0.03908444568514824,-0.7895442247390747,0.6124477982521057],"rotationconfidence":1},"6":{"id":6,"position":[68.71053576469421,-242.5887733697891,2717.973470687866],"positionconfidence":1,"rotation":[0.2878381907939911,0.913203239440918,-0.2884595990180969,0.1308008283376694,-0.3358718454837799,-0.932781457901001,-0.9487046003341675,0.230759397149086,-0.2161245048046112],"rotationconfidence":1},"7":{"id":7,"position":[0.6233242456801236,-458.604097366333,2786.207675933838],"positionconfidence":1,"rotation":[-0.01753763109445572,0.6441217064857483,0.7647219896316528,0.3156772553920746,0.7292855978012085,-0.6070342659950256,-0.9487046003341675,0.230759397149086,-0.2161245048046112],"rotationconfidence":1},"8":{"id":8,"position":[5.17269317060709,-625.6932020187378,2587.834119796753],"positionconfidence":1,"rotation":[-0.08622980117797852,0.1050503700971603,0.9907214045524597,0,0.994425356388092,-0.105443112552166,-0.9962753057479858,-0.009092338383197784,-0.08574909716844559],"rotationconfidence":1},"9":{"id":9,"position":[14.82907496392727,-637.4571919441223,2476.88889503479],"positionconfidence":0.5,"rotation":[-0.08622980117797852,0.1050503700971603,0.9907214045524597,0,0.994425356388092,-0.105443112552166,-0.9962753057479858,-0.009092338383197784,-0.08574909716844559],"rotationconfidence":0.5},"12":{"id":12,"position":[425.5746006965637,-249.5922446250916,2727.474212646484],"positionconfidence":1,"rotation":[0.263229101896286,-0.950386106967926,0.1657610386610031,-0.2219830304384232,-0.2268778830766678,-0.9482879042625427,0.9388471245765686,0.212820827960968,-0.2706904411315918],"rotationconfidence":1},"13":{"id":13,"position":[483.9012920856476,-460.1801931858063,2764.203786849976],"positionconfidence":1,"rotation":[-0.1293100565671921,-0.5106767416000366,-0.849993109703064,-0.3191315531730652,0.833016574382782,-0.45192751288414,0.9388471245765686,0.212820827960968,-0.2706904411315918],"rotationconfidence":1},"14":{"id":14,"position":[458.0648839473724,-562.2144341468811,2594.373464584351],"positionconfidence":1,"rotation":[-0.05121926218271256,-0.5963221788406372,-0.8011096119880676,0,-0.8021624088287354,0.597105860710144,-0.9986875057220459,0.03058332204818726,0.04108616709709168],"rotationconfidence":1},"15":{"id":15,"position":[454.215943813324,-607.0258617401123,2534.173011779785],"positionconfidence":0.5,"rotation":[-0.05121926218271256,-0.5963221788406372,-0.8011096119880676,0,-0.8021624088287354,0.597105860710144,-0.9986875057220459,0.03058332204818726,0.04108616709709168],"rotationconfidence":0.5},"17":{"id":17,"position":[137.2996717691422,-577.8413414955139,2593.154907226563],"positionconfidence":1,"rotation":[0.8790534734725952,-0.4430188238620758,-0.1760661005973816,0.4764643013477325,0.8042923808097839,0.3550991714000702,-0.0157069880515337,-0.3960404098033905,0.9180987477302551],"rotationconfidence":1},"18":{"id":18,"position":[-15.61388559639454,-835.9660506248474,2479.191541671753],"positionconfidence":1,"rotation":[0.7642034292221069,-0.6449753642082214,0,0.5036222338676453,0.596720278263092,0.6247315406799316,-0.4029364585876465,-0.4774219989776611,0.7808396220207214],"rotationconfidence":1},"19":{"id":19,"position":[-211.045116186142,-1067.524075508118,2236.763715744019],"positionconfidence":0.5,"rotation":[-0.7199555039405823,-0.6940202713012695,0,0.6818061470985413,-0.7072849273681641,-0.1867843270301819,0.1296321004629135,-0.1344763934612274,0.9824008941650391],"rotationconfidence":0.5},"20":{"id":20,"position":[-224.7282713651657,-1053.329586982727,2133.067607879639],"positionconfidence":0.5,"rotation":[-0.7199555039405823,-0.6940202713012695,0,0.6818061470985413,-0.7072849273681641,-0.1867843270301819,0.1296321004629135,-0.1344763934612274,0.9824008941650391],"rotationconfidence":0.5},"21":{"id":21,"position":[297.1826195716858,-586.547315120697,2592.134714126587],"positionconfidence":1,"rotation":[0.965674638748169,0.2171099483966827,0.1426037102937698,-0.2589279711246491,0.8483355641365051,0.4618258774280548,-0.02070880122482777,-0.4828976094722748,0.8754318952560425],"rotationconfidence":1},"22":{"id":22,"position":[380.4885447025299,-859.4856858253479,2443.549633026123],"positionconfidence":1,"rotation":[0.9049277305603027,0.3252419829368591,0.2744512557983398,-0.419332891702652,0.571503221988678,0.7053679823875427,0.07256550341844559,-0.7533934712409973,0.6535537838935852],"rotationconfidence":1},"23":{"id":23,"position":[501.4558434486389,-1024.35040473938,2240.068197250366],"positionconfidence":0.5,"rotation":[-0.8258854150772095,-0.5638381242752075,0,-0.3725767135620117,0.5457341074943542,-0.7505738735198975,0.4232020974159241,-0.6198879480361938,-0.6607866883277893],"rotationconfidence":0.5},"24":{"id":24,"position":[450.2843320369721,-949.3966102600098,2319.967269897461],"positionconfidence":1,"rotation":[-0.8258854150772095,-0.5638381242752075,0,-0.3725767135620117,0.5457341074943542,-0.7505738735198975,0.4232020974159241,-0.6198879480361938,-0.6607866883277893],"rotationconfidence":1}},"skeletonTracked":true,"frameCount":3},{"position":[195.3492909669876,-521.041214466095,2518.353223800659],"positionTracked":true,"id":4390,"skeleton":{"1":{"id":1,"position":[245.1309710741043,60.50338223576546,2737.728834152222],"positionconfidence":1,"rotation":[0.9999936819076538,-0.003553577465936542,0,0.003552310867235065,0.999637246131897,0.02669575251638889,-0.00009486542694503441,-0.02669558301568031,0.9996435642242432],"rotationconfidence":1},"2":{"id":2,"position":[244.4284409284592,-137.191966176033,2732.449293136597],"positionconfidence":1,"rotation":[0.9994187951087952,-0.004454038105905056,0.03379474952816963,0.003552310867235065,0.999637246131897,0.02669575251638889,-0.033901397138834,-0.02656019106507301,0.9990721940994263],"rotationconfidence":1},"3":{"id":3,"position":[223.7909138202667,-458.6679935455322,2679.571390151978],"positionconfidence":1,"rotation":[0.9973452687263489,-0.06821557134389877,0.0254724994301796,0.06321825832128525,0.9847670197486877,0.161979153752327,-0.03613398224115372,-0.1599388271570206,0.986465334892273],"rotationconfidence":1},"4":{"id":4,"position":[221.5822488069534,-505.1637291908264,2619.239807128906],"positionconfidence":1,"rotation":[0.9986170530319214,-0.05243464186787605,0.00385166029445827,0.02898462861776352,0.6101702451705933,0.7917400598526001,-0.04386476799845696,-0.7905333638191223,0.6108461022377014],"rotationconfidence":1},"6":{"id":6,"position":[68.5751810669899,-241.8473213911057,2718.758344650269],"positionconfidence":1,"rotation":[0.2913298606872559,0.9135574102401733,-0.2837955057621002,0.1369026452302933,-0.333425760269165,-0.9327834248542786,-0.9467758536338806,0.2328952997922897,-0.2222052812576294],"rotationconfidence":1},"7":{"id":7,"position":[-0.4922855296172202,-458.4303200244904,2786.039590835571],"positionconfidence":1,"rotation":[-0.02814063988626003,0.6277790069580078,0.7778828144073486,0.3206610679626465,0.7427336573600769,-0.5878121852874756,-0.9467758536338806,0.2328952997922897,-0.2222052812576294],"rotationconfidence":1},"8":{"id":8,"position":[6.751537322998047,-620.0300455093384,2585.800886154175],"positionconfidence":1,"rotation":[-0.08580400794744492,0.1557971686124802,0.9840553998947144,0,0.987697958946228,-0.1563738733530045,-0.996312141418457,-0.01341750472784042,-0.08474844694137573],"rotationconfidence":1},"9":{"id":9,"position":[15.90725034475327,-636.6543769836426,2480.797290802002],"positionconfidence":0.5,"rotation":[-0.08580400794744492,0.1557971686124802,0.9840553998947144,0,0.987697958946228,-0.1563738733530045,-0.996312141418457,-0.01341750472784042,-0.08474844694137573],"rotationconfidence":0.5},"12":{"id":12,"position":[425.2829253673554,-248.9443868398666,2730.673789978027],"positionconfidence":1,"rotation":[0.2553274035453796,-0.9488921165466309,0.1855036169290543,-0.3475929498672485,-0.2691224813461304,-0.8981937766075134,0.9022122621536255,0.1648537516593933,-0.398542582988739],"rotationconfidence":1},"13":{"id":13,"position":[481.8976819515228,-459.3459963798523,2771.806240081787],"positionconfidence":1,"rotation":[-0.186920702457428,-0.6833125352859497,-0.7057936191558838,-0.3886818587779999,0.7112715244293213,-0.5856783986091614,0.9022122621536255,0.1648537516593933,-0.398542582988739],"rotationconfidence":1},"14":{"id":14,"position":[437.1351599693298,-622.9811310768127,2602.787494659424],"positionconfidence":1,"rotation":[-0.3418608009815216,0.01075871847569943,-0.939689040184021,0,-0.9999344348907471,-0.01144848205149174,-0.939750611782074,-0.003913787193596363,0.3418383896350861],"rotationconfidence":1},"15":{"id":15,"position":[414.0933454036713,-622.2559809684753,2539.451360702515],"positionconfidence":0.5,"rotation":[-0.3418608009815216,0.01075871847569943,-0.939689040184021,0,-0.9999344348907471,-0.01144848205149174,-0.939750611782074,-0.003913787193596363,0.3418383896350861],"rotationconfidence":0.5},"17":{"id":17,"position":[137.188047170639,-577.071487903595,2593.830347061157],"positionconfidence":1,"rotation":[0.879301905632019,-0.445397675037384,-0.1686684191226959,0.4757427871227264,0.8048362135887146,0.3548344373703003,-0.02229197695851326,-0.3922493755817413,0.9195887446403503],"rotationconfidence":1},"18":{"id":18,"position":[-15.68138785660267,-835.6878161430359,2479.812145233154],"positionconfidence":1,"rotation":[0.7719632387161255,-0.6356672048568726,0,0.496147096157074,0.6025280952453613,0.6251384615898132,-0.3973800241947174,-0.4825839102268219,0.7805140018463135],"rotationconfidence":1},"19":{"id":19,"position":[-208.1330865621567,-1069.403886795044,2237.325668334961],"positionconfidence":0.5,"rotation":[-0.7400357723236084,-0.6725674271583557,0,0.6623088717460632,-0.7287481427192688,-0.1739912778139114,0.117020882666111,-0.1287597864866257,0.9847471714019775],"rotationconfidence":0.5},"20":{"id":20,"position":[-220.5028235912323,-1055.793285369873,2133.232593536377],"positionconfidence":0.5,"rotation":[-0.7400357723236084,-0.6725674271583557,0,0.6623088717460632,-0.7287481427192688,-0.1739912778139114,0.117020882666111,-0.1287597864866257,0.9847471714019775],"rotationconfidence":0.5},"21":{"id":21,"position":[296.9976365566254,-585.8333706855774,2593.966960906982],"positionconfidence":1,"rotation":[0.9651779532432556,0.2153211236000061,0.1485545486211777,-0.2601777017116547,0.8491668701171875,0.4595901668071747,-0.02718813717365265,-0.4822368919849396,0.8756189346313477],"rotationconfidence":1},"22":{"id":22,"position":[380.8381855487824,-859.4717979431152,2445.86706161499],"positionconfidence":1,"rotation":[0.9034705758094788,0.1337968111038208,0.4072336852550507,-0.4039586186408997,0.5835446715354919,0.704480767250061,-0.1433817595243454,-0.800983190536499,0.5812638401985168],"rotationconfidence":1},"23":{"id":23,"position":[497.5837171077728,-1028.118371963501,2242.269515991211],"positionconfidence":0.5,"rotation":[-0.8617340922355652,-0.5073602199554443,0,-0.3268947899341583,0.5552196502685547,-0.764768660068512,0.3880131840705872,-0.6590272188186646,-0.6443051099777222],"rotationconfidence":0.5},"24":{"id":24,"position":[451.4313936233521,-949.7302174568176,2318.906545639038],"positionconfidence":1,"rotation":[-0.8617340922355652,-0.5073602199554443,0,-0.3268947899341583,0.5552196502685547,-0.764768660068512,0.3880131840705872,-0.6590272188186646,-0.6443051099777222],"rotationconfidence":1}},"skeletonTracked":true,"frameCount":4},{"position":[191.2013292312622,-520.7676291465759,2518.148899078369],"positionTracked":true,"id":4390,"skeleton":{"1":{"id":1,"position":[245.3472912311554,60.89365482330322,2737.854242324829],"positionconfidence":1,"rotation":[0.9999745488166809,-0.007136872503906488,0,0.007135540712624788,0.9997879266738892,0.01931576803326607,-0.0001378541783196852,-0.01931527629494667,0.9998133778572083],"rotationconfidence":1},"2":{"id":2,"position":[243.9357936382294,-136.8766725063324,2734.033346176148],"positionconfidence":1,"rotation":[0.9991415143013,-0.00791657529771328,0.04066529124975205,0.007135540712624788,0.9997879266738892,0.01931576803326607,-0.04080958664417267,-0.01900901831686497,0.9989861845970154],"rotationconfidence":1},"3":{"id":3,"position":[223.4141528606415,-458.1207036972046,2680.774211883545],"positionconfidence":1,"rotation":[0.9970881342887878,-0.0690576508641243,0.03234134986996651,0.06289675086736679,0.984580397605896,0.1632338464260101,-0.04311521351337433,-0.160724401473999,0.9860571026802063],"rotationconfidence":1},"4":{"id":4,"position":[221.4330732822418,-504.517138004303,2620.371580123901],"positionconfidence":1,"rotation":[0.9985074400901794,-0.05392413958907127,0.0086712297052145,0.0260015744715929,0.6089509725570679,0.79278165102005,-0.04803041741251946,-0.7913728356361389,0.6094441413879395],"rotationconfidence":1},"6":{"id":6,"position":[68.38902831077576,-241.2232011556625,2719.294548034668],"positionconfidence":1,"rotation":[0.2978929281234741,0.9130433797836304,-0.2785885334014893,0.1485282629728317,-0.3326161503791809,-0.9312925934791565,-0.9429736137390137,0.236047238111496,-0.2346967458724976],"rotationconfidence":1},"7":{"id":7,"position":[-2.382168313488364,-458.1372737884522,2785.479545593262],"positionconfidence":1,"rotation":[-0.03888202086091042,0.6221390962600708,0.7819406986236572,0.3305889666080475,0.7464749217033386,-0.5774827599525452,-0.9429736137390137,0.236047238111496,-0.2346967458724976],"rotationconfidence":1},"8":{"id":8,"position":[7.543787825852633,-616.9593930244446,2585.862636566162],"positionconfidence":1,"rotation":[-0.1024582386016846,0.2390780299901962,0.9655795693397522,0,0.9706880450248718,-0.2403428852558136,-0.9947372674942017,-0.02462510950863361,-0.09945498406887054],"rotationconfidence":1},"9":{"id":9,"position":[17.45998300611973,-640.0980353355408,2492.411136627197],"positionconfidence":0.5,"rotation":[-0.1024582386016846,0.2390780299901962,0.9655795693397522,0,0.9706880450248718,-0.2403428852558136,-0.9947372674942017,-0.02462510950863361,-0.09945498406887054],"rotationconfidence":0.5},"12":{"id":12,"position":[424.7458875179291,-248.3366876840591,2733.716726303101],"positionconfidence":1,"rotation":[0.2473777532577515,-0.9483558535575867,0.1985586732625961,-0.3636485040187836,-0.2808211445808411,-0.8882001042366028,0.8980891108512878,0.1475153565406799,-0.4143370389938355],"rotationconfidence":1},"13":{"id":13,"position":[479.5324504375458,-458.368331193924,2777.69136428833],"positionconfidence":1,"rotation":[-0.261210173368454,-0.5790279507637024,-0.7723314166069031,-0.353843480348587,0.8018515110015869,-0.4814861714839935,0.8980891108512878,0.1475153565406799,-0.4143370389938355],"rotationconfidence":1},"14":{"id":14,"position":[417.2569811344147,-596.4151620864868,2593.558788299561],"positionconfidence":0.5,"rotation":[-0.5140509009361267,0.5447208881378174,-0.6625940799713135,0,-0.7724705338478088,-0.6350507140159607,-0.8577597737312317,-0.326448380947113,0.3970891833305359],"rotationconfidence":0.5},"15":{"id":15,"position":[372.2483217716217,-548.7211346626282,2535.544157028198],"positionconfidence":0.5,"rotation":[-0.5140509009361267,0.5447208881378174,-0.6625940799713135,0,-0.7724705338478088,-0.6350507140159607,-0.8577597737312317,-0.326448380947113,0.3970891833305359],"rotationconfidence":0.5},"17":{"id":17,"position":[137.0632946491242,-576.3992667198181,2594.405651092529],"positionconfidence":1,"rotation":[0.8796756863594055,-0.4469226598739624,-0.1625747978687286,0.4747568964958191,0.8052309155464172,0.3552590608596802,-0.02786307968199253,-0.3896963000297546,0.9205217361450195],"rotationconfidence":1},"18":{"id":18,"position":[-15.69506525993347,-835.4913592338562,2480.097055435181],"positionconfidence":1,"rotation":[0.7770123481750488,-0.6294853091239929,0,0.4915052056312561,0.6066949963569641,0.6247749328613281,-0.3932866454124451,-0.4854578375816345,0.7808048129081726],"rotationconfidence":1},"19":{"id":19,"position":[-206.3254714012146,-1070.79815864563,2237.777948379517],"positionconfidence":0.5,"rotation":[-0.744608461856842,-0.6675014495849609,0,0.6583676338195801,-0.7344195246696472,-0.1648636609315872,0.1100467443466187,-0.1227588877081871,0.9863163828849792],"rotationconfidence":0.5},"20":{"id":20,"position":[-217.9568409919739,-1057.823181152344,2133.529424667358],"positionconfidence":0.5,"rotation":[-0.744608461856842,-0.6675014495849609,0,0.6583676338195801,-0.7344195246696472,-0.1648636609315872,0.1100467443466187,-0.1227588877081871,0.9863163828849792],"rotationconfidence":0.5},"21":{"id":21,"position":[296.8026399612427,-585.259199142456,2595.489978790283],"positionconfidence":1,"rotation":[0.9651647210121155,0.2120615541934967,0.1532540619373322,-0.2595860064029694,0.8494159579277039,0.459464430809021,-0.03274170309305191,-0.4832415282726288,0.8748745918273926],"rotationconfidence":1},"22":{"id":22,"position":[380.6056678295136,-859.479010105133,2447.1595287323],"positionconfidence":1,"rotation":[0.8819097876548767,0.03496910259127617,0.4701195359230042,-0.3983011841773987,0.5887231826782227,0.7033926248550415,-0.2521732747554779,-0.8075780272483826,0.5331289768218994],"rotationconfidence":1},"23":{"id":23,"position":[495.920717716217,-1029.924511909485,2243.515253067017],"positionconfidence":0.5,"rotation":[-0.8848302960395813,-0.4659134745597839,0,-0.2928626537322998,0.5561842918395996,-0.7777469754219055,0.362362802028656,-0.6881740689277649,-0.6285773515701294],"rotationconfidence":0.5},"24":{"id":24,"position":[453.3689618110657,-949.1131901741028,2317.328214645386],"positionconfidence":1,"rotation":[-0.8848302960395813,-0.4659134745597839,0,-0.2928626537322998,0.5561842918395996,-0.7777469754219055,0.362362802028656,-0.6881740689277649,-0.6285773515701294],"rotationconfidence":1}},"skeletonTracked":true,"frameCount":5},{"position":[190.4905140399933,-521.2973952293396,2517.587661743164],"positionTracked":true,"id":4390,"skeleton":{"1":{"id":1,"position":[245.4852908849716,61.14161387085915,2737.931489944458],"positionconfidence":1,"rotation":[0.9999205470085144,-0.01260570902377367,0,0.01260484382510185,0.9998519420623779,0.01170978602021933,-0.0001476101606385782,-0.01170885562896729,0.9999313950538635],"rotationconfidence":1},"2":{"id":2,"position":[242.9935485124588,-136.5104466676712,2735.616683959961],"positionconfidence":1,"rotation":[0.9988025426864624,-0.01314352452754974,0.04712538421154022,0.01260484382510185,0.9998519420623779,0.01170978602021933,-0.04727232083678246,-0.01110175624489784,0.998820424079895],"rotationconfidence":1},"3":{"id":3,"position":[222.8216826915741,-457.6245248317719,2681.867361068726],"positionconfidence":1,"rotation":[0.996849775314331,-0.06912853568792343,0.03888097405433655,0.06183787435293198,0.9843913912773132,0.1647712737321854,-0.04966449737548828,-0.1618479043245316,0.985565185546875],"rotationconfidence":1},"4":{"id":4,"position":[221.1437076330185,-503.9569139480591,2621.347427368164],"positionconfidence":1,"rotation":[0.9984068274497986,-0.05462735891342163,0.0141393793746829,0.02200981788337231,0.6077369451522827,0.7938334345817566,-0.05195803940296173,-0.7922573685646057,0.6079709529876709],"rotationconfidence":1},"6":{"id":6,"position":[68.1251809000969,-240.6671494245529,2719.685554504395],"positionconfidence":1,"rotation":[0.3047740161418915,0.9122559428215027,-0.2736818194389343,0.1620593965053558,-0.3328338861465454,-0.9289553761482239,-0.9385358095169067,0.2387687861919403,-0.249278798699379],"rotationconfidence":1},"7":{"id":7,"position":[-4.419711884111166,-457.8100442886353,2784.829616546631],"positionconfidence":1,"rotation":[-0.05061167851090431,0.6191736459732056,0.7836214303970337,0.3414511978626251,0.7480732202529907,-0.5690321326255798,-0.9385358095169067,0.2387687861919403,-0.249278798699379],"rotationconfidence":1},"8":{"id":8,"position":[8.40711034834385,-614.730954170227,2586.231708526611],"positionconfidence":1,"rotation":[-0.121442548930645,0.3337263464927673,0.9348146319389343,0,0.9417852759361267,-0.3362148404121399,-0.9925984144210815,-0.04083078727126122,-0.1143728047609329],"rotationconfidence":1},"9":{"id":9,"position":[19.17235739529133,-644.3140506744385,2503.365278244019],"positionconfidence":0.5,"rotation":[-0.121442548930645,0.3337263464927673,0.9348146319389343,0,0.9417852759361267,-0.3362148404121399,-0.9925984144210815,-0.04083078727126122,-0.1143728047609329],"rotationconfidence":0.5},"12":{"id":12,"position":[423.9076972007752,-247.7866858243942,2736.44495010376],"positionconfidence":1,"rotation":[0.242283508181572,-0.9483568072319031,0.2047389149665833,-0.4195541441440582,-0.2926880121231079,-0.8592485189437866,0.8747988343238831,0.1222826838493347,-0.4688005149364471],"rotationconfidence":1},"13":{"id":13,"position":[477.531373500824,-457.6828479766846,2781.759023666382],"positionconfidence":1,"rotation":[-0.2838559150695801,-0.6547905206680298,-0.7004820704460144,-0.3926229476928711,0.7458527088165283,-0.5380993485450745,0.8747988343238831,0.1222826838493347,-0.4688005149364471],"rotationconfidence":1},"14":{"id":14,"position":[402.5690853595734,-630.6036710739136,2596.771717071533],"positionconfidence":1,"rotation":[-0.5044401288032532,0.6155128479003906,-0.6055444478988647,0,-0.7013108134269714,-0.7128556966781616,-0.8634467124938965,-0.3595930337905884,0.3537693023681641],"rotationconfidence":1},"15":{"id":15,"position":[349.8694002628326,-566.3000345230103,2533.509492874146],"positionconfidence":0.5,"rotation":[-0.5044401288032532,0.6155128479003906,-0.6055444478988647,0,-0.7013108134269714,-0.7128556966781616,-0.8634467124938965,-0.3595930337905884,0.3537693023681641],"rotationconfidence":0.5},"17":{"id":17,"position":[136.8443518877029,-575.7589340209961,2594.888925552368],"positionconfidence":1,"rotation":[0.8801469206809998,-0.4479893743991852,-0.1569927483797073,0.4735631048679352,0.8057420253753662,0.3556932508945465,-0.03285113722085953,-0.3874083161354065,0.9213227033615112],"rotationconfidence":1},"18":{"id":18,"position":[-15.71973413228989,-835.3384733200073,2480.298042297363],"positionconfidence":1,"rotation":[0.7819306254386902,-0.6233654022216797,0,0.4867081344127655,0.6105118989944458,0.6248122453689575,-0.3894863426685333,-0.4885598421096802,0.7807749509811401],"rotationconfidence":1},"19":{"id":19,"position":[-204.5158445835114,-1072.158575057983,2237.930774688721],"positionconfidence":0.5,"rotation":[-0.7518384456634521,-0.6593473553657532,0,0.6512475609779358,-0.7426024079322815,-0.1562634259462357,0.1030318737030029,-0.1174848526716232,0.9877154231071472],"rotationconfidence":0.5},"20":{"id":20,"position":[-215.4120653867722,-1059.733867645264,2133.474111557007],"positionconfidence":0.5,"rotation":[-0.7518384456634521,-0.6593473553657532,0,0.6512475609779358,-0.7426024079322815,-0.1562634259462357,0.1030318737030029,-0.1174848526716232,0.9877154231071472],"rotationconfidence":0.5},"21":{"id":21,"position":[296.4767515659332,-584.766685962677,2596.793174743652],"positionconfidence":1,"rotation":[0.9647858142852783,0.2102263271808624,0.1580927968025208,-0.2603143155574799,0.8493538498878479,0.4591671824455261,-0.03774769976735115,-0.4841518104076386,0.8741694688796997],"rotationconfidence":1},"22":{"id":22,"position":[380.6526958942413,-859.4160676002502,2448.315620422363],"positionconfidence":1,"rotation":[0.8952372670173645,0.2346056997776032,0.3788275420665741,-0.4365007281303406,0.2908953428268433,0.8513795137405396,0.08953931927680969,-0.9275451898574829,0.3628259003162384],"rotationconfidence":1},"23":{"id":23,"position":[530.5837988853455,-959.3340158462524,2155.880212783814],"positionconfidence":0.5,"rotation":[-0.9990099668502808,0.0444873571395874,0,-0.02608457952737808,-0.5857564210891724,-0.8100672960281372,-0.03603775054216385,-0.8092652559280396,0.5863369107246399],"rotationconfidence":0.5},"24":{"id":24,"position":[534.3241691589355,-875.3401041030884,2095.024108886719],"positionconfidence":0.5,"rotation":[-0.9990099668502808,0.0444873571395874,0,-0.02608457952737808,-0.5857564210891724,-0.8100672960281372,-0.03603775054216385,-0.8092652559280396,0.5863369107246399],"rotationconfidence":0.5}},"skeletonTracked":true,"frameCount":6},{"position":[188.4816437959671,-519.9255347251892,2516.032218933106],"positionTracked":true,"id":4390,"skeleton":{"1":{"id":1,"position":[245.5805987119675,61.36725842952728,2737.98131942749],"positionconfidence":1,"rotation":[0.9997884631156921,-0.02056632749736309,0,0.0205660592764616,0.9997754096984863,0.005111174657940865,-0.0001051180952345021,-0.005110093392431736,0.9999868869781494],"rotationconfidence":1},"2":{"id":2,"position":[241.5226101875305,-135.9032541513443,2736.972808837891],"positionconfidence":1,"rotation":[0.9984188675880432,-0.0208051260560751,0.0522213838994503,0.0205660592764616,0.9997754096984863,0.005111174657940865,-0.05231599509716034,-0.004029105417430401,0.9986225366592407],"rotationconfidence":1},"3":{"id":3,"position":[222.1403568983078,-457.0678770542145,2682.795763015747],"positionconfidence":1,"rotation":[0.9967236518859863,-0.06763455271720886,0.04435593262314796,0.05940405279397965,0.9843271970748901,0.1660455018281937,-0.05489116534590721,-0.1628665626049042,0.9851199984550476],"rotationconfidence":1},"4":{"id":4,"position":[220.7954674959183,-503.3669471740723,2622.169017791748],"positionconfidence":1,"rotation":[0.9983086585998535,-0.05471840128302574,0.01964143477380276,0.01762735657393932,0.6068381667137146,0.7946298718452454,-0.055400051176548,-0.7929397225379944,0.6067764163017273],"rotationconfidence":1},"6":{"id":6,"position":[67.53772497177124,-239.9158477783203,2720.078945159912],"positionconfidence":1,"rotation":[0.3103522658348084,0.912049412727356,-0.2680433690547943,0.1761317700147629,-0.3322534263134003,-0.9265987277030945,-0.9341622591018677,0.2403610944747925,-0.2637565135955811],"rotationconfidence":1},"7":{"id":7,"position":[-6.520517636090517,-457.5549066066742,2784.041166305542],"positionconfidence":1,"rotation":[-0.06250116974115372,0.6174955368041992,0.7840873003005981,0.3513325452804565,0.7489498