{"motiondata":[{"position":[200.677752494812,-562.5365376472473,2545.616388320923],"positionTracked":true,"id":4905,"skeleton":{"1":{"id":1,"position":[232.018381357193,11.40017528086901,2761.228322982788],"positionconfidence":1,"rotation":[0.9984691143035889,0.05531295761466026,0,-0.05531211569905281,0.9984539151191711,-0.005512487608939409,-0.0003049119841307402,0.005504048429429531,0.999984860420227],"rotationconfidence":1},"2":{"id":2,"position":[243.0539876222611,-187.8065168857575,2762.328147888184],"positionconfidence":1,"rotation":[0.9931966662406921,0.0544525720179081,-0.102934367954731,-0.05531211569905281,0.9984539151191711,-0.005512487608939409,0.1024750471115112,0.01116850040853024,0.994672954082489],"rotationconfidence":1},"3":{"id":3,"position":[230.3614318370819,-504.0863156318665,2708.829641342163],"positionconfidence":1,"rotation":[0.99385005235672,-0.02151017263531685,-0.1086247712373734,0.03953777253627777,0.985223114490509,0.166649803519249,0.1034349724650383,-0.1699196994304657,0.9800145030021667],"rotationconfidence":1},"4":{"id":4,"position":[222.6223349571228,-549.6965050697327,2649.962902069092],"positionconfidence":1,"rotation":[0.9940527081489563,-0.03603887185454369,-0.1027631312608719,0.1033675000071526,0.6091939806938171,0.7862555384635925,0.03426691889762878,-0.7922018766403198,0.6092962026596069],"rotationconfidence":1},"6":{"id":6,"position":[66.49453938007355,-292.80024766922,2764.354705810547],"positionconfidence":1,"rotation":[0.2507048547267914,0.9241302609443665,-0.2883232831954956,0.01891003735363483,-0.3024532496929169,-0.952976644039154,-0.9678788781166077,0.2334636598825455,-0.09330183267593384],"rotationconfidence":1},"7":{"id":7,"position":[9.511278010904789,-502.8478503227234,2829.888343811035],"positionconfidence":1,"rotation":[-0.05019104480743408,0.1842112690210342,0.9816043376922607,0.246356189250946,0.954757034778595,-0.1665764153003693,-0.9678788781166077,0.2334636598825455,-0.09330183267593384],"rotationconfidence":1},"8":{"id":8,"position":[20.58621868491173,-543.4951186180115,2613.291740417481],"positionconfidence":1,"rotation":[-0.05026862770318985,0.1229691281914711,0.9911365509033203,0,0.9923911690711975,-0.123124785721302,-0.9987357258796692,-0.006189314182847738,-0.04988614097237587],"rotationconfidence":1},"9":{"id":9,"position":[24.21082928776741,-552.361786365509,2541.826009750366],"positionconfidence":0.5,"rotation":[-0.05026862770318985,0.1229691281914711,0.9911365509033203,0,0.9923911690711975,-0.123124785721302,-0.9987357258796692,-0.006189314182847738,-0.04988614097237587],"rotationconfidence":0.5},"12":{"id":12,"position":[411.2704992294312,-288.0931198596954,2728.781700134277],"positionconfidence":1,"rotation":[0.2885098457336426,-0.9498740434646606,0.1204222962260246,-0.3492249250411987,-0.2215002179145813,-0.9104832410812378,0.8915178179740906,0.2206288725137711,-0.3956246078014374],"rotationconfidence":1},"13":{"id":13,"position":[477.2883653640747,-505.44673204422,2756.33716583252],"positionconfidence":1,"rotation":[-0.3322724103927612,-0.2750994563102722,-0.9021725058555603,-0.3078814148902893,0.9357579946517944,-0.171947181224823,0.8915178179740906,0.2206288725137711,-0.3956246078014374],"rotationconfidence":1},"14":{"id":14,"position":[403.8786292076111,-566.2251114845276,2557.018041610718],"positionconfidence":0.5,"rotation":[-0.4260585010051727,0.3088609576225281,-0.8503404855728149,0,-0.9399188756942749,-0.3413976430892944,-0.904695451259613,-0.1454553753137589,0.400460422039032],"rotationconfidence":0.5},"15":{"id":15,"position":[371.9152808189392,-543.0540442466736,2493.224620819092],"positionconfidence":0.5,"rotation":[-0.4260585010051727,0.3088609576225281,-0.8503404855728149,0,-0.9399188756942749,-0.3413976430892944,-0.904695451259613,-0.1454553753137589,0.400460422039032],"rotationconfidence":0.5},"17":{"id":17,"position":[140.4241621494293,-622.4954128265381,2631.681442260742],"positionconfidence":1,"rotation":[0.7630510330200195,-0.5336690545082092,-0.3646235764026642,0.6440353989601135,0.6753703951835632,0.3592953681945801,0.05451114103198052,-0.5089912414550781,0.8590438961982727],"rotationconfidence":1},"18":{"id":18,"position":[-57.99039453268051,-830.5636644363403,2520.989656448364],"positionconfidence":1,"rotation":[0.8636285066604614,-0.5041286945343018,0,0.4419190585613251,0.7570564150810242,0.4812203049659729,-0.2425969690084457,-0.4155955612659454,0.8765995502471924],"rotationconfidence":1},"19":{"id":19,"position":[-217.0111238956451,-1102.983832359314,2347.826719284058],"positionconfidence":0.5,"rotation":[0.01634662225842476,-0.9998663663864136,0,0.9629053473472595,0.01574235409498215,-0.2693797051906586,0.2693437039852142,0.004403448663651943,0.9630340337753296],"rotationconfidence":0.5},"20":{"id":20,"position":[-240.9495115280151,-1103.375196456909,2262.235403060913],"positionconfidence":0.5,"rotation":[0.01634662225842476,-0.9998663663864136,0,0.9629053473472595,0.01574235409498215,-0.2693797051906586,0.2693437039852142,0.004403448663651943,0.9630340337753296],"rotationconfidence":0.5},"21":{"id":21,"position":[296.8272566795349,-624.0900754928589,2620.811939239502],"positionconfidence":1,"rotation":[0.8900772333145142,0.4081105887889862,0.2029986530542374,-0.452702671289444,0.7395868301391602,0.4980679452419281,0.05313167348504067,-0.5352169275283813,0.8430420756340027],"rotationconfidence":1},"22":{"id":22,"position":[433.9136779308319,-848.0501174926758,2469.988107681274],"positionconfidence":1,"rotation":[0.9619998931884766,0.2435607016086578,-0.1234277039766312,-0.09104501456022263,0.7122889161109924,0.6959564089775085,0.2574238181114197,-0.6582725048065186,0.7073968648910522],"rotationconfidence":1},"23":{"id":23,"position":[463.8971388339996,-1082.625150680542,2240.79179763794],"positionconfidence":0.5,"rotation":[-0.4718805849552155,-0.8816624879837036,0,0.8694301247596741,-0.4653336405754089,-0.1659992784261704,0.1463553309440613,-0.0783318355679512,0.9861258268356323],"rotationconfidence":0.5},"24":{"id":24,"position":[451.3442516326904,-1075.90663433075,2156.211853027344],"positionconfidence":0.5,"rotation":[-0.4718805849552155,-0.8816624879837036,0,0.8694301247596741,-0.4653336405754089,-0.1659992784261704,0.1463553309440613,-0.0783318355679512,0.9861258268356323],"rotationconfidence":0.5}},"skeletonTracked":true,"frameCount":1},{"position":[198.5795050859451,-560.5384111404419,2546.678304672241],"positionTracked":true,"id":4905,"skeleton":{"1":{"id":1,"position":[232.4283272027969,11.22256834059954,2761.378049850464],"positionconfidence":1,"rotation":[0.9985155463218689,0.05446767807006836,0,-0.05446615442633629,0.9984875917434692,-0.007470904383808374,-0.0004069228016305715,0.007459814194589853,0.9999720454216003],"rotationconfidence":1},"2":{"id":2,"position":[243.2901859283447,-187.8998279571533,2762.86792755127],"positionconfidence":1,"rotation":[0.9933090209960938,0.05341756716370583,-0.1023896709084511,-0.05446615442633629,0.9984875917434692,-0.007470904383808374,0.1018357574939728,0.01299769058823586,0.9947163462638855],"rotationconfidence":1},"3":{"id":3,"position":[230.6355684995651,-504.3812394142151,2709.521532058716],"positionconfidence":1,"rotation":[0.9939276576042175,-0.02155410498380661,-0.1079042106866837,0.03939850628376007,0.9853237271308899,0.1660870611667633,0.1027407199144363,-0.1693297773599625,0.9801896810531616],"rotationconfidence":1},"4":{"id":4,"position":[222.8780537843704,-549.9618053436279,2650.637865066528],"positionconfidence":1,"rotation":[0.994064211845398,-0.03702341765165329,-0.1023020371794701,0.1036174148321152,0.6088213324546814,0.7865113615989685,0.03316432237625122,-0.7924429774284363,0.6090437173843384],"rotationconfidence":1},"6":{"id":6,"position":[66.82854145765305,-292.894184589386,2764.944791793823],"positionconfidence":1,"rotation":[0.2509799301624298,0.9242640733718872,-0.2876542806625366,0.01818793080747128,-0.3016161322593689,-0.9532559514045715,-0.9678214192390442,0.2340162843465805,-0.09251005202531815],"rotationconfidence":1},"7":{"id":7,"position":[9.77447908371687,-503.0027031898499,2830.335855484009],"positionconfidence":1,"rotation":[-0.04993927851319313,0.181698739528656,0.9820853471755981,0.246632918715477,0.9551030993461609,-0.1641653329133987,-0.9678214192390442,0.2340162843465805,-0.09251005202531815],"rotationconfidence":1},"8":{"id":8,"position":[20.74669115245342,-542.9239273071289,2614.560842514038],"positionconfidence":0.5,"rotation":[-0.04802925884723663,0.1369749158620834,0.9894095063209534,0,0.9905526041984558,-0.1371331661939621,-0.9988459944725037,-0.006586404517292976,-0.04757550731301308],"rotationconfidence":0.5},"9":{"id":9,"position":[24.1402555257082,-552.6020526885986,2544.652938842773],"positionconfidence":0.5,"rotation":[-0.04802925884723663,0.1369749158620834,0.9894095063209534,0,0.9905526041984558,-0.1371331661939621,-0.9988459944725037,-0.006586404517292976,-0.04757550731301308],"rotationconfidence":0.5},"12":{"id":12,"position":[411.4543199539185,-288.3679568767548,2729.604005813599],"positionconfidence":1,"rotation":[0.296488344669342,-0.941967785358429,0.1574529558420181,-0.3352513313293457,-0.2570278346538544,-0.9063903093338013,0.8942601680755615,0.2159478217363358,-0.3920016884803772],"rotationconfidence":1},"13":{"id":13,"position":[478.2327711582184,-500.5285739898682,2765.067338943481],"positionconfidence":1,"rotation":[-0.3263030052185059,-0.2848747372627258,-0.9013171792030334,-0.3063088655471802,0.9339233636856079,-0.1842877119779587,0.8942601680755615,0.2159478217363358,-0.3920016884803772],"rotationconfidence":1},"14":{"id":14,"position":[403.4034013748169,-565.8574104309082,2558.372974395752],"positionconfidence":0.5,"rotation":[-0.4295137524604797,0.3090852499008179,-0.8485188484191895,0,-0.9396037459373474,-0.3422642350196838,-0.9030603170394897,-0.1470071971416473,0.4035727381706238],"rotationconfidence":0.5},"15":{"id":15,"position":[371.7159330844879,-543.0545806884766,2495.773315429688],"positionconfidence":0.5,"rotation":[-0.4295137524604797,0.3090852499008179,-0.8485188484191895,0,-0.9396037459373474,-0.3422642350196838,-0.9030603170394897,-0.1470071971416473,0.4035727381706238],"rotationconfidence":0.5},"17":{"id":17,"position":[140.6474113464356,-622.6725578308105,2632.050275802612],"positionconfidence":1,"rotation":[0.7607879638671875,-0.535111665725708,-0.3672290742397308,0.6468377113342285,0.6713484525680542,0.3617903888225555,0.05294039472937584,-0.5127833485603333,0.8568841814994812],"rotationconfidence":1},"18":{"id":18,"position":[-60.19911542534828,-831.129789352417,2519.712448120117],"positionconfidence":1,"rotation":[0.8686465620994568,-0.4954322874546051,0,0.4357055127620697,0.7639269828796387,0.4760003387928009,-0.2358259409666061,-0.4134760499000549,0.8794451355934143],"rotationconfidence":1},"19":{"id":19,"position":[-215.9795016050339,-1104.261159896851,2349.525213241577],"positionconfidence":0.5,"rotation":[0.04999087750911713,-0.9987496733665466,0,0.9637881517410278,0.04824093356728554,-0.2622693777084351,0.2619414627552033,0.01311107631772757,0.9649947285652161],"rotationconfidence":0.5},"20":{"id":20,"position":[-239.0718758106232,-1105.417013168335,2264.452695846558],"positionconfidence":0.5,"rotation":[0.04999087750911713,-0.9987496733665466,0,0.9637881517410278,0.04824093356728554,-0.2622693777084351,0.2619414627552033,0.01311107631772757,0.9649947285652161],"rotationconfidence":0.5},"21":{"id":21,"position":[297.0329225063324,-624.3036985397339,2621.41227722168],"positionconfidence":1,"rotation":[0.922145426273346,0.3515974283218384,0.1613281220197678,-0.3832998871803284,0.7741369605064392,0.5037786960601807,0.05223723873496056,-0.5263943672180176,0.8486343026161194],"rotationconfidence":1},"22":{"id":22,"position":[421.0048913955689,-874.6854066848755,2458.473443984985],"positionconfidence":1,"rotation":[0.9763802289962769,0.2064520716667175,-0.06371121108531952,-0.117218941450119,0.753871500492096,0.6464807987213135,0.1814973652362824,-0.623742938041687,0.7602653503417969],"rotationconfidence":1},"23":{"id":23,"position":[458.7860107421875,-1117.667555809021,2250.104665756226],"positionconfidence":0.5,"rotation":[0.5081932544708252,-0.8612430691719055,0,0.8592957854270935,0.5070441961288452,-0.06720863282680511,0.05788297206163406,0.03415497392416,0.9977389574050903],"rotationconfidence":0.5},"24":{"id":24,"position":[453.8618326187134,-1120.573163032532,2165.225744247437],"positionconfidence":0.5,"rotation":[0.5081932544708252,-0.8612430691719055,0,0.8592957854270935,0.5070441961288452,-0.06720863282680511,0.05788297206163406,0.03415497392416,0.9977389574050903],"rotationconfidence":0.5}},"skeletonTracked":true,"frameCount":2},{"position":[199.3137449026108,-556.6100478172302,2546.318292617798],"positionTracked":true,"id":4905,"skeleton":{"1":{"id":1,"position":[233.1536859273911,11.47080678492785,2761.461734771729],"positionconfidence":1,"rotation":[0.9986674189567566,0.05160719901323319,0,-0.05160510167479515,0.9986268281936646,-0.00902948621660471,-0.0004659864935092628,0.009017453528940678,0.9999592900276184],"rotationconfidence":1},"2":{"id":2,"position":[243.4590607881546,-187.9518032073975,2763.264894485474],"positionconfidence":1,"rotation":[0.9935466647148132,0.05042392015457153,-0.1016001254320145,-0.05160510167479515,0.9986268281936646,-0.00902948621660471,0.1010052934288979,0.01421429868787527,0.9947843551635742],"rotationconfidence":1},"3":{"id":3,"position":[230.8298498392105,-504.5741200447083,2710.071802139282],"positionconfidence":1,"rotation":[0.9940235018730164,-0.02167386747896671,-0.1069932654500008,0.03930564969778061,0.9854174852371216,0.1655518263578415,0.1018448919057846,-0.1687678545713425,0.9803800582885742],"rotationconfidence":1},"4":{"id":4,"position":[223.0798602104187,-550.1387715339661,2651.187896728516],"positionconfidence":1,"rotation":[0.994114100933075,-0.03795007988810539,-0.1014741063117981,0.103531114757061,0.6086923480033875,0.7866225242614746,0.0319141261279583,-0.7924981713294983,0.6090386509895325],"rotationconfidence":1},"6":{"id":6,"position":[67.13221222162247,-292.8561568260193,2765.326023101807],"positionconfidence":1,"rotation":[0.2516025602817535,0.9242618083953857,-0.2871169745922089,0.02014629356563091,-0.3015976250171661,-0.9532222747802734,-0.967620849609375,0.2340488582849503,-0.09450319409370422],"rotationconfidence":1},"7":{"id":7,"position":[9.912943467497826,-503.0511021614075,2830.621957778931],"positionconfidence":1,"rotation":[-0.05288858339190483,0.1780908405780792,0.9825916886329651,0.2468046098947525,0.9557743668556213,-0.1599459052085877,-0.967620849609375,0.2340488582849503,-0.09450319409370422],"rotationconfidence":1},"8":{"id":8,"position":[21.48598060011864,-542.0207977294922,2615.612030029297],"positionconfidence":1,"rotation":[-0.04579814150929451,0.1444183140993118,0.9884563088417053,0,0.9894946217536926,-0.1445700079202652,-0.9989507794380188,-0.006621037609875202,-0.04531701654195786],"rotationconfidence":1},"9":{"id":9,"position":[24.70459789037705,-552.1702766418457,2546.144962310791],"positionconfidence":0.5,"rotation":[-0.04579814150929451,0.1444183140993118,0.9884563088417053,0,0.9894946217536926,-0.1445700079202652,-0.9989507794380188,-0.006621037609875202,-0.04531701654195786],"rotationconfidence":0.5},"12":{"id":12,"position":[411.6050004959106,-288.5173857212067,2730.288028717041],"positionconfidence":1,"rotation":[0.2799755930900574,-0.9504111409187317,0.1353963762521744,-0.360162228345871,-0.2347226440906525,-0.9028778076171875,0.8898858428001404,0.2040191143751144,-0.4080188572406769],"rotationconfidence":1},"13":{"id":13,"position":[475.4597842693329,-505.2801966667175,2761.168241500855],"positionconfidence":1,"rotation":[-0.3471431434154511,-0.2774289846420288,-0.8958374857902527,-0.295964241027832,0.9388340711593628,-0.176056295633316,0.8898858428001404,0.2040191143751144,-0.4080188572406769],"rotationconfidence":1},"14":{"id":14,"position":[395.4200148582459,-569.2461729049683,2554.617643356323],"positionconfidence":0.5,"rotation":[-0.428297370672226,0.2912799715995789,-0.855404794216156,0,-0.9466234445571899,-0.3223415017127991,-0.9036378860473633,-0.1380580216646195,0.4054363369941711],"rotationconfidence":0.5},"15":{"id":15,"position":[365.1931583881378,-548.6892461776733,2494.247913360596],"positionconfidence":0.5,"rotation":[-0.428297370672226,0.2912799715995789,-0.855404794216156,0,-0.9466234445571899,-0.3223415017127991,-0.9036378860473633,-0.1380580216646195,0.4054363369941711],"rotationconfidence":0.5},"17":{"id":17,"position":[140.8188194036484,-622.7694749832153,2632.331371307373],"positionconfidence":1,"rotation":[0.7573520541191101,-0.5348818302154541,-0.3745923042297363,0.6510249376296997,0.6631278991699219,0.36936154961586,0.05083783343434334,-0.5236056447029114,0.85044264793396],"rotationconfidence":1},"18":{"id":18,"position":[-63.541479408741,-830.9289813041687,2516.38674736023],"positionconfidence":1,"rotation":[0.8776515126228333,-0.4792993068695068,0,0.4250919222831726,0.7783915996551514,0.4619560539722443,-0.2214152216911316,-0.4054364264011383,0.8869028091430664],"rotationconfidence":1},"19":{"id":19,"position":[-213.9775604009628,-1106.394529342651,2352.904796600342],"positionconfidence":0.5,"rotation":[0.1160512492060661,-0.9932432770729065,0,0.9605808854103088,0.1122349500656128,-0.2543379366397858,0.2526194155216217,0.02951623313128948,0.9671154022216797],"rotationconfidence":0.5},"20":{"id":20,"position":[-236.018493771553,-1108.969807624817,2268.524408340454],"positionconfidence":0.5,"rotation":[0.1160512492060661,-0.9932432770729065,0,0.9605808854103088,0.1122349500656128,-0.2543379366397858,0.2526194155216217,0.02951623313128948,0.9671154022216797],"rotationconfidence":0.5},"21":{"id":21,"position":[297.1971333026886,-624.4522929191589,2621.947288513184],"positionconfidence":1,"rotation":[0.8651063442230225,0.4359914660453796,0.2479970157146454,-0.4992270469665527,0.7005080580711365,0.5099616050720215,0.0486149936914444,-0.5649778246879578,0.8236727118492126],"rotationconfidence":1},"22":{"id":22,"position":[449.4056403636932,-838.0290269851685,2466.465950012207],"positionconfidence":1,"rotation":[0.9898687601089478,0.05550222471356392,-0.1306885182857513,0.03598614782094955,0.7923107743263245,0.6090555787086487,0.137349858880043,-0.6075880527496338,0.7822863459587097],"rotationconfidence":1},"23":{"id":23,"position":[436.6370141506195,-1119.157195091248,2250.360488891602],"positionconfidence":0.5,"rotation":[0.3441037535667419,-0.9389315843582153,0,0.9301443099975586,0.34088334441185,-0.1364923864603043,0.1281570196151733,0.04696754366159439,0.990641176700592],"rotationconfidence":0.5},"24":{"id":24,"position":[425.6172478199005,-1123.195767402649,2165.178775787354],"positionconfidence":0.5,"rotation":[0.3441037535667419,-0.9389315843582153,0,0.9301443099975586,0.34088334441185,-0.1364923864603043,0.1281570196151733,0.04696754366159439,0.990641176700592],"rotationconfidence":0.5}},"skeletonTracked":true,"frameCount":3},{"position":[199.9556720256805,-558.9471459388733,2544.635772705078],"positionTracked":true,"id":4905,"skeleton":{"1":{"id":1,"position":[233.8628321886063,11.7668928578496,2761.466026306152],"positionconfidence":1,"rotation":[0.9988179802894592,0.04860706627368927,0,-0.04860441386699677,0.9987635016441345,-0.0104490052908659,-0.0005078954854980111,0.01043665409088135,0.9999454617500305],"rotationconfidence":1},"2":{"id":2,"position":[243.5834258794785,-187.9798620939255,2763.555765151978],"positionconfidence":1,"rotation":[0.9938066601753235,0.04731126502156258,-0.1005480587482452,-0.04860441386699677,0.9987635016441345,-0.0104490052908659,0.09992936253547668,0.01527136843651533,0.994877278804779],"rotationconfidence":1},"3":{"id":3,"position":[230.9759706258774,-504.6883821487427,2710.510492324829],"positionconfidence":1,"rotation":[0.9941413402557373,-0.02184467390179634,-0.1058567240834236,0.03923065587878227,0.9855027794837952,0.1650611311197281,0.1007163971662521,-0.1682469397783279,0.9805861115455627],"rotationconfidence":1},"4":{"id":4,"position":[223.2522517442703,-550.2417683601379,2651.638031005859],"positionconfidence":1,"rotation":[0.9941877722740173,-0.0387626551091671,-0.1004384160041809,0.1032057702541351,0.6086928248405457,0.7866647839546204,0.0306429248303175,-0.7924584746360779,0.609155535697937],"rotationconfidence":1},"6":{"id":6,"position":[67.39924103021622,-292.7608489990234,2765.54536819458],"positionconfidence":1,"rotation":[0.2523514330387116,0.9241220355033875,-0.2869097292423248,0.02114300988614559,-0.3017011284828186,-0.9531680941581726,-0.9674046635627747,0.2344671934843063,-0.09567343443632126],"rotationconfidence":1},"7":{"id":7,"position":[9.981205686926842,-503.0282139778137,2830.8265209198],"positionconfidence":1,"rotation":[-0.05465317144989967,0.1755896359682083,0.9829452037811279,0.2472676634788513,0.9561346173286438,-0.1570518612861633,-0.9674046635627747,0.2344671934843063,-0.09567343443632126],"rotationconfidence":1},"8":{"id":8,"position":[21.92282490432262,-541.3942337036133,2616.054773330689],"positionconfidence":0.5,"rotation":[-0.04798953980207443,0.148731455206871,0.9877125024795532,0,0.9888518452644348,-0.1489030122756958,-0.9988479018211365,-0.007145787123590708,-0.04745454341173172],"rotationconfidence":0.5},"9":{"id":9,"position":[25.27816966176033,-551.7932772636414,2546.995639801025],"positionconfidence":0.5,"rotation":[-0.04798953980207443,0.148731455206871,0.9877125024795532,0,0.9888518452644348,-0.1489030122756958,-0.9988479018211365,-0.007145787123590708,-0.04745454341173172],"rotationconfidence":0.5},"12":{"id":12,"position":[411.7591381072998,-288.5855138301849,2730.892419815064],"positionconfidence":1,"rotation":[0.2661585509777069,-0.9572594165802002,0.1131989285349846,-0.3725822865962982,-0.2104727029800415,-0.9038161039352417,0.889011800289154,0.1983824968338013,-0.4126770198345184],"rotationconfidence":1},"13":{"id":13,"position":[473.1561839580536,-509.4046592712402,2757.004976272583],"positionconfidence":1,"rotation":[-0.3510696589946747,-0.2832767963409424,-0.8924708962440491,-0.2939524352550507,0.9382955431938171,-0.1821903437376022,0.889011800289154,0.1983824968338013,-0.4126770198345184],"rotationconfidence":1},"14":{"id":14,"position":[393.7132954597473,-573.5068321228027,2555.049419403076],"positionconfidence":0.5,"rotation":[-0.4353948533535004,0.2480933368206024,-0.8653790354728699,0,-0.9612764120101929,-0.2755858898162842,-0.9002394676208496,-0.1199886798858643,0.4185348153114319],"rotationconfidence":0.5},"15":{"id":15,"position":[364.3642365932465,-556.7833781242371,2496.716022491455],"positionconfidence":0.5,"rotation":[-0.4353948533535004,0.2480933368206024,-0.8653790354728699,0,-0.9612764120101929,-0.2755858898162842,-0.9002394676208496,-0.1199886798858643,0.4185348153114319],"rotationconfidence":0.5},"17":{"id":17,"position":[140.9676969051361,-622.8163838386536,2632.551193237305],"positionconfidence":1,"rotation":[0.7547619342803955,-0.5348168015480042,-0.3798753023147583,0.6541799306869507,0.6567203402519226,0.3751890361309052,0.04881444945931435,-0.5316852927207947,0.845534086227417],"rotationconfidence":1},"18":{"id":18,"position":[-66.09464436769485,-830.6828141212463,2513.795614242554],"positionconfidence":1,"rotation":[0.8843021392822266,-0.4669150114059448,0,0.4163897037506104,0.7886109948158264,0.4524514675140381,-0.2112563848495483,-0.4001038074493408,0.8917890191078186],"rotationconfidence":1},"19":{"id":19,"position":[-212.3798877000809,-1107.736110687256,2354.841232299805],"positionconfidence":0.5,"rotation":[0.1612849533557892,-0.9869078993797302,0,0.9562012553215027,0.1562667340040207,-0.2475075721740723,0.2442671656608582,0.03991924598813057,0.9688860177993774],"rotationconfidence":0.5},"20":{"id":20,"position":[-233.5731983184815,-1111.199617385864,2270.777940750122],"positionconfidence":0.5,"rotation":[0.1612849533557892,-0.9869078993797302,0,0.9562012553215027,0.1562667340040207,-0.2475075721740723,0.2442671656608582,0.03991924598813057,0.9688860177993774],"rotationconfidence":0.5},"21":{"id":21,"position":[297.3544001579285,-624.5447993278503,2622.435808181763],"positionconfidence":1,"rotation":[0.8327698707580566,0.4694697558879852,0.293415367603302,-0.5517203211784363,0.6599061489105225,0.510028064250946,0.04581613093614578,-0.5866191387176514,0.8085659146308899],"rotationconfidence":1},"22":{"id":22,"position":[462.13498711586,-821.6369152069092,2470.107316970825],"positionconfidence":1,"rotation":[0.9891698956489563,-0.007766686379909515,-0.1465693861246109,0.09374899417161942,0.8017889261245728,0.590208113193512,0.1129337474703789,-0.5975568294525146,0.7938336133956909],"rotationconfidence":1},"23":{"id":23,"position":[427.195131778717,-1120.460271835327,2250.139236450195],"positionconfidence":0.5,"rotation":[0.356232076883316,-0.9343975186347961,0,0.9227980375289917,0.3518098592758179,-0.1570788323879242,0.1467740684747696,0.05595651641488075,0.9875861406326294],"rotationconfidence":0.5},"24":{"id":24,"position":[414.5175814628601,-1125.293493270874,2164.836883544922],"positionconfidence":0.5,"rotation":[0.356232076883316,-0.9343975186347961,0,0.9227980375289917,0.3518098592758179,-0.1570788323879242,0.1467740684747696,0.05595651641488075,0.9875861406326294],"rotationconfidence":0.5}},"skeletonTracked":true,"frameCount":4},{"position":[198.6569762229919,-557.4488639831543,2544.107675552368],"positionTracked":true,"id":4905,"skeleton":{"1":{"id":1,"position":[234.6076965332031,12.30097468942404,2761.005878448486],"positionconfidence":1,"rotation":[0.9989771842956543,0.04521632939577103,0,-0.04521207883954048,0.9988833069801331,-0.01371113117784262,-0.0006199670024216175,0.01369710732251406,0.9999059438705444],"rotationconfidence":1},"2":{"id":2,"position":[243.6715513467789,-187.9493445158005,2763.754606246948],"positionconfidence":1,"rotation":[0.9941228032112122,0.04363667219877243,-0.09907392412424088,-0.04521207883954048,0.9988833069801331,-0.01371113117784262,0.09836497902870178,0.0181098859757185,0.9949855804443359],"rotationconfidence":1},"3":{"id":3,"position":[231.0711592435837,-504.7366619110107,2710.833549499512],"positionconfidence":1,"rotation":[0.9943001866340637,-0.02212567999958992,-0.1042956709861755,0.03920173645019531,0.9855735301971436,0.1646454632282257,0.09914815425872803,-0.1677955687046051,0.9808232188224792],"rotationconfidence":1},"4":{"id":4,"position":[223.3840823173523,-550.2870082855225,2651.969194412231],"positionconfidence":1,"rotation":[0.9942680597305298,-0.03929674252867699,-0.09943258762359619,0.1027326360344887,0.6087498664855957,0.786682665348053,0.0296155046671629,-0.7923884391784668,0.6092975735664368],"rotationconfidence":1},"6":{"id":6,"position":[67.56509095430374,-292.5994396209717,2765.531301498413],"positionconfidence":1,"rotation":[0.2553898096084595,0.9233283996582031,-0.2867763042449951,0.02123131230473518,-0.3018968403339386,-0.9531040787696838,-0.966605007648468,0.237324446439743,-0.09670485556125641],"rotationconfidence":1},"7":{"id":7,"position":[9.528269991278648,-502.4239420890808,2830.700635910034],"positionconfidence":1,"rotation":[-0.05501511320471764,0.1763908267021179,0.9827815294265747,0.2502959370613098,0.9552817940711975,-0.1574438214302063,-0.966605007648468,0.237324446439743,-0.09670485556125641],"rotationconfidence":1},"8":{"id":8,"position":[21.51348441839218,-540.8512353897095,2616.598606109619],"positionconfidence":0.5,"rotation":[-0.04490260034799576,0.1553810238838196,0.9868336319923401,0,0.9878299832344055,-0.1555379033088684,-0.9989914894104004,-0.006984056439250708,-0.04435613378882408],"rotationconfidence":0.5},"9":{"id":9,"position":[24.62934330105782,-551.633358001709,2548.120737075806],"positionconfidence":0.5,"rotation":[-0.04490260034799576,0.1553810238838196,0.9868336319923401,0,0.9878299832344055,-0.1555379033088684,-0.9989914894104004,-0.006984056439250708,-0.04435613378882408],"rotationconfidence":0.5},"12":{"id":12,"position":[411.856085062027,-288.550466299057,2731.420755386353],"positionconfidence":1,"rotation":[0.2146090716123581,-0.9764953851699829,0.01999079808592796,-0.4016494154930115,-0.1068923771381378,-0.9095337986946106,0.8902924656867981,0.187164917588234,-0.415148913860321],"rotationconfidence":1},"13":{"id":13,"position":[462.3425602912903,-518.2695984840393,2736.123561859131],"positionconfidence":1,"rotation":[-0.3545758724212647,-0.2871399819850922,-0.8898463249206543,-0.2857538759708405,0.9394252896308899,-0.189274400472641,0.8902924656867981,0.187164917588234,-0.415148913860321],"rotationconfidence":1},"14":{"id":14,"position":[388.5243237018585,-578.0485272407532,2550.86874961853],"positionconfidence":0.5,"rotation":[-0.4356571137905121,0.2259095758199692,-0.8713023662567139,0,-0.9679924249649048,-0.2509791851043701,-0.9001126885414124,-0.1093408688902855,0.4217127859592438],"rotationconfidence":0.5},"15":{"id":15,"position":[360.0901365280151,-563.3040070533752,2494.001150131226],"positionconfidence":0.5,"rotation":[-0.4356571137905121,0.2259095758199692,-0.8713023662567139,0,-0.9679924249649048,-0.2509791851043701,-0.9001126885414124,-0.1093408688902855,0.4217127859592438],"rotationconfidence":0.5},"17":{"id":17,"position":[141.0876214504242,-622.8253245353699,2632.705450057983],"positionconfidence":1,"rotation":[0.7739209532737732,-0.5259474515914917,-0.352739691734314,0.6314018368721008,0.6837306618690491,0.3658468723297119,0.04876270145177841,-0.5058571696281433,0.8612378239631653],"rotationconfidence":1},"18":{"id":18,"position":[-52.26094648241997,-832.1980834007263,2520.675420761108],"positionconfidence":1,"rotation":[0.8298635482788086,-0.5579662919044495,0,0.4834111332893372,0.7189776301383972,0.4993844628334045,-0.2786397039890289,-0.4144209623336792,0.8663804531097412],"rotationconfidence":1},"19":{"id":19,"position":[-225.2614051103592,-1089.501738548279,2341.958522796631],"positionconfidence":0.5,"rotation":[-0.1815034598112106,-0.9833903312683105,0,0.9497702717781067,-0.1752982288599014,-0.2592431306838989,0.2549371719360352,-0.04705352336168289,0.965812087059021],"rotationconfidence":0.5},"20":{"id":20,"position":[-248.4768778085709,-1085.216879844666,2254.008293151856],"positionconfidence":0.5,"rotation":[-0.1815034598112106,-0.9833903312683105,0,0.9497702717781067,-0.1752982288599014,-0.2592431306838989,0.2549371719360352,-0.04705352336168289,0.965812087059021],"rotationconfidence":0.5},"21":{"id":21,"position":[297.4829971790314,-624.5827078819275,2622.818231582642],"positionconfidence":1,"rotation":[0.8168940544128418,0.4825214743614197,0.3160019218921661,-0.5751177668571472,0.6397467851638794,0.5098662972450256,0.04386021941900253,-0.5982450246810913,0.8001120090484619],"rotationconfidence":1},"22":{"id":22,"position":[468.0069088935852,-814.2693042755127,2471.641540527344],"positionconfidence":1,"rotation":[0.987082302570343,-0.04032039269804955,-0.1550577282905579,0.1239747554063797,0.8052603602409363,0.5798155069351196,0.1014834567904472,-0.5915488600730896,0.799856960773468],"rotationconfidence":1},"23":{"id":23,"position":[420.7086265087128,-1121.488571166992,2250.432968139648],"positionconfidence":0.5,"rotation":[0.3718506395816803,-0.9282926321029663,0,0.914853036403656,0.3664670884609222,-0.1695456504821777,0.1573879569768906,0.06304565072059631,0.9855222702026367],"rotationconfidence":0.5},"24":{"id":24,"position":[407.0623815059662,-1126.954913139343,2164.983749389648],"positionconfidence":0.5,"rotation":[0.3718506395816803,-0.9282926321029663,0,0.914853036403656,0.3664670884609222,-0.1695456504821777,0.1573879569768906,0.06304565072059631,0.9855222702026367],"rotationconfidence":0.5}},"skeletonTracked":true,"frameCount":5},{"position":[198.2188373804092,-558.6037039756775,2539.44206237793],"positionTracked":true,"id":4905,"skeleton":{"1":{"id":1,"position":[235.3889346122742,13.49196024239063,2758.509397506714],"positionconfidence":1,"rotation":[0.999261736869812,0.03841789439320564,0,-0.03840829059481621,0.9990119338035583,-0.02236226014792919,-0.0008591109653934836,0.02234575152397156,0.9997499585151672],"rotationconfidence":1},"2":{"id":2,"position":[243.1062906980515,-187.238946557045,2763.002634048462],"positionconfidence":1,"rotation":[0.9950168132781982,0.03617484867572784,-0.09291496127843857,-0.03840829059481621,0.9990119338035583,-0.02236226014792919,0.09201419353485107,0.02581952512264252,0.9954229593276978],"rotationconfidence":1},"3":{"id":3,"position":[230.8962047100067,-504.4181942939758,2710.911512374878],"positionconfidence":1,"rotation":[0.9949858784675598,-0.02229019813239574,-0.0974998027086258,0.03795958310365677,0.9860695004463196,0.1619445830583572,0.09253180027008057,-0.1648336201906204,0.9819713234901428],"rotationconfidence":1},"4":{"id":4,"position":[223.3855724334717,-550.104558467865,2652.089834213257],"positionconfidence":1,"rotation":[0.9945948719978333,-0.04030613228678703,-0.09568914026021957,0.1003324091434479,0.6103112101554871,0.7857821583747864,0.02672831527888775,-0.7911356687545776,0.6110564470291138],"rotationconfidence":1},"6":{"id":6,"position":[66.94743782281876,-291.5192842483521,2763.720035552979],"positionconfidence":1,"rotation":[0.2628227770328522,0.9221386313438416,-0.2838740646839142,0.03517930209636688,-0.3031805753707886,-0.9522835612297058,-0.9642025828361511,0.2402953207492828,-0.1121229603886604],"rotationconfidence":1},"7":{"id":7,"position":[7.140429224818945,-501.3578534126282,2828.317403793335],"positionconfidence":1,"rotation":[-0.06880122423171997,0.1816478967666626,0.9809538722038269,0.2560855150222778,0.9535524249076843,-0.1586127579212189,-0.9642025828361511,0.2402953207492828,-0.1121229603886604],"rotationconfidence":1},"8":{"id":8,"position":[22.04931154847145,-540.7200455665588,2615.749597549439],"positionconfidence":0.5,"rotation":[-0.0562792643904686,0.1650012880563736,0.9846863150596619,0,0.9862495064735413,-0.1652632206678391,-0.9984150528907776,-0.009300892241299152,-0.05550539493560791],"rotationconfidence":0.5},"9":{"id":9,"position":[25.96146799623966,-552.189826965332,2547.300815582275],"positionconfidence":0.5,"rotation":[-0.0562792643904686,0.1650012880563736,0.9846863150596619,0,0.9862495064735413,-0.1652632206678391,-0.9984150528907776,-0.009300892241299152,-0.05550539493560791],"rotationconfidence":0.5},"12":{"id":12,"position":[411.7022752761841,-288.329005241394,2731.76908493042],"positionconfidence":1,"rotation":[0.2049250304698944,-0.9787567853927612,0.006406899075955153,-0.4079802334308624,-0.09136635065078735,-0.9084076881408691,0.889695405960083,0.183541551232338,-0.4180366098880768],"rotationconfidence":1},"13":{"id":13,"position":[459.8670303821564,-518.3720588684082,2733.274936676025],"positionconfidence":1,"rotation":[-0.3532141447067261,-0.3034433424472809,-0.8849642872810364,-0.2892781496047974,0.9350051283836365,-0.2051426768302918,0.889695405960083,0.183541551232338,-0.4180366098880768],"rotationconfidence":1},"14":{"id":14,"position":[387.2416317462921,-580.7639360427856,2551.314830780029],"positionconfidence":0.5,"rotation":[-0.4379678666591644,0.2041586041450501,-0.8755018711090088,0,-0.9738720655441284,-0.2270976006984711,-0.8989907503128052,-0.09946145117282867,0.4265246689319611],"rotationconfidence":0.5},"15":{"id":15,"position":[359.4442307949066,-567.8061842918396,2495.747566223145],"positionconfidence":0.5,"rotation":[-0.4379678666591644,0.2041586041450501,-0.8755018711090088,0,-0.9738720655441284,-0.2270976006984711,-0.8989907503128052,-0.09946145117282867,0.4265246689319611],"rotationconfidence":0.5},"17":{"id":17,"position":[141.071155667305,-622.4808096885681,2632.500171661377],"positionconfidence":1,"rotation":[0.7677810192108154,-0.5317491888999939,-0.357428640127182,0.6391116976737976,0.6750245690345764,0.3686163425445557,0.0452616848051548,-0.5114534497261047,0.8581182360649109],"rotationconfidence":1},"18":{"id":18,"position":[-54.76604029536247,-829.3224573135376,2519.548416137695],"positionconfidence":1,"rotation":[0.8474924564361572,-0.530807375907898,0,0.459094375371933,0.7329946756362915,0.5019474625587463,-0.2664374113082886,-0.4253966808319092,0.864898145198822],"rotationconfidence":1},"19":{"id":19,"position":[-218.562126159668,-1090.840935707092,2340.463161468506],"positionconfidence":0.5,"rotation":[-0.1080383583903313,-0.9941468238830566,0,0.9727238416671753,-0.1057102307677269,-0.2064797729253769,0.2052711695432663,-0.02230773307383061,0.9784508943557739],"rotationconfidence":0.5},"20":{"id":20,"position":[-237.0653003454208,-1088.83011341095,2252.265453338623],"positionconfidence":0.5,"rotation":[-0.1080383583903313,-0.9941468238830566,0,0.9727238416671753,-0.1057102307677269,-0.2064797729253769,0.2052711695432663,-0.02230773307383061,0.9784508943557739],"rotationconfidence":0.5},"21":{"id":21,"position":[297.5145280361176,-624.4969367980957,2623.046875],"positionconfidence":1,"rotation":[0.8065516948699951,0.4884248375892639,0.3330401182174683,-0.5898007154464722,0.6266105771064758,0.5094058513641357,0.04011999070644379,-0.6072894334793091,0.793467104434967],"rotationconfidence":1},"22":{"id":22,"position":[471.7765748500824,-809.634804725647,2472.538232803345],"positionconfidence":1,"rotation":[0.98527991771698,-0.06329409778118134,-0.1587993055582047,0.144048273563385,0.807603657245636,0.5718622207641602,0.09205139428377151,-0.5863191485404968,0.8048330545425415],"rotationconfidence":1},"23":{"id":23,"position":[416.0926043987274,-1121.825814247131,2251.476526260376],"positionconfidence":0.5,"rotation":[0.3764643967151642,-0.9264311790466309,0,0.9119945764541626,0.3705979287624359,-0.1758500933647156,0.162912979722023,0.06620129197835922,0.9844169616699219],"rotationconfidence":0.5},"24":{"id":24,"position":[401.9239544868469,-1127.583384513855,2165.861129760742],"positionconfidence":0.5,"rotation":[0.3764643967151642,-0.9264311790466309,0,0.9119945764541626,0.3705979287624359,-0.1758500933647156,0.162912979722023,0.06620129197835922,0.9844169616699219],"rotationconfidence":0.5}},"skeletonTracked":true,"frameCount":6},{"position":[198.7186372280121,-559.2631697654724,2539.484024047852],"positionTracked":true,"id":4905,"skeleton":{"1":{"id":1,"position":[236.007422208786,14.62296023964882,2755.849361419678],"positionconfidence":1,"rotation":[0.9994843006134033,0.03211208805441856,0,-0.03209911659359932,0.9990806579589844,-0.02841826900839806,-0.0009125699289143085,0.02840361371636391,0.9995961785316467],"rotationconfidence":1},"2":{"id":2,"position":[242.4698024988174,-186.517745256424,2761.570692062378],"positionconfidence":1,"rotation":[0.9958141446113586,0.02953374944627285,-0.0864991694688797,-0.03209911659359932,0.9990806579589844,-0.02841826900839806,0.08558034151792526,0.0310758575797081,0.9958465695381165],"rotationconfidence":1},"3":{"id":3,"position":[230.6519746780396,-504.0082931518555,2710.825920104981],"positionconfidence":1,"rotation":[0.995633602142334,-0.02258351072669029,-0.09057435393333435,0.03673128411173821,0.9868003129959106,0.1577210873365402,0.08581690490245819,-0.1603593230247498,0.9833210706710815],"rotationconfidence":1},"4":{"id":4,"position":[223.3443558216095,-549.8679280281067,2652.097463607788],"positionconfidence":1,"rotation":[0.9949408769607544,-0.0412091538310051,-0.09162188321352005,0.09760390967130661,0.612522304058075,0.7844042181968689,0.02379580773413181,-0.7893784046173096,0.6134455800056458],"rotationconfidence":1},"6":{"id":6,"position":[66.05518609285355,-290.4951274394989,2761.715888977051],"positionconfidence":1,"rotation":[0.2673294842243195,0.9216307997703552,-0.2813035845756531,0.04896040633320808,-0.3045424222946167,-0.9512396454811096,-0.9623605608940125,0.240521639585495,-0.1265365779399872],"rotationconfidence":1},"7":{"id":7,"position":[5.135555285960436,-500.5183815956116,2825.819969177246],"positionconfidence":1,"rotation":[-0.08247299492359161,0.185183197259903,0.9792371988296509,0.2589601874351502,0.9528151154