{"motiondata":[{"position":[5.53854089230299,-596.5364575386047,2785.746574401856],"positionTracked":true,"id":4048,"skeleton":{"1":{"id":1,"position":[63.59007209539414,16.64455607533455,3047.013282775879],"positionconfidence":1,"rotation":[0.9999350905418396,-0.01139364298433065,0,0.01121485605835915,0.9842442870140076,0.1764580309391022,-0.002010499825701118,-0.1764465719461441,0.9843081831932068],"rotationconfidence":1},"2":{"id":2,"position":[61.49676069617271,-167.0697778463364,3014.076471328735],"positionconfidence":1,"rotation":[0.9982404112815857,-0.0007441547350026667,-0.05929281190037727,0.01121485605835915,0.9842442870140076,0.1764580309391022,0.0582272969186306,-0.1768124997615814,0.9825207591056824],"rotationconfidence":1},"3":{"id":3,"position":[53.48692461848259,-500.3403425216675,2967.846393585205],"positionconfidence":1,"rotation":[0.997934103012085,-0.01532979588955641,-0.06239053606987,0.02379934303462505,0.9902349710464478,0.1373617947101593,0.05967556312680244,-0.1385628879070282,0.9885541200637817],"rotationconfidence":1},"4":{"id":4,"position":[48.82945492863655,-550.6455302238464,2906.927824020386],"positionconfidence":1,"rotation":[0.9962409734725952,-0.08649600297212601,-0.004740174859762192,0.05884991213679314,0.6356360912322998,0.769742488861084,-0.06356661766767502,-0.7671279311180115,0.6383369565010071],"rotationconfidence":1},"6":{"id":6,"position":[-119.6185275912285,-287.1121168136597,3010.425090789795],"positionconfidence":1,"rotation":[0.2977522313594818,0.9327592253684998,-0.2032331377267838,0.182527482509613,-0.2645866274833679,-0.9469305276870728,-0.937031090259552,0.2448550909757614,-0.2490354925394058],"rotationconfidence":1},"7":{"id":7,"position":[-191.4206147193909,-512.0443105697632,3059.434175491333],"positionconfidence":1,"rotation":[-0.1816540658473969,0.2673192918300629,0.9463309645652771,0.2982859313488007,0.9319798350334167,-0.2060075700283051,-0.937031090259552,0.2448550909757614,-0.2490354925394058],"rotationconfidence":1},"8":{"id":8,"position":[-154.6120494604111,-566.2112236022949,2867.679119110107],"positionconfidence":0.5,"rotation":[0.1181869208812714,0.8986667394638062,0.4224095642566681,0,0.4253909885883331,-0.9050096869468689,-0.9929913282394409,0.1069603115320206,0.05027564987540245],"rotationconfidence":0.5},"9":{"id":9,"position":[-161.0714197158814,-615.3268218040466,2844.592809677124],"positionconfidence":0.5,"rotation":[0.1181869208812714,0.8986667394638062,0.4224095642566681,0,0.4253909885883331,-0.9050096869468689,-0.9929913282394409,0.1069603115320206,0.05027564987540245],"rotationconfidence":0.5},"12":{"id":12,"position":[223.0159193277359,-296.6128289699554,2988.409757614136],"positionconfidence":1,"rotation":[0.2960391342639923,-0.9516504406929016,0.08198912441730499,-0.4552983641624451,-0.2160483002662659,-0.8637281656265259,0.8396809697151184,0.2183678448200226,-0.4972436726093292],"rotationconfidence":1},"13":{"id":13,"position":[292.1964228153229,-519.0011858940125,3007.569551467896],"positionconfidence":1,"rotation":[-0.3903864026069641,-0.3938041627407074,-0.8321759104728699,-0.3775371015071869,0.8928794264793396,-0.2454220205545425,0.8396809697151184,0.2183678448200226,-0.4972436726093292],"rotationconfidence":1},"14":{"id":14,"position":[209.5664292573929,-602.3545861244202,2831.429481506348],"positionconfidence":0.5,"rotation":[-0.7210080027580261,0.08487747609615326,-0.6877087354660034,0,-0.9924696087837219,-0.1224912628531456,-0.6929267644882202,-0.08831717818975449,0.715578556060791],"rotationconfidence":0.5},"15":{"id":15,"position":[171.4823246002197,-597.8713035583496,2795.104265213013],"positionconfidence":0.5,"rotation":[-0.7210080027580261,0.08487747609615326,-0.6877087354660034,0,-0.9924696087837219,-0.1224912628531456,-0.6929267644882202,-0.08831717818975449,0.715578556060791],"rotationconfidence":0.5},"17":{"id":17,"position":[-29.22330051660538,-621.6740012168884,2880.831480026245],"positionconfidence":1,"rotation":[0.6855934858322144,-0.6997959613800049,-0.2006165385246277,0.7255558371543884,0.6343561410903931,0.2667600214481354,-0.05941525101661682,-0.3284474611282349,0.9426515698432922],"rotationconfidence":1},"18":{"id":18,"position":[-310.53626537323,-867.626965045929,2777.403116226196],"positionconfidence":1,"rotation":[0.7658864855766296,-0.6429758071899414,0,0.6382864713668823,0.7603007555007935,0.1205539554357529,-0.07751327753067017,-0.09233064204454422,0.992706835269928],"rotationconfidence":1},"19":{"id":19,"position":[-468.1285619735718,-1055.344462394714,2747.638463973999],"positionconfidence":1,"rotation":[0.9110475778579712,-0.4123011231422424,0,0.257990300655365,0.5700722932815552,-0.780037522315979,0.3216103613376617,0.7106513381004333,0.6257327198982239],"rotationconfidence":1},"20":{"id":20,"position":[-493.8651025295258,-1112.213611602783,2697.564840316773],"positionconfidence":1,"rotation":[0.9110475778579712,-0.4123011231422424,0,0.257990300655365,0.5700722932815552,-0.780037522315979,0.3216103613376617,0.7106513381004333,0.6257327198982239],"rotationconfidence":1},"21":{"id":21,"position":[122.5945875048637,-628.1769871711731,2888.134717941284],"positionconfidence":1,"rotation":[0.912211000919342,0.2806243598461151,0.2985318601131439,-0.4046627283096314,0.7312119007110596,0.5491605401039124,-0.06418221443891525,-0.6217549443244934,0.7805777192115784],"rotationconfidence":1},"22":{"id":22,"position":[243.6504811048508,-846.920907497406,2723.851919174194],"positionconfidence":1,"rotation":[0.7886326313018799,0.5441879630088806,0.2862130999565125,-0.6146948337554932,0.6868492960929871,0.3877993822097778,0.01445048954337835,-0.4817649722099304,0.8761813044548035],"rotationconfidence":1},"23":{"id":23,"position":[456.8787813186646,-1085.17849445343,2589.330196380615],"positionconfidence":0.5,"rotation":[0.1893857717514038,0.9819027185440063,0,-0.9032335877418518,0.1742123663425446,-0.3921977281570435,-0.3851000368595123,0.07427667081356049,0.9198809266090393],"rotationconfidence":0.5},"24":{"id":24,"position":[492.5878643989563,-1092.065930366516,2504.032611846924],"positionconfidence":0.5,"rotation":[0.1893857717514038,0.9819027185440063,0,-0.9032335877418518,0.1742123663425446,-0.3921977281570435,-0.3851000368595123,0.07427667081356049,0.9198809266090393],"rotationconfidence":0.5}},"skeletonTracked":true,"frameCount":1},{"position":[7.021411322057247,-600.0245213508606,2783.193349838257],"positionTracked":true,"id":4048,"skeleton":{"1":{"id":1,"position":[63.97535651922226,13.8836782425642,3046.940565109253],"positionconfidence":1,"rotation":[0.9999430179595947,-0.01067455112934113,0,0.0105119664222002,0.9847128391265869,0.1738680005073547,-0.001855962909758091,-0.1738580912351608,0.9847689270973206],"rotationconfidence":1},"2":{"id":2,"position":[62.02343851327896,-168.9630448818207,3014.655828475952],"positionconfidence":1,"rotation":[0.9981841444969177,-0.00002011273136304226,-0.06023577228188515,0.0105119664222002,0.9847128391265869,0.1738680005073547,0.05931144207715988,-0.1741854846477509,0.9829249978065491],"rotationconfidence":1},"3":{"id":3,"position":[53.85187268257141,-501.902163028717,2968.292236328125],"positionconfidence":1,"rotation":[0.9978668689727783,-0.01566595584154129,-0.06337570399045944,0.02430197410285473,0.9901502132415771,0.1378838270902634,0.06059138849377632,-0.1391298472881317,0.9884188175201416],"rotationconfidence":1},"4":{"id":4,"position":[49.124825745821,-552.0817637443542,2907.364845275879],"positionconfidence":1,"rotation":[0.9962559342384338,-0.08622447401285172,-0.006280242931097746,0.05978106334805489,0.6346012353897095,0.7705242037773132,-0.06245259568095207,-0.7680147290229797,0.6373797655105591],"rotationconfidence":1},"6":{"id":6,"position":[-119.4737851619721,-289.1430258750916,3010.796546936035],"positionconfidence":1,"rotation":[0.2993452250957489,0.9315300583839417,-0.2065048366785049,0.1953756958246231,-0.2716860175132752,-0.9423454999923706,-0.933927595615387,0.2417405992746353,-0.2633262276649475],"rotationconfidence":1},"7":{"id":7,"position":[-191.6171163320541,-513.6452913284302,3060.564994812012],"positionconfidence":1,"rotation":[-0.1957605928182602,0.2704875469207764,0.9426103234291077,0.2990936636924744,0.9318786859512329,-0.2052925080060959,-0.933927595615387,0.2417405992746353,-0.2633262276649475],"rotationconfidence":1},"8":{"id":8,"position":[-150.7425755262375,-570.1227188110352,2863.749265670776],"positionconfidence":0.5,"rotation":[0.0704338476061821,0.8993003368377686,0.431622326374054,0,0.4326969981193543,-0.9015394449234009,-0.997516393661499,0.06349889189004898,0.03047651425004005],"rotationconfidence":0.5},"9":{"id":9,"position":[-154.7065228223801,-620.734453201294,2839.457988739014],"positionconfidence":0.5,"rotation":[0.0704338476061821,0.8993003368377686,0.431622326374054,0,0.4326969981193543,-0.9015394449234009,-0.997516393661499,0.06349889189004898,0.03047651425004005],"rotationconfidence":0.5},"12":{"id":12,"position":[223.2192307710648,-298.1641590595245,2988.519191741943],"positionconfidence":1,"rotation":[0.2987646460533142,-0.9503161907196045,0.08739937096834183,-0.4502247869968414,-0.2211064249277115,-0.8651065826416016,0.841449499130249,0.2191139310598373,-0.493914783000946],"rotationconfidence":1},"13":{"id":13,"position":[293.2062745094299,-520.7802653312683,3008.992910385132],"positionconfidence":1,"rotation":[-0.4250160157680512,-0.2960458695888519,-0.8554052114486694,-0.3336526155471802,0.9297019839286804,-0.155980721116066,0.841449499130249,0.2191139310598373,-0.493914783000946],"rotationconfidence":1},"14":{"id":14,"position":[199.7089684009552,-585.9060287475586,2820.816278457642],"positionconfidence":1,"rotation":[-0.7317090630531311,-0.002205271041020751,-0.6816134452819824,0,-0.9999948143959045,0.003235352225601673,-0.681617021560669,0.002367336535826325,0.7317052483558655],"rotationconfidence":1},"15":{"id":15,"position":[157.4458926916122,-586.0334038734436,2781.446695327759],"positionconfidence":0.5,"rotation":[-0.7317090630531311,-0.002205271041020751,-0.6816134452819824,0,-0.9999948143959045,0.003235352225601673,-0.681617021560669,0.002367336535826325,0.7317052483558655],"rotationconfidence":0.5},"17":{"id":17,"position":[-28.90706621110439,-623.2300400733948,2881.280660629273],"positionconfidence":1,"rotation":[0.6711093187332153,-0.7092722058296204,-0.2157432734966278,0.7389745116233826,0.6166805028915405,0.2713333070278168,-0.05940450355410576,-0.3415231108665466,0.9379941821098328],"rotationconfidence":1},"18":{"id":18,"position":[-295.8056628704071,-845.9591865539551,2783.282041549683],"positionconfidence":1,"rotation":[0.7735509872436523,-0.6337339878082275,0,0.6283602118492126,0.7669916152954102,0.1299514025449753,-0.08235462009906769,-0.1005240380764008,0.991520345211029],"rotationconfidence":1},"19":{"id":19,"position":[-468.0752158164978,-1056.235551834106,2747.654914855957],"positionconfidence":1,"rotation":[0.8651092648506165,-0.5015835165977478,0,0.3844652473926544,0.6631088256835938,-0.6422407627105713,0.3221373558044434,0.5556083917617798,0.7665029764175415],"rotationconfidence":1},"20":{"id":20,"position":[-493.8061535358429,-1100.61514377594,2686.429977416992],"positionconfidence":1,"rotation":[0.8651092648506165,-0.5015835165977478,0,0.3844652473926544,0.6631088256835938,-0.6422407627105713,0.3221373558044434,0.5556083917617798,0.7665029764175415],"rotationconfidence":1},"21":{"id":21,"position":[122.9153946042061,-629.4866800308228,2888.617753982544],"positionconfidence":1,"rotation":[0.9131795763969421,0.2786642909049988,0.2974041104316711,-0.4026030898094177,0.7302240133285522,0.551981508731842,-0.06335408240556717,-0.6237940788269043,0.7790167927742004],"rotationconfidence":1},"22":{"id":22,"position":[243.6722368001938,-848.510205745697,2723.056316375732],"positionconfidence":1,"rotation":[0.7871187925338745,0.5400433540344238,0.2979886531829834,-0.6167269349098206,0.6815711259841919,0.3938384056091309,0.00958935171365738,-0.4937752485275269,0.8695366978645325],"rotationconfidence":1},"23":{"id":23,"position":[458.4005177021027,-1085.81554889679,2585.932016372681],"positionconfidence":0.5,"rotation":[0.1408169716596603,0.9900357127189636,0,-0.9115721583366394,0.1296567618846893,-0.3901607692241669,-0.386273056268692,0.05494125559926033,0.9207467436790466],"rotationconfidence":0.5},"24":{"id":24,"position":[494.2494034767151,-1090.914487838745,2500.480175018311],"positionconfidence":0.5,"rotation":[0.1408169716596603,0.9900357127189636,0,-0.9115721583366394,0.1296567618846893,-0.3901607692241669,-0.386273056268692,0.05494125559926033,0.9207467436790466],"rotationconfidence":0.5}},"skeletonTracked":true,"frameCount":2},{"position":[9.580980986356735,-590.2459025382996,2785.476922988892],"positionTracked":true,"id":4048,"skeleton":{"1":{"id":1,"position":[64.24520164728165,12.18036282807589,3047.083139419556],"positionconfidence":1,"rotation":[0.9999673962593079,-0.008070684038102627,0,0.007951962761580944,0.985257625579834,0.1708927303552628,-0.001379221212118864,-0.1708871573209763,0.9852896928787231],"rotationconfidence":1},"2":{"id":2,"position":[62.77197599411011,-170.3540533781052,3015.422582626343],"positionconfidence":1,"rotation":[0.9981798529624939,0.002396075986325741,-0.06026143580675125,0.007951962761580944,0.985257625579834,0.1708927303552628,0.05978250131011009,-0.1710608452558518,0.9834451079368591],"rotationconfidence":1},"3":{"id":3,"position":[54.79884520173073,-503.0360817909241,2968.839168548584],"positionconfidence":1,"rotation":[0.9978631734848022,-0.0150105431675911,-0.06359250098466873,0.02372799068689346,0.9900597333908081,0.1386319696903229,0.0608794242143631,-0.1398446410894394,0.9883002042770386],"rotationconfidence":1},"4":{"id":4,"position":[50.14384910464287,-553.0274510383606,2907.896518707275],"positionconfidence":1,"rotation":[0.9965047836303711,-0.08316297829151154,-0.007897498086094856,0.05895323306322098,0.6331160664558411,0.7718086838722229,-0.05918587371706963,-0.7695765495300293,0.6358058452606201],"rotationconfidence":1},"6":{"id":6,"position":[-119.2784532904625,-290.6466722488403,3011.148691177368],"positionconfidence":1,"rotation":[0.3005034327507019,0.9306583404541016,-0.2087407857179642,0.2006527334451675,-0.275644451379776,-0.9400844573974609,-0.9324356913566589,0.2406142055988312,-0.2695712447166443],"rotationconfidence":1},"7":{"id":7,"position":[-191.6449069976807,-514.7653818130493,3061.417102813721],"positionconfidence":1,"rotation":[-0.2021094560623169,0.2711224257946014,0.9410868883132935,0.2995256781578064,0.9319859147071838,-0.204173818230629,-0.9324356913566589,0.2406142055988312,-0.2695712447166443],"rotationconfidence":1},"8":{"id":8,"position":[-148.5701203346252,-572.5486278533936,2860.846996307373],"positionconfidence":0.5,"rotation":[0.04159097746014595,0.9003522992134094,0.4331696331501007,0,0.433544784784317,-0.9011320471763611,-0.9991347193717957,0.03747896105051041,0.01803155057132244],"rotationconfidence":0.5},"9":{"id":9,"position":[-150.9478986263275,-624.0222454071045,2836.082458496094],"positionconfidence":0.5,"rotation":[0.04159097746014595,0.9003522992134094,0.4331696331501007,0,0.433544784784317,-0.9011320471763611,-0.9991347193717957,0.03747896105051041,0.01803155057132244],"rotationconfidence":0.5},"12":{"id":12,"position":[223.630964756012,-299.2223203182221,2988.81196975708],"positionconfidence":1,"rotation":[0.3009198606014252,-0.949316680431366,0.09080194681882858,-0.4341961741447449,-0.2211599797010422,-0.8732479214668274,0.84907066822052,0.2233518064022064,-0.4787411391735077],"rotationconfidence":1},"13":{"id":13,"position":[294.2507565021515,-522.0077037811279,3010.12134552002],"positionconfidence":1,"rotation":[-0.4447670876979828,-0.1867766827344894,-0.875954806804657,-0.285063773393631,0.9566758275032043,-0.05924706906080246,0.84907066822052,0.2233518064022064,-0.4787411391735077],"rotationconfidence":1},"14":{"id":14,"position":[186.4208877086639,-567.2900676727295,2797.753810882568],"positionconfidence":1,"rotation":[-0.7511598467826843,-0.07466375827789307,-0.655884325504303,0,-0.9935829043388367,0.1131062731146812,-0.6601203680038452,0.08496089279651642,0.7463395595550537],"rotationconfidence":1},"15":{"id":15,"position":[141.0568654537201,-571.7991590499878,2758.143663406372],"positionconfidence":0.5,"rotation":[-0.7511598467826843,-0.07466375827789307,-0.655884325504303,0,-0.9935829043388367,0.1131062731146812,-0.6601203680038452,0.08496089279651642,0.7463395595550537],"rotationconfidence":0.5},"17":{"id":17,"position":[-28.37848477065563,-624.3497133255005,2881.63161277771],"positionconfidence":1,"rotation":[0.6672841906547546,-0.7110592126846313,-0.2216449826955795,0.7424812912940979,0.6115869879722595,0.27328160405159,-0.05876421183347702,-0.3469237685203552,0.936050534248352],"rotationconfidence":1},"18":{"id":18,"position":[-294.5307791233063,-843.5811996459961,2783.67018699646],"positionconfidence":1,"rotation":[0.750415027141571,-0.6609669327735901,0,0.6526685953140259,0.7409936785697937,0.1579626351594925,-0.1044080778956413,-0.118537537753582,0.9874451756477356],"rotationconfidence":1},"19":{"id":19,"position":[-466.6801989078522,-1039.027452468872,2742.005586624146],"positionconfidence":1,"rotation":[0.9626274108886719,-0.2708293795585632,0,0.06781214475631714,0.2410293519496918,-0.9681459665298462,0.2622023522853851,0.9319637417793274,0.2503869533538818],"rotationconfidence":1},"20":{"id":20,"position":[-484.0726554393768,-1100.846648216248,2725.396871566773],"positionconfidence":1,"rotation":[0.9626274108886719,-0.2708293795585632,0,0.06781214475631714,0.2410293519496918,-0.9681459665298462,0.2622023522853851,0.9319637417793274,0.2503869533538818],"rotationconfidence":1},"21":{"id":21,"position":[125.2931356430054,-629.8960447311401,2889.223337173462],"positionconfidence":1,"rotation":[0.917303204536438,0.2724916636943817,0.2903499901294708,-0.3934883177280426,0.7320404648780823,0.5561328530311584,-0.06100639700889587,-0.6243917346000671,0.7787253260612488],"rotationconfidence":1},"22":{"id":22,"position":[243.4867173433304,-849.7818112373352,2722.175598144531],"positionconfidence":1,"rotation":[0.785548210144043,0.5357087254524231,0.309725821018219,-0.6187907457351685,0.6772528290748596,0.3980284333229065,0.003464616136625409,-0.5043259859085083,0.8635063767433167],"rotationconfidence":1},"23":{"id":23,"position":[459.2316150665283,-1085.909843444824,2583.400726318359],"positionconfidence":0.5,"rotation":[0.09180264174938202,0.9957772493362427,0,-0.9172627925872803,0.08456423878669739,-0.3892014920711517,-0.3875579833984375,0.03572972118854523,0.9211525917053223],"rotationconfidence":0.5},"24":{"id":24,"position":[495.1514005661011,-1089.221358299255,2498.026132583618],"positionconfidence":0.5,"rotation":[0.09180264174938202,0.9957772493362427,0,-0.9172627925872803,0.08456423878669739,-0.3892014920711517,-0.3875579833984375,0.03572972118854523,0.9211525917053223],"rotationconfidence":0.5}},"skeletonTracked":true,"frameCount":3},{"position":[4.777383990585804,-599.5813012123108,2779.855728149414],"positionTracked":true,"id":4048,"skeleton":{"1":{"id":1,"position":[64.45194035768509,10.99125854671001,3047.192811965942],"positionconfidence":1,"rotation":[0.99998539686203,-0.00541072990745306,0,0.005333831999450922,0.9857734441757202,0.1679946631193161,-0.0009089737432077527,-0.1679922044277191,0.9857879281044006],"rotationconfidence":1},"2":{"id":2,"position":[63.46552073955536,-171.3141202926636,3016.124486923218],"positionconfidence":1,"rotation":[0.9981775879859924,0.004849759396165609,-0.06014997884631157,0.005333831999450922,0.9857734441757202,0.1679946631193161,0.06010898947715759,-0.1680093556642532,0.9839511513710022],"rotationconfidence":1},"3":{"id":3,"position":[55.72906881570816,-503.7747025489807,2969.294786453247],"positionconfidence":1,"rotation":[0.9978694915771484,-0.01425275299698114,-0.06366666406393051,0.02303669415414333,0.9899619221687317,0.139443963766098,0.06104011461138725,-0.1406135559082031,0.9881812334060669],"rotationconfidence":1},"4":{"id":4,"position":[51.17735266685486,-553.5644292831421,2908.333539962769],"positionconfidence":1,"rotation":[0.996805727481842,-0.07927773147821426,-0.009677618741989136,0.05773236975073814,0.6315154433250427,0.7732110619544983,-0.05518684536218643,-0.7712997794151306,0.6340750455856323],"rotationconfidence":1},"6":{"id":6,"position":[-119.1090121865273,-291.7440831661224,3011.445760726929],"positionconfidence":1,"rotation":[0.3012246787548065,0.930056631565094,-0.2103766649961472,0.2019422799348831,-0.2778407335281372,-0.9391613006591797,-0.9319244027137756,0.2404146045446396,-0.2715102434158325],"rotationconfidence":1},"7":{"id":7,"position":[-191.6012465953827,-515.5699849128723,3062.074661254883],"positionconfidence":1,"rotation":[-0.2043688446283341,0.2703190445899963,0.9408299326896667,0.2995836436748505,0.9322705864906311,-0.2027836591005325,-0.9319244027137756,0.2404146045446396,-0.2715102434158325],"rotationconfidence":1},"8":{"id":8,"position":[-147.3587304353714,-574.0896463394165,2858.400344848633],"positionconfidence":0.5,"rotation":[0.01988214254379273,0.9024177193641663,0.4304032921791077,0,0.4304883778095245,-0.9025961756706238,-0.9998024106025696,0.017945546656847,0.008559031412005424],"rotationconfidence":0.5},"9":{"id":9,"position":[-148.5063433647156,-626.1779069900513,2833.55712890625],"positionconfidence":0.5,"rotation":[0.01988214254379273,0.9024177193641663,0.4304032921791077,0,0.4304883778095245,-0.9025961756706238,-0.9998024106025696,0.017945546656847,0.008559031412005424],"rotationconfidence":0.5},"12":{"id":12,"position":[223.9600867033005,-299.9519109725952,2989.086389541626],"positionconfidence":1,"rotation":[0.3030874729156494,-0.9483428001403809,0.09372270107269287,-0.4309185445308685,-0.2241076231002808,-0.8741194605827332,0.8499688506126404,0.2245478183031082,-0.4765827059745789],"rotationconfidence":1},"13":{"id":13,"position":[295.1942384243012,-522.839367389679,3011.113882064819],"positionconfidence":1,"rotation":[-0.4515046179294586,-0.1556632369756699,-0.8785856366157532,-0.2714709043502808,0.9619497060775757,-0.03092452511191368,0.8499688506126404,0.2245478183031082,-0.4765827059745789],"rotationconfidence":1},"14":{"id":14,"position":[182.4446320533752,-561.7115497589111,2791.713714599609],"positionconfidence":0.5,"rotation":[-0.738792359828949,-0.03149298205971718,-0.6731968522071838,0,-0.9989075660705566,0.04673013091087341,-0.6739330887794495,0.0345238633453846,0.7379852533340454],"rotationconfidence":0.5},"15":{"id":15,"position":[132.301539182663,-563.8490319252014,2746.022701263428],"positionconfidence":0.5,"rotation":[-0.738792359828949,-0.03149298205971718,-0.6731968522071838,0,-0.9989075660705566,0.04673013091087341,-0.6739330887794495,0.0345238633453846,0.7379852533340454],"rotationconfidence":0.5},"17":{"id":17,"position":[-27.88292430341244,-625.0980496406555,2881.882190704346],"positionconfidence":1,"rotation":[0.6556318998336792,-0.7177671790122986,-0.2344290763139725,0.7528818249702454,0.5977418422698975,0.2754517495632172,-0.05758215487003326,-0.3570923507213593,0.9322924613952637],"rotationconfidence":1},"18":{"id":18,"position":[-294.9268817901611,-837.1145129203796,2784.180641174316],"positionconfidence":1,"rotation":[0.7588428854942322,-0.6512737274169922,0,0.6428232789039612,0.7489967346191406,0.1605686843395233,-0.104574166238308,-0.1218464002013207,0.9870247840881348],"rotationconfidence":1},"19":{"id":19,"position":[-466.5449261665344,-1037.078261375427,2741.312742233276],"positionconfidence":1,"rotation":[0.8576653599739075,-0.514208197593689,0,0.353071928024292,0.5889006853103638,-0.7270049452781677,0.3738319575786591,0.6235269904136658,0.6866322159767151],"rotationconfidence":1},"20":{"id":20,"position":[-491.2290871143341,-1078.24981212616,2695.974349975586],"positionconfidence":1,"rotation":[0.8576653599739075,-0.514208197593689,0,0.353071928024292,0.5889006853103638,-0.7270049452781677,0.3738319575786591,0.6235269904136658,0.6866322159767151],"rotationconfidence":1},"21":{"id":21,"position":[127.5972127914429,-629.8127174377441,2889.679431915283],"positionconfidence":1,"rotation":[0.9213387370109558,0.2671051025390625,0.2824706137180328,-0.3844094574451447,0.7343423366546631,0.5594378113746643,-0.05800145864486694,-0.6240161061286926,0.7792558073997498],"rotationconfidence":1},"22":{"id":22,"position":[243.2230114936829,-850.6941795349121,2721.407175064087],"positionconfidence":1,"rotation":[0.7841874361038208,0.5319865345954895,0.3194374740123749,-0.6205223202705383,0.6735068559646606,0.4016724228858948,-0.001459008548408747,-0.5132045745849609,0.8582651615142822],"rotationconfidence":1},"23":{"id":23,"position":[459.5153331756592,-1085.455060005188,2581.398248672485],"positionconfidence":0.5,"rotation":[0.04718484729528427,0.998886227607727,0,-0.9205263257026672,0.04348332434892654,-0.3882533609867096,-0.3878208994865418,0.01831967383623123,0.9215527176856995],"rotationconfidence":0.5},"24":{"id":24,"position":[495.3784644603729,-1087.149143218994,2496.179103851318],"positionconfidence":0.5,"rotation":[0.04718484729528427,0.998886227607727,0,-0.9205263257026672,0.04348332434892654,-0.3882533609867096,-0.3878208994865418,0.01831967383623123,0.9215527176856995],"rotationconfidence":0.5}},"skeletonTracked":true,"frameCount":4},{"position":[8.952686563134193,-590.1179909706116,2785.075426101685],"positionTracked":true,"id":4048,"skeleton":{"1":{"id":1,"position":[64.6301805973053,10.19365526735783,3047.380447387695],"positionconfidence":1,"rotation":[0.9999950528144836,-0.003150841221213341,0,0.003107139375060797,0.9861251711845398,0.1659744083881378,-0.0005229589878581464,-0.1659735888242722,0.9861300587654114],"rotationconfidence":1},"2":{"id":2,"position":[64.05626237392426,-171.9530522823334,3016.723394393921],"positionconfidence":1,"rotation":[0.9981921315193176,0.006904070265591145,-0.05970679223537445,0.003107139375060797,0.9861251711845398,0.1659744083881378,0.06002426892518997,-0.1658598631620407,0.9843209385871887],"rotationconfidence":1},"3":{"id":3,"position":[56.57784268260002,-504.223108291626,2969.655990600586],"positionconfidence":1,"rotation":[0.9978997707366943,-0.01348475366830826,-0.06335877627134323,0.02227905206382275,0.9898698329925537,0.1402190923690796,0.06082612276077271,-0.1413361728191376,0.9880912899971008],"rotationconfidence":1},"4":{"id":4,"position":[52.14951559901238,-553.8082718849182,2908.671379089356],"positionconfidence":1,"rotation":[0.9970892071723938,-0.07543686032295227,-0.01106653362512589,0.05625151097774506,0.6298632025718689,0.7746664881706238,-0.05146799981594086,-0.7730340361595154,0.6322731971740723],"rotationconfidence":1},"6":{"id":6,"position":[-118.9536079764366,-292.5488352775574,3011.706590652466],"positionconfidence":1,"rotation":[0.3016965091228485,0.9296384453773499,-0.2115457355976105,0.1982534229755402,-0.2782062888145447,-0.9398387670516968,-0.9325636029243469,0.2416064143180847,-0.2682378590106964],"rotationconfidence":1},"7":{"id":7,"position":[-191.5087103843689,-516.1179304122925,3062.581300735474],"positionconfidence":1,"rotation":[-0.2021179497241974,0.2662245333194733,0.9424822330474854,0.2991212606430054,0.9331403374671936,-0.1994383186101914,-0.9325636029243469,0.2416064143180847,-0.2682378590106964],"rotationconfidence":1},"8":{"id":8,"position":[-147.0442712306976,-574.6853351593018,2855.242252349854],"positionconfidence":1,"rotation":[-0.004732449073344469,0.9134512543678284,0.4069206416606903,0,0.406925231218338,-0.9134615063667297,-0.999988853931427,-0.004322910215705633,-0.001925752963870764],"rotationconfidence":1},"9":{"id":9,"position":[-146.7702090740204,-627.5844573974609,2831.676959991455],"positionconfidence":0.5,"rotation":[-0.004732449073344469,0.9134512543678284,0.4069206416606903,0,0.406925231218338,-0.9134615063667297,-0.999988853931427,-0.004322910215705633,-0.001925752963870764],"rotationconfidence":0.5},"12":{"id":12,"position":[224.3738621473312,-300.3536760807037,2989.455223083496],"positionconfidence":1,"rotation":[0.304107129573822,-0.9478828310966492,0.0950625091791153,-0.428879976272583,-0.2253304272890091,-0.8748073577880859,0.8506354689598083,0.225264772772789,-0.4750525951385498],"rotationconfidence":1},"13":{"id":13,"position":[295.9103882312775,-523.3285427093506,3011.817216873169],"positionconfidence":1,"rotation":[-0.4557169675827026,-0.1346804648637772,-0.8798768520355225,-0.2621855735778809,0.9649440050125122,-0.01190700102597475,0.8506354689598083,0.225264772772789,-0.4750525951385498],"rotationconfidence":1},"14":{"id":14,"position":[179.5794665813446,-557.7084422111511,2787.210941314697],"positionconfidence":1,"rotation":[-0.7345202565193176,-0.02076335437595844,-0.6782690286636353,0,-0.9995317459106445,0.03059793449938297,-0.6785867214202881,0.02247480303049088,0.7341763377189636],"rotationconfidence":1},"15":{"id":15,"position":[127.0868182182312,-559.1922998428345,2738.738298416138],"positionconfidence":0.5,"rotation":[-0.7345202565193176,-0.02076335437595844,-0.6782690286636353,0,-0.9995317459106445,0.03059793449938297,-0.6785867214202881,0.02247480303049088,0.7341763377189636],"rotationconfidence":0.5},"17":{"id":17,"position":[-27.37844549119473,-625.5668997764587,2882.041931152344],"positionconfidence":1,"rotation":[0.6466612815856934,-0.722331166267395,-0.2450854927301407,0.7607021927833557,0.5870219469070435,0.2770152390003204,-0.05622616782784462,-0.3655720949172974,0.9290832281112671],"rotationconfidence":1},"18":{"id":18,"position":[-297.3036170005798,-833.8639140129089,2783.746719360352],"positionconfidence":1,"rotation":[0.7678801417350769,-0.6405935287475586,0,0.6323630809783936,0.7580142617225647,0.1597851812839508,-0.1023573502898216,-0.1226958706974983,0.9871518015861511],"rotationconfidence":1},"19":{"id":19,"position":[-466.4143323898315,-1036.577105522156,2741.015911102295],"positionconfidence":1,"rotation":[0.7165048718452454,-0.6975820064544678,0,0.579010546207428,0.5947169661521912,-0.5577262043952942,0.3890597820281982,0.3996135890483856,0.8300250172615051],"rotationconfidence":1},"20":{"id":20,"position":[-496.1294233798981,-1067.098259925842,2677.621364593506],"positionconfidence":1,"rotation":[0.7165048718452454,-0.6975820064544678,0,0.579010546207428,0.5947169661521912,-0.5577262043952942,0.3890597820281982,0.3996135890483856,0.8300250172615051],"rotationconfidence":1},"21":{"id":21,"position":[129.5351684093475,-629.5190453529358,2889.98293876648],"positionconfidence":1,"rotation":[0.9247371554374695,0.2627674043178558,0.2753443419933319,-0.376585841178894,0.7365608811378479,0.5618373155593872,-0.05517535656690598,-0.6232426166534424,0.78007972240448],"rotationconfidence":1},"22":{"id":22,"position":[242.9539114236832,-851.3537645339966,2720.770835876465],"positionconfidence":1,"rotation":[0.7830182909965515,0.5289499163627625,0.3272528946399689,-0.621976912021637,0.6702691912651062,0.4048258662223816,-0.005214924924075604,-0.5205298066139221,0.8538276553153992],"rotationconfidence":1},"23":{"id":23,"position":[459.4553411006928,-1084.665060043335,2579.856634140015],"positionconfidence":0.5,"rotation":[0.009612335823476315,0.9999537467956543,0,-0.9217125177383423,0.008860220201313496,-0.3877721130847931,-0.3877542316913605,0.003727396484464407,0.9217551350593567],"rotationconfidence":0.5},"24":{"id":24,"position":[495.2201843261719,-1085.008859634399,2494.837760925293],"positionconfidence":0.5,"rotation":[0.009612335823476315,0.9999537467956543,0,-0.9217125177383423,0.008860220201313496,-0.3877721130847931,-0.3877542316913605,0.003727396484464407,0.9217551350593567],"rotationconfidence":0.5}},"skeletonTracked":true,"frameCount":5},{"position":[8.775057271122932,-592.5630331039429,2780.926465988159],"positionTracked":true,"id":4048,"skeleton":{"1":{"id":1,"position":[64.80218470096588,9.787126444280148,3047.654867172241],"positionconfidence":1,"rotation":[0.999997079372406,-0.002428689505904913,0,0.00239516468718648,0.9861934781074524,0.1655793935060501,-0.0004021409258712083,-0.1655789166688919,0.9861963987350464],"rotationconfidence":1},"2":{"id":2,"position":[64.35979902744293,-172.3622977733612,3017.072439193726],"positionconfidence":1,"rotation":[0.998245358467102,0.007438503671437502,-0.05874381959438324,0.00239516468718648,0.9861934781074524,0.1655793935060501,0.05916444212198257,-0.1654295772314072,0.9844453930854797],"rotationconfidence":1},"3":{"id":3,"position":[57.30627104640007,-504.3284893035889,2969.933986663818],"positionconfidence":1,"rotation":[0.9979822635650635,-0.01236152276396751,-0.06227799132466316,0.02103204838931561,0.9898492097854614,0.1405563652515411,0.05990833416581154,-0.1415826082229614,0.9881120324134827],"rotationconfidence":1},"4":{"id":4,"position":[53.0923455953598,-553.6336898803711,2908.926248550415],"positionconfidence":1,"rotation":[0.9974269866943359,-0.07072258740663528,-0.01173772010952234,0.05364379659295082,0.6276613473892212,0.7766361236572266,-0.04755839705467224,-0.7752674221992493,0.6298401355743408],"rotationconfidence":1},"6":{"id":6,"position":[-118.7972575426102,-293.1191027164459,3011.913299560547],"positionconfidence":1,"rotation":[0.3006033599376679,0.9302034974098206,-0.2106155455112457,0.1969468593597412,-0.2766109704971314,-0.9405839443206787,-0.9331932067871094,0.241262674331665,-0.2663508951663971],"rotationconfidence":1},"7":{"id":7,"position":[-190.9772604703903,-516.4768695831299,3062.485694885254],"positionconfidence":1,"rotation":[-0.2007045745849609,0.2649131715297699,0.9431535601615906,0.2981076240539551,0.9336023330688477,-0.1987926512956619,-0.9331932067871094,0.241262674331665,-0.2663508951663971],"rotationconfidence":1},"8":{"id":8,"position":[-146.4514285326004,-575.2472281455994,2853.249311447144],"positionconfidence":0.5,"rotation":[-0.02059551700949669,0.9146838784217834,0.4036450386047363,0,0.4037306308746338,-0.9148778319358826,-0.9997878670692444,-0.01884238235652447,-0.008315040729939938],"rotationconfidence":0.5},"9":{"id":9,"position":[-145.2512145042419,-628.5508871078491,2829.726696014404],"positionconfidence":0.5,"rotation":[-0.02059551700949669,0.9146838784217834,0.4036450386047363,0,0.4037306308746338,-0.9148778319358826,-0.9997878670692444,-0.01884238235652447,-0.008315040729939938],"rotationconfidence":0.5},"12":{"id":12,"position":[224.882647395134,-300.4741668701172,2990.022420883179],"positionconfidence":1,"rotation":[0.3032470345497131,-0.9482697248458862,0.09394567459821701,-0.4286447465419769,-0.2237944453954697,-0.8753169775009155,0.8510611057281494,0.2251679599285126,-0.4743358194828033],"rotationconfidence":1},"13":{"id":13,"position":[296.2698936462402,-523.7058997154236,3012.13812828064],"positionconfidence":1,"rotation":[-0.4583685100078583,-0.12203748524189,-0.8803436756134033,-0.2561119496822357,0.9666468501091003,-0.0006514548440463841,0.8510611057281494,0.2251679599285126,-0.4743358194828033],"rotationconfidence":1},"14":{"id":14,"position":[177.780881524086,-555.2527904510498,2784.567832946777],"positionconfidence":0.5,"rotation":[-0.7321974039077759,-0.0163793470710516,-0.6808954477310181,0,-0.9997107982635498,0.02404863946139813,-0.6810924410820007,0.01760835200548172,0.7319856286048889],"rotationconfidence":0.5},"15":{"id":15,"position":[123.9744648337364,-556.456446647644,2734.531402587891],"positionconfidence":0.5,"rotation":[-0.7321974039077759,-0.0163793470710516,-0.6808954477310181,0,-0.9997107982635498,0.02404863946139813,-0.6810924410820007,0.01760835200548172,0.7319856286048889],"rotationconfidence":0.5},"17":{"id":17,"position":[-26.84599533677101,-625.6475448608398,2882.110834121704],"positionconfidence":1,"rotation":[0.6346928477287292,-0.7304851412773132,-0.252103865146637,0.7708369493484497,0.5754432678222656,0.2732680439949036,-0.0545467883348465,-0.367772251367569,0.9283146858215332],"rotationconfidence":1},"18":{"id":18,"position":[-295.7570850849152,-826.3943791389465,2786.779642105103],"positionconfidence":1,"rotation":[0.7792446613311768,-0.6267198324203491,0,0.6181730628013611,0.7686178088188171,0.1645865738391876,-0.1031496673822403,-0.1282532066106796,0.986362636089325],"rotationconfidence":1},"19":{"id":19,"position":[-466.1427140235901,-1038.246750831604,2741.415023803711],"positionconfidence":1,"rotation":[0.6062070727348328,-0.7953067421913147,0,0.6963839530944824,0.5308051109313965,-0.4830063581466675,0.384138286113739,0.2928019165992737,0.8756167888641357],"rotationconfidence":1},"20":{"id":20,"position":[-497.9139566421509,-1062.463760375977,2668.994665145874],"positionconfidence":1,"rotation":[0.6062070727348328,-0.7953067421913147,0,0.6963839530944824,0.5308051109313965,-0.4830063581466675,0.384138286113739,0.2928019165992737,0.8756167888641357],"rotationconfidence":1},"21":{"id":21,"position":[131.2980353832245,-628.8208961486816,2890.146017074585],"positionconfidence":1,"rotation":[0.9278247356414795,0.2592636346817017,0.268185555934906,-0.3693480491638184,0.7391206622123718,0.5632784962654114,-0.05218383297324181,-0.621677577495575,0.7815329432487488],"rotationconfidence":1},"22":{"id":22,"position":[242.6956743001938,-851.7442345619202,2720.257759094238],"positionconfidence":1,"rotation":[0.7820221781730652,0.5269659757614136,0.3327884078025818,-0.6232003569602966,0.6679388284683228,0.4067914187908173,-0.007917062379419804,-0.525513768196106,0.8507483601570129],"rotationconfidence":1},"23":{"id":23,"position":[459.1741859912872,-1083.763360977173,2578.952312469482],"positionconfidence":0.5,"rotation":[-0.0161844901740551,0.9998691082000732,0,-0.9215281009674072,-0.01491641532629728,-0.3880253434181213,-0.3879745006561279,-0.0062799914740026,0.9216487407684326],"rotationconfidence":0.5},"24":{"id":24,"position":[494.8560893535614,-1083.185791969299,2494.188547134399],"positionconfidence":0.5,"rotation":[-0.0161844901740551,0.9998691082000732,0,-0.9215281009674072,-0.01491641532629728,-0.3880253434181213,-0.3879745006561279,-0.0062799914740026,0.9216487407684326],"rotationconfidence":0.5}},"skeletonTracked":true,"frameCount":6},{"position":[4.925392102450132,-595.9895849227905,2780.798673629761],"positionTracked":true,"id":4048,"skeleton":{"1":{"id":1,"position":[64.95478749275208,9.621885605156422,3047.806978225708],"positionconfidence":1,"rotation":[0.9999992251396179,-0.001220213831402361,0,0.001203765044920147,0.9865189790725708,0.1636423170566559,-0.0001996786158997566,-0.1636421829462051,0.9865196943283081],"rotationconfidence":1},"2":{"id":2,"position":[64.73249197006226,-172.5554913282394,3017.587661743164],"positionconfidence":1,"rotation":[0.9983104467391968,0.008320837281644344,-0.05750587582588196,0.001203765044920147,0.9865189790725708,0.1636423170566559,0.05809228122234345,-0.1634350568056107,0.9848422408103943],"rotationconfidence":1},"3":{"id":3,"position":[57.99596011638641,-504.2891502380371,2970.16716003418],"positionconfidence":1,"rotation":[0.9980728030204773,-0.01155233103781939,-0.06097051873803139,0.02009863965213299,0.9897369742393494,0.1414804458618164,0.05871035158634186,-0.1424332112073898,0.988061785697937],"rotationconfidence":1},"4":{"id":4,"position":[53.9742037653923,-553.3130168914795,2909.118890762329],"positionconfidence":1,"rotation":[0.9976778030395508,-0.06706792116165161,-0.01186746824532747,0.05129855498671532,0.6253122091293335,0.7786866426467896,-0.04480403289198875,-0.7774873375892639,0.6273007392883301],"rotationconfidence":1},"6":{"id":6,"position":[-118.6611279845238,-293.5344576835632,3012.082099914551],"positionconfidence":1,"rotation":[0.2990296185016632,0.9310538172721863,-0.2090934813022614,0.1951892971992493,-0.2741662263870239,-0.941665530204773,-0.9340676665306091,0.24077308177948,-0.2637155652046204],"rotationconfidence":1},"7":{"id":7,"position":[-190.3339922428131,-516.6939496994019,3062.198638916016],"positionconfidence":1,"rotation":[-0.1984584182500839,0.263934463262558,0.9439029693603516,0.2968700528144836,0.9340057969093