{"motiondata":[{"position":[194.5567429065704,-569.7802901268005,2698.711395263672],"positionTracked":true,"id":4422,"skeleton":{"1":{"id":1,"position":[250.4032552242279,14.8191275075078,2970.441341400147],"positionconfidence":1,"rotation":[0.9981063604354858,-0.06151175498962402,0,0.061509158462286,0.9980642795562744,-0.009180499240756035,0.0005647086072713137,0.009163114242255688,0.9999578595161438],"rotationconfidence":1},"2":{"id":2,"position":[238.6032640933991,-176.6507178544998,2972.20253944397],"positionconfidence":1,"rotation":[0.9812854528427124,-0.05878845974802971,0.1833647042512894,0.061509158462286,0.9980642795562744,-0.009180499240756035,-0.182470053434372,0.02028729766607285,0.9830020070075989],"rotationconfidence":1},"3":{"id":3,"position":[230.4137945175171,-476.9769012928009,2892.648935317993],"positionconfidence":1,"rotation":[0.9848032593727112,-0.06906463205814362,0.1593503952026367,0.02635032497346401,0.9663253426551819,0.2559705972671509,-0.1716628521680832,-0.247881755232811,0.9534602761268616],"rotationconfidence":1},"4":{"id":4,"position":[236.8886917829514,-514.4438743591309,2830.969095230103],"positionconfidence":1,"rotation":[0.9914709329605103,-0.03522462397813797,0.1254775077104569,-0.08936121314764023,0.5170883536338806,0.8512544631958008,-0.09486808627843857,-0.8552069067955017,0.5095304250717163],"rotationconfidence":1},"6":{"id":6,"position":[69.10620629787445,-285.6243848800659,2920.092105865479],"positionconfidence":1,"rotation":[0.2588544189929962,0.9307376742362976,0.2583057880401611,0.4461414217948914,0.1219796612858772,-0.8866109848022461,-0.8567101955413818,0.3447440564632416,-0.3836656212806702],"rotationconfidence":1},"7":{"id":7,"position":[11.03262696415186,-494.4339096546173,2862.141609191895],"positionconfidence":1,"rotation":[-0.1281815022230148,0.5781971216201782,0.8057652711868286,0.4996171593666077,0.7394861578941345,-0.4511575698852539,-0.8567101955413818,0.3447440564632416,-0.3836656212806702],"rotationconfidence":1},"8":{"id":8,"position":[36.75533086061478,-610.4630827903748,2700.445413589478],"positionconfidence":1,"rotation":[-0.1945895254611969,0.538764238357544,0.8196754455566406,0,0.8356491327285767,-0.549263596534729,-0.9808846712112427,-0.1068809404969215,-0.1626085638999939],"rotationconfidence":1},"9":{"id":9,"position":[48.09211567044258,-641.8514847755432,2652.691125869751],"positionconfidence":0.5,"rotation":[-0.1945895254611969,0.538764238357544,0.8196754455566406,0,0.8356491327285767,-0.549263596534729,-0.9808846712112427,-0.1068809404969215,-0.1626085638999939],"rotationconfidence":0.5},"12":{"id":12,"position":[403.9522409439087,-278.9621353149414,2982.110500335693],"positionconfidence":1,"rotation":[0.1419732570648193,-0.9898592233657837,0.004715209826827049,0.02893388271331787,-0.0006115994183346629,-0.9995811581611633,0.9894475936889648,0.1420502215623856,0.02855364233255386],"rotationconfidence":1},"13":{"id":13,"position":[439.4078254699707,-526.1638760566711,2983.288049697876],"positionconfidence":1,"rotation":[0.09819694608449936,-0.512517511844635,-0.8530434370040894,-0.1065407693386078,0.8468456268310547,-0.5210581421852112,0.9894475936889648,0.1420502215623856,0.02855364233255386],"rotationconfidence":1},"14":{"id":14,"position":[458.9996337890625,-628.419041633606,2813.092708587647],"positionconfidence":0.5,"rotation":[0.3011651635169983,-0.3704532980918884,-0.8786717057228088,0,-0.9214529395103455,0.3884901404380798,-0.9535720944404602,-0.1169996932148933,-0.2775095105171204],"rotationconfidence":0.5},"15":{"id":15,"position":[477.0355522632599,-650.6044268608093,2760.47158241272],"positionconfidence":0.5,"rotation":[0.3011651635169983,-0.3704532980918884,-0.8786717057228088,0,-0.9214529395103455,0.3884901404380798,-0.9535720944404602,-0.1169996932148933,-0.2775095105171204],"rotationconfidence":0.5},"17":{"id":17,"position":[155.5449515581131,-580.3096890449524,2789.228439331055],"positionconfidence":1,"rotation":[0.9124288558959961,-0.4042904675006867,-0.06342461705207825,0.3903675973415375,0.8133286237716675,0.431404173374176,-0.1228275522589684,-0.4183845818042755,0.8999265432357788],"rotationconfidence":1},"18":{"id":18,"position":[44.4212406873703,-811.8352890014648,2666.423082351685],"positionconfidence":1,"rotation":[0.9327865839004517,-0.3604291379451752,0,0.3548442125320435,0.9183328747749329,0.1753579527139664,-0.06320411711931229,-0.1635715514421463,0.984504759311676],"rotationconfidence":1},"19":{"id":19,"position":[-65.03510475158691,-1095.107078552246,2612.331628799439],"positionconfidence":0.5,"rotation":[0.9228573441505432,-0.3851419389247894,0,0.3567324876785278,0.8547840714454651,-0.3769431114196777,0.1451766043901444,0.3478647172451019,0.9262363910675049],"rotationconfidence":0.5},"20":{"id":20,"position":[-78.30905169248581,-1126.91342830658,2527.642965316773],"positionconfidence":0.5,"rotation":[0.9228573441505432,-0.3851419389247894,0,0.3567324876785278,0.8547840714454651,-0.3769431114196777,0.1451766043901444,0.3478647172451019,0.9262363910675049],"rotationconfidence":0.5},"21":{"id":21,"position":[316.4886832237244,-586.9013667106628,2808.130502700806],"positionconfidence":1,"rotation":[0.9766016602516174,0.07965397089719772,0.199760913848877,-0.1793909817934036,0.8140310049057007,0.5524240136146545,-0.1186088249087334,-0.5753335952758789,0.8092733025550842],"rotationconfidence":1},"22":{"id":22,"position":[368.3057427406311,-822.0341205596924,2648.562908172607],"positionconfidence":1,"rotation":[0.9414364695549011,0.2066643685102463,0.2664340436458588,-0.3008212745189667,0.8717323541641235,0.3867677748203278,-0.1523280590772629,-0.4442663192749023,0.8828496932983398],"rotationconfidence":1},"23":{"id":23,"position":[461.0400497913361,-1090.763449668884,2529.333829879761],"positionconfidence":0.5,"rotation":[0.2507250010967255,0.9680583477020264,0,-0.9246560335159302,0.2394839078187943,-0.2960720956325531,-0.2866150736808777,0.07423268258571625,0.9551656246185303],"rotationconfidence":0.5},"24":{"id":24,"position":[486.6431057453156,-1097.394585609436,2444.009780883789],"positionconfidence":0.5,"rotation":[0.2507250010967255,0.9680583477020264,0,-0.9246560335159302,0.2394839078187943,-0.2960720956325531,-0.2866150736808777,0.07423268258571625,0.9551656246185303],"rotationconfidence":0.5}},"skeletonTracked":true,"frameCount":1},{"position":[192.0422613620758,-572.0320343971252,2696.51985168457],"positionTracked":true,"id":4422,"skeleton":{"1":{"id":1,"position":[249.2745518684387,14.86694999039173,2970.194578170776],"positionconfidence":1,"rotation":[0.9981911778450012,-0.0601191408932209,0,0.06011711061000824,0.9981575012207031,-0.008221568539738655,0.0004942736122757196,0.008206697180867195,0.9999662041664124],"rotationconfidence":1},"2":{"id":2,"position":[237.7440631389618,-176.5801012516022,2971.771478652954],"positionconfidence":1,"rotation":[0.9863147139549255,-0.05813303962349892,0.1542847603559494,0.06011711061000824,0.9981575012207031,-0.008221568539738655,-0.1535225361585617,0.01738420687615871,0.9879921674728394],"rotationconfidence":1},"3":{"id":3,"position":[229.5771688222885,-478.1383872032166,2890.955209732056],"positionconfidence":1,"rotation":[0.9891619682312012,-0.06240705028176308,0.1329061836004257,0.02615025267004967,0.9655843377113342,0.2587722837924957,-0.1444813311100006,-0.2524921596050263,0.9567512273788452],"rotationconfidence":1},"4":{"id":4,"position":[235.5199158191681,-516.5804624557495,2828.176736831665],"positionconfidence":1,"rotation":[0.9922343492507935,-0.03931998088955879,0.1180044487118721,-0.08046738058328629,0.5205224752426147,0.8500478863716125,-0.09484782814979553,-0.852942168712616,0.51331627368927],"rotationconfidence":1},"6":{"id":6,"position":[68.36723536252975,-286.7489457130432,2919.004917144775],"positionconfidence":1,"rotation":[0.2599587440490723,0.9310789108276367,0.2559560835361481,0.4484714865684509,0.1183304414153099,-0.8859295845031738,-0.855157732963562,0.3450941145420075,-0.3868013024330139],"rotationconfidence":1},"7":{"id":7,"position":[10.46238839626312,-494.1433370113373,2861.99164390564],"positionconfidence":1,"rotation":[-0.1305922120809555,0.5786977410316467,0.8050183057785034,0.5016481280326843,0.738930881023407,-0.4498112499713898,-0.855157732963562,0.3450941145420075,-0.3868013024330139],"rotationconfidence":1},"8":{"id":8,"position":[36.68172657489777,-610.3299856185913,2700.366020202637],"positionconfidence":1,"rotation":[-0.1937103271484375,0.5378045439720154,0.8205137252807617,0,0.8363552689552307,-0.5481878519058228,-0.9810588955879211,-0.1061896458268166,-0.1620106548070908],"rotationconfidence":1},"9":{"id":9,"position":[48.00456017255783,-641.7659521102905,2652.405023574829],"positionconfidence":0.5,"rotation":[-0.1937103271484375,0.5378045439720154,0.8205137252807617,0,0.8363552689552307,-0.5481878519058228,-0.9810588955879211,-0.1061896458268166,-0.1620106548070908],"rotationconfidence":0.5},"12":{"id":12,"position":[394.7464823722839,-281.6753387451172,2969.631195068359],"positionconfidence":1,"rotation":[0.1379359364509583,-0.9886741042137146,-0.05913788080215454,0.1043379008769989,0.07388131320476532,-0.9917939901351929,0.9849300980567932,0.130633682012558,0.113347053527832],"rotationconfidence":1},"13":{"id":13,"position":[425.2885282039642,-500.5894899368286,2956.536769866943],"positionconfidence":0.5,"rotation":[0.1716203838586807,-0.6570032238960266,-0.7340933680534363,-0.0214279405772686,0.7424833178520203,-0.6695216298103333,0.9849300980567932,0.130633682012558,0.113347053527832],"rotationconfidence":0.5},"14":{"id":14,"position":[458.8742256164551,-629.1634440422058,2812.876462936401],"positionconfidence":1,"rotation":[0.3380890786647797,-0.4136001765727997,-0.8453582525253296,0,-0.8982527852058411,0.4394793510437012,-0.9411141276359558,-0.1485831737518311,-0.3036894500255585],"rotationconfidence":1},"15":{"id":15,"position":[478.8751006126404,-653.6314487457275,2762.866258621216],"positionconfidence":1,"rotation":[0.3380890786647797,-0.4136001765727997,-0.8453582525253296,0,-0.8982527852058411,0.4394793510437012,-0.9411141276359558,-0.1485831737518311,-0.3036894500255585],"rotationconfidence":1},"17":{"id":17,"position":[154.7780930995941,-581.1451077461243,2787.778854370117],"positionconfidence":1,"rotation":[0.913067638874054,-0.4027699530124664,-0.0639050230383873,0.3893977105617523,0.8145239353179932,0.4300234913825989,-0.1211483776569367,-0.4175249934196472,0.9005531072616577],"rotationconfidence":1},"18":{"id":18,"position":[44.44656893610954,-811.9314312934875,2665.936470031738],"positionconfidence":1,"rotation":[0.9333153367042542,-0.3590578734874725,0,0.3534591495990753,0.9187622666358948,0.1759052574634552,-0.06316016614437103,-0.1641750782728195,0.9844071865081787],"rotationconfidence":1},"19":{"id":19,"position":[-64.3865317106247,-1094.826221466065,2611.773729324341],"positionconfidence":0.5,"rotation":[0.9230813384056091,-0.3846045732498169,0,0.3553606271743774,0.852893590927124,-0.3824803531169891,0.1471037119626999,0.3530605435371399,0.9239636063575745],"rotationconfidence":0.5},"20":{"id":20,"position":[-77.80364155769348,-1127.028346061707,2527.50039100647],"positionconfidence":0.5,"rotation":[0.9230813384056091,-0.3846045732498169,0,0.3553606271743774,0.852893590927124,-0.3824803531169891,0.1471037119626999,0.3530605435371399,0.9239636063575745],"rotationconfidence":0.5},"21":{"id":21,"position":[315.5360519886017,-587.8878235816956,2806.278944015503],"positionconfidence":1,"rotation":[0.9758557677268982,0.08475352078676224,0.2013016045093536,-0.1842190772294998,0.8145205974578857,0.5501087307929993,-0.1173406317830086,-0.5739103555679321,0.8104677796363831],"rotationconfidence":1},"22":{"id":22,"position":[368.4728145599365,-821.9465613365173,2648.200988769531],"positionconfidence":1,"rotation":[0.9414750337600708,0.2061587870121002,0.2666894197463989,-0.3004655838012695,0.8718715906143188,0.3867302238941193,-0.1527910977602005,-0.4442278444766998,0.8827889561653137],"rotationconfidence":1},"23":{"id":23,"position":[461.0429406166077,-1090.560555458069,2529.053688049316],"positionconfidence":0.5,"rotation":[0.2559249699115753,0.9666966199874878,0,-0.92307049036026,0.2443753182888031,-0.297021210193634,-0.2871294021606445,0.07601514458656311,0.9548709392547607],"rotationconfidence":0.5},"24":{"id":24,"position":[486.6943359375,-1097.351551055908,2443.747997283936],"positionconfidence":0.5,"rotation":[0.2559249699115753,0.9666966199874878,0,-0.92307049036026,0.2443753182888031,-0.297021210193634,-0.2871294021606445,0.07601514458656311,0.9548709392547607],"rotationconfidence":0.5}},"skeletonTracked":true,"frameCount":2},{"position":[195.2837109565735,-564.5092725753784,2702.529907226563],"positionTracked":true,"id":4422,"skeleton":{"1":{"id":1,"position":[248.3829259872437,14.927645213902,2970.043182373047],"positionconfidence":1,"rotation":[0.9982589483261108,-0.05898358300328255,0,0.05898201838135719,0.9982324838638306,-0.007285462692379952,0.0004297226842027158,0.007272778544574976,0.999973475933075],"rotationconfidence":1},"2":{"id":2,"position":[237.0719462633133,-176.5033602714539,2971.440315246582],"positionconfidence":1,"rotation":[0.9865841269493103,-0.05717774480581284,0.1529132872819901,0.05898201838135719,0.9982324838638306,-0.007285462692379952,-0.1522264331579208,0.01620685681700707,0.9882127642631531],"rotationconfidence":1},"3":{"id":3,"position":[228.8253903388977,-478.7645041942596,2889.83964920044],"positionconfidence":1,"rotation":[0.9894322752952576,-0.06233654543757439,0.1309120059013367,0.02633077464997768,0.9651022553443909,0.2605461776256561,-0.1425850242376328,-0.2543458044528961,0.9565446972846985],"rotationconfidence":1},"4":{"id":4,"position":[234.8279505968094,-517.4407362937927,2826.781988143921],"positionconfidence":1,"rotation":[0.9922161102294922,-0.03888589143753052,0.118301197886467,-0.0808786004781723,0.5211242437362671,0.8496400117874146,-0.09468863159418106,-0.8525946140289307,0.5139228105545044],"rotationconfidence":1},"6":{"id":6,"position":[67.83732026815414,-287.539005279541,2918.236970901489],"positionconfidence":1,"rotation":[0.2611406445503235,0.9311990737915039,0.2543104290962219,0.4505669474601746,0.1154075115919113,-0.8852516412734985,-0.8536948561668396,0.3457590937614441,-0.3894299566745758],"rotationconfidence":1},"7":{"id":7,"position":[9.981479495763779,-493.8466250896454,2861.894369125366],"positionconfidence":1,"rotation":[-0.1328631788492203,0.578440248966217,0.8048317432403564,0.5035398602485657,0.7388216257095337,-0.4478728175163269,-0.8536948561668396,0.3457590937614441,-0.3894299566745758],"rotationconfidence":1},"8":{"id":8,"position":[36.66121885180473,-610.0009679794312,2700.279235839844],"positionconfidence":1,"rotation":[-0.192061722278595,0.5381445288658142,0.8206783533096313,0,0.8362468481063843,-0.5483533143997192,-0.9813830256462097,-0.1053176820278168,-0.1606110036373138],"rotationconfidence":1},"9":{"id":9,"position":[47.93035238981247,-641.57634973526,2652.126312255859],"positionconfidence":0.5,"rotation":[-0.192061722278595,0.5381445288658142,0.8206783533096313,0,0.8362468481063843,-0.5483533143997192,-0.9813830256462097,-0.1053176820278168,-0.1606110036373138],"rotationconfidence":0.5},"12":{"id":12,"position":[393.3768570423126,-281.7967236042023,2968.289613723755],"positionconfidence":1,"rotation":[0.1528991907835007,-0.9871904253959656,-0.04557516425848007,0.1664644479751587,0.07118616253137589,-0.983474612236023,0.9741208553314209,0.1427858024835587,0.1752163767814636],"rotationconfidence":1},"13":{"id":13,"position":[427.5103211402893,-502.1787285804749,2958.115339279175],"positionconfidence":1,"rotation":[0.2213914394378662,-0.7589525580406189,-0.6123535633087158,0.04554552212357521,0.6352977752685547,-0.7709230780601501,0.9741208553314209,0.1427858024835587,0.1752163767814636],"rotationconfidence":1},"14":{"id":14,"position":[471.2782800197601,-652.2197723388672,2837.056159973145],"positionconfidence":0.5,"rotation":[0.3251366019248962,-0.8098217844963074,-0.488338977098465,0,-0.5163962244987488,0.8563497066497803,-0.945667028427124,-0.2784306406974793,-0.1678993105888367],"rotationconfidence":0.5},"15":{"id":15,"position":[491.8710589408875,-703.5104632377625,2806.126832962036],"positionconfidence":0.5,"rotation":[0.3251366019248962,-0.8098217844963074,-0.488338977098465,0,-0.5163962244987488,0.8563497066497803,-0.945667028427124,-0.2784306406974793,-0.1678993105888367],"rotationconfidence":0.5},"17":{"id":17,"position":[154.25705909729,-581.7102789878845,2786.709547042847],"positionconfidence":1,"rotation":[0.9133351445198059,-0.402318686246872,-0.06291869282722473,0.3887342512607575,0.8154150247573853,0.428933709859848,-0.1212631911039352,-0.4162188470363617,0.9011421799659729],"rotationconfidence":1},"18":{"id":18,"position":[44.48536038398743,-811.9691014289856,2665.586233139038],"positionconfidence":1,"rotation":[0.9338050484657288,-0.357782244682312,0,0.3521596789360046,0.9191302061080933,0.1765877306461334,-0.06317995488643646,-0.1648985147476196,0.9842848777770996],"rotationconfidence":1},"19":{"id":19,"position":[-63.76011669635773,-1094.48778629303,2611.307382583618],"positionconfidence":0.5,"rotation":[0.9253532886505127,-0.3791061043739319,0,0.3494001626968384,0.8528445959091187,-0.3880411088466644,0.1471087336540222,0.3590750694274902,0.9216421246528625],"rotationconfidence":0.5},"20":{"id":20,"position":[-77.154740691185,-1127.182483673096,2527.389526367188],"positionconfidence":0.5,"rotation":[0.9253532886505127,-0.3791061043739319,0,0.3494001626968384,0.8528445959091187,-0.3880411088466644,0.1471087336540222,0.3590750694274902,0.9216421246528625],"rotationconfidence":0.5},"21":{"id":21,"position":[315.0230348110199,-588.3821249008179,2805.261611938477],"positionconfidence":1,"rotation":[0.9752846360206604,0.08734267204999924,0.2029564827680588,-0.1872073709964752,0.814544677734375,0.5490633249282837,-0.1173604503273964,-0.5734878778457642,0.810763955116272],"rotationconfidence":1},"22":{"id":22,"position":[368.6482012271881,-821.7067718505859,2647.983551025391],"positionconfidence":1,"rotation":[0.9414572715759277,0.2048436850309372,0.2677635550498962,-0.2997817397117615,0.872022271156311,0.3869213461875916,-0.1542373895645142,-0.4445405304431915,0.8823801279067993],"rotationconfidence":1},"23":{"id":23,"position":[460.9716236591339,-1090.262413024902,2528.823852539063],"positionconfidence":0.5,"rotation":[0.2629221975803375,0.9648170471191406,0,-0.9206713438034058,0.2508920729160309,-0.2990275621414185,-0.2885068953037262,0.07862097769975662,0.9542444944381714],"rotationconfidence":0.5},"24":{"id":24,"position":[486.7452681064606,-1097.285985946655,2443.576812744141],"positionconfidence":0.5,"rotation":[0.2629221975803375,0.9648170471191406,0,-0.9206713438034058,0.2508920729160309,-0.2990275621414185,-0.2885068953037262,0.07862097769975662,0.9542444944381714],"rotationconfidence":0.5}},"skeletonTracked":true,"frameCount":3},{"position":[194.8983371257782,-571.8628764152527,2699.509620666504],"positionTracked":true,"id":4422,"skeleton":{"1":{"id":1,"position":[247.8072345256805,14.96089715510607,2969.936370849609],"positionconfidence":1,"rotation":[0.998288631439209,-0.05847860872745514,0,0.05847735330462456,0.9982671737670898,-0.00654712924733758,0.0003828670014627278,0.006535924505442381,0.9999784231185913],"rotationconfidence":1},"2":{"id":2,"position":[236.5954369306564,-176.4357537031174,2971.191644668579],"positionconfidence":1,"rotation":[0.9864595532417297,-0.05677656456828117,0.1538628488779068,0.05847735330462456,0.9982671737670898,-0.00654712924733758,-0.1532245427370071,0.01545597333461046,0.9880704879760742],"rotationconfidence":1},"3":{"id":3,"position":[228.3483743667603,-479.0955781936646,2889.090776443481],"positionconfidence":1,"rotation":[0.9893738627433777,-0.06256121397018433,0.1312450915575028,0.02628913335502148,0.9647876620292664,0.2617126703262329,-0.1429967284202576,-0.2554813921451569,0.9561805129051208],"rotationconfidence":1},"4":{"id":4,"position":[234.4207465648651,-517.8613662719727,2825.9117603302],"positionconfidence":1,"rotation":[0.9921250343322754,-0.03872300684452057,0.1191167756915093,-0.08164824545383453,0.5212392210960388,0.8494959473609924,-0.09498336166143417,-0.8525317311286926,0.5139727592468262],"rotationconfidence":1},"6":{"id":6,"position":[67.45857745409012,-288.0097329616547,2917.703866958618],"positionconfidence":1,"rotation":[0.2627575993537903,0.9311579465866089,0.2527910172939301,0.4531504511833191,0.1122101694345474,-0.8843435645103455,-0.8518292903900146,0.346920371055603,-0.3924705684185028],"rotationconfidence":1},"7":{"id":7,"position":[9.493331424891949,-493.4264421463013,2861.937284469605],"positionconfidence":1,"rotation":[-0.1353417485952377,0.5780426263809204,0.804704487323761,0.5060331225395203,0.7385885119438171,-0.4454408288002014,-0.8518292903900146,0.346920371055603,-0.3924705684185028],"rotationconfidence":1},"8":{"id":8,"position":[36.6724319756031,-609.5079779624939,2700.337886810303],"positionconfidence":1,"rotation":[-0.189755380153656,0.5393790602684021,0.8204044103622437,0,0.8355857133865356,-0.5493600964546204,-0.9818315505981445,-0.1042440310120583,-0.1585568785667419],"rotationconfidence":1},"9":{"id":9,"position":[47.86515980958939,-641.3232684135437,2651.946306228638],"positionconfidence":0.5,"rotation":[-0.189755380153656,0.5393790602684021,0.8204044103622437,0,0.8355857133865356,-0.5493600964546204,-0.9818315505981445,-0.1042440310120583,-0.1585568785667419],"rotationconfidence":0.5},"12":{"id":12,"position":[393.0222094058991,-281.6504836082459,2968.091011047363],"positionconfidence":1,"rotation":[0.1638709306716919,-0.985686182975769,-0.03960926458239555,0.1134995594620705,0.05872435495257378,-0.9918009638786316,0.9799306988716125,0.1580317467451096,0.1214981824159622],"rotationconfidence":1},"13":{"id":13,"position":[430.7286441326141,-508.4552764892578,2958.976984024048],"positionconfidence":1,"rotation":[0.1981720924377441,-0.7064845561981201,-0.6794170141220093,-0.02153286710381508,0.68985915184021,-0.7236233949661255,0.9799306988716125,0.1580317467451096,0.1214981824159622],"rotationconfidence":1},"14":{"id":14,"position":[469.9447453022003,-648.2608914375305,2824.527740478516],"positionconfidence":1,"rotation":[0.2393427640199661,-0.5267484784126282,-0.8156291842460632,0,-0.8400450348854065,0.5425167083740234,-0.9709351062774658,-0.129847452044487,-0.2010587006807327],"rotationconfidence":1},"15":{"id":15,"position":[484.9506616592407,-681.286096572876,2773.390769958496],"positionconfidence":1,"rotation":[0.2393427640199661,-0.5267484784126282,-0.8156291842460632,0,-0.8400450348854065,0.5425167083740234,-0.9709351062774658,-0.129847452044487,-0.2010587006807327],"rotationconfidence":1},"17":{"id":17,"position":[153.9559215307236,-582.0415616035461,2785.886287689209],"positionconfidence":1,"rotation":[0.9134076833724976,-0.4023452997207642,-0.06168228760361671,0.38838791847229,0.8161209225654602,0.4279037714004517,-0.1218248456716538,-0.4148071706295013,0.9017170071601868],"rotationconfidence":1},"18":{"id":18,"position":[44.53220590949059,-811.9739890098572,2665.329456329346],"positionconfidence":1,"rotation":[0.9341458678245544,-0.3568913042545319,0,0.3512306809425354,0.9193294644355774,0.1773987412452698,-0.06331206858158112,-0.1657163053750992,0.9841390252113342],"rotationconfidence":1},"19":{"id":19,"position":[-63.24145197868347,-1094.066381454468,2610.895395278931],"positionconfidence":0.5,"rotation":[0.9266698956489563,-0.375876396894455,0,0.3455963134765625,0.8520185947418213,-0.3932271897792816,0.1478047966957092,0.3643917441368103,0.9194413423538208],"rotationconfidence":0.5},"20":{"id":20,"position":[-76.68326050043106,-1127.2052526474,2527.278661727905],"positionconfidence":0.5,"rotation":[0.9266698956489563,-0.375876396894455,0,0.3455963134765625,0.8520185947418213,-0.3932271897792816,0.1478047966957092,0.3643917441368103,0.9194413423538208],"rotationconfidence":0.5},"21":{"id":21,"position":[314.6595358848572,-588.704526424408,2804.532766342163],"positionconfidence":1,"rotation":[0.9748087525367737,0.08894512057304382,0.2045399844646454,-0.1893617957830429,0.814602255821228,0.5482382774353027,-0.117855615913868,-0.5731595754623413,0.8109242916107178],"rotationconfidence":1},"22":{"id":22,"position":[368.7961995601654,-821.5912580490112,2647.796869277954],"positionconfidence":1,"rotation":[0.9414288401603699,0.2038295865058899,0.2686359286308289,-0.2992998957633972,0.8720608353614807,0.3872072100639343,-0.1553425937891007,-0.4449307322502136,0.8819894194602966],"rotationconfidence":1},"23":{"id":23,"position":[460.9341323375702,-1090.05069732666,2528.597116470337],"positionconfidence":0.5,"rotation":[0.2669351398944855,0.9637144804000854,0,-0.9191941618919373,0.2546036541461945,-0.3004315495491028,-0.2895302474498749,0.08019573986530304,0.9538034200668335],"rotationconfidence":0.5},"24":{"id":24,"position":[486.7914021015167,-1097.212791442871,2443.41516494751],"positionconfidence":0.5,"rotation":[0.2669351398944855,0.9637144804000854,0,-0.9191941618919373,0.2546036541461945,-0.3004315495491028,-0.2895302474498749,0.08019573986530304,0.9538034200668335],"rotationconfidence":0.5}},"skeletonTracked":true,"frameCount":4},{"position":[193.901851773262,-567.9535269737244,2701.663255691528],"positionTracked":true,"id":4422,"skeleton":{"1":{"id":1,"position":[247.4296689033508,15.0704188272357,2969.844818115234],"positionconfidence":1,"rotation":[0.9983060359954834,-0.0581820011138916,0,0.05818094685673714,0.9982879757881165,-0.006017373874783516,0.0003501028404571116,0.00600718054920435,0.9999819993972778],"rotationconfidence":1},"2":{"id":2,"position":[236.2723648548126,-176.3702929019928,2970.998764038086],"positionconfidence":1,"rotation":[0.9860749244689941,-0.05652642250061035,0.1564008444547653,0.05818094685673714,0.9982879757881165,-0.006017373874783516,-0.1557929217815399,0.0150331286713481,0.9876753687858582],"rotationconfidence":1},"3":{"id":3,"position":[228.0396223068237,-479.2627394199371,2888.630628585815],"positionconfidence":1,"rotation":[0.9890930652618408,-0.06307920813560486,0.133100837469101,0.02621890977025032,0.9646250605583191,0.2623187303543091,-0.1449392586946487,-0.2559678554534912,0.9557577967643738],"rotationconfidence":1},"4":{"id":4,"position":[234.1527938842773,-518.0981159210205,2825.387001037598],"positionconfidence":1,"rotation":[0.9920468926429749,-0.03882448375225067,0.1197324767708778,-0.08209250867366791,0.5215122103691101,0.8492855429649353,-0.09541501104831696,-0.8523601293563843,0.5141773223876953],"rotationconfidence":1},"6":{"id":6,"position":[67.22349673509598,-288.2081270217896,2917.398691177368],"positionconfidence":1,"rotation":[0.2647044658660889,0.9310699701309204,0.2510777711868286,0.4555154740810394,0.1087619885802269,-0.8835589289665222,-0.8499630689620972,0.3482518792152405,-0.395327091217041],"rotationconfidence":1},"7":{"id":7,"position":[8.996867574751377,-493.0141270160675,2862.169504165649],"positionconfidence":1,"rotation":[-0.1375475525856018,0.5776611566543579,0.8046044111251831,0.5085700750350952,0.7382603287696838,-0.4430894553661346,-0.8499630689620972,0.3482518792152405,-0.395327091217041],"rotationconfidence":1},"8":{"id":8,"position":[36.62383928894997,-609.0396642684937,2700.5615234375],"positionconfidence":1,"rotation":[-0.187876284122467,0.5399989485740662,0.8204289674758911,0,0.8353034853935242,-0.5497892498970032,-0.9821928143501282,-0.1032923609018326,-0.1569337099790573],"rotationconfidence":1},"9":{"id":9,"position":[47.77326062321663,-641.0856246948242,2651.873588562012],"positionconfidence":0.5,"rotation":[-0.187876284122467,0.5399989485740662,0.8204289674758911,0,0.8353034853935242,-0.5497892498970032,-0.9821928143501282,-0.1032923609018326,-0.1569337099790573],"rotationconfidence":0.5},"12":{"id":12,"position":[393.4751451015472,-281.1900973320007,2968.753814697266],"positionconfidence":1,"rotation":[0.1685729324817658,-0.9844688773155212,-0.04903184249997139,0.07703249156475067,0.06274939328432083,-0.9950520396232605,0.9826745390892029,0.1639618128538132,0.08641394972801208],"rotationconfidence":1},"13":{"id":13,"position":[433.7104558944702,-516.165018081665,2957.050800323486],"positionconfidence":1,"rotation":[0.174492284655571,-0.661281168460846,-0.7295612692832947,-0.0624762699007988,0.7319998741149902,-0.6784342527389526,0.9826745390892029,0.1639618128538132,0.08641394972801208],"rotationconfidence":1},"14":{"id":14,"position":[468.5991406440735,-648.3842134475708,2811.179399490356],"positionconfidence":1,"rotation":[0.3102839291095734,-0.6217390894889832,-0.7191413640975952,0,-0.7564781308174133,0.6540189385414124,-0.9506438374519348,-0.2029315680265427,-0.2347230017185211],"rotationconfidence":1},"15":{"id":15,"position":[486.821174621582,-684.8970651626587,2768.946409225464],"positionconfidence":0.5,"rotation":[0.3102839291095734,-0.6217390894889832,-0.7191413640975952,0,-0.7564781308174133,0.6540189385414124,-0.9506438374519348,-0.2029315680265427,-0.2347230017185211],"rotationconfidence":0.5},"17":{"id":17,"position":[153.7526398897171,-582.2149515151978,2785.374402999878],"positionconfidence":1,"rotation":[0.9135138392448425,-0.4022807478904724,-0.06052009016275406,0.3879138231277466,0.8165816068649292,0.4274544715881348,-0.1225371137261391,-0.4139621555805206,0.9020088911056519],"rotationconfidence":1},"18":{"id":18,"position":[44.59882527589798,-811.9902014732361,2665.094375610352],"positionconfidence":1,"rotation":[0.9344257712364197,-0.3561581671237946,0,0.350462943315506,0.9194836020469666,0.1781166791915894,-0.06343770772218704,-0.1664368212223053,0.9840093851089478],"rotationconfidence":1},"19":{"id":19,"position":[-62.75442987680435,-1093.644976615906,2610.533952713013],"positionconfidence":0.5,"rotation":[0.9280627369880676,-0.3724240362644196,0,0.3418176770210266,0.851793110370636,-0.3970001637935638,0.1478523761034012,0.3684410154819489,0.9178184866905212],"rotationconfidence":0.5},"20":{"id":20,"position":[-76.18247717618942,-1127.10702419281,2527.177095413208],"positionconfidence":0.5,"rotation":[0.9280627369880676,-0.3724240362644196,0,0.3418176770210266,0.851793110370636,-0.3970001637935638,0.1478523761034012,0.3684410154819489,0.9178184866905212],"rotationconfidence":0.5},"21":{"id":21,"position":[314.4441246986389,-588.8795852661133,2804.145574569702],"positionconfidence":1,"rotation":[0.9743903279304504,0.08998797833919525,0.2060720771551132,-0.1911197155714035,0.8142789006233215,0.5481086373329163,-0.118476964533329,-0.5734562277793884,0.8106240034103394],"rotationconfidence":1},"22":{"id":22,"position":[368.9976036548615,-821.3084936141968,2647.692680358887],"positionconfidence":1,"rotation":[0.9414612054824829,0.2021682411432266,0.2697755992412567,-0.2983445227146149,0.8722609877586365,0.3874936103820801,-0.1569758355617523,-0.4452962875366211,0.8815156817436218],"rotationconfidence":1},"23":{"id":23,"position":[460.8097076416016,-1089.736819267273,2528.445959091187],"positionconfidence":0.5,"rotation":[0.2742995321750641,0.9616442918777466,0,-0.916576623916626,0.2614444196224213,-0.3025457859039307,-0.290941447019577,0.08298817276954651,0.9531347751617432],"rotationconfidence":0.5},"24":{"id":24,"position":[486.7955148220062,-1097.149014472961,2443.315505981445],"positionconfidence":0.5,"rotation":[0.2742995321750641,0.9616442918777466,0,-0.916576623916626,0.2614444196224213,-0.3025457859039307,-0.290941447019577,0.08298817276954651,0.9531347751617432],"rotationconfidence":0.5}},"skeletonTracked":true,"frameCount":5},{"position":[194.3922638893127,-572.9036331176758,2699.487924575806],"positionTracked":true,"id":4422,"skeleton":{"1":{"id":1,"position":[247.1669316291809,15.12317825108767,2969.763040542603],"positionconfidence":1,"rotation":[0.9983132481575012,-0.05805828049778938,0,0.05805734544992447,0.9982971549034119,-0.00567438080906868,0.0003294447960797697,0.005664809606969357,0.9999839663505554],"rotationconfidence":1},"2":{"id":2,"position":[236.0336184501648,-176.3143539428711,2970.851182937622],"positionconfidence":1,"rotation":[0.9856780767440796,-0.05642015859484673,0.1589197516441345,0.05805734544992447,0.9982971549034119,-0.00567438080906868,-0.1583289802074432,0.01481957081705332,0.9872751832008362],"rotationconfidence":1},"3":{"id":3,"position":[227.8133034706116,-479.3823063373566,2888.289213180542],"positionconfidence":1,"rotation":[0.9887914061546326,-0.06361602991819382,0.1350718885660172,0.02616101503372192,0.9645086526870728,0.2627520859241486,-0.1469932496547699,-0.2562733590602875,0.9553621411323547],"rotationconfidence":1},"4":{"id":4,"position":[233.954668045044,-518.2672739028931,2825.000762939453],"positionconfidence":1,"rotation":[0.9919818639755249,-0.03899047523736954,0.1202157139778137,-0.08239780366420746,0.5217140316963196,0.8491320013999939,-0.09582627564668655,-0.8522289991378784,0.5143181085586548],"rotationconfidence":1},"6":{"id":6,"position":[67.0551210641861,-288.3455455303192,2917.175769805908],"positionconfidence":1,"rotation":[0.2665347158908844,0.9309547543525696,0.2495644092559815,0.4577258825302124,0.1056070327758789,-0.882798969745636,-0.8482017517089844,0.3495286703109741,-0.3979741930961609],"rotationconfidence":1},"7":{"id":7,"position":[8.569183759391308,-492.6257133483887,2862.413644790649],"positionconfidence":1,"rotation":[-0.1394310891628265,0.5775161981582642,0.8043842315673828,0.5109918713569641,0.7377700805664062,-0.4411150813102722,-0.8482017517089844,0.3495286703109741,-0.3979741930961609],"rotationconfidence":1},"8":{"id":8,"position":[36.57878935337067,-608.6400151252747,2700.824975967407],"positionconfidence":1,"rotation":[-0.1861470639705658,0.5401732921600342,0.8207083344459534,0,0.8353078961372375,-0.549782395362854,-0.9825218915939331,-0.1023403778672218,-0.1554901152849197],"rotationconfidence":1},"9":{"id":9,"position":[47.68683016300201,-640.8740282058716,2651.850461959839],"positionconfidence":0.5,"rotation":[-0.1861470639705658,0.5401732921600342,0.8207083344459534,0,0.8353078961372375,-0.549782395362854,-0.9825218915939331,-0.1023403778672218,-0.1554901152849197],"rotationconfidence":0.5},"12":{"id":12,"position":[394.1609859466553,-280.8296978473663,2969.520807266235],"positionconfidence":1,"rotation":[0.1742037981748581,-0.9838992953300476,-0.03994157537817955,0.05621473863720894,0.05043233186006546,-0.9971442818641663,0.9831038117408752,0.1714610159397125,0.064095139503479],"rotationconfidence":1},"13":{"id":13,"position":[436.9738698005676,-522.6359367370605,2959.704637527466],"positionconfidence":1,"rotation":[0.1600107252597809,-0.6349060535430908,-0.7558377981185913,-0.08890232443809509,0.753322958946228,-0.6516141891479492,0.9831038117408752,0.1714610159397125,0.064095139503479],"rotationconfidence":1},"14":{"id":14,"position":[468.8973426818848,-649.304986000061,2808.908700942993],"positionconfidence":0.5,"rotation":[0.2194159328937531,-0.4555207788944244,-0.8627615571022034,0,-0.8843110203742981,0.4668984413146973,-0.9756314754486084,-0.1024449542164803,-0.1940319240093231],"rotationconfidence":0.5},"15":{"id":15,"position":[481.9630980491638,-676.4302849769592,2757.533073425293],"positionconfidence":1,"rotation":[0.2194159328937531,-0.4555207788944244,-0.8627615571022034,0,-0.8843110203742981,0.4668984413146973,-0.9756314754486084,-0.1024449542164803,-0.1940319240093231],"rotationconfidence":1},"17":{"id":17,"position":[153.6000669002533,-582.33642578125,2784.985065460205],"positionconfidence":1,"rotation":[0.9136005640029907,-0.4022289216518402,-0.05954644083976746,0.3875110149383545,0.8169366717338562,0.4271412789821625,-0.1231628954410553,-0.4133114218711853,0.9022219777107239],"rotationconfidence":1},"18":{"id":18,"position":[44.65765878558159,-812.0048642158508,2664.901256561279],"positionconfidence":1,"rotation":[0.9346629977226257,-0.3555348217487335,0,0.3498091399669647,0.9196107387542725,0.1787444800138474,-0.06354988366365433,-0.1670658588409424,0.983895480632782],"rotationconfidence":1},"19":{"id":19,"position":[-62.32475489377976,-1093.250155448914,2610.235691070557],"positionconfidence":0.5,"rotation":[0.9292029738426208,-0.3695698082447052,0,0.3386957049369812,0.8515767455101013,-0.4001279771327972,0.1478752195835114,0.3718000948429108,0.916459321975708],"rotationconfidence":0.5},"20":{"id":20,"position":[-75.7395550608635,-1126.978754997253,2527.097225189209],"positionconfidence":0.5,"rotation":[0.9292029738426208,-0.3695698082447052,0,0.3386957049369812,0.8515767455101013,-0.4001279771327972,0.1478752195835114,0.3718000948429108,0.916459321975708],"rotationconfidence":0.5},"21":{"id":21,"position":[314.2756223678589,-589.0114307403564,2803.861141204834],"positionconfidence":1,"rotation":[0.9740467071533203,0.09077941626310349,0.2073452323675156,-0.1925190538167954,0.8140183091163635,0.5480060577392578,-0.1190351471304894,-0.5737013816833496,0.8103685975074768],"rotationconfidence":1},"22":{"id":22,"position":[369.1812753677368,-821.1661577224731,2647.572040557861],"positionconfidence":1,"rotation":[0.9415110945701599,0.2009568214416504,0.2705053687095642,-0.2975968420505524,0.872434139251709,0.3876786828041077,-0.1580914407968521,-0.4455053210258484,0.8812105655670166],"rotationconfidence":1},"23":{"id":23,"position":[460.7301950454712,-1089.550733566284,2528.311491012573],"positionconfidence":0.5,"rotation":[0.2779992520809174,0.9605812430381775,0,-0.9152011275291443,0.264865905046463,-0.3037316203117371,-0.2917589247226715,0.08443717658519745,0.9527576565742493],"rotationconfidence":0.5},"24":{"id":24,"position":[486.7842197418213,-1097.09095954895,2443.230390548706],"positionconfidence":0.5,"rotation":[0.2779992520809174,0.9605812430381775,0,-0.9152011275291443,0.264865905046463,-0.3037316203117371,-0.2917589247226715,0.08443717658519745,0.9527576565742493],"rotationconfidence":0.5}},"skeletonTracked":true,"frameCount":6},{"position":[195.9337741136551,-574.6886730194092,2700.67286491394],"positionTracked":true,"id":4422,"skeleton":{"1":{"id":1,"position":[246.9838410615921,15.19462745636702,2969.719171524048],"positionconfidence":1,"rotation":[0.9983134269714355,-0.05805383995175362,0,0.05805306136608124,0.9983000159263611,-0.005176730919629335,0.0003005291218869388,0.005167999770492315,0.9999865293502808],"rotationconfidence":1},"2":{"id":2,"position":[235.8506321907044,-176.2557923793793,2970.711946487427],"positionconfidence":1,"rotation":[0.9852834939956665,-0.05645952373743057,0.1613336503505707,0.05805306136608124,0.9983000159263611,-0.005176730919629335,-0.1607671231031418,0.01446646172553301,0.9868863224983215],"rotationconfidence":1},"3":{"id":3,"position":[227.6344299316406,-479.4243574142456,2888.037443161011],"positionconfidence":1,"rotation":[0.9884957671165466,-0.06414245069026947,0.1369744390249252,0.02613740228116512,0.9644405841827393,0.263004332780838,-0.1489734351634979,-0.2563984990119934,0.955021858215332],"rotationconfidence":1},"4":{"id":4,"position":[233.7845414876938,-518.2958245277405,2824.724435806274],"positionconfidence":1,"rotation":[0.9919533133506775,-0.03915711119771004,0.1203973516821861,-0.08249907940626144,0.5214312076568604,0.8492959141731262,-0.09603489190340042,-0.8523944616317749,0.5140048861503601],"rotationconfidence":1},"6":{"id":6,"position":[66.90233945846558,-288.3854806423187,2917.054653167725],"positionconfidence":1,"rotation":[0.2668325304985046,0.9309800863265991,0.2491515129804611,0.4584808051586151,0.10477165132761,-0.8825068473815918,-0.847700297832489,0.3497127294540405,-0.3988800048828125],"rotationconfidence":1},"7":{"id":7,"position":[8.431739173829556,-492.3897087574005,2862.458467483521],"positionconfidence":1,"rotation":[-0.1399930119514465,0.5777943730354309,0.8040868043899536,0.5116699934005737,0.7374650239944458,-0.4408391118049622,-0.847700297832489,0.3497127294540405,-0.3988800048828125],"rotationconfidence":1},"8":{"id":8,"position":[3