{"motiondata":[{"position":[87.83473819494247,-396.7223167419434,2204.483509063721],"positionTracked":true,"id":4410,"skeleton":{"1":{"id":1,"position":[119.8156550526619,224.6934771537781,2473.990678787231],"positionconfidence":1,"rotation":[0.9983640313148499,0.05717742443084717,0,-0.05649850890040398,0.9865096211433411,0.1536446511745453,0.008785005658864975,-0.1533932983875275,0.9881261587142944],"rotationconfidence":1},"2":{"id":2,"position":[130.7937353849411,33.00732374191284,2444.136381149292],"positionconfidence":1,"rotation":[0.9979993104934692,0.06017691269516945,-0.01939299516379833,-0.05649850890040398,0.9865096211433411,0.1536446511745453,0.02837723679840565,-0.1522415727376938,0.9879358410835266],"rotationconfidence":1},"3":{"id":3,"position":[116.4767295122147,-311.6861283779144,2370.198011398315],"positionconfidence":1,"rotation":[0.998758852481842,-0.03359702229499817,-0.03676795214414597,0.0405782125890255,0.9769531488418579,0.2095610499382019,0.02887994237244129,-0.2107929587364197,0.9771040081977844],"rotationconfidence":1},"4":{"id":4,"position":[112.1890470385552,-359.5859706401825,2304.69822883606],"positionconfidence":1,"rotation":[0.9985551834106445,-0.02293089032173157,-0.04859712719917297,0.05276572704315186,0.5894722938537598,0.8060633540153503,0.01016290951520205,-0.8074630498886108,0.5898305773735046],"rotationconfidence":1},"6":{"id":6,"position":[-45.00167444348335,-91.74574911594391,2439.173221588135],"positionconfidence":1,"rotation":[0.301719605922699,0.9530045986175537,-0.02734206803143024,0.01582095585763454,-0.03367940336465836,-0.9993075132369995,-0.9532654285430908,0.3010780513286591,-0.02523917704820633],"rotationconfidence":1},"7":{"id":7,"position":[-117.1212270855904,-319.5408880710602,2445.708751678467],"positionconfidence":1,"rotation":[0.07468801736831665,0.3157687485218048,0.9458920955657959,0.2927570939064026,0.8998011946678162,-0.3234983682632446,-0.9532654285430908,0.3010780513286591,-0.02523917704820633],"rotationconfidence":1},"8":{"id":8,"position":[-133.4783434867859,-388.6961042881012,2238.552808761597],"positionconfidence":1,"rotation":[0.5099188089370728,-0.3905241787433624,0.7664684057235718,0,0.891011655330658,0.4539803564548492,-0.860222578048706,-0.2314931154251099,0.4543435871601105],"rotationconfidence":1},"9":{"id":9,"position":[-165.8210903406143,-363.9262318611145,2189.937829971314],"positionconfidence":1,"rotation":[0.5099188089370728,-0.3905241787433624,0.7664684057235718,0,0.891011655330658,0.4539803564548492,-0.860222578048706,-0.2314931154251099,0.4543435871601105],"rotationconfidence":1},"12":{"id":12,"position":[302.998423576355,-87.04279363155365,2429.902076721191],"positionconfidence":1,"rotation":[0.3644232749938965,-0.9302881956100464,-0.04194724187254906,-0.3947778344154358,-0.1135362982749939,-0.9117347002029419,0.8434134721755981,0.3488171696662903,-0.4086324274539948],"rotationconfidence":1},"13":{"id":13,"position":[392.8575813770294,-316.4324164390564,2419.558763504028],"positionconfidence":1,"rotation":[-0.2894191741943359,-0.3458136916160584,-0.8925521969795227,-0.4526482224464417,0.8710566163063049,-0.1907095462083817,0.8434134721755981,0.3488171696662903,-0.4086324274539948],"rotationconfidence":1},"14":{"id":14,"position":[326.6123235225678,-395.585834980011,2215.262174606323],"positionconfidence":1,"rotation":[-0.1149383932352066,0.1800954192876816,-0.9769108891487122,0,-0.9834284782409668,-0.1812969446182251,-0.9933727383613586,-0.02083797939121723,0.113033689558506],"rotationconfidence":1},"15":{"id":15,"position":[319.3618655204773,-384.2251896858215,2153.637409210205],"positionconfidence":1,"rotation":[-0.1149383932352066,0.1800954192876816,-0.9769108891487122,0,-0.9834284782409668,-0.1812969446182251,-0.9933727383613586,-0.02083797939121723,0.113033689558506],"rotationconfidence":1},"17":{"id":17,"position":[30.82496300339699,-433.196097612381,2278.639554977417],"positionconfidence":1,"rotation":[0.8265631794929504,-0.523745059967041,-0.2061174958944321,0.5625759363174438,0.780078649520874,0.2738350927829742,0.01736808568239212,-0.3422987163066864,0.9394305944442749],"rotationconfidence":1},"18":{"id":18,"position":[-142.8169310092926,-673.9712953567505,2194.118976593018],"positionconfidence":1,"rotation":[0.7131892442703247,-0.7009716033935547,0,0.656406819820404,0.6678476929664612,0.3508696854114533,-0.2459496855735779,-0.2502364814281464,0.9364243149757385],"rotationconfidence":1},"19":{"id":19,"position":[-372.4558651447296,-907.6127409934998,2071.369886398315],"positionconfidence":0.5,"rotation":[-0.1302651762962341,-0.9914791584014893,0,0.9371045231819153,-0.1231211796402931,-0.3266134262084961,0.3238304257392883,-0.0425463579595089,0.945158064365387],"rotationconfidence":0.5},"20":{"id":20,"position":[-399.0528881549835,-904.1182994842529,1993.741631507874],"positionconfidence":0.5,"rotation":[-0.1302651762962341,-0.9914791584014893,0,0.9371045231819153,-0.1231211796402931,-0.3266134262084961,0.3238304257392883,-0.0425463579595089,0.945158064365387],"rotationconfidence":0.5},"21":{"id":21,"position":[186.4184141159058,-433.390885591507,2275.691986083984],"positionconfidence":1,"rotation":[0.958709180355072,0.2623957097530365,0.1096594110131264,-0.2839093804359436,0.8607115149497986,0.4225766956806183,0.01649720408022404,-0.4362615346908569,0.8996686935424805],"rotationconfidence":1},"22":{"id":22,"position":[279.1551053524017,-714.5352959632874,2137.66074180603],"positionconfidence":1,"rotation":[0.755247950553894,0.6196249723434448,0.2136947810649872,-0.6073596477508545,0.539038360118866,0.5835683345794678,0.2464038282632828,-0.5705283880233765,0.7834427952766418],"rotationconfidence":1},"23":{"id":23,"position":[484.4675660133362,-896.7523574829102,1940.390706062317],"positionconfidence":0.5,"rotation":[-0.5692581534385681,0.8221588730812073,0,-0.8030451536178589,-0.5560239553451538,-0.2143732905387878,-0.1762488931417465,-0.1220337301492691,0.9767518043518066],"rotationconfidence":0.5},"24":{"id":24,"position":[499.4198977947235,-886.3994479179382,1857.526540756226],"positionconfidence":0.5,"rotation":[-0.5692581534385681,0.8221588730812073,0,-0.8030451536178589,-0.5560239553451538,-0.2143732905387878,-0.1762488931417465,-0.1220337301492691,0.9767518043518066],"rotationconfidence":0.5}},"skeletonTracked":true,"frameCount":1},{"position":[89.18799459934235,-395.3890204429627,2204.706907272339],"positionTracked":true,"id":4410,"skeleton":{"1":{"id":1,"position":[120.9153681993485,224.0893393754959,2476.773262023926],"positionconfidence":1,"rotation":[0.9986006617546082,0.05288238078355789,0,-0.05221845209598541,0.9860634803771973,0.1579619646072388,0.008353404700756073,-0.1577409207820892,0.987445056438446],"rotationconfidence":1},"2":{"id":2,"position":[131.0541927814484,32.63355791568756,2446.103096008301],"positionconfidence":1,"rotation":[0.9983312487602234,0.05545035749673843,-0.0161194559186697,-0.05221845209598541,0.9860634803771973,0.1579619646072388,0.0246538557112217,-0.1568566411733627,0.9873135685920715],"rotationconfidence":1},"3":{"id":3,"position":[116.7437583208084,-312.1985197067261,2370.206356048584],"positionconfidence":1,"rotation":[0.998862087726593,-0.03411813825368881,-0.03332320973277092,0.04049639776349068,0.9758233428001404,0.2147764563560486,0.02518978901207447,-0.2158815264701843,0.9760945439338684],"rotationconfidence":1},"4":{"id":4,"position":[112.4921441078186,-359.9956929683685,2304.624319076538],"positionconfidence":1,"rotation":[0.9985916018486023,-0.02368328534066677,-0.04747690260410309,0.05231928825378418,0.5881799459457397,0.8070359826087952,0.00881169829517603,-0.8083832859992981,0.5885906219482422],"rotationconfidence":1},"6":{"id":6,"position":[-44.51641440391541,-92.48174726963043,2439.123392105103],"positionconfidence":1,"rotation":[0.3043880164623261,0.95220547914505,-0.02554426155984402,0.01841023750603199,-0.03269265964627266,-0.9992958307266235,-0.9523702263832092,0.3037034571170807,-0.02748158760368824],"rotationconfidence":1},"7":{"id":7,"position":[-117.1243637800217,-319.618433713913,2445.216655731201],"positionconfidence":1,"rotation":[0.06916432082653046,0.3028992712497711,0.9505096077919006,0.2969972193241119,0.9033362865447998,-0.309477686882019,-0.9523702263832092,0.3037034571170807,-0.02748158760368824],"rotationconfidence":1},"8":{"id":8,"position":[-132.2795897722244,-385.9894573688507,2236.941814422607],"positionconfidence":1,"rotation":[0.5614866018295288,-0.4821805059909821,0.6724839806556702,0,0.8126834034919739,0.5827054977416992,-0.8274857997894287,-0.327181339263916,0.4563108384609222],"rotationconfidence":1},"9":{"id":9,"position":[-169.3919003009796,-354.1190028190613,2192.492961883545],"positionconfidence":1,"rotation":[0.5614866018295288,-0.4821805059909821,0.6724839806556702,0,0.8126834034919739,0.5827054977416992,-0.8274857997894287,-0.327181339263916,0.4563108384609222],"rotationconfidence":1},"12":{"id":12,"position":[303.0824363231659,-87.81671524047852,2431.184768676758],"positionconfidence":1,"rotation":[0.3648647964000702,-0.9299388527870178,-0.04568842425942421,-0.3937100470066071,-0.1096333712339401,-0.9126734733581543,0.8437215089797974,0.3509903848171234,-0.4061276316642761],"rotationconfidence":1},"13":{"id":13,"position":[392.9034173488617,-316.745400428772,2419.937372207642],"positionconfidence":1,"rotation":[-0.2914399206638336,-0.3358336985111237,-0.8956999778747559,-0.4507734179496765,0.8740831613540649,-0.1810574978590012,0.8437215089797974,0.3509903848171234,-0.4061276316642761],"rotationconfidence":1},"14":{"id":14,"position":[324.6284425258637,-395.4204022884369,2210.103750228882],"positionconfidence":1,"rotation":[0.07762710750102997,0.4606245458126068,-0.884194016456604,0,-0.886870265007019,-0.4620187282562256,-0.9969825744628906,0.0358651764690876,-0.06884517520666122],"rotationconfidence":1},"15":{"id":15,"position":[329.6816647052765,-365.4355406761169,2152.546167373657],"positionconfidence":1,"rotation":[0.07762710750102997,0.4606245458126068,-0.884194016456604,0,-0.886870265007019,-0.4620187282562256,-0.9969825744628906,0.0358651764690876,-0.06884517520666122],"rotationconfidence":1},"17":{"id":17,"position":[31.42257034778595,-433.3336651325226,2278.256893157959],"positionconfidence":1,"rotation":[0.8232520818710327,-0.5284691452980042,-0.2073075026273727,0.5674607753753662,0.7761574387550354,0.2748961448669434,0.01562911830842495,-0.3439477384090424,0.9388587474822998],"rotationconfidence":1},"18":{"id":18,"position":[-144.8031067848206,-674.3703484535217,2192.887544631958],"positionconfidence":1,"rotation":[0.7172357439994812,-0.6968306303024292,0,0.6528446674346924,0.6719616651535034,0.3496590554714203,-0.2436531335115433,-0.2507879734039307,0.9368770718574524],"rotationconfidence":1},"19":{"id":19,"position":[-371.546745300293,-907.7536463737488,2071.445226669312],"positionconfidence":0.5,"rotation":[-0.1245178505778313,-0.9922173023223877,0,0.9395899176597595,-0.1179133951663971,-0.32135209441185,0.3188511431217194,-0.04001407697796822,0.9469597935676575],"rotationconfidence":0.5},"20":{"id":20,"position":[-397.6860642433167,-904.4733047485352,1993.813753128052],"positionconfidence":0.5,"rotation":[-0.1245178505778313,-0.9922173023223877,0,0.9395899176597595,-0.1179133951663971,-0.32135209441185,0.3188511431217194,-0.04001407697796822,0.9469597935676575],"rotationconfidence":0.5},"21":{"id":21,"position":[186.6734325885773,-433.5920512676239,2275.577783584595],"positionconfidence":1,"rotation":[0.9584287405014038,0.2625289559364319,0.1117713376879692,-0.2849481701850891,0.8603388071060181,0.4226365983486176,0.01479312777519226,-0.4369160830974579,0.8993805646896362],"rotationconfidence":1},"22":{"id":22,"position":[279.8032760620117,-714.7772908210754,2137.447118759155],"positionconfidence":1,"rotation":[0.7569549679756165,0.6155506372451782,0.219355121254921,-0.607210636138916,0.5385131239891052,0.5842080116271973,0.2414840012788773,-0.5754139423370361,0.7813990712165833],"rotationconfidence":1},"23":{"id":23,"position":[484.7094118595123,-896.5011239051819,1940.303325653076],"positionconfidence":0.5,"rotation":[-0.5711069703102112,0.8208757042884827,0,-0.8007749319076538,-0.5571222901344299,-0.2199417501688004,-0.1805448234081268,-0.1256102472543716,0.9755129814147949],"rotationconfidence":0.5},"24":{"id":24,"position":[499.9765455722809,-885.8793377876282,1857.812523841858],"positionconfidence":0.5,"rotation":[-0.5711069703102112,0.8208757042884827,0,-0.8007749319076538,-0.5571222901344299,-0.2199417501688004,-0.1805448234081268,-0.1256102472543716,0.9755129814147949],"rotationconfidence":0.5}},"skeletonTracked":true,"frameCount":2},{"position":[88.01582455635071,-396.3857591152191,2204.153776168823],"positionTracked":true,"id":4410,"skeleton":{"1":{"id":1,"position":[121.9276115298271,223.7137407064438,2479.044914245606],"positionconfidence":1,"rotation":[0.9988213181495667,0.0485384576022625,0,-0.04790005832910538,0.985684335231781,0.1616536676883698,0.00784641969949007,-0.161463126540184,0.9868475198745728],"rotationconfidence":1},"2":{"id":2,"position":[131.2251836061478,32.38889202475548,2447.667360305786],"positionconfidence":1,"rotation":[0.9986256957054138,0.05070364847779274,-0.01326022949069738,-0.04790005832910538,0.985684335231781,0.1616536676883698,0.02126683294773102,-0.1607963442802429,0.9867584705352783],"rotationconfidence":1},"3":{"id":3,"position":[116.9576272368431,-312.6195073127747,2370.225667953491],"positionconfidence":1,"rotation":[0.9989484548568726,-0.03454427421092987,-0.03014511801302433,0.04031741619110107,0.9749284982681274,0.2188355773687363,0.02182981744408608,-0.2198208123445511,0.9752959609031677],"rotationconfidence":1},"4":{"id":4,"position":[112.759456038475,-360.3390157222748,2304.550886154175],"positionconfidence":1,"rotation":[0.9986364841461182,-0.02418872714042664,-0.04626087099313736,0.05164480954408646,0.5870329737663269,0.8079140782356262,0.007614245172590017,-0.8092015385627747,0.5874817371368408],"rotationconfidence":1},"6":{"id":6,"position":[-44.08981278538704,-93.08885037899017,2439.065456390381],"positionconfidence":1,"rotation":[0.3076935112476349,0.9512277245521545,-0.02214712649583817,0.02214811556041241,-0.03043042682111263,-0.9992914199829102,-0.9512276649475098,0.3069849908351898,-0.03043114766478539],"rotationconfidence":1},"7":{"id":7,"position":[-117.3366159200668,-319.5297420024872,2444.337606430054],"positionconfidence":1,"rotation":[0.06514357030391693,0.2963115870952606,0.9528670907020569,0.3015329837799072,0.9044111371040344,-0.3018578886985779,-0.9512276649475098,0.3069849908351898,-0.03043114766478539],"rotationconfidence":1},"8":{"id":8,"position":[-131.6000819206238,-384.4084441661835,2235.703229904175],"positionconfidence":1,"rotation":[0.5138084888458252,-0.4935811460018158,0.7016969323158264,0,0.8179191946983337,0.5753331780433655,-0.8579049706459045,-0.2956110835075378,0.4202538132667542],"rotationconfidence":1},"9":{"id":9,"position":[-166.0691201686859,-351.2963652610779,2188.629627227783],"positionconfidence":1,"rotation":[0.5138084888458252,-0.4935811460018158,0.7016969323158264,0,0.8179191946983337,0.5753331780433655,-0.8579049706459045,-0.2956110835075378,0.4202538132667542],"rotationconfidence":1},"12":{"id":12,"position":[303.1972348690033,-88.46902847290039,2432.333469390869],"positionconfidence":1,"rotation":[0.365055650472641,-0.9296741485595703,-0.0493992529809475,-0.3950423002243042,-0.1066373065114021,-0.9124526381492615,0.8430159091949463,0.3526107966899872,-0.4061892032623291],"rotationconfidence":1},"13":{"id":13,"position":[392.9179608821869,-316.9575929641724,2420.19248008728],"positionconfidence":1,"rotation":[-0.2922893464565277,-0.3336291313171387,-0.8962469100952148,-0.4515428841114044,0.8742752075195312,-0.178190290927887,0.8430159091949463,0.3526107966899872,-0.4061892032623291],"rotationconfidence":1},"14":{"id":14,"position":[325.0760138034821,-394.394725561142,2212.168693542481],"positionconfidence":1,"rotation":[0.07089772820472717,0.4652619361877441,-0.8823292851448059,0,-0.8845551609992981,-0.4664356410503388,-0.9974836707115173,0.03306922689080238,-0.06271295249462128],"rotationconfidence":1},"15":{"id":15,"position":[329.6030759811401,-364.6861612796783,2155.828952789307],"positionconfidence":1,"rotation":[0.07089772820472717,0.4652619361877441,-0.8823292851448059,0,-0.8845551609992981,-0.4664356410503388,-0.9974836707115173,0.03306922689080238,-0.06271295249462128],"rotationconfidence":1},"17":{"id":17,"position":[31.93318843841553,-433.4414899349213,2277.901887893677],"positionconfidence":1,"rotation":[0.820683479309082,-0.5320780277252197,-0.2082592397928238,0.5712075233459473,0.7730348706245422,0.2759333550930023,0.01417357381433249,-0.3454131186008453,0.9383437633514404],"rotationconfidence":1},"18":{"id":18,"position":[-146.3888287544251,-674.7708320617676,2191.759824752808],"positionconfidence":1,"rotation":[0.7218368649482727,-0.6920632123947144,0,0.6484870910644531,0.6763860583305359,0.3492369055747986,-0.2416940182447434,-0.2520920634269714,0.9370344281196594],"rotationconfidence":1},"19":{"id":19,"position":[-370.1376914978027,-908.1457257270813,2071.261882781982],"positionconfidence":0.5,"rotation":[-0.1153349131345749,-0.9933266639709473,0,0.9431225657463074,-0.1095057278871536,-0.3138923346996307,0.3117976188659668,-0.03620274737477303,0.9494585990905762],"rotationconfidence":0.5},"20":{"id":20,"position":[-395.6520855426788,-905.1832556724548,1993.567705154419],"positionconfidence":0.5,"rotation":[-0.1153349131345749,-0.9933266639709473,0,0.9431225657463074,-0.1095057278871536,-0.3138923346996307,0.3117976188659668,-0.03620274737477303,0.9494585990905762],"rotationconfidence":0.5},"21":{"id":21,"position":[186.9133412837982,-433.7707161903381,2275.439739227295],"positionconfidence":1,"rotation":[0.9581252932548523,0.2628024816513062,0.1137135252356529,-0.2860377728939056,0.8598629236221313,0.4228688776493073,0.0133529482409358,-0.4376877546310425,0.8990278840065002],"rotationconfidence":1},"22":{"id":22,"position":[280.5446982383728,-715.2374982833862,2137.018203735352],"positionconfidence":1,"rotation":[0.758331835269928,0.6118155121803284,0.2249768972396851,-0.607394814491272,0.5378850698471069,0.5845950245857239,0.2366525828838348,-0.5799668431282043,0.7795089483261108],"rotationconfidence":1},"23":{"id":23,"position":[484.9798381328583,-896.2772488594055,1940.256953239441],"positionconfidence":0.5,"rotation":[-0.5712822079658508,0.8207536935806274,0,-0.7996112108230591,-0.556566059589386,-0.2255132794380188,-0.1850908547639847,-0.1288317292928696,0.9742401838302612],"rotationconfidence":0.5},"24":{"id":24,"position":[500.579297542572,-885.4193091392517,1858.147978782654],"positionconfidence":0.5,"rotation":[-0.5712822079658508,0.8207536935806274,0,-0.7996112108230591,-0.556566059589386,-0.2255132794380188,-0.1850908547639847,-0.1288317292928696,0.9742401838302612],"rotationconfidence":0.5}},"skeletonTracked":true,"frameCount":3},{"position":[85.65709739923477,-398.4688222408295,2203.622341156006],"positionTracked":true,"id":4410,"skeleton":{"1":{"id":1,"position":[122.6905658841133,223.4596014022827,2480.711221694946],"positionconfidence":1,"rotation":[0.9989750385284424,0.04526493325829506,0,-0.0446518175303936,0.9854438900947571,0.1640322804450989,0.007424910087138414,-0.1638641506433487,0.9864550232887268],"rotationconfidence":1},"2":{"id":2,"position":[131.3555985689163,32.22655132412911,2448.879480361939],"positionconfidence":1,"rotation":[0.9988327026367188,0.04706647619605064,-0.01086173299700022,-0.0446518175303936,0.9854438900947571,0.1640322804450989,0.01842404901981354,-0.1633557975292206,0.9863951802253723],"rotationconfidence":1},"3":{"id":3,"position":[117.1351447701454,-312.9670321941376,2370.253801345825],"positionconfidence":1,"rotation":[0.9990132451057434,-0.03489795327186585,-0.02747030928730965,0.04013446718454361,0.9742418527603149,0.2219056934118271,0.01901866868138313,-0.2227892130613327,0.97468101978302],"rotationconfidence":1},"4":{"id":4,"position":[113.0010187625885,-360.6292307376862,2304.486513137817],"positionconfidence":1,"rotation":[0.9986873269081116,-0.02473086677491665,-0.04485469684004784,0.05083325505256653,0.5860548615455627,0.808675229549408,0.006288074422627688,-0.8098938465118408,0.5865427255630493],"rotationconfidence":1},"6":{"id":6,"position":[-43.69528591632843,-93.59485656023026,2438.993692398071],"positionconfidence":1,"rotation":[0.3110503852367401,0.9502122402191162,-0.01855652965605259,0.02733619697391987,-0.02846207097172737,-0.9992209672927856,-0.9500001668930054,0.3103007972240448,-0.03482832759618759],"rotationconfidence":1},"7":{"id":7,"position":[-117.5935938954353,-319.3430900573731,2443.402290344238],"positionconfidence":1,"rotation":[0.05993818491697311,0.2906863987445831,0.9549392461776733,0.306442528963089,0.9051048755645752,-0.294750988483429,-0.9500001668930054,0.3103007972240448,-0.03482832759618759],"rotationconfidence":1},"8":{"id":8,"position":[-130.707398056984,-382.9420208930969,2234.472274780273],"positionconfidence":1,"rotation":[0.5280401110649109,-0.5178452134132385,0.6730602383613586,0,0.7925633192062378,0.6097896099090576,-0.8492195010185242,-0.3219933807849884,0.4185052216053009],"rotationconfidence":1},"9":{"id":9,"position":[-166.5775924921036,-347.7643728256226,2188.750743865967],"positionconfidence":1,"rotation":[0.5280401110649109,-0.5178452134132385,0.6730602383613586,0,0.7925633192062378,0.6097896099090576,-0.8492195010185242,-0.3219933807849884,0.4185052216053009],"rotationconfidence":1},"12":{"id":12,"position":[303.3032417297363,-88.99587392807007,2433.274030685425],"positionconfidence":1,"rotation":[0.3651472628116608,-0.9294658303260803,-0.05254172906279564,-0.3943093121051788,-0.1032875329256058,-0.9131547808647156,0.8433193564414978,0.3541536927223206,-0.404212236404419],"rotationconfidence":1},"13":{"id":13,"position":[392.9215371608734,-317.1151876449585,2420.378684997559],"positionconfidence":1,"rotation":[-0.2914810180664063,-0.3304784595966339,-0.8976763486862183,-0.4514988362789154,0.8748480081558228,-0.1754698008298874,0.8433193564414978,0.3541536927223206,-0.404212236404419],"rotationconfidence":1},"14":{"id":14,"position":[326.0788023471832,-392.9008543491364,2214.52260017395],"positionconfidence":1,"rotation":[0.0005405980627983809,0.3747513592243195,-0.9271251559257507,0,-0.9271252751350403,-0.3747514188289642,-0.9999997615814209,0.0002025898866122589,-0.0005012021283619106],"rotationconfidence":1},"15":{"id":15,"position":[326.1103630065918,-371.022492647171,2160.396099090576],"positionconfidence":1,"rotation":[0.0005405980627983809,0.3747513592243195,-0.9271251559257507,0,-0.9271252751350403,-0.3747514188289642,-0.9999997615814209,0.0002025898866122589,-0.0005012021283619106],"rotationconfidence":1},"17":{"id":17,"position":[32.40508586168289,-433.5151612758637,2277.549982070923],"positionconfidence":1,"rotation":[0.8193517327308655,-0.5344576835632324,-0.2074069529771805,0.5731523633003235,0.7716240882873535,0.2758488357067108,0.01261068135499954,-0.3448930084705353,0.9385572671890259],"rotationconfidence":1},"18":{"id":18,"position":[-146.9132751226425,-674.9280691146851,2191.24698638916],"positionconfidence":1,"rotation":[0.7237997651100159,-0.6900100111961365,0,0.6465418934822083,0.6782029867172241,0.349319726228714,-0.2410341054201126,-0.2528375387191773,0.9370035529136658],"rotationconfidence":1},"19":{"id":19,"position":[-369.2951500415802,-908.1999659538269,2071.096420288086],"positionconfidence":0.5,"rotation":[-0.112979106605053,-0.9935973882675171,0,0.9446412920951843,-0.1074124500155449,-0.3100249171257019,0.3080399334430695,-0.03502633795142174,0.9507284164428711],"rotationconfidence":0.5},"20":{"id":20,"position":[-394.4758772850037,-905.3367376327515,1993.37911605835],"positionconfidence":0.5,"rotation":[-0.112979106605053,-0.9935973882675171,0,0.9446412920951843,-0.1074124500155449,-0.3100249171257019,0.3080399334430695,-0.03502633795142174,0.9507284164428711],"rotationconfidence":0.5},"21":{"id":21,"position":[187.134400010109,-433.929830789566,2275.318622589111],"positionconfidence":1,"rotation":[0.9579007625579834,0.2627778053283691,0.1156453341245651,-0.2868573665618897,0.8594793677330017,0.4230934977531433,0.01178480312228203,-0.4384552836418152,0.8986756205558777],"rotationconfidence":1},"22":{"id":22,"position":[281.1573147773743,-715.6404256820679,2136.64174079895],"positionconfidence":1,"rotation":[0.7594407200813293,0.6085996627807617,0.2299049198627472,-0.6076483130455017,0.5373198986053467,0.584851086139679,0.2324076890945435,-0.5838610529899597,0.777877151966095],"rotationconfidence":1},"23":{"id":23,"position":[485.2249622344971,-896.0895538330078,1940.230131149292],"positionconfidence":0.5,"rotation":[-0.5709308981895447,0.8209981918334961,0,-0.7989084124565125,-0.5555694103240967,-0.2304083853960037,-0.1891648322343826,-0.1315472573041916,0.9730939865112305],"rotationconfidence":0.5},"24":{"id":24,"position":[501.1193752288818,-885.0364089012146,1858.466744422913],"positionconfidence":0.5,"rotation":[-0.5709308981895447,0.8209981918334961,0,-0.7989084124565125,-0.5555694103240967,-0.2304083853960037,-0.1891648322343826,-0.1315472573041916,0.9730939865112305],"rotationconfidence":0.5}},"skeletonTracked":true,"frameCount":4},{"position":[87.41418272256851,-397.0213234424591,2203.087091445923],"positionTracked":true,"id":4410,"skeleton":{"1":{"id":1,"position":[123.2518032193184,223.2837229967117,2481.905221939087],"positionconfidence":1,"rotation":[0.9990811944007874,0.04285731539130211,0,-0.0422668531537056,0.9853164553642273,0.1654234528541565,0.007089605089277029,-0.1652714610099793,0.9862225651741028],"rotationconfidence":1},"2":{"id":2,"position":[131.4524114131928,32.11277723312378,2449.809789657593],"positionconfidence":1,"rotation":[0.9989772439002991,0.04434060305356979,-0.008861502632498741,-0.0422668531537056,0.9853164553642273,0.1654234528541565,0.01606636121869087,-0.1648797392845154,0.9861829280853271],"rotationconfidence":1},"3":{"id":3,"position":[117.2806099057198,-313.2439255714417,2370.288610458374],"positionconfidence":1,"rotation":[0.9990620017051697,-0.03518351539969444,-0.02524666301906109,0.03995693475008011,0.9737220406532288,0.2242073863744736,0.01669482700526714,-0.2250058203935623,0.9742143750190735],"rotationconfidence":1},"4":{"id":4,"position":[113.2089272141457,-360.8574569225311,2304.436445236206],"positionconfidence":1,"rotation":[0.9987344741821289,-0.0252555925399065,-0.04349169135093689,0.05004267767071724,0.5851901173591614,0.8093505501747131,0.005010280292481184,-0.8105027079582214,0.5857133865356445],"rotationconfidence":1},"6":{"id":6,"position":[-43.36748644709587,-94.00563687086105,2438.930034637451],"positionconfidence":1,"rotation":[0.314675509929657,0.949065625667572,-0.01592663303017616,0.02838467434048653,-0.02618018724024296,-0.9992541670799255,-0.9487748146057129,0.3139887750148773,-0.03517718613147736],"rotationconfidence":1},"7":{"id":7,"position":[-117.9744526743889,-319.0212845802307,2442.706108093262],"positionconfidence":1,"rotation":[0.0588294044137001,0.2849500477313995,0.956735372543335,0.3104279041290283,0.9056569933891296,-0.2888252139091492,-0.9487748146057129,0.3139887750148773,-0.03517718613147736],"rotationconfidence":1},"8":{"id":8,"position":[-130.8355927467346,-381.3163638114929,2233.54697227478],"positionconfidence":1,"rotation":[0.39285808801651,-0.4311729371547699,0.8122514486312866,0,0.8832669258117676,0.4688705801963806,-0.9195991158485413,-0.1841996014118195,0.346998542547226],"rotationconfidence":1},"9":{"id":9,"position":[-156.352236866951,-353.3111214637756,2180.790185928345],"positionconfidence":1,"rotation":[0.39285808801651,-0.4311729371547699,0.8122514486312866,0,0.8832669258117676,0.4688705801963806,-0.9195991158485413,-0.1841996014118195,0.346998542547226],"rotationconfidence":1},"12":{"id":12,"position":[303.4160733222961,-89.40926194190979,2434.048891067505],"positionconfidence":1,"rotation":[0.3651059567928314,-0.9293273687362671,-0.05521131306886673,-0.396632194519043,-0.1016235649585724,-0.9123351573944092,0.8422472476959229,0.3549975752830505,-0.405704528093338],"rotationconfidence":1},"13":{"id":13,"position":[392.9215967655182,-317.2333538532257,2420.513868331909],"positionconfidence":1,"rotation":[-0.2934431433677673,-0.3294098377227783,-0.8974298238754272,-0.4522284865379334,0.874908983707428,-0.1732729226350784,0.8422472476959229,0.3549975752830505,-0.405704528093338],"rotationconfidence":1},"14":{"id":14,"position":[323.5357105731964,-395.1237201690674,2208.312749862671],"positionconfidence":1,"rotation":[0.07979044318199158,0.5812079906463623,-0.8098337054252625,0,-0.8124240636825562,-0.583066999912262,-0.99681156873703,0.04652317613363266,-0.064823679625988],"rotationconfidence":1},"15":{"id":15,"position":[327.9852867126465,-362.7122044563294,2163.151741027832],"positionconfidence":1,"rotation":[0.07979044318199158,0.5812079906463623,-0.8098337054252625,0,-0.8124240636825562,-0.583066999912262,-0.99681156873703,0.04652317613363266,-0.064823679625988],"rotationconfidence":1},"17":{"id":17,"position":[32.80399367213249,-433.5547685623169,2277.24289894104],"positionconfidence":1,"rotation":[0.8180267214775085,-0.5366865396499634,-0.2068812400102615,0.5750717520713806,0.7701222896575928,0.2760510444641113,0.01117098797112703,-0.3447886407375336,0.9386138319969177],"rotationconfidence":1},"18":{"id":18,"position":[-147.543340921402,-675.0715970993042,2190.670967102051],"positionconfidence":1,"rotation":[0.726486086845398,-0.6871811151504517,0,0.6438856720924377,0.6807141900062561,0.349341481924057,-0.2400608658790588,-0.2537917196750641,0.9369954466819763],"rotationconfidence":1},"19":{"id":19,"position":[-368.2709634304047,-908.4242582321167,2070.914745330811],"positionconfidence":0.5,"rotation":[-0.1074441373348236,-0.9942111372947693,0,0.9466475248336792,-0.1023039519786835,-0.3056018352508545,0.3038327395915985,-0.03283512219786644,0.9521594643592834],"rotationconfidence":0.5},"20":{"id":20,"position":[-393.0797278881073,-905.7431817054749,1993.168354034424],"positionconfidence":0.5,"rotation":[-0.1074441373348236,-0.9942111372947693,0,0.9466475248336792,-0.1023039519786835,-0.3056018352508545,0.3038327395915985,-0.03283512219786644,0.9521594643592834],"rotationconfidence":0.5},"21":{"id":21,"position":[187.3331367969513,-434.0636730194092,2275.216817855835],"positionconfidence":1,"rotation":[0.9577388763427734,0.2626038491725922,0.1173692271113396,-0.2874535918235779,0.8591585755348206,0.4233403205871582,0.01033201068639755,-0.4391876459121704,0.8983359336853027],"rotationconfidence":1},"22":{"id":22,"position":[281.6754281520844,-716.0395979881287,2136.276483535767],"positionconfidence":1,"rotation":[0.760254979133606,0.6058812737464905,0.2343509793281555,-0.6080602407455444,0.536727786064148,0.5849665999412537,0.228637620806694,-0.5872232913970947,0.7764622569084167],"rotationconfidence":1},"23":{"id":23,"position":[485.4635000228882,-895.920991897583,1940.22810459137],"positionconfidence":0.5,"rotation":[-0.5702006816864014,0.8215053677558899,0,-0.7985319495201111,-0.5542550086975098,-0.2348359525203705,-0.1929190158843994,-0.1339036375284195,0.9720349907875061],"rotationconfidence":0.5},"24":{"id":24,"position":[501.6270875930786,-884.7019672393799,1858.786821365356],"positionconfidence":0.5,"rotation":[-0.5702006816864014,0.8215053677558899,0,-0.7985319495201111,-0.5542550086975098,-0.2348359525203705,-0.1929190158843994,-0.1339036375284195,0.9720349907875061],"rotationconfidence":0.5}},"skeletonTracked":true,"frameCount":5},{"position":[88.79189938306808,-396.3696956634522,2203.752756118774],"positionTracked":true,"id":4410,"skeleton":{"1":{"id":1,"position":[123.6496940255165,223.1014519929886,2482.736349105835],"positionconfidence":1,"rotation":[0.9991511702537537,0.04119293391704559,0,-0.04062005504965782,0.985255777835846,0.1661959737539291,0.006846099626272917,-0.166054904460907,0.986092746257782],"rotationconfidence":1},"2":{"id":2,"position":[131.5277218818665,32.01672062277794,2450.503587722778],"positionconfidence":1,"rotation":[0.9990749359130859,0.04240120947360992,-0.007181632332503796,-0.04062005504965782,0.985255777835846,0.1661959737539291,0.01412265468388796,-0.1657505035400391,0.9860666394233704],"rotationconfidence":1},"3":{"id":3,"position":[117.3986196517944,-313.4689927101135,2370.324373245239],"positionconfidence":1,"rotation":[0.9990980625152588,-0.03542694821953774,-0.02340824156999588,0.03980601951479912,0.973339319229126,0.2258894592523575,0.0147815877571702,-0.2266175150871277,0.973871648311615],"rotationconfidence":1},"4":{"id":4,"position":[113.3850291371346,-361.0412180423737,2304.394006729126],"positionconfidence":1,"rotation":[0.9987760782241821,-0.02568844333291054,-0.04226613417267799,0.0493067130446434,0.5844218730926514,0.8099505305290222,0.003894887398928404,-0.8110432624816895,0.5849732756614685],"rotationconfidence":1},"6":{"id":6,"position":[-43.09989511966705,-94.34034675359726,2438.874244689941],"positionconfidence":1,"rotation":[0.3181127607822418,0.9479557275772095,-0.01357273105531931,0.02797422930598259,-0.02369579672813416,-0.9993277192115784,-0.947640061378479,0.3175192177295685,-0.03405626490712166],"rotationconfidence":1},"7":{"id":7,"position":[-118.3865964412689,-318.6899125576019,2442.086458206177],"positionconfidence":1,"rotation":[0.05946542322635651,0.2802371680736542,0.958087146282196,0.3137549161911011,0.9058966040611267,-0.2844453752040863,-0.947640061378479,0.3175192177295685,-0.03405626490712166],"rotationconfidence":1},"8":{"id":8,"position":[-131.3762813806534,-379.9051940441132,2232.800960540772],"positionconfidence":1,"rotation":[0.2293602526187897,-0.3557541072368622,0.9059982895851135,0,0.9308121800422668,0.3654976785182953,-0.9733415246009827,-0.08383063971996307,0.2134913206100464],"rotationconfidence":1},"9":{"id":9,"position":[-145.9520012140274,-357.2972118854523,2175.225257873535],"positionconfidence":1,"rotation":[0.2293602526187897,-0.3557541072368622,0.9059982895851135,0,0.9308121800422668,0.3654976785182953,-0.9733415246009827,-0.08383063971996307,0.2134913206100464],"rotationconfidence":1},"12":{"id":12,"position":[303.5345077514648,-89.74775671958923,2434.68165397644],"positionconfidence":1,"rotation":[0.364941269159317,-0.9292556047439575,-0.05746203660964966,-0.3980646431446075,-0.09994101524353027,-0.9118970036506653,0.8416426181793213,0.35566246509552,-0.4063763916492462],"rotationconfidence":1},"13":{"id":13,"position":[392.911434173584,-317.329615354538,2420.608758926392],"positionconfidence":1,"rotation":[-0.2941009700298309,-0.3292516469955444,-0.897272527217865,-0.4529262483119965,0.8746985197067261,-0.1725115478038788,0.8416426181793213,0.35566246509552,-0.4063763916492462],"rotationconfidence":1},"14":{"id":14,"position":[321.8331634998322,-396.9030976295471,2203.756093978882],"positionconfidence":1,"rotation":[0.1255518794059753,0.7087607383728027,-0.6941866278648376,0,-0.699723482131958,-0.7144138216972351,-0.9920871257781982,0.0896959975361824,-0.08785159885883331],"rotationconfidence":1},"15":{"id":15,"position":[328.8621604442596,-357.2232723236084,2164.892196655273],"positionconfidence":1,"rotation":[0.1255518794059753,0.7087607383728027,-0.6941866278648376,0,-0.699723482131958,-0.7144138216972351,-0.9920871257781982,0.0896959975361824,-0.08785159885883331],"rotationconfidence":1},"17":{"id":17,"position":[33.12572836875916,-433.5782825946808,2276.980638504028],"positionconfidence":1,"rotation":[0.8166682720184326,-0.5387619137763977,-0.2068540006875992,0.577021062374115,0.7684911489486694,0.2765285670757294,0.009982410818338394,-0.3451912105083466,0.9384793043136597],"rotationconfidence":1},"18":{"id":18,"position":[-148.3706831932068,-675.2997636795044,2190.001249313355],"positionconfidence":1,"rotation":[0.729581892490387,-0.6838935613632202,0,0.6407794952392578,0.6835875511169434,0.3494419157505035,-0.2389810830354691,-0.2549465000629425,0.9369580745697021],"rotationconfidence":1},"19":{"id":19,"position":[-367.190420627594,-908.7380170822144,2070.670366287231],"positionconfidence":0.5,"rotation":[-0.1006155014038086,-0.9949253797531128,0,0.9487162828445435,-0.0959424376487732,-0.3012183606624603,0.2996897995471954,-0.03030723892152309,0.9535552263259888],"rotationconfidence":0.5},"20":{"id":20,"position":[-391.635537147522,-906.265914440155,1992.89071559906],"positionconfidence":0.5,"rotation":[-0.1006155014038086,-0.9949253797531128,0,0.9487162828445435,-0.0959424376487732,-0.3012183606624603,0.2996897995471954,-0.03030723892152309,0.9535552263259888],"rotationconfidence":0.5},"21":{"id":21,"position":[187.5110268592835,-434.181272983551,2275.116682052612],"positionconfidence":1,"rotation":[0.9576482772827148,0.2623253166675568,0.1187234297394753,-0.2877960503101349,0.8589503765106201,0.4235301613807678,0.009125147946178913,-0.4397610127925873,0.8980684280395508],"rotationconfidence":1},"22":{"id":22,"position":[282.0518612861633,-716.3459658622742,2135.987281799316],"positionconfidence":1,"rotation":[0.7607910633087158,0.6035330295562744,0.2386309206485748,-0.6087027192115784,0.5360285639762878,0.5849395990371704,0.2251173853874207,-0.5902721285820007,0.7751779556274414],"rotationconfidence":1},"23":{"id":23,"position":[485.7468605041504,-895.721435546875,1940.244317054749],"positionconfidence":0.5,"rotation":[-0.5695408582687378,0.8219630122184753,0,-0.798121452331543,-0.5530209541320801,-0.2391026020050049,-0.1965335011482239,-0.1361787021160126,0.9709943532943726],"rotationconfidence":0.5},"24":{"id":24,"position":[502.1675229072571,-884.3435049057007,1859.116315841675],"positionconfidence":0.5,"rotation":[-0.5695408582687378,0.8219630122184753,0,-0.798121452331543,-0.5530209541320801,-0.2391026020050049,-0.1965335011482239,-0.1361787021160126,0.9709943532943726],"rotationconfidence":0.5}},"skeletonTracked":true,"frameCount":6},{"position":[88.67914229631424,-395.515114068985,2203.361988067627],"positionTracked":true,"id":4410,"skeleton":{"1":{"id":1,"position":[123.9756271243095,222.975879907608,2483.350992202759],"positionconfidence":1,"rotation":[0.9992106556892395,0.03972413018345833,0,-0.03916900977492333,0.9852473139762878,0.1665937602519989,0.006617792416363955,-0.1664622575044632,0.9860255718231201],"rotationconfidence":1},"2":{"id":2,"position":[131.5702944993973,31.94154798984528,2451.049327850342],"positionconfidence":1,"rotation":[0.9991543292999268,0.04070490971207619,-0.005813648458570242,-0.03916900977492333,0.9852473139762878,0.1665937602519989,0.01250906568020582,-0.1662251651287079,0.9860085248947144],"rotationconfidence":1},"3":{"id":3,"position":[117.4929141998291,-313.6556744575501,2370.359182357788],"positionconfidence":1,"rotation":[0.9991271495819092,-0.03559132665395737,-0.02187168970704079,0.03963549062609673,0.9730443358421326,0.2271867096424103,0.01319624669849873,-0.2278552949428558,0.9736056327819824],"rotationconfidence":1},"4":{"id":4,"position":[113.5353595018387,-361.1932098865509,2304.35585975647],"positionconfidence":1,"rotation":[0.9988141059875488,-0.02603130415081978,-0.04114031791687012,0.04859676212072372,0.583736777305603,0.8104872703552246,0.002917074365541339,-0.8115255236625671,0.5843096375465393],"rotationconfidence":1},"6":{"id":6,"position":[-42.86716878414154,-94.60901468992233,2438.820123672485],"positionconfidence":1,"rotation":[0.3211483657360077,0.9469631314277649,-0.01115998812019825,0.02976517006754875,-0.02187139913439751,-0.9993176460266113,-0.9465610384941101,0.3205970525741577,-0.03521048277616501],"rotationconfidence":1},"7":{"id":7,"position":[-118.7557578086853,-318.3800280094147,2441.457271575928],"positionconfidence":1,"rotation":[0.0586426854133606,0.2784302532672882,0.9586644172668457,0.3171486556529999,0.9053695201873779,-0.2823519110679627,-0.9465610384941101,0.3205970525741577,-0.035