{"motiondata":[{"position":[233.1835478544235,-596.3461995124817,2703.530073165894],"positionTracked":true,"id":4959,"skeleton":{"1":{"id":1,"position":[276.5284776687622,-16.7728066444397,2997.132539749146],"positionconfidence":1,"rotation":[0.999245822429657,-0.03882863372564316,0,0.0388224869966507,0.9990876317024231,0.01779350452125073,-0.000690897461026907,-0.01778008416295052,0.999841570854187],"rotationconfidence":1},"2":{"id":2,"position":[269.0679132938385,-208.7686955928803,2993.713140487671],"positionconfidence":1,"rotation":[0.9991686344146729,-0.03859162330627441,-0.01313959620893002,0.0388224869966507,0.9990876317024231,0.01779350452125073,0.01244092918932438,-0.01828882470726967,0.9997553825378418],"rotationconfidence":1},"3":{"id":3,"position":[255.329966545105,-507.6741576194763,2896.045684814453],"positionconfidence":1,"rotation":[0.9989533424377441,-0.03722848743200302,-0.02657762728631496,0.04364616423845291,0.9496380686759949,0.3102945387363434,0.0136873284354806,-0.3111297190189362,0.9502688646316528],"rotationconfidence":1},"4":{"id":4,"position":[252.8053224086762,-541.4681434631348,2830.070972442627],"positionconfidence":1,"rotation":[0.9963579177856445,-0.08509501069784164,0.005460432264953852,0.03403898328542709,0.4556336998939514,0.8895163536071777,-0.07818135619163513,-0.8860907554626465,0.4568707644939423],"rotationconfidence":1},"6":{"id":6,"position":[104.7383323311806,-313.4394586086273,2963.431596755981],"positionconfidence":1,"rotation":[0.2337646782398224,0.9691934585571289,0.07757669687271118,0.2531715929508209,0.01636004634201527,-0.9672830700874329,-0.9387535452842712,0.2457568347454071,-0.2415478378534317],"rotationconfidence":1},"7":{"id":7,"position":[55.70008978247643,-516.753077507019,2947.157859802246],"positionconfidence":1,"rotation":[-0.113835446536541,0.4404466450214386,0.8905325531959534,0.3252433836460114,0.8634873032569885,-0.3854950070381165,-0.9387535452842712,0.2457568347454071,-0.2415478378534317],"rotationconfidence":1},"8":{"id":8,"position":[83.28890055418015,-623.4983801841736,2731.33111000061],"positionconfidence":0.5,"rotation":[-0.273163914680481,0.8283715844154358,0.4890622794628143,0,0.5083979368209839,-0.8611222505569458,-0.9619674682617188,-0.2352275252342224,-0.1388759762048721],"rotationconfidence":0.5},"9":{"id":9,"position":[101.4547199010849,-678.5863637924194,2698.807716369629],"positionconfidence":0.5,"rotation":[-0.273163914680481,0.8283715844154358,0.4890622794628143,0,0.5083979368209839,-0.8611222505569458,-0.9619674682617188,-0.2352275252342224,-0.1388759762048721],"rotationconfidence":0.5},"12":{"id":12,"position":[433.472752571106,-311.3554418087006,2959.378957748413],"positionconfidence":1,"rotation":[0.1548983156681061,-0.9746838808059692,-0.161238819360733,-0.3083263635635376,0.1073621511459351,-0.9452028274536133,0.9385848045349121,0.196124479174614,-0.2838904857635498],"rotationconfidence":1},"13":{"id":13,"position":[469.7611927986145,-539.6972298622131,2921.605110168457],"positionconfidence":1,"rotation":[-0.1473556309938431,-0.5161248445510864,-0.8437425494194031,-0.312001496553421,0.8337568044662476,-0.4555268883705139,0.9385848045349121,0.196124479174614,-0.2838904857635498],"rotationconfidence":1},"14":{"id":14,"position":[429.4467568397522,-680.9017658233643,2690.768957138062],"positionconfidence":1,"rotation":[0.666234016418457,-0.3286992013454437,-0.6693944931030273,0,-0.8976212739944458,0.4407675862312317,-0.745742678642273,-0.2936543524265289,-0.5980257987976074],"rotationconfidence":1},"15":{"id":15,"position":[472.6195931434631,-702.2019028663635,2647.391319274902],"positionconfidence":0.5,"rotation":[0.666234016418457,-0.3286992013454437,-0.6693944931030273,0,-0.8976212739944458,0.4407675862312317,-0.745742678642273,-0.2936543524265289,-0.5980257987976074],"rotationconfidence":0.5},"17":{"id":17,"position":[175.3943860530853,-601.7627716064453,2793.627023696899],"positionconfidence":1,"rotation":[0.9094918370246887,-0.3934765756130219,-0.1341670155525208,0.4107425510883331,0.8007142543792725,0.4360587000846863,-0.06414944678544998,-0.45169997215271,0.8898606896400452],"rotationconfidence":1},"18":{"id":18,"position":[55.83576485514641,-834.8340392112732,2666.699409484863],"positionconfidence":1,"rotation":[0.9017305374145508,-0.4322986304759979,0,0.4251042604446411,0.8867237567901611,0.1816791743040085,-0.0785396546125412,-0.163825660943985,0.9833579063415527],"rotationconfidence":1},"19":{"id":19,"position":[-99.58922863006592,-1159.034609794617,2600.274562835693],"positionconfidence":0.5,"rotation":[0.6395054459571838,-0.7687864899635315,0,0.698516845703125,0.5810524821281433,-0.4176748991012573,0.3211028575897217,0.2671054005622864,0.9085966348648071],"rotationconfidence":0.5},"20":{"id":20,"position":[-129.6031624078751,-1184.001326560974,2515.346765518189],"positionconfidence":0.5,"rotation":[0.6395054459571838,-0.7687864899635315,0,0.698516845703125,0.5810524821281433,-0.4176748991012573,0.3211028575897217,0.2671054005622864,0.9085966348648071],"rotationconfidence":0.5},"21":{"id":21,"position":[324.6243298053742,-612.084150314331,2799.145698547363],"positionconfidence":1,"rotation":[0.9700821042060852,0.1550530046224594,0.1868135780096054,-0.2326787412166596,0.8134069442749023,0.5331319570541382,-0.06929175555706024,-0.5606493353843689,0.8251491189002991],"rotationconfidence":1},"22":{"id":22,"position":[403.644472360611,-888.3256912231445,2618.088483810425],"positionconfidence":1,"rotation":[0.8469175696372986,0.4689522385597229,0.2506281137466431,-0.5317241549491882,0.7466726303100586,0.3996866345405579,0.0002967890759464353,-0.4717666506767273,0.8817234039306641],"rotationconfidence":1},"23":{"id":23,"position":[580.6180238723755,-1136.840462684631,2485.060930252075],"positionconfidence":0.5,"rotation":[-0.1825099736452103,0.9832040071487427,0,-0.9485104084014893,-0.1760698854923248,-0.2633010447025299,-0.2588786482810974,-0.04805507138371468,0.9647137522697449],"rotationconfidence":0.5},"24":{"id":24,"position":[604.744017124176,-1132.362008094788,2395.155191421509],"positionconfidence":0.5,"rotation":[-0.1825099736452103,0.9832040071487427,0,-0.9485104084014893,-0.1760698854923248,-0.2633010447025299,-0.2588786482810974,-0.04805507138371468,0.9647137522697449],"rotationconfidence":0.5}},"skeletonTracked":true,"frameCount":1},{"position":[232.5171828269959,-596.7482924461365,2703.418016433716],"positionTracked":true,"id":4959,"skeleton":{"1":{"id":1,"position":[275.6049036979675,-17.37641170620918,3000.02121925354],"positionconfidence":1,"rotation":[0.9992740154266357,-0.03809690475463867,0,0.03808392956852913,0.998933732509613,0.02609444037079811,-0.0009941174648702145,-0.02607549540698528,0.9996594190597534],"rotationconfidence":1},"2":{"id":2,"position":[268.2653069496155,-209.8925411701202,2994.992256164551],"positionconfidence":1,"rotation":[0.9991389513015747,-0.03763566538691521,-0.01745970919728279,0.03808392956852913,0.998933732509613,0.02609444037079811,0.01645901240408421,-0.0267369095236063,0.9995070099830627],"rotationconfidence":1},"3":{"id":3,"position":[255.3330659866333,-508.7290406227112,2896.437168121338],"positionconfidence":1,"rotation":[0.9989925026893616,-0.03331569954752922,-0.030067078769207,0.04106329753994942,0.9488852620124817,0.3129385709762573,0.01810443960130215,-0.3138579428195953,0.949297308921814],"rotationconfidence":1},"4":{"id":4,"position":[252.6256144046783,-542.4010753631592,2830.376386642456],"positionconfidence":1,"rotation":[0.9966552257537842,-0.08171754330396652,0.0008053217316046357,0.03649014607071877,0.4538206458091736,0.890345573425293,-0.07312233000993729,-0.8873382210731506,0.455284595489502],"rotationconfidence":1},"6":{"id":6,"position":[104.9042418599129,-315.2203857898712,2964.202165603638],"positionconfidence":1,"rotation":[0.2350052148103714,0.9688972234725952,0.07752923667430878,0.2414238303899765,0.01907890848815441,-0.9702321887016296,-0.9415343999862671,0.2467270195484161,-0.229431226849556],"rotationconfidence":1},"7":{"id":7,"position":[55.88995292782784,-517.3001885414124,2948.032140731812],"positionconfidence":1,"rotation":[-0.1013167425990105,0.4421102702617645,0.8912201523780823,0.3213219940662384,0.8623596429824829,-0.3912644386291504,-0.9415343999862671,0.2467270195484161,-0.229431226849556],"rotationconfidence":1},"8":{"id":8,"position":[80.27151972055435,-623.6926913261414,2733.562707901001],"positionconfidence":0.5,"rotation":[-0.2767939865589142,0.8311877250671387,0.4821951389312744,0,0.5018008351325989,-0.8649831414222717,-0.960929274559021,-0.2394221276044846,-0.1388954520225525],"rotationconfidence":0.5},"9":{"id":9,"position":[98.78049045801163,-679.2734861373901,2701.318740844727],"positionconfidence":0.5,"rotation":[-0.2767939865589142,0.8311877250671387,0.4821951389312744,0,0.5018008351325989,-0.8649831414222717,-0.960929274559021,-0.2394221276044846,-0.1388954520225525],"rotationconfidence":0.5},"12":{"id":12,"position":[432.6993227005005,-312.4110698699951,2958.879470825195],"positionconfidence":1,"rotation":[0.157546654343605,-0.9743412733078003,-0.160742312669754,-0.3357851505279541,0.1002196222543716,-0.9365918636322021,0.9286696910858154,0.2015318125486374,-0.3113800883293152],"rotationconfidence":1},"13":{"id":13,"position":[469.6394801139832,-540.8660769462585,2921.190023422241],"positionconfidence":1,"rotation":[-0.1501020938158035,-0.5634901523590088,-0.8123719692230225,-0.3391784131526947,0.8011640310287476,-0.4930458664894104,0.9286696910858154,0.2015318125486374,-0.3113800883293152],"rotationconfidence":1},"14":{"id":14,"position":[425.8385598659515,-705.2967548370361,2684.133768081665],"positionconfidence":1,"rotation":[0.6491405963897705,-0.3303002417087555,-0.6852140426635742,0,-0.9008051156997681,0.4342236518859863,-0.7606685161590576,-0.2818722128868103,-0.584749162197113],"rotationconfidence":1},"15":{"id":15,"position":[467.0933783054352,-726.2883186340332,2640.586376190186],"positionconfidence":0.5,"rotation":[0.6491405963897705,-0.3303002417087555,-0.6852140426635742,0,-0.9008051156997681,0.4342236518859863,-0.7606685161590576,-0.2818722128868103,-0.584749162197113],"rotationconfidence":0.5},"17":{"id":17,"position":[175.4366159439087,-602.7718782424927,2794.2795753479],"positionconfidence":1,"rotation":[0.9094200134277344,-0.3910629749298096,-0.1415095627307892,0.4116521179676056,0.7980740666389465,0.4400230348110199,-0.0591416023671627,-0.4584184885025024,0.8867664933204651],"rotationconfidence":1},"18":{"id":18,"position":[55.40558695793152,-835.4772329330444,2665.976047515869],"positionconfidence":1,"rotation":[0.9016799926757812,-0.4324040710926056,0,0.4253044128417969,0.8868752717971802,0.1804676502943039,-0.07803494483232498,-0.1627240628004074,0.9835810661315918],"rotationconfidence":1},"19":{"id":19,"position":[-99.93801265954971,-1159.410834312439,2600.059747695923],"positionconfidence":0.5,"rotation":[0.6331003904342651,-0.7740696668624878,0,0.7009028196334839,0.5732582807540894,-0.4243939816951752,0.3285105228424072,0.2686839997768402,0.9054777026176453],"rotationconfidence":0.5},"20":{"id":20,"position":[-130.5812746286392,-1184.473514556885,2515.597343444824],"positionconfidence":0.5,"rotation":[0.6331003904342651,-0.7740696668624878,0,0.7009028196334839,0.5732582807540894,-0.4243939816951752,0.3285105228424072,0.2686839997768402,0.9054777026176453],"rotationconfidence":0.5},"21":{"id":21,"position":[324.3596255779266,-612.5385165214539,2799.162864685059],"positionconfidence":1,"rotation":[0.9706788659095764,0.1572928875684738,0.1817728132009506,-0.2317505329847336,0.8131574392318726,0.5339162945747375,-0.06382869184017181,-0.5603872537612915,0.8257675170898438],"rotationconfidence":1},"22":{"id":22,"position":[403.3817052841187,-889.808177947998,2617.108583450317],"positionconfidence":1,"rotation":[0.844282329082489,0.4732327163219452,0.2514720559120178,-0.5358953475952148,0.7438884973526001,0.3993070125579834,0.001897972426377237,-0.4718905687332153,0.8816550970077515],"rotationconfidence":1},"23":{"id":23,"position":[581.0997486114502,-1136.502623558044,2484.687089920044],"positionconfidence":0.5,"rotation":[-0.1897178441286087,0.9818386435508728,0,-0.9470040202140808,-0.182986855506897,-0.2640059292316437,-0.2592112421989441,-0.05008663982152939,0.964521050453186],"rotationconfidence":0.5},"24":{"id":24,"position":[605.2658557891846,-1131.833076477051,2394.765377044678],"positionconfidence":0.5,"rotation":[-0.1897178441286087,0.9818386435508728,0,-0.9470040202140808,-0.182986855506897,-0.2640059292316437,-0.2592112421989441,-0.05008663982152939,0.964521050453186],"rotationconfidence":0.5}},"skeletonTracked":true,"frameCount":2},{"position":[230.85056245327,-592.8939580917358,2705.094814300537],"positionTracked":true,"id":4959,"skeleton":{"1":{"id":1,"position":[274.9245464801788,-17.88182556629181,3002.312421798706],"positionconfidence":1,"rotation":[0.9992884397506714,-0.03771790489554405,0,0.03769760951399803,0.9987507462501526,0.03280089795589447,-0.001237181131727994,-0.03277755901217461,0.9994619488716125],"rotationconfidence":1},"2":{"id":2,"position":[267.6429748535156,-210.797905921936,2995.976686477661],"positionconfidence":1,"rotation":[0.9991031289100647,-0.03703692927956581,-0.02052192576229572,0.03769760951399803,0.9987507462501526,0.03280089795589447,0.01928144320845604,-0.0335451066493988,0.999251127243042],"rotationconfidence":1},"3":{"id":3,"position":[255.3176283836365,-509.7063183784485,2896.778583526611],"positionconfidence":1,"rotation":[0.9990103840827942,-0.03042592667043209,-0.03244601562619209,0.03910574316978455,0.9483737945556641,0.3147347867488861,0.02119485102593899,-0.315692126750946,0.9486249685287476],"rotationconfidence":1},"4":{"id":4,"position":[252.4570822715759,-543.3069467544556,2830.647230148315],"positionconfidence":1,"rotation":[0.9968447685241699,-0.07932618260383606,-0.002814262639731169,0.03853468596935272,0.4526372253894806,0.8908616900444031,-0.06939481943845749,-0.8881593346595764,0.4542658925056458],"rotationconfidence":1},"6":{"id":6,"position":[105.0985977053642,-316.8593943119049,2964.731454849243],"positionconfidence":1,"rotation":[0.2361625581979752,0.9686141014099121,0.07755006104707718,0.2310883849859238,0.02153395116329193,-0.9726943969726562,-0.943835437297821,0.2476349025964737,-0.2187499403953552],"rotationconfidence":1},"7":{"id":7,"position":[56.09720572829247,-517.8372263908386,2948.640584945679],"positionconfidence":1,"rotation":[-0.0901109054684639,0.444034606218338,0.8914669156074524,0.317890852689743,0.8611097931861877,-0.3967809975147247,-0.943835437297821,0.2476349025964737,-0.2187499403953552],"rotationconfidence":1},"8":{"id":8,"position":[77.64019817113876,-623.993456363678,2735.515832901001],"positionconfidence":0.5,"rotation":[-0.2793284356594086,0.833417534828186,0.4768551588058472,0,0.4966229498386383,-0.8679664134979248,-0.9601956605911255,-0.242447704076767,-0.138720914721489],"rotationconfidence":0.5},"9":{"id":9,"position":[96.40295803546906,-679.9749135971069,2703.485012054443],"positionconfidence":0.5,"rotation":[-0.2793284356594086,0.833417534828186,0.4768551588058472,0,0.4966229498386383,-0.8679664134979248,-0.9601956605911255,-0.242447704076767,-0.138720914721489],"rotationconfidence":0.5},"12":{"id":12,"position":[431.8318665027618,-313.5324120521545,2958.53853225708],"positionconfidence":1,"rotation":[0.1604754328727722,-0.9737757444381714,-0.1612715721130371,-0.3494117558002472,0.09676411002874374,-0.931959331035614,0.9231246113777161,0.2059067487716675,-0.3247204124927521],"rotationconfidence":1},"13":{"id":13,"position":[469.4550633430481,-541.8325066566467,2920.72868347168],"positionconfidence":1,"rotation":[-0.1514081358909607,-0.581627607345581,-0.799240231513977,-0.3534353077411652,0.7869636416435242,-0.5057387948036194,0.9231246113777161,0.2059067487716675,-0.3247204124927521],"rotationconfidence":1},"14":{"id":14,"position":[424.0859150886536,-716.1160707473755,2681.237936019898],"positionconfidence":1,"rotation":[0.6264393329620361,-0.3628994822502136,-0.6898389458656311,0,-0.8850100636482239,0.4655719995498657,-0.7794702649116516,-0.2916526198387146,-0.5544050931930542],"rotationconfidence":1},"15":{"id":15,"position":[464.2093777656555,-739.3597960472107,2637.053728103638],"positionconfidence":0.5,"rotation":[0.6264393329620361,-0.3628994822502136,-0.6898389458656311,0,-0.8850100636482239,0.4655719995498657,-0.7794702649116516,-0.2916526198387146,-0.5544050931930542],"rotationconfidence":0.5},"17":{"id":17,"position":[175.4910945892334,-603.6592721939087,2794.81840133667],"positionconfidence":1,"rotation":[0.9092622995376587,-0.3892467617988586,-0.1474078297615051,0.4125353693962097,0.7957521677017212,0.4433881938457489,-0.05528730899095535,-0.4639670848846436,0.8841254711151123],"rotationconfidence":1},"18":{"id":18,"position":[55.01852184534073,-836.0425233840942,2665.335893630981],"positionconfidence":1,"rotation":[0.9016232490539551,-0.4325222969055176,0,0.4255171120166779,0.887020468711853,0.1792482733726502,-0.07752887159585953,-0.1616144180297852,0.983803927898407],"rotationconfidence":1},"19":{"id":19,"position":[-100.272610783577,-1159.757852554321,2599.91979598999],"positionconfidence":0.5,"rotation":[0.6276272535324097,-0.7785139679908752,0,0.7025911808013916,0.5664193034172058,-0.4307375252246857,0.3353351950645447,0.270342618227005,0.9024772644042969],"rotationconfidence":0.5},"20":{"id":20,"position":[-131.4883232116699,-1184.923529624939,2515.909910202026],"positionconfidence":0.5,"rotation":[0.6276272535324097,-0.7785139679908752,0,0.7025911808013916,0.5664193034172058,-0.4307375252246857,0.3353351950645447,0.270342618227005,0.9024772644042969],"rotationconfidence":0.5},"21":{"id":21,"position":[324.0503370761871,-613.0304932594299,2799.190521240234],"positionconfidence":1,"rotation":[0.9709888696670532,0.1593764424324036,0.17826908826828,-0.2315618991851807,0.812705934047699,0.5346851944923401,-0.05966410413384438,-0.5604536533355713,0.8260338306427002],"rotationconfidence":1},"22":{"id":22,"position":[403.2610058784485,-891.0338282585144,2616.290092468262],"positionconfidence":1,"rotation":[0.8422071933746338,0.4765243828296661,0.2522134482860565,-0.5391451716423035,0.7416826486587524,0.3990353047847748,0.003087714081630111,-0.4720500707626343,0.8815662860870361],"rotationconfidence":1},"23":{"id":23,"position":[581.4968943595886,-1136.226534843445,2484.373092651367],"positionconfidence":0.5,"rotation":[-0.1956196129322052,0.9806798696517944,0,-0.9457223415374756,-0.1886465102434158,-0.2646164000034332,-0.259503960609436,-0.05176415666937828,0.9643537998199463],"rotationconfidence":0.5},"24":{"id":24,"position":[605.6993007659912,-1131.398797035217,2394.433498382568],"positionconfidence":0.5,"rotation":[-0.1956196129322052,0.9806798696517944,0,-0.9457223415374756,-0.1886465102434158,-0.2646164000034332,-0.259503960609436,-0.05176415666937828,0.9643537998199463],"rotationconfidence":0.5}},"skeletonTracked":true,"frameCount":3},{"position":[232.0128530263901,-598.9395380020142,2704.599380493164],"positionTracked":true,"id":4959,"skeleton":{"1":{"id":1,"position":[274.4179964065552,-18.30929145216942,3004.041433334351],"positionconfidence":1,"rotation":[0.9992879629135132,-0.03772758692502976,0,0.0377013236284256,0.9985923171043396,0.03730889037251473,-0.001407574396580458,-0.03728232532739639,0.9993036389350891],"rotationconfidence":1},"2":{"id":2,"position":[267.1198546886444,-211.6146683692932,2996.819257736206],"positionconfidence":1,"rotation":[0.9990507364273071,-0.03685084730386734,-0.02322669886052609,0.0377013236284256,0.9985923171043396,0.03730889037251473,0.02181913889944553,-0.0381491519510746,0.9990337491035461],"rotationconfidence":1},"3":{"id":3,"position":[255.2720308303833,-510.7186436653137,2897.106647491455],"positionconfidence":1,"rotation":[0.9990050792694092,-0.02799948304891586,-0.03471256420016289,0.03755141794681549,0.9480034708976746,0.3160369098186493,0.02405876107513905,-0.3170259892940521,0.9481117129325867],"rotationconfidence":1},"4":{"id":4,"position":[252.2438764572144,-544.2825555801392,2830.910205841065],"positionconfidence":1,"rotation":[0.997057318687439,-0.076346755027771,-0.006899887695908546,0.04076617583632469,0.4518502354621887,0.8911618590354919,-0.0649195984005928,-0.8888207674026489,0.4536329805850983],"rotationconfidence":1},"6":{"id":6,"position":[105.2468568086624,-318.5131549835205,2965.151786804199],"positionconfidence":1,"rotation":[0.2380191534757614,0.9682904481887817,0.07589798420667648,0.2187293916940689,0.02269808016717434,-0.9755215644836426,-0.9463109374046326,0.2487939298152924,-0.2063910067081451],"rotationconfidence":1},"7":{"id":7,"position":[55.97556009888649,-518.9546942710876,2949.440479278565],"positionconfidence":1,"rotation":[-0.07647766917943954,0.4480363130569458,0.890738308429718,0.3140809535980225,0.8586996793746948,-0.4049544930458069,-0.9463109374046326,0.2487939298152924,-0.2063910067081451],"rotationconfidence":1},"8":{"id":8,"position":[74.10233467817307,-625.1484751701355,2738.317251205444],"positionconfidence":0.5,"rotation":[-0.2808915376663208,0.8357322216033936,0.4718596339225769,0,0.4916538596153259,-0.8707907199859619,-0.9597394466400146,-0.2445977479219437,-0.1381014138460159],"rotationconfidence":0.5},"9":{"id":9,"position":[93.0531769990921,-681.532621383667,2706.482410430908],"positionconfidence":0.5,"rotation":[-0.2808915376663208,0.8357322216033936,0.4718596339225769,0,0.4916538596153259,-0.8707907199859619,-0.9597394466400146,-0.2445977479219437,-0.1381014138460159],"rotationconfidence":0.5},"12":{"id":12,"position":[431.0583472251892,-314.6243989467621,2958.184480667114],"positionconfidence":1,"rotation":[0.1598638147115707,-0.9732964634895325,-0.1647345423698425,-0.3544460237026215,0.09915560483932495,-0.9298043251037598,0.9213097095489502,0.2070315927267075,-0.329129695892334],"rotationconfidence":1},"13":{"id":13,"position":[468.6104953289032,-543.2525873184204,2919.488191604614],"positionconfidence":1,"rotation":[-0.1486830413341522,-0.5945542454719543,-0.7901889085769653,-0.3592795133590698,0.7769446969032288,-0.5169864892959595,0.9213097095489502,0.2070315927267075,-0.329129695892334],"rotationconfidence":1},"14":{"id":14,"position":[423.4407246112824,-723.8776087760925,2679.429531097412],"positionconfidence":1,"rotation":[0.608809769153595,-0.3832503259181976,-0.694600522518158,0,-0.8755657076835632,0.4830990433692932,-0.7933162450790405,-0.294115424156189,-0.5330529808998108],"rotationconfidence":1},"15":{"id":15,"position":[462.6123905181885,-748.5364675521851,2634.737968444824],"positionconfidence":0.5,"rotation":[0.608809769153595,-0.3832503259181976,-0.694600522518158,0,-0.8755657076835632,0.4830990433692932,-0.7933162450790405,-0.294115424156189,-0.5330529808998108],"rotationconfidence":0.5},"17":{"id":17,"position":[175.4456758499146,-604.6825647354126,2795.46070098877],"positionconfidence":1,"rotation":[0.9092241525650024,-0.3865444958209992,-0.1545789837837219,0.4132664799690247,0.7932645678520203,0.4471488296985626,-0.05022089555859566,-0.4704408645629883,0.8810012340545654],"rotationconfidence":1},"18":{"id":18,"position":[54.61113899946213,-836.6243243217468,2664.719343185425],"positionconfidence":1,"rotation":[0.9015472531318665,-0.4326806366443634,0,0.4257792234420776,0.8871672749519348,0.1778936386108398,-0.076971136033535,-0.1603795140981674,0.9840496182441711],"rotationconfidence":1},"19":{"id":19,"position":[-100.6527096033096,-1160.137057304382,2599.848985671997],"positionconfidence":0.5,"rotation":[0.6218568086624146,-0.783130943775177,0,0.7040029168128967,0.5590240359306335,-0.4380319714546204,0.343036413192749,0.2723931670188904,0.8989593982696533],"rotationconfidence":0.5},"20":{"id":20,"position":[-132.5042098760605,-1185.429215431213,2516.379117965698],"positionconfidence":0.5,"rotation":[0.6218568086624146,-0.783130943775177,0,0.7040029168128967,0.5590240359306335,-0.4380319714546204,0.343036413192749,0.2723931670188904,0.8989593982696533],"rotationconfidence":0.5},"21":{"id":21,"position":[323.6732184886932,-613.6370301246643,2799.128770828247],"positionconfidence":1,"rotation":[0.9711564183235168,0.1628241688013077,0.1741935759782791,-0.2321775853633881,0.8121123909950256,0.5353195667266846,-0.05430180579423904,-0.5603228807449341,0.8264923095703125],"rotationconfidence":1},"22":{"id":22,"position":[403.2436907291412,-891.9591903686523,2615.667343139648],"positionconfidence":1,"rotation":[0.8406693935394287,0.4790566861629486,0.2525465190410614,-0.5415312647819519,0.7398922443389893,0.3991281092166901,0.004347778391093016,-0.4722966253757477,0.8814289569854736],"rotationconfidence":1},"23":{"id":23,"position":[581.8644762039185,-1136.008143424988,2484.017372131348],"positionconfidence":0.5,"rotation":[-0.2007977217435837,0.9796326756477356,0,-0.9446673393249512,-0.1936307996511459,-0.2647839188575745,-0.2593910098075867,-0.05316801369190216,0.9643077254295349],"rotationconfidence":0.5},"24":{"id":24,"position":[606.063723564148,-1131.047964096069,2394.054651260376],"positionconfidence":0.5,"rotation":[-0.2007977217435837,0.9796326756477356,0,-0.9446673393249512,-0.1936307996511459,-0.2647839188575745,-0.2593910098075867,-0.05316801369190216,0.9643077254295349],"rotationconfidence":0.5}},"skeletonTracked":true,"frameCount":4},{"position":[232.1154028177261,-595.3612327575684,2706.818103790283],"positionTracked":true,"id":4959,"skeleton":{"1":{"id":1,"position":[273.9876508712769,-18.78208667039871,3005.093574523926],"positionconfidence":1,"rotation":[0.999308168888092,-0.03719001635909081,0,0.03716173768043518,0.9985483288764954,0.03899182379245758,-0.001450106617994607,-0.03896484896540642,0.9992395639419556],"rotationconfidence":1},"2":{"id":2,"position":[266.7849659919739,-212.3206406831741,2997.536182403565],"positionconfidence":1,"rotation":[0.9990260601043701,-0.03619399294257164,-0.02523846179246903,0.03716173768043518,0.9985483288764954,0.03899182379245758,0.02379055134952068,-0.03989174962043762,0.998920738697052],"rotationconfidence":1},"3":{"id":3,"position":[255.2590668201447,-511.743426322937,2897.435903549194],"positionconfidence":1,"rotation":[0.9989811778068542,-0.0261599738150835,-0.03677575290203095,0.03648333251476288,0.9477735161781311,0.3168509304523468,0.02656626701354981,-0.3178697526454926,0.947762131690979],"rotationconfidence":1},"4":{"id":4,"position":[252.0696222782135,-545.2916622161865,2831.182956695557],"positionconfidence":1,"rotation":[0.9972626566886902,-0.07312038540840149,-0.01098296791315079,0.04290862753987312,0.451335221529007,0.8913222551345825,-0.06021682918071747,-0.8893536329269409,0.4532372653484345],"rotationconfidence":1},"6":{"id":6,"position":[105.2918061614037,-320.2748894691467,2965.563535690308],"positionconfidence":1,"rotation":[0.2386681586503983,0.968192458152771,0.07510519027709961,0.1963283121585846,0.0276359636336565,-0.9801486134529114,-0.9510481953620911,0.2486755698919296,-0.1834877878427506],"rotationconfidence":1},"7":{"id":7,"position":[56.0162216424942,-520.1685428619385,2950.0572681427],"positionconfidence":1,"rotation":[-0.06650111824274063,0.4151456356048584,0.9073210954666138,0.3018027544021606,0.8751082420349121,-0.3782863020896912,-0.9510481953620911,0.2486755698919296,-0.1834877878427506],"rotationconfidence":1},"8":{"id":8,"position":[71.61479443311691,-617.5455451011658,2737.235069274902],"positionconfidence":0.5,"rotation":[-0.2822035253047943,0.8388729691505432,0.4654602706432343,0,0.4851806461811066,-0.8744139075279236,-0.9593545198440552,-0.2467626929283142,-0.136919692158699],"rotationconfidence":0.5},"9":{"id":9,"position":[90.79868346452713,-674.5712161064148,2705.593585968018],"positionconfidence":0.5,"rotation":[-0.2822035253047943,0.8388729691505432,0.4654602706432343,0,0.4851806461811066,-0.8744139075279236,-0.9593545198440552,-0.2467626929283142,-0.136919692158699],"rotationconfidence":0.5},"12":{"id":12,"position":[430.4802417755127,-315.6365156173706,2958.003997802734],"positionconfidence":1,"rotation":[0.1588967889547348,-0.9724004864692688,-0.1708486080169678,-0.3571989834308624,0.1047036349773407,-0.9281412363052368,0.9204133152961731,0.2085055857896805,-0.3307033479213715],"rotationconfidence":1},"13":{"id":13,"position":[467.8666889667511,-544.4303154945374,2917.805433273315],"positionconfidence":1,"rotation":[-0.1444462388753891,-0.604674756526947,-0.7832648158073425,-0.3632830679416657,0.7686962485313416,-0.5264328718185425,0.9204133152961731,0.2085055857896805,-0.3307033479213715],"rotationconfidence":1},"14":{"id":14,"position":[423.7521290779114,-729.1008234024048,2678.592681884766],"positionconfidence":1,"rotation":[0.5867944955825806,-0.3992884159088135,-0.7044437527656555,0,-0.8699672222137451,0.493109405040741,-0.8097358345985413,-0.2893538773059845,-0.5104919672012329],"rotationconfidence":1},"15":{"id":15,"position":[461.5787267684937,-754.8401951789856,2633.182048797607],"positionconfidence":0.5,"rotation":[0.5867944955825806,-0.3992884159088135,-0.7044437527656555,0,-0.8699672222137451,0.493109405040741,-0.8097358345985413,-0.2893538773059845,-0.5104919672012329],"rotationconfidence":0.5},"17":{"id":17,"position":[175.4325777292252,-605.8229207992554,2796.085834503174],"positionconfidence":1,"rotation":[0.9090133905410767,-0.3840238153934479,-0.1619267016649246,0.4143174290657044,0.7906138300895691,0.4508555829524994,-0.0451178066432476,-0.476922869682312,0.87778639793396],"rotationconfidence":1},"18":{"id":18,"position":[54.18424680829048,-837.1928930282593,2664.14475440979],"positionconfidence":1,"rotation":[0.9014810919761658,-0.4328184127807617,0,0.4260235130786896,0.8873286247253418,0.1764993220567703,-0.07639215886592865,-0.1591107994318008,0.9843007922172546],"rotationconfidence":1},"19":{"id":19,"position":[-101.0637059807777,-1160.545825958252,2599.826335906982],"positionconfidence":0.5,"rotation":[0.6167532801628113,-0.7871564626693726,0,0.7049705982208252,0.5523589849472046,-0.4448774755001068,0.3501881957054138,0.2743796706199646,0.8955914378166199],"rotationconfidence":0.5},"20":{"id":20,"position":[-133.4969103336334,-1185.957908630371,2516.879796981812],"positionconfidence":0.5,"rotation":[0.6167532801628113,-0.7871564626693726,0,0.7049705982208252,0.5523589849472046,-0.4448774755001068,0.3501881957054138,0.2743796706199646,0.8955914378166199],"rotationconfidence":0.5},"21":{"id":21,"position":[323.3308494091034,-614.3138408660889,2799.074411392212],"positionconfidence":1,"rotation":[0.9712066054344177,0.1666281521320343,0.170273020863533,-0.2331728637218475,0.8114413619041443,0.5359042882919312,-0.04886981472373009,-0.5601767897605896,0.8269302845001221],"rotationconfidence":1},"22":{"id":22,"position":[403.3270180225372,-892.7004337310791,2615.218162536621],"positionconfidence":1,"rotation":[0.8395750522613525,0.4809337556362152,0.2526190578937531,-0.5432144403457642,0.7384107708930969,0.3995842933654785,0.005636941641569138,-0.4727073311805725,0.881201446056366],"rotationconfidence":1},"23":{"id":23,"position":[582.1995735168457,-1135.8482837677,2483.640909194946],"positionconfidence":0.5,"rotation":[-0.2055886089801788,0.9786384701728821,0,-0.9437453746795654,-0.1982583999633789,-0.264647513628006,-0.2589942514896393,-0.05440851673483849,0.9643452763557434],"rotationconfidence":0.5},"24":{"id":24,"position":[606.3675880432129,-1130.771160125732,2393.653154373169],"positionconfidence":0.5,"rotation":[-0.2055886089801788,0.9786384701728821,0,-0.9437453746795654,-0.1982583999633789,-0.264647513628006,-0.2589942514896393,-0.05440851673483849,0.9643452763557434],"rotationconfidence":0.5}},"skeletonTracked":true,"frameCount":5},{"position":[233.6450517177582,-595.2332019805908,2707.123041152954],"positionTracked":true,"id":4959,"skeleton":{"1":{"id":1,"position":[273.6392319202423,-19.17997002601624,3005.845069885254],"positionconfidence":1,"rotation":[0.9993247389793396,-0.03674331679940224,0,0.03671346232295036,0.9985127449035645,0.04030472412705421,-0.001480929204262793,-0.04027750715613365,0.9991874694824219],"rotationconfidence":1},"2":{"id":2,"position":[266.515463590622,-212.9283398389816,2998.024463653565],"positionconfidence":1,"rotation":[0.9990156888961792,-0.03566747903823853,-0.02637144178152084,0.03671346232295036,0.9985127449035645,0.04030472412705421,0.02489465102553368,-0.04123323783278465,0.9988393187522888],"rotationconfidence":1},"3":{"id":3,"position":[255.2418112754822,-512.7075910568237,2897.737503051758],"positionconfidence":1,"rotation":[0.9989669919013977,-0.02483796887099743,-0.03805180266499519,0.03564112633466721,0.9477380514144897,0.3170525431632996,0.0281882006675005,-0.3180812299251556,0.9476442933082581],"rotationconfidence":1},"4":{"id":4,"position":[251.9190609455109,-546.294629573822,2831.444263458252],"positionconfidence":1,"rotation":[0.9974164962768555,-0.07039101421833038,-0.01432937011122704,0.04466642066836357,0.4514972865581513,0.8911538124084473,-0.05625955015420914,-0.8894915580749512,0.4534749686717987],"rotationconfidence":1},"6":{"id":6,"position":[105.3140759468079,-321.7523396015167,2965.810537338257],"positionconfidence":1,"rotation":[0.2387600094079971,0.9681422114372253,0.07545971870422363,0.1778404265642166,0.03279930725693703,-0.9835124611854553,-0.954655110836029,0.2482432723045349,-0.1643436849117279],"rotationconfidence":1},"7":{"id":7,"position":[56.02933838963509,-521.59583568573,2950.234174728394],"positionconfidence":1,"rotation":[-0.05887060984969139,0.3837116062641144,0.921574592590332,0.2918352782726288,0.8894609212875366,-0.3516980111598969,-0.954655110836029,0.2482432723045349,-0.1643436849117279],"rotationconfidence":1},"8":{"id":8,"position":[69.77564841508865,-611.1926436424255,2735.046148300171],"positionconfidence":0.5,"rotation":[-0.2830501198768616,0.8405109643936157,0.4619783759117127,0,0.481676459312439,-0.8763490915298462,-0.9591051340103149,-0.248050719499588,-0.1363385766744614],"rotationconfidence":0.5},"9":{"id":9,"position":[89.09418433904648,-668.5585975646973,2703.515529632568],"positionconfidence":0.5,"rotation":[-0.2830501198768616,0.8405109643936157,0.4619783759117127,0,0.481676459312439,-0.8763490915298462,-0.9591051340103149,-0.248050719499588,-0.1363385766744614],"rotationconfidence":0.5},"12":{"id":12,"position":[430.0212562084198,-316.4334893226624,2957.937240600586],"positionconfidence":1,"rotation":[0.1603694707155228,-0.9714677333831787,-0.1747338324785233,-0.1545328348875046,0.1501313149929047,-0.9765142798423767,0.9748852849006653,0.1836052238941193,-0.12604720890522],"rotationconfidence":1},"13":{"id":13,"position":[467.7782356739044,-545.1533794403076,2916.79835319519],"positionconfidence":1,"rotation":[-0.04557725042104721,-0.3895158469676971,-0.919891357421875,-0.2179942429065704,0.9025334119796753,-0.3713650405406952,0.9748852849006653,0.1836052238941193,-0.12604720890522],"rotationconfidence":1},"14":{"id":14,"position":[456.9401741027832,-637.7784609794617,2698.052406311035],"positionconfidence":1,"rotation":[0.3629269897937775,-0.6447335481643677,-0.6727575659751892,0,-0.7219840884208679,0.6919095516204834,-0.9318175315856934,-0.2511126399040222,-0.2620275020599365],"rotationconfidence":1},"15":{"id":15,"position":[485.0764572620392,-687.7620816230774,2645.896196365356],"positionconfidence":0.5,"rotation":[0.3629269897937775,-0.6447335481643677,-0.6727575659751892,0,-0.7219840884208679,0.6919095516204834,-0.9318175315856934,-0.2511126399040222,-0.2620275020599365],"rotationconfidence":0.5},"17":{"id":17,"position":[175.4360496997833,-606.9355607032776,2796.68116569519],"positionconfidence":1,"rotation":[0.9088253378868103,-0.3816475868225098,-0.16846863925457,0.4152005910873413,0.7882243990898132,0.4542144238948822,-0.04055873677134514,-0.4827498495578766,0.8748186230659485],"rotationconfidence":1},"18":{"id":18,"position":[53.87429893016815,-837.7106189727783,2663.697004318237],"positionconfidence":1,"rotation":[0.9011622667312622,-0.433481901884079,0,0.4267732799053192,0.8872157335281372,0.1752505004405975,-0.07596792280673981,-0.1579291373491287,0.9845238327980042],"rotationconfidence":1},"19":{"id":19,"position":[-101.5793830156326,-1160.882115364075,2599.86138343811],"positionconfidence":0.5,"rotation":[0.6099866032600403,-0.7924116849899292,0,0.7069863677024841,0.5442274808883667,-0.4516486823558807,0.357891708612442,0.2754996716976166,0.8921958208084106],"rotationconfidence":0.5},"20":{"id":20,"position":[-134.6368342638016,-1186.329245567322,2517.451763153076],"positionconfidence":0.5,"rotation":[0.6099866032600403,-0.7924116849899292,0,0.7069863677024841,0.5442274808883667,-0.4516486823558807,0.357891708612442,0.2754996716976166,0.8921958208084106],"rotationconfidence":0.5},"21":{"id":21,"position":[323.0102062225342,-615.0698065757751,2799.034357070923],"positionconfidence":1,"rotation":[0.9597408175468445,0.2038797736167908,0.1932112276554108,-0.2773469984531403,0.7967044711112976,0.5369734764099121,-0.04445423558354378,-0.5689419507980347,0.8211753368377686],"rotationconfidence":1},"22":{"id":22,"position":[410.6684029102325,-866.875946521759,2629.318714141846],"positionconfidence":1,"rotation":[0.8860928416252136,0.4204231202602387,0.1951508671045303,-0.4627762734889984,0.7788140177726746,0.4234227538108826,0.02603048458695412,-0.465503066778183,0.8846633434295654],"rotationconfidence":1},"23":{"id":23,"position":[573.4389424324036,-1140.805244445801,2480.389833450317],"positionconfidence":0.5,"rotation":[-0.0627085268497467,0.9980318546295166,0,-0.9758784174919128,-0.06131657585501671,-0.2095271348953247,-0.2091147601604462,-0.01313913799822331,0.9778028726577759],"rotationconfidence":0.5},"24":{"id":24,"position":[592.9409265518188,-1139.579892158508,2389.200210571289],"positionconfidence":0.5,"rotation":[-0.0627085268497467,0.9980318546295166,0,-0.9758784174919128,-0.06131657585501671,-0.2095271348953247,-0.2091147601604462,-0.01313913799822331,0.9778028726577759],"rotationconfidence":0.5}},"skeletonTracked":true,"frameCount":6},{"position":[231.8761795759201,-601.9281148910522,2704.324007034302],"positionTracked":true,"id":4959,"skeleton":{"1":{"id":1,"position":[273.3665108680725,-19.54062841832638,3006.322145462036],"positionconfidence":1,"rotation":[0.9993441104888916,-0.03621386736631393,0,0.03618346527218819,0.9985050559043884,0.04096822813153267,-0.001483617932535708,-0.04094135761260986,0.9991604685783386],"rotationconfidence":1},"2":{"id":2,"position":[266.3403153419495,-213.4328335523605,2998.366832733154],"positionconfidence":1,"rotation":[0.9990224242210388,-0.03509960696101189,-0.02687342837452889,0.03618346527218819,0.9985050559043884,0.04096822813153267,0.02539528533816338,-0.04190055280923843,0.9987989664077759],"rotationconfidence":1},"3":{"id":3,"position":[255.2255988121033,-513.5433673858643,2897.99165725708],"positionconfidence":1,"rotation":[0.9989602565765381,-0.0240408219397068,-0.0387372337281704,0.03510133549571037,0.9477776288986206,0.3169943690299988,0.02909347973763943,-0.3180245161056519,0.947636067867279],"rotationconfidence":1},"4":{"id":4,"position":[251.8002986907959,-547.1854209899902,2831.671237945557],"positionconfidence":1,"rotation":[0.9975213408470154,-0.06831124424934387,-0.01686779782176018,0.04601172730326653,0.4519104957580566,0.8908758163452148,-0.05323410779237747,-0.8894438743591309,0.4539335370063782],"rotationconfidence":1},"6":{"id":6,"position":[105.3289249539375,-322.9317963123322,2965.979099273682],"positionconfidence":1,"rotation":[0.2396668940782547,0.9679704308509827,0.07478698343038559,0.1658975481987,0.03506705537438393,-0.9855193495750427,-0.9565761089324951,0.2486033290624619,-0.1521794945001602],"rotationconfidence":1},"7":{"id":7,"position":[55.74586242437363,-523.1886506080627,2950.506925582886],"positionconfidence":1,"rotation":[-0.05946624279022217,0.3446618616580963,0.9368414878845215,0.2853523790836334,0.9052097201347351,-0.3149117827415466,-0.9565761089324951,