{"motiondata":[{"position":[186.7485195398331,-542.9118871688843,2675.314664840698],"positionTracked":true,"id":4422,"skeleton":{"1":{"id":1,"position":[227.911651134491,41.76735877990723,2889.141321182251],"positionconfidence":1,"rotation":[0.999372124671936,0.03543303906917572,0,-0.03459232300519943,0.9756600856781006,-0.2165427505970001,-0.007672767620533705,0.2164067924022675,0.9762731790542603],"rotationconfidence":1},"2":{"id":2,"position":[234.4788312911987,-143.4568464756012,2930.250883102417],"positionconfidence":1,"rotation":[0.9993506669998169,0.03595449030399323,0.002352879615500569,-0.03459232300519943,0.9756600856781006,-0.2165427505970001,-0.01008129492402077,0.2163207530975342,0.976270318031311],"rotationconfidence":1},"3":{"id":3,"position":[223.1547832489014,-439.8275911808014,2865.364074707031],"positionconfidence":1,"rotation":[0.9992057085037231,-0.0394347682595253,0.005737048573791981,0.03729899600148201,0.9761819839477539,0.2137233018875122,-0.01402853056788445,-0.2133395224809647,0.9768773317337036],"rotationconfidence":1},"4":{"id":4,"position":[220.9637612104416,-476.460188627243,2803.972005844116],"positionconfidence":1,"rotation":[0.9964920878410339,-0.08255825936794281,0.01369863469153643,0.0306332278996706,0.5121695399284363,0.858337938785553,-0.0778789073228836,-0.8549072742462158,0.5129019021987915],"rotationconfidence":1},"6":{"id":6,"position":[63.3106529712677,-242.5623387098312,2916.954040527344],"positionconfidence":1,"rotation":[0.2041119337081909,0.9654808044433594,0.1618179231882095,0.3468243181705475,0.0832577645778656,-0.9342275261878967,-0.9154514074325562,0.2468093931674957,-0.3178583383560181],"rotationconfidence":1},"7":{"id":7,"position":[13.78014124929905,-476.8492877483368,2877.686738967896],"positionconfidence":1,"rotation":[-0.1151127368211746,0.5962483286857605,0.7945042252540588,0.3856136202812195,0.7639195322990417,-0.5174254775047302,-0.9154514074325562,0.2468093931674957,-0.3178583383560181],"rotationconfidence":1},"8":{"id":8,"position":[39.81276601552963,-611.6902232170105,2698.010444641113],"positionconfidence":1,"rotation":[-0.921122133731842,0.08668150752782822,0.379500150680542,0,0.9748927354812622,-0.2226749509572983,-0.3892737329006195,-0.2051108330488205,-0.8979952931404114],"rotationconfidence":1},"9":{"id":9,"position":[94.88661587238312,-616.8729066848755,2675.320148468018],"positionconfidence":0.5,"rotation":[-0.921122133731842,0.08668150752782822,0.379500150680542,0,0.9748927354812622,-0.2226749509572983,-0.3892737329006195,-0.2051108330488205,-0.8979952931404114],"rotationconfidence":0.5},"12":{"id":12,"position":[410.3445112705231,-245.7444369792938,2921.242713928223],"positionconfidence":1,"rotation":[0.1529125273227692,-0.9882286787033081,0.004686016123741865,-0.1777489930391312,-0.03216763213276863,-0.9835500121116638,0.9721229672431946,0.1495641618967056,-0.1805754601955414],"rotationconfidence":1},"13":{"id":13,"position":[445.2066719532013,-471.0483253002167,2922.311067581177],"positionconfidence":1,"rotation":[-0.07248222827911377,-0.5407261848449707,-0.8380700945854187,-0.2229871302843094,0.827795684337616,-0.5148115754127502,0.9721229672431946,0.1495641618967056,-0.1805754601955414],"rotationconfidence":1},"14":{"id":14,"position":[428.8009703159332,-593.4368371963501,2732.621431350708],"positionconfidence":1,"rotation":[0.09997130185365677,-0.2257104963064194,-0.9690513610839844,0,-0.9739304184913635,0.226846918463707,-0.994990348815918,-0.02267818152904511,-0.09736508876085281],"rotationconfidence":1},"15":{"id":15,"position":[435.7596635818481,-609.147846698761,2665.168762207031],"positionconfidence":1,"rotation":[0.09997130185365677,-0.2257104963064194,-0.9690513610839844,0,-0.9739304184913635,0.226846918463707,-0.994990348815918,-0.02267818152904511,-0.09736508876085281],"rotationconfidence":1},"17":{"id":17,"position":[135.6711685657501,-545.5479621887207,2768.240451812744],"positionconfidence":1,"rotation":[0.9475019574165344,-0.3161070048809052,-0.04812921956181526,0.3098046481609345,0.8703230023384094,0.3828301429748535,-0.07912732660770416,-0.3776429891586304,0.9225642085075378],"rotationconfidence":1},"18":{"id":18,"position":[40.95024988055229,-811.6440176963806,2651.192426681519],"positionconfidence":1,"rotation":[0.9475091695785522,-0.3197284936904907,0,0.3171990215778351,0.9400131106376648,0.1255393475294113,-0.04013850539922714,-0.118949681520462,0.9920886158943176],"rotationconfidence":1},"19":{"id":19,"position":[-57.27509036660194,-1102.73289680481,2612.317323684692],"positionconfidence":0.5,"rotation":[0.7734787464141846,-0.6338222026824951,0,0.5964080691337585,0.7278208136558533,-0.338487982749939,0.2145412117242813,0.2618132829666138,0.9409706592559814],"rotationconfidence":0.5},"20":{"id":20,"position":[-76.68906450271606,-1126.424551010132,2527.168273925781],"positionconfidence":0.5,"rotation":[0.7734787464141846,-0.6338222026824951,0,0.5964080691337585,0.7278208136558533,-0.338487982749939,0.2145412117242813,0.2618132829666138,0.9409706592559814],"rotationconfidence":0.5},"21":{"id":21,"position":[299.0370392799377,-554.1316866874695,2778.738498687744],"positionconfidence":1,"rotation":[0.9906388521194458,0.05741604790091515,0.1238472908735275,-0.1096178144216538,0.8752753138542175,0.4710383117198944,-0.08135531097650528,-0.4802047312259674,0.8733755350112915],"rotationconfidence":1},"22":{"id":22,"position":[333.7189257144928,-831.0592770576477,2629.707098007202],"positionconfidence":1,"rotation":[0.9429485201835632,0.3105526268482208,0.1200211569666863,-0.3316509127616882,0.9078190326690674,0.2566558420658112,-0.02925234474241734,-0.2818183600902557,0.9590216875076294],"rotationconfidence":1},"23":{"id":23,"position":[432.2863221168518,-1100.865125656128,2553.428411483765],"positionconfidence":0.5,"rotation":[0.6330651640892029,0.7740985751152039,0,-0.7552118897438049,0.6176194548606873,-0.2195483893156052,-0.1699520796537399,0.1389884203672409,0.9756016731262207],"rotationconfidence":0.5},"24":{"id":24,"position":[447.866290807724,-1113.606572151184,2463.992357254028],"positionconfidence":0.5,"rotation":[0.6330651640892029,0.7740985751152039,0,-0.7552118897438049,0.6176194548606873,-0.2195483893156052,-0.1699520796537399,0.1389884203672409,0.9756016731262207],"rotationconfidence":0.5}},"skeletonTracked":true,"frameCount":1},{"position":[186.4593327045441,-550.6187081336975,2674.668550491333],"positionTracked":true,"id":4422,"skeleton":{"1":{"id":1,"position":[230.5368930101395,26.09424293041229,2902.490615844727],"positionconfidence":1,"rotation":[0.9999006986618042,-0.01408720202744007,0,0.0139218233525753,0.9881622195243835,-0.1527797281742096,0.002152238972485066,0.1527645587921143,0.9882602095603943],"rotationconfidence":1},"2":{"id":2,"position":[227.9333919286728,-158.7006151676178,2931.061744689941],"positionconfidence":1,"rotation":[0.9983142614364624,-0.005126385949552059,0.05781299993395805,0.0139218233525753,0.9881622195243835,-0.1527797281742096,-0.05634541064500809,0.1533270478248596,0.9865677952766418],"rotationconfidence":1},"3":{"id":3,"position":[216.5060639381409,-453.7229537963867,2859.231233596802],"positionconfidence":1,"rotation":[0.9973669648170471,-0.05114868655800819,0.05140943452715874,0.03760772570967674,0.9709285497665405,0.2363966554403305,-0.06200626865029335,-0.233840823173523,0.9702956676483154],"rotationconfidence":1},"4":{"id":4,"position":[217.6991403102875,-488.7294769287109,2797.509908676148],"positionconfidence":1,"rotation":[0.9962601065635681,-0.06546777486801147,0.05638915672898293,-0.0168115608394146,0.4932746291160584,0.86971116065979,-0.08475339412689209,-0.8674065470695496,0.49032923579216],"rotationconfidence":1},"6":{"id":6,"position":[55.1353320479393,-258.384108543396,2908.908128738403],"positionconfidence":1,"rotation":[0.2189639359712601,0.9614448547363281,0.1663686633110046,0.3910481929779053,0.06974402070045471,-0.9177237749099731,-0.8939440846443176,0.2660065889358521,-0.360699862241745],"rotationconfidence":1},"7":{"id":7,"position":[3.184955567121506,-486.4920973777771,2869.436264038086],"positionconfidence":1,"rotation":[-0.1560981869697571,0.569621205329895,0.8069480061531067,0.4201157689094544,0.7776709794998169,-0.4676863551139832,-0.8939440846443176,0.2660065889358521,-0.360699862241745],"rotationconfidence":1},"8":{"id":8,"position":[38.34626451134682,-614.799976348877,2687.670230865479],"positionconfidence":1,"rotation":[-0.9298584461212158,0.1313895583152771,0.3436568081378937,0,0.9340596795082092,-0.3571169972419739,-0.3679174184799194,-0.3320682644844055,-0.868543267250061],"rotationconfidence":1},"9":{"id":9,"position":[92.69720315933228,-622.4797964096069,2667.583227157593],"positionconfidence":0.5,"rotation":[-0.9298584461212158,0.1313895583152771,0.3436568081378937,0,0.9340596795082092,-0.3571169972419739,-0.3679174184799194,-0.3320682644844055,-0.868543267250061],"rotationconfidence":0.5},"12":{"id":12,"position":[399.1820216178894,-264.2788290977478,2929.473638534546],"positionconfidence":1,"rotation":[0.1067837402224541,-0.9940207004547119,0.02280694246292114,-0.01240527629852295,-0.02426826022565365,-0.9996285438537598,0.9942048788070679,0.1064611375331879,-0.01492255553603172],"rotationconfidence":1},"13":{"id":13,"position":[424.1936802864075,-497.1055388450623,2934.815645217896],"positionconfidence":1,"rotation":[0.03577780723571777,-0.4585777521133423,-0.8879336714744568,-0.1013735830783844,0.8822540640830994,-0.4597291946411133,0.9942048788070679,0.1064611375331879,-0.01492255553603172],"rotationconfidence":1},"14":{"id":14,"position":[431.9711327552795,-596.7921018600464,2741.79482460022],"positionconfidence":1,"rotation":[0.1410658061504364,-0.3727162778377533,-0.9171603918075562,0,-0.9264243245124817,0.3764809370040894,-0.9900002479553223,-0.0531085878610611,-0.1306867897510529],"rotationconfidence":1},"15":{"id":15,"position":[442.7576065063477,-625.2915263175964,2671.664953231812],"positionconfidence":0.5,"rotation":[0.1410658061504364,-0.3727162778377533,-0.9171603918075562,0,-0.9264243245124817,0.3764809370040894,-0.9900002479553223,-0.0531085878610611,-0.1306867897510529],"rotationconfidence":0.5},"17":{"id":17,"position":[132.0313513278961,-556.3774704933167,2757.605075836182],"positionconfidence":1,"rotation":[0.9451558589935303,-0.3235709667205811,-0.0445234477519989,0.3118734657764435,0.8535621762275696,0.4173327684402466,-0.09703322499990463,-0.4083301424980164,0.9076623916625977],"rotationconfidence":1},"18":{"id":18,"position":[38.85080292820931,-811.4020228385925,2632.915735244751],"positionconfidence":1,"rotation":[0.9469645023345947,-0.3213382065296173,0,0.3193261623382568,0.9410351514816284,0.1117302924394608,-0.0359032116830349,-0.1058046221733093,0.99373859167099],"rotationconfidence":1},"19":{"id":19,"position":[-62.56095319986343,-1110.256433486939,2597.432374954224],"positionconfidence":0.5,"rotation":[0.8222444653511047,-0.5691342353820801,0,0.5323039889335632,0.769034743309021,-0.3538898229598999,0.2014108747243881,0.290984034538269,0.9352872371673584],"rotationconfidence":0.5},"20":{"id":20,"position":[-80.71395754814148,-1136.4825963974,2513.135671615601],"positionconfidence":0.5,"rotation":[0.8222444653511047,-0.5691342353820801,0,0.5323039889335632,0.769034743309021,-0.3538898229598999,0.2014108747243881,0.290984034538269,0.9352872371673584],"rotationconfidence":0.5},"21":{"id":21,"position":[296.8408167362213,-564.6163821220398,2771.517515182495],"positionconfidence":1,"rotation":[0.989789605140686,0.03989891707897186,0.1368381232023239,-0.1038433313369751,0.8594706058502197,0.500526487827301,-0.09763788431882858,-0.5096256732940674,0.8548383712768555],"rotationconfidence":1},"22":{"id":22,"position":[328.7782669067383,-828.9501667022705,2617.578506469727],"positionconfidence":1,"rotation":[0.9318947196006775,0.3101305961608887,0.1881257295608521,-0.3535165190696716,0.892672598361969,0.2795741856098175,-0.08123017847537994,-0.3270392715930939,0.941513180732727],"rotationconfidence":1},"23":{"id":23,"position":[437.3488128185272,-1103.104114532471,2531.716823577881],"positionconfidence":0.5,"rotation":[0.4226833283901215,0.9062775373458862,0,-0.8763257265090942,0.4087139368057251,-0.2549634575843811,-0.2310676276683807,0.107768788933754,0.9669507145881653],"rotationconfidence":0.5},"24":{"id":24,"position":[458.3762884140015,-1112.911224365234,2443.72296333313],"positionconfidence":0.5,"rotation":[0.4226833283901215,0.9062775373458862,0,-0.8763257265090942,0.4087139368057251,-0.2549634575843811,-0.2310676276683807,0.107768788933754,0.9669507145881653],"rotationconfidence":0.5}},"skeletonTracked":true,"frameCount":2},{"position":[190.7719969749451,-553.8709759712219,2676.160573959351],"positionTracked":true,"id":4422,"skeleton":{"1":{"id":1,"position":[230.2403301000595,17.35448464751244,2912.446260452271],"positionconfidence":1,"rotation":[0.9993832111358643,-0.03511660173535347,0,0.03491606935858727,0.9936763048171997,-0.1067156717181206,0.003747491631656885,0.1066498532891274,0.9942895770072937],"rotationconfidence":1},"2":{"id":2,"position":[223.6904948949814,-169.0472364425659,2932.464838027954],"positionconfidence":1,"rotation":[0.9964134097099304,-0.02637746930122376,0.0804021880030632,0.03491606935858727,0.9936763048171997,-0.1067156717181206,-0.07707886397838593,0.1091402620077133,0.9910334348678589],"rotationconfidence":1},"3":{"id":3,"position":[213.0667865276337,-463.9821350574493,2855.770826339722],"positionconfidence":1,"rotation":[0.9962798953056335,-0.05346222594380379,0.06758923083543777,0.03483999148011208,0.9672262072563171,0.2515146732330322,-0.0788206085562706,-0.2482241988182068,0.9654906392097473],"rotationconfidence":1},"4":{"id":4,"position":[215.8371061086655,-498.7297356128693,2793.471574783325],"positionconfidence":1,"rotation":[0.9955937266349792,-0.05577589198946953,0.07538118213415146,-0.03880643844604492,0.4867419302463532,0.8726834654808044,-0.08536587655544281,-0.8717634081840515,0.4824327230453491],"rotationconfidence":1},"6":{"id":6,"position":[50.20586401224136,-271.0652947425842,2905.738830566406],"positionconfidence":1,"rotation":[0.2212455421686173,0.9600579738616943,0.1712868064641953,0.4013493061065674,0.070437952876091,-0.9132125973701477,-0.8888020515441895,0.2707900404930115,-0.3697344958782196],"rotationconfidence":1},"7":{"id":7,"position":[-1.203016145154834,-494.1455125808716,2865.938425064087],"positionconfidence":1,"rotation":[-0.1724295020103455,0.5498961806297302,0.8172407150268555,0.4246162474155426,0.7901183366775513,-0.4420566558837891,-0.8888020515441895,0.2707900404930115,-0.3697344958782196],"rotationconfidence":1},"8":{"id":8,"position":[37.45035082101822,-617.4152493476868,2682.738304138184],"positionconfidence":1,"rotation":[-0.9258037805557251,0.1568933576345444,0.3439068198204041,0,0.9097955226898193,-0.4150567948818207,-0.3780045509338379,-0.3842611610889435,-0.8422921299934387],"rotationconfidence":1},"9":{"id":9,"position":[91.10070019960403,-626.5072226524353,2662.808895111084],"positionconfidence":0.5,"rotation":[-0.9258037805557251,0.1568933576345444,0.3439068198204041,0,0.9097955226898193,-0.4150567948818207,-0.3780045509338379,-0.3842611610889435,-0.8422921299934387],"rotationconfidence":0.5},"12":{"id":12,"position":[392.9806351661682,-274.6698260307312,2932.795524597168],"positionconfidence":1,"rotation":[0.1020243465900421,-0.9941188097000122,0.03631424531340599,0.04319598153233528,-0.03204309567809105,-0.9985526204109192,0.993843674659729,0.1034453213214874,0.03967276588082314],"rotationconfidence":1},"13":{"id":13,"position":[416.9934988021851,-508.6496472358704,2941.34259223938],"positionconfidence":1,"rotation":[0.0792258232831955,-0.4132449924945831,-0.9071669578552246,-0.07744760811328888,0.9047252535820007,-0.4188964664936066,0.993843674659729,0.1034453213214874,0.03967276588082314],"rotationconfidence":1},"14":{"id":14,"position":[433.8741600513458,-596.6998338699341,2748.052358627319],"positionconfidence":1,"rotation":[0.1648340076208115,-0.3864021301269531,-0.9074817895889282,0,-0.9200670719146729,0.391760915517807,-0.9863213896751404,-0.06457552313804626,-0.1516583412885666],"rotationconfidence":1},"15":{"id":15,"position":[446.6724097728729,-626.7013549804688,2677.592515945435],"positionconfidence":0.5,"rotation":[0.1648340076208115,-0.3864021301269531,-0.9074817895889282,0,-0.9200670719146729,0.391760915517807,-0.9863213896751404,-0.06457552313804626,-0.1516583412885666],"rotationconfidence":0.5},"17":{"id":17,"position":[130.4447948932648,-564.911961555481,2751.884698867798],"positionconfidence":1,"rotation":[0.9435549378395081,-0.3274554908275604,-0.04976994544267654,0.3152705132961273,0.8418699502944946,0.4380177855491638,-0.1015314906835556,-0.4289847910404205,0.8975875377655029],"rotationconfidence":1},"18":{"id":18,"position":[37.98021376132965,-811.8210434913635,2623.420000076294],"positionconfidence":1,"rotation":[0.9461156725883484,-0.3238290846347809,0,0.3219441771507263,0.9406086802482605,0.1077374517917633,-0.03488852083683014,-0.101932093501091,0.9941794872283936],"rotationconfidence":1},"19":{"id":19,"position":[-65.84716588258743,-1115.168452262878,2588.674545288086],"positionconfidence":0.5,"rotation":[0.8443806767463684,-0.535743772983551,0,0.497456431388855,0.7840363383293152,-0.3712469637393951,0.1988932192325592,0.3134737312793732,0.928534209728241],"rotationconfidence":0.5},"20":{"id":20,"position":[-83.79673957824707,-1143.458604812622,2504.876852035523],"positionconfidence":0.5,"rotation":[0.8443806767463684,-0.535743772983551,0,0.497456431388855,0.7840363383293152,-0.3712469637393951,0.1988932192325592,0.3134737312793732,0.928534209728241],"rotationconfidence":0.5},"21":{"id":21,"position":[295.6494987010956,-572.8463530540466,2766.779899597168],"positionconfidence":1,"rotation":[0.9896776080131531,0.03273157775402069,0.1395236253738403,-0.1012943685054779,0.8484692573547363,0.5194606184959412,-0.1013787463307381,-0.5282315015792847,0.8430265784263611],"rotationconfidence":1},"22":{"id":22,"position":[326.1576294898987,-828.3907771110535,2610.327243804932],"positionconfidence":1,"rotation":[0.9236271977424622,0.3087557852268219,0.2271181643009186,-0.367462158203125,0.8818188309669495,0.2955790758132935,-0.1090153232216835,-0.3564622104167938,0.9279279112815857],"rotationconfidence":1},"23":{"id":23,"position":[441.4897561073303,-1105.159521102905,2517.556428909302],"positionconfidence":0.5,"rotation":[0.3193311393260956,0.9476431608200073,0,-0.9095519781112671,0.3064953982830048,-0.2806699872016907,-0.2659749984741211,0.08962666243314743,0.9598042964935303],"rotationconfidence":0.5},"24":{"id":24,"position":[465.6054973602295,-1113.285899162293,2430.531740188599],"positionconfidence":0.5,"rotation":[0.3193311393260956,0.9476431608200073,0,-0.9095519781112671,0.3064953982830048,-0.2806699872016907,-0.2659749984741211,0.08962666243314743,0.9598042964935303],"rotationconfidence":0.5}},"skeletonTracked":true,"frameCount":3},{"position":[187.7796351909638,-554.9026727676392,2673.536539077759],"positionTracked":true,"id":4422,"skeleton":{"1":{"id":1,"position":[229.5678853988648,11.51345111429691,2919.322013854981],"positionconfidence":1,"rotation":[0.9990459084510803,-0.04367325827479363,0,0.04354417324066162,0.9960930347442627,-0.07682888209819794,0.003355367574840784,0.0767555832862854,0.9970443844795227],"rotationconfidence":1},"2":{"id":2,"position":[221.3900685310364,-175.557866692543,2933.750867843628],"positionconfidence":1,"rotation":[0.9952635765075684,-0.03656025975942612,0.09007695317268372,0.04354417324066162,0.9960930347442627,-0.07682888209819794,-0.08691613376140594,0.08038730919361115,0.9929670095443726],"rotationconfidence":1},"3":{"id":3,"position":[211.33092045784,-471.1521863937378,2853.752613067627],"positionconfidence":1,"rotation":[0.9957484602928162,-0.05406856164336205,0.07457636296749115,0.03283082321286202,0.9647542238235474,0.2610965371131897,-0.08606497943401337,-0.2575380504131317,0.9624276757240295],"rotationconfidence":1},"4":{"id":4,"position":[214.8730009794235,-506.0534477233887,2790.974140167236],"positionconfidence":1,"rotation":[0.995103120803833,-0.05114686489105225,0.08458035439252853,-0.04925364255905151,0.4853120148181915,0.8729525804519653,-0.08569665998220444,-0.8728438019752502,0.4804163873195648],"rotationconfidence":1},"6":{"id":6,"position":[47.67024889588356,-278.911679983139,2904.478073120117],"positionconfidence":1,"rotation":[0.2236207574605942,0.9603744745254517,0.1663570106029511,0.3972476720809937,0.06605641543865204,-0.9153309464454651,-0.890049397945404,0.2707719206809998,-0.3667349219322205],"rotationconfidence":1},"7":{"id":7,"position":[-3.72985634021461,-499.6575117111206,2866.24026298523],"positionconfidence":1,"rotation":[-0.1801351308822632,0.5301079750061035,0.8285753130912781,0.4187640249729157,0.8035348057746887,-0.423046737909317,-0.890049397945404,0.2707719206809998,-0.3667349219322205],"rotationconfidence":1},"8":{"id":8,"position":[36.88406199216843,-619.1775798797607,2679.426670074463],"positionconfidence":1,"rotation":[-0.9219914674758911,0.1728860586881638,0.3464709520339966,0,0.8947878479957581,-0.4464915096759796,-0.3872101604938507,-0.4116613566875458,-0.8249867558479309],"rotationconfidence":1},"9":{"id":9,"position":[90.04242718219757,-629.1455030441284,2659.450531005859],"positionconfidence":0.5,"rotation":[-0.9219914674758911,0.1728860586881638,0.3464709520339966,0,0.8947878479957581,-0.4464915096759796,-0.3872101604938507,-0.4116613566875458,-0.8249867558479309],"rotationconfidence":0.5},"12":{"id":12,"position":[389.4376158714294,-280.7679772377014,2934.54384803772],"positionconfidence":1,"rotation":[0.09828630834817886,-0.9941293001174927,0.04524146765470505,-0.01210019737482071,-0.04665205627679825,-0.9988378882408142,0.9950845837593079,0.09762465208768845,-0.01661441847681999],"rotationconfidence":1},"13":{"id":13,"position":[412.6520752906799,-515.5735611915588,2945.229530334473],"positionconfidence":1,"rotation":[0.01551937218755484,-0.3194369673728943,-0.9474803805351257,-0.09780470281839371,0.9425652623176575,-0.3193818628787994,0.9950845837593079,0.09762465208768845,-0.01661441847681999],"rotationconfidence":1},"14":{"id":14,"position":[416.3988828659058,-592.6945209503174,2716.481447219849],"positionconfidence":0.5,"rotation":[0.17014479637146,-0.3616458773612976,-0.9166585206985474,0,-0.9302220344543457,0.3669970333576202,-0.9854189157485962,-0.06244263425469399,-0.1582724452018738],"rotationconfidence":0.5},"15":{"id":15,"position":[428.7245571613312,-618.8929677009583,2650.076627731323],"positionconfidence":0.5,"rotation":[0.17014479637146,-0.3616458773612976,-0.9166585206985474,0,-0.9302220344543457,0.3669970333576202,-0.9854189157485962,-0.06244263425469399,-0.1582724452018738],"rotationconfidence":0.5},"17":{"id":17,"position":[129.845067858696,-571.1155533790588,2748.551845550537],"positionconfidence":1,"rotation":[0.9434654712677002,-0.3270624279975891,-0.05387803912162781,0.3150764107704163,0.8343915939331055,0.4522360563278198,-0.1029540449380875,-0.4436448514461517,0.89026939868927],"rotationconfidence":1},"18":{"id":18,"position":[37.8713421523571,-814.6821856498718,2616.53995513916],"positionconfidence":1,"rotation":[0.9439643621444702,-0.3300473690032959,0,0.3282375633716583,0.9387882351875305,0.1045785248279572,-0.0345158651471138,-0.09871839731931686,0.9945166110992432],"rotationconfidence":1},"19":{"id":19,"position":[-68.41592490673065,-1118.673086166382,2582.67617225647],"positionconfidence":0.5,"rotation":[0.8516020178794861,-0.5241888165473938,0,0.4842548668384552,0.7867249846458435,-0.3828328251838684,0.2006767094135284,0.3260212242603302,0.9238176345825195],"rotationconfidence":0.5},"20":{"id":20,"position":[-86.54060959815979,-1148.118615150452,2499.238967895508],"positionconfidence":0.5,"rotation":[0.8516020178794861,-0.5241888165473938,0,0.4842548668384552,0.7867249846458435,-0.3828328251838684,0.2006767094135284,0.3260212242603302,0.9238176345825195],"rotationconfidence":0.5},"21":{"id":21,"position":[294.8914170265198,-578.9685845375061,2763.72504234314],"positionconfidence":1,"rotation":[0.9896330833435059,0.02937020361423492,0.1405840665102005,-0.1006218865513802,0.8402501940727234,0.5327803492546082,-0.1024779081344605,-0.5414028763771057,0.8344945907592773],"rotationconfidence":1},"22":{"id":22,"position":[324.7502744197846,-828.3070921897888,2605.626106262207],"positionconfidence":1,"rotation":[0.9187023639678955,0.3055626749992371,0.2502345144748688,-0.3749349117279053,0.8738946318626404,0.3094058930873871,-0.1241357028484345,-0.3780735731124878,0.917415201663971],"rotationconfidence":1},"23":{"id":23,"position":[444.3675577640533,-1107.109904289246,2506.914854049683],"positionconfidence":0.5,"rotation":[0.2606251835823059,0.965440034866333,0,-0.9221577644348145,0.2489409297704697,-0.2960630655288696,-0.2858311533927918,0.07716149836778641,0.9551683664321899],"rotationconfidence":0.5},"24":{"id":24,"position":[470.1877534389496,-1114.080190658569,2420.630931854248],"positionconfidence":0.5,"rotation":[0.2606251835823059,0.965440034866333,0,-0.9221577644348145,0.2489409297704697,-0.2960630655288696,-0.2858311533927918,0.07716149836778641,0.9551683664321899],"rotationconfidence":0.5}},"skeletonTracked":true,"frameCount":4},{"position":[189.6523982286453,-557.5441718101501,2675.469875335693],"positionTracked":true,"id":4422,"skeleton":{"1":{"id":1,"position":[229.1295528411865,7.403496652841568,2925.048351287842],"positionconfidence":1,"rotation":[0.9989641308784485,-0.04550561681389809,0,0.04543576017022133,0.9974305629730225,-0.05538660660386086,0.002520401729270816,0.05532923340797424,0.9984649419784546],"rotationconfidence":1},"2":{"id":2,"position":[220.5788195133209,-180.3068667650223,2935.471773147583],"positionconfidence":1,"rotation":[0.9946672916412354,-0.04003192484378815,0.09504824131727219,0.04543576017022133,0.9974305629730225,-0.05538660660386086,-0.09258680790662766,0.05940984562039375,0.9939306378364563],"rotationconfidence":1},"3":{"id":3,"position":[210.4326635599136,-475.849837064743,2852.715730667114],"positionconfidence":1,"rotation":[0.9953833818435669,-0.05599856004118919,0.0779479593038559,0.03304092958569527,0.9624347686767578,0.2694948017597199,-0.09011116623878479,-0.2656752467155457,0.9598419666290283],"rotationconfidence":1},"4":{"id":4,"position":[214.4348472356796,-510.6795430183411,2789.674520492554],"positionconfidence":1,"rotation":[0.9949550628662109,-0.04653658345341682,0.08887596428394318,-0.05548259243369103,0.4828470051288605,0.8739453554153442,-0.08358392119407654,-0.8744673728942871,0.4778290688991547],"rotationconfidence":1},"6":{"id":6,"position":[46.44706100225449,-284.3075394630432,2904.199600219727],"positionconfidence":1,"rotation":[0.2245161831378937,0.9624796509742737,0.1523986160755158,0.3811200857162476,0.05720515921711922,-0.9227539896965027,-0.8968499898910522,0.2652553915977478,-0.3539768755435944],"rotationconfidence":1},"7":{"id":7,"position":[-4.726122133433819,-503.6821365356445,2869.463920593262],"positionconfidence":1,"rotation":[-0.1820123344659805,0.5080587267875671,0.8418716192245483,0.4031520187854767,0.8194606900215149,-0.4073727130889893,-0.8968499898910522,0.2652553915977478,-0.3539768755435944],"rotationconfidence":1},"8":{"id":8,"position":[36.40944883227348,-618.505597114563,2679.197311401367],"positionconfidence":1,"rotation":[-0.9047549366950989,0.2079464346170425,0.3717214465141296,0,0.8727236986160278,-0.4882144629955292,-0.4259325861930847,-0.4417144358158112,-0.7896010875701904],"rotationconfidence":1},"9":{"id":9,"position":[89.21453356742859,-630.6421756744385,2657.502174377441],"positionconfidence":0.5,"rotation":[-0.9047549366950989,0.2079464346170425,0.3717214465141296,0,0.8727236986160278,-0.4882144629955292,-0.4259325861930847,-0.4417144358158112,-0.7896010875701904],"rotationconfidence":0.5},"12":{"id":12,"position":[387.49098777771,-285.0463092327118,2936.012744903565],"positionconfidence":1,"rotation":[0.1033306568861008,-0.9934419989585876,0.04894552379846573,-0.00007155938510550186,-0.04921635985374451,-0.998788058757782,0.9946470260620117,0.1032019406557083,-0.005156649742275477],"rotationconfidence":1},"13":{"id":13,"position":[412.0194613933563,-520.8680629730225,2947.631359100342],"positionconfidence":1,"rotation":[0.02508362010121346,-0.2895622849464417,-0.9568305015563965,-0.1002399325370789,0.9515792727470398,-0.2906009554862976,0.9946470260620117,0.1032019406557083,-0.005156649742275477],"rotationconfidence":1},"14":{"id":14,"position":[417.8988933563232,-588.7395143508911,2723.3567237854],"positionconfidence":1,"rotation":[0.1458163410425186,-0.3530452251434326,-0.9241735339164734,0,-0.9341580867767334,0.3568594455718994,-0.989311695098877,-0.05203593894839287,-0.1362155079841614],"rotationconfidence":1},"15":{"id":15,"position":[428.6675751209259,-614.8122549057007,2655.105590820313],"positionconfidence":0.5,"rotation":[0.1458163410425186,-0.3530452251434326,-0.9241735339164734,0,-0.9341580867767334,0.3568594455718994,-0.989311695098877,-0.05203593894839287,-0.1362155079841614],"rotationconfidence":0.5},"17":{"id":17,"position":[129.7155320644379,-575.5232572555542,2746.839284896851],"positionconfidence":1,"rotation":[0.9436230659484863,-0.3257930278778076,-0.05860482156276703,0.3148810863494873,0.828822135925293,0.4624972641468048,-0.1021054238080978,-0.4548766613006592,0.884681761264801],"rotationconfidence":1},"18":{"id":18,"position":[38.24187070131302,-816.2979483604431,2612.482786178589],"positionconfidence":1,"rotation":[0.9421676397323608,-0.3351421654224396,0,0.3333114385604858,0.937021017074585,0.1043795049190521,-0.03498197346925736,-0.09834299236536026,0.9945375919342041],"rotationconfidence":1},"19":{"id":19,"position":[-70.15378028154373,-1121.024966239929,2578.537702560425],"positionconfidence":0.5,"rotation":[0.856419563293457,-0.516280472278595,0,0.4752469658851624,0.7883521318435669,-0.3906930387020111,0.2017071843147278,0.3345971703529358,0.9205209016799927],"rotationconfidence":0.5},"20":{"id":20,"position":[-88.3769616484642,-1151.254057884216,2495.373487472534],"positionconfidence":0.5,"rotation":[0.856419563293457,-0.516280472278595,0,0.4752469658851624,0.7883521318435669,-0.3906930387020111,0.2017071843147278,0.3345971703529358,0.9205209016799927],"rotationconfidence":0.5},"21":{"id":21,"position":[294.5549488067627,-582.9777717590332,2762.031316757202],"positionconfidence":1,"rotation":[0.989844024181366,0.02770015224814415,0.1394332200288773,-0.09977733343839645,0.834020733833313,0.5426360368728638,-0.1012591049075127,-0.5510373115539551,0.8283143043518066],"rotationconfidence":1},"22":{"id":22,"position":[323.9058256149292,-828.3164501190186,2602.407455444336],"positionconfidence":1,"rotation":[0.9157960414886475,0.3013919293880463,0.26548171043396,-0.3789049983024597,0.8675520420074463,0.3221559822559357,-0.1332239806652069,-0.3956215083599091,0.908699631690979],"rotationconfidence":1},"23":{"id":23,"position":[446.2452828884125,-1108.428478240967,2498.390913009644],"positionconfidence":0.5,"rotation":[0.2185730636119843,0.9758206009864807,0,-0.929201602935791,0.2081309258937836,-0.30539470911026,-0.2980104386806488,0.06675105541944504,0.9522258639335632],"rotationconfidence":0.5},"24":{"id":24,"position":[473.099559545517,-1114.44354057312,2412.584066390991],"positionconfidence":0.5,"rotation":[0.2185730636119843,0.9758206009864807,0,-0.929201602935791,0.2081309258937836,-0.30539470911026,-0.2980104386806488,0.06675105541944504,0.9522258639335632],"rotationconfidence":0.5}},"skeletonTracked":true,"frameCount":5},{"position":[193.3014839887619,-556.5948486328125,2676.1634349823],"positionTracked":true,"id":4422,"skeleton":{"1":{"id":1,"position":[230.4078787565231,3.990013618022203,2931.833028793335],"positionconfidence":1,"rotation":[0.9986142516136169,-0.05262697488069534,0,0.05260495468974114,0.9981964826583862,-0.0289220605045557,0.001522080507129431,0.0288819819688797,0.9995816946029663],"rotationconfidence":1},"2":{"id":2,"position":[220.5220013856888,-183.5977882146835,2937.268257141113],"positionconfidence":1,"rotation":[0.9941356182098389,-0.04960676282644272,0.09609141200780869,0.05260495468974114,0.9981964826583862,-0.0289220605045557,-0.094483382999897,0.03380733728408814,0.9949522614479065],"rotationconfidence":1},"3":{"id":3,"position":[210.2059870958328,-479.2135953903198,2852.236032485962],"positionconfidence":1,"rotation":[0.9953011274337769,-0.05720429867506027,0.07812276482582092,0.03351801261305809,0.9604924321174622,0.2762802541255951,-0.09084074944257736,-0.272363543510437,0.9578966498374939],"rotationconfidence":1},"4":{"id":4,"position":[214.3718153238297,-513.900637626648,2788.948059082031],"positionconfidence":1,"rotation":[0.9950894117355347,-0.04308229312300682,0.08911281079053879,-0.05762623995542526,0.4798286855220795,0.8754676580429077,-0.08047603815793991,-0.8763038516044617,0.4749897718429565],"rotationconfidence":1},"6":{"id":6,"position":[46.57256603240967,-288.5108590126038,2905.102729797363],"positionconfidence":1,"rotation":[0.2271213680505753,0.9638110995292664,0.1395853459835053,0.3659407794475555,0.04836522042751312,-0.9293805956840515,-0.9024983644485474,0.2621621489524841,-0.341713011264801],"rotationconfidence":1},"7":{"id":7,"position":[-4.729426465928555,-506.2157511711121,2873.573303222656],"positionconfidence":1,"rotation":[-0.1798117160797119,0.4915989339351654,0.8520553708076477,0.3913624286651611,0.830422580242157,-0.3965274095535278,-0.9024983644485474,0.2621621489524841,-0.341713011264801],"rotationconfidence":1},"8":{"id":8,"position":[35.52829474210739,-616.2789463996887,2682.80816078186],"positionconfidence":1,"rotation":[-0.8677839040756226,0.245844379067421,0.4318699836730957,0,0.8690555095672607,-0.4947146475315094,-0.4969418048858643,-0.4293054044246674,-0.7541523575782776],"rotationconfidence":1},"9":{"id":9,"position":[88.32895755767822,-631.2374472618103,2656.530857086182],"positionconfidence":0.5,"rotation":[-0.8677839040756226,0.245844379067421,0.4318699836730957,0,0.8690555095672607,-0.4947146475315094,-0.4969418048858643,-0.4293054044246674,-0.7541523575782776],"rotationconfidence":0.5},"12":{"id":12,"position":[387.1294856071472,-288.372665643692,2937.438249588013],"positionconfidence":1,"rotation":[0.1133804470300674,-0.9927784204483032,0.0391901321709156,-0.005240344442427158,-0.0400414802134037,-0.9991843104362488,0.9935378432273865,0.1130825951695442,-0.00974242202937603],"rotationconfidence":1},"13":{"id":13,"position":[414.0634536743164,-524.211049079895,2946.748018264771],"positionconfidence":1,"rotation":[0.02192084677517414,-0.2753956019878388,-0.9610810875892639,-0.1113645657896996,0.9546568393707275,-0.2760948240756989,0.9935378432273865,0.1130825951695442,-0.00974242202937603],"rotationconfidence":1},"14":{"id":14,"position":[419.075071811676,-587.1729254722595,2727.022409439087],"positionconfidence":1,"rotation":[0.1318579465150833,-0.3408754467964172,-0.9308154582977295,0,-0.9390144348144531,0.3438779711723328,-0.9912686944007874,-0.04534304141998291,-0.1238165125250816],"rotationconfidence":1},"15":{"id":15,"position":[428.7484586238861,-612.1802926063538,2658.735752105713],"positionconfidence":0.5,"rotation":[0.1318579465150833,-0.3408754467964172,-0.9308154582977295,0,-0.9390144348144531,0.3438779711723328,-0.9912686944007874,-0.04534304141998291,-0.1238165125250816],"rotationconfidence":0.5},"17":{"id":17,"position":[130.1847249269486,-578.7978172302246,2746.128082275391],"positionconfidence":1,"rotation":[0.9445114731788635,-0.322554737329483,-0.06209895759820938,0.3130429089069367,0.8266265392303467,0.4676457643508911,-0.09950873255729675,-0.461136519908905,0.8817318677902222],"rotationconfidence":1},"18":{"id":18,"position":[39.20343890786171,-819.0445899963379,2610.213756561279],"positionconfidence":1,"rotation":[0.9395979046821594,-0.3422804474830627,0,0.340324729681015,0.9342292547225952,0.1067467927932739,-0.03653734177350998,-0.100299060344696,0.9942863583564758],"rotationconfidence":1},"19":{"id":19,"position":[-71.40227407217026,-1122.669577598572,2575.520992279053],"positionconfidence":0.5,"rotation":[0.859157383441925,-0.511711597442627,0,0.4699417650699616,0.7890263795852661,-0.3957173526287079,0.2024931311607361,0.3399834334850311,0.9183723330497742],"rotationconfidence":0.5},"20":{"id":20,"position":[-89.69610184431076,-1153.384685516357,2492.552518844605],"positionconfidence":0.5,"rotation":[0.859157383441925,-0.511711597442627,0,0.4699417650699616,0.7890263795852661,-0.3957173526287079,0.2024931311607361,0.3399834334850311,0.9183723330497742],"rotationconfidence":0.5},"21":{"id":21,"position":[294.5131063461304,-585.8302712440491,2760.995626449585],"positionconfidence":1,"rotation":[0.9902156591415405,0.02735919319093227,0.1368368566036224,-0.09892021119594574,0.8292663097381592,0.5500293374061584,-0.09842582792043686,-0.5581835508346558,0.8238587975502014],"rotationconfidence":1},"22":{"id":22,"position":[323.4454393386841,-828.3753395080566,2600.122213363648],"positionconfidence":1,"rotation":[0.9140949845314026,0.2978878915309906,0.2751238644123077,-0.381097137928009,0.8629158735275269,0.3318752944469452,-0.1385471224784851,-0.4082144498825073,0.9023112654685974],"rotationconfidence":1},"23":{"id":23,"position":[447.5132524967194,-1109.301328659058,2492.07878112793],"positionconfidence":0.5,"rotation":[0.1896110028028488,0.9818593859672546,0,-0.933196485042572,0.1802135109901428,-0.3109143078327179,-0.3052740693092346,0.05895276367664337,0.9504380226135254],"rotationconfidence":0.5},"24":{"id":24,"position":[474.9923348426819,-1114.607930183411,2406.525611877441],"positionconfidence":0.5,"rotation":[0.1896110028028488,0.9818593859672546,0,-0.933196485042572,0.1802135109901428,-0.3109143078327179,-0.3052740693092346,0.05895276367664337,0.9504380226135254],"rotationconfidence":0.5}},"skeletonTracked":true,"frameCount":6},{"position":[193.4641450643539,-561.4631175994873,2675.241231918335],"positionTracked":true,"id":4422,"skeleton":{"1":{"id":1,"position":[231.5551787614822,1.859261887148023,2936.760902404785],"positionconfidence":1,"rotation":[0.9984091520309448,-0.05638354271650314,0,0.05637922883033752,0.9983327388763428,-0.01237405650317669,0.0006976931472308934,0.01235437113791704,0.9999234080314636],"rotationconfidence":1},"2":{"id":2,"position":[220.9616452455521,-185.7252717018127,2939.085960388184],"positionconfidence":1,"rotation":[0.9940432906150818,-0.05497055500745773,0.09410738199949265,0.05637922883033752,0.9983327388763428,-0.01237405650317669,-0.09327027201652527,0.01760604977607727,0.9954851865768433],"rotationconfidence":1},"3":{"id":3,"position":[210.3721499443054,-481.5439283847809,2852.089643478394],"positionconfidence":1,"rotation":[0.9954386949539185,-0.05792684480547905,0.07580376416444778,0.03432270139455795,0.9588082432746887,0.2819727063179016,-0.08901507407426834,-0.2780847549438477,0.9564231038093567],"rotationconfidence":1},"4":{"id":4,"position":[214.4291400909424,-516.1393880844116,2788.526296615601],"positionconfidence":1,"rotation":[0.9954259395599365,-0.04143324494361877,0.0860847607254982,-0.05597257614135742,0.4772989153862,0.876956582069397,-0.07742331922054291,-0.8777636885643005,0.4727965891361237],"rotationconfidence":1},"6":{"id":6,"position":[47.35437035560608,-291.3003861904144,2906.644105911255],"positionconfidence":1,"rotation":[0.229663610458374,0.9650285243988037,0.12639020383358,0.3522703349590302,0.03863498568534851,-0.9351004958152771,-0.9072818160057068,0.2592820823192596,-0.33107790350914],"rotationconfidence":1},"7":{"id":7,"position":[-4.093036986887455,-507.4783563613892,2878.331184387207],"positionconfidence":1,"rotation":[-0.1779672801494598,0.4765788614749908,0.8609298467636108,0.3810084164142609,0.8400270342826843,-0.3862476050853729,-0.9072818160057068,0.2592820823192596,-0.33107790350914],"rota