{"motiondata":[{"position":[127.7314871549606,-451.2895941734314,2465.082168579102],"positionTracked":true,"id":4401,"skeleton":{"1":{"id":1,"position":[169.483095407486,170.6507802009583,2683.990716934204],"positionconfidence":1,"rotation":[0.9997288584709167,0.02328882738947868,0,-0.02325799688696861,0.998405396938324,-0.05143740773200989,-0.00119791692122817,0.05142346024513245,0.9986763596534729],"rotationconfidence":1},"2":{"id":2,"position":[174.1963773965836,-31.67816251516342,2694.414615631104],"positionconfidence":1,"rotation":[0.9942896962165833,0.0284609142690897,0.1028501093387604,-0.02325799688696861,0.998405396938324,-0.05143740773200989,-0.1041500493884087,0.0487515963613987,0.9933660626411438],"rotationconfidence":1},"3":{"id":3,"position":[155.5636525154114,-349.3957221508026,2653.257369995117],"positionconfidence":1,"rotation":[0.9929584860801697,-0.07055921852588654,0.09515649825334549,0.05806149914860725,0.9900407195091248,0.1282502263784409,-0.1032580584287643,-0.1218222379684448,0.9871662259101868],"rotationconfidence":1},"4":{"id":4,"position":[156.9103300571442,-396.5452313423157,2594.067811965942],"positionconfidence":1,"rotation":[0.9975212216377258,-0.0421970896422863,0.05630910769104958,-0.0177930723875761,0.6229662299156189,0.7820462584495544,-0.06807875633239746,-0.7811097502708435,0.620671272277832],"rotationconfidence":1},"6":{"id":6,"position":[-12.77922187000513,-134.2421323060989,2688.403367996216],"positionconfidence":1,"rotation":[0.3984561264514923,0.9107733964920044,-0.1082803159952164,0.1212470456957817,-0.1693261414766312,-0.9780735373497009,-0.9091379642486572,0.3765906989574432,-0.1778976023197174],"rotationconfidence":1},"7":{"id":7,"position":[-99.8944491147995,-333.3662748336792,2712.076902389526],"positionconfidence":1,"rotation":[-0.2334893792867661,-0.1071371957659721,0.9664390683174133,0.3448925018310547,0.920163631439209,0.1853324174880981,-0.9091379642486572,0.3765906989574432,-0.1778976023197174],"rotationconfidence":1},"8":{"id":8,"position":[-34.60865840315819,-303.4097254276276,2441.851615905762],"positionconfidence":0.5,"rotation":[-0.4812151491641998,0.1687466204166412,0.8602073192596436,0,0.9812968969345093,-0.1925007253885269,-0.8766026496887207,-0.09263426810503006,-0.472214937210083],"rotationconfidence":0.5},"9":{"id":9,"position":[4.908253904432058,-317.2670304775238,2371.212244033814],"positionconfidence":0.5,"rotation":[-0.4812151491641998,0.1687466204166412,0.8602073192596436,0,0.9812968969345093,-0.1925007253885269,-0.8766026496887207,-0.09263426810503006,-0.472214937210083],"rotationconfidence":0.5},"12":{"id":12,"position":[356.4451634883881,-133.7174475193024,2727.089166641235],"positionconfidence":1,"rotation":[0.2734262645244598,-0.9611539244651794,0.03770017251372337,-0.3125633597373962,-0.1258472949266434,-0.941523551940918,0.9096934199333191,0.2456535398960114,-0.3348314166069031],"rotationconfidence":1},"13":{"id":13,"position":[420.8860397338867,-360.2414131164551,2735.974311828613],"positionconfidence":1,"rotation":[-0.3437565565109253,-0.006939715705811977,-0.9390332102775574,-0.2330004721879959,0.9693328142166138,0.07813200354576111,0.9096934199333191,0.2456535398960114,-0.3348314166069031],"rotationconfidence":1},"14":{"id":14,"position":[329.5623660087585,-362.0850443840027,2486.507177352905],"positionconfidence":0.5,"rotation":[-0.3747684061527252,0.009594224393367767,-0.9270687699317932,0,-0.9999464750289917,-0.0103484345600009,-0.9271184206008911,-0.003878266317769885,0.3747483491897583],"rotationconfidence":0.5},"15":{"id":15,"position":[295.7547307014465,-361.2195551395416,2402.876853942871],"positionconfidence":0.5,"rotation":[-0.3747684061527252,0.009594224393367767,-0.9270687699317932,0,-0.9999464750289917,-0.0103484345600009,-0.9271184206008911,-0.003878266317769885,0.3747483491897583],"rotationconfidence":0.5},"17":{"id":17,"position":[74.10962134599686,-473.506510257721,2563.637971878052],"positionconfidence":1,"rotation":[0.899297297000885,-0.4275049567222595,-0.09221628308296204,0.4325182735919952,0.8381730318069458,0.3322557210922241,-0.06474776566028595,-0.3386819064617157,0.9386705160140991],"rotationconfidence":1},"18":{"id":18,"position":[-72.9764774441719,-758.5432529449463,2450.648069381714],"positionconfidence":1,"rotation":[0.826354444026947,-0.5631504058837891,0,0.5296830534934998,0.7772452235221863,0.3395963311195374,-0.1912438124418259,-0.2806269228458405,0.9405712485313416],"rotationconfidence":1},"19":{"id":19,"position":[-257.2575211524963,-1028.953194618225,2332.499742507935],"positionconfidence":0.5,"rotation":[0.5042057633399963,-0.8635836839675903,0,0.8455618023872375,0.4936836361885071,-0.2032286524772644,0.1755049079656601,0.1024690344929695,0.979131281375885],"rotationconfidence":0.5},"20":{"id":20,"position":[-273.9567458629608,-1038.703083992004,2239.335775375366],"positionconfidence":0.5,"rotation":[0.5042057633399963,-0.8635836839675903,0,0.8455618023872375,0.4936836361885071,-0.2032286524772644,0.1755049079656601,0.1024690344929695,0.979131281375885],"rotationconfidence":0.5},"21":{"id":21,"position":[231.0635298490524,-480.6239604949951,2571.896314620972],"positionconfidence":1,"rotation":[0.9758351445198059,0.1628895103931427,0.1456455737352371,-0.2081335186958313,0.8958541750907898,0.3925882875919342,-0.06652869284152985,-0.413415253162384,0.9081088900566101],"rotationconfidence":1},"22":{"id":22,"position":[297.3190248012543,-765.8027410507202,2446.923017501831],"positionconfidence":1,"rotation":[0.8266243934631348,0.4556305706501007,0.330292284488678,-0.5626230239868164,0.6564489006996155,0.5025238394737244,0.01214521657675505,-0.6012285351753235,0.798984944820404],"rotationconfidence":1},"23":{"id":23,"position":[503.0457973480225,-1005.837559700012,2263.171911239624],"positionconfidence":0.5,"rotation":[-0.1928204298019409,0.981234073638916,0,-0.9210349917411804,-0.1809908151626587,-0.3448722064495087,-0.3384003639221191,-0.06649840623140335,0.938649594783783],"rotationconfidence":0.5},"24":{"id":24,"position":[536.3617539405823,-999.2907047271729,2170.760631561279],"positionconfidence":0.5,"rotation":[-0.1928204298019409,0.981234073638916,0,-0.9210349917411804,-0.1809908151626587,-0.3448722064495087,-0.3384003639221191,-0.06649840623140335,0.938649594783783],"rotationconfidence":0.5}},"skeletonTracked":true,"frameCount":1},{"position":[124.8212680220604,-457.3754966259003,2456.690549850464],"positionTracked":true,"id":4401,"skeleton":{"1":{"id":1,"position":[169.682115316391,170.565664768219,2683.679819107056],"positionconfidence":1,"rotation":[0.999799907207489,0.02000734396278858,0,-0.01998205110430718,0.9985359907150269,-0.05026561394333839,-0.001005681464448571,0.05025555565953255,0.9987359642982483],"rotationconfidence":1},"2":{"id":2,"position":[173.7281084060669,-31.61926567554474,2693.857669830322],"positionconfidence":1,"rotation":[0.993457019329071,0.02548454701900482,0.1113271564245224,-0.01998205110430718,0.9985359907150269,-0.05026561394333839,-0.1124451607465744,0.04771218076348305,0.9925118088722229],"rotationconfidence":1},"3":{"id":3,"position":[154.8139154911041,-349.0934371948242,2650.986194610596],"positionconfidence":1,"rotation":[0.992032527923584,-0.07297060638666153,0.1026974096894264,0.05893857777118683,0.9892823100090027,0.1335919350385666,-0.1113450080156326,-0.1264746934175491,0.9857009649276733],"rotationconfidence":1},"4":{"id":4,"position":[156.4766764640808,-395.9316909313202,2591.414451599121],"positionconfidence":1,"rotation":[0.9959537386894226,-0.05501775816082954,0.07105664908885956,-0.02193665690720081,0.617932915687561,0.7859247326850891,-0.08714806288480759,-0.7843034267425537,0.6142257452011108],"rotationconfidence":1},"6":{"id":6,"position":[-12.75991089642048,-134.5195323228836,2683.773756027222],"positionconfidence":1,"rotation":[0.3877059817314148,0.9204180836677551,-0.05014638975262642,0.1441471725702286,-0.1142713576555252,-0.9829362034797668,-0.9104425311088562,0.3738617599010468,-0.1769793480634689],"rotationconfidence":1},"7":{"id":7,"position":[-96.40834480524063,-333.1018090248108,2694.592952728272],"positionconfidence":1,"rotation":[-0.2317832261323929,-0.106737494468689,0.9668938517570496,0.3425942957401276,0.9213221073150635,0.1838332414627075,-0.9104425311088562,0.3738617599010468,-0.1769793480634689],"rotationconfidence":1},"8":{"id":8,"position":[-33.81330519914627,-304.2764365673065,2433.475017547607],"positionconfidence":0.5,"rotation":[-0.4777131378650665,0.1697428077459335,0.8619614243507385,0,0.9811563491821289,-0.1932154148817062,-0.8785158395767212,-0.09230154007673264,-0.4687112867832184],"rotationconfidence":0.5},"9":{"id":9,"position":[6.170891225337982,-318.4837698936462,2361.329555511475],"positionconfidence":0.5,"rotation":[-0.4777131378650665,0.1697428077459335,0.8619614243507385,0,0.9811563491821289,-0.1932154148817062,-0.8785158395767212,-0.09230154007673264,-0.4687112867832184],"rotationconfidence":0.5},"12":{"id":12,"position":[356.4136326313019,-133.8219493627548,2725.565195083618],"positionconfidence":1,"rotation":[0.2749952673912048,-0.9602601528167725,0.04772838950157166,-0.2983152568340302,-0.1324120163917542,-0.9452381134033203,0.9139943718910217,0.2456979155540466,-0.3228729367256165],"rotationconfidence":1},"13":{"id":13,"position":[421.680361032486,-361.7278337478638,2736.892938613892],"positionconfidence":1,"rotation":[-0.3394118249416351,0.02702229470014572,-0.9402496814727783,-0.2222926169633865,0.9689698219299316,0.1080910041928291,0.9139943718910217,0.2456979155540466,-0.3228729367256165],"rotationconfidence":1},"14":{"id":14,"position":[331.1328887939453,-354.5188903808594,2486.055374145508],"positionconfidence":0.5,"rotation":[-0.3551298677921295,0.07908188551664352,-0.9314659833908081,0,-0.9964152574539185,-0.08459611237049103,-0.9348169565200806,-0.03004260547459126,0.3538568317890167],"rotationconfidence":0.5},"15":{"id":15,"position":[299.3007898330689,-347.4303781986237,2402.563333511353],"positionconfidence":0.5,"rotation":[-0.3551298677921295,0.07908188551664352,-0.9314659833908081,0,-0.9964152574539185,-0.08459611237049103,-0.9348169565200806,-0.03004260547459126,0.3538568317890167],"rotationconfidence":0.5},"17":{"id":17,"position":[74.23309981822968,-472.0827043056488,2558.37345123291],"positionconfidence":1,"rotation":[0.8971649408340454,-0.4373207986354828,-0.06201310455799103,0.4329024255275726,0.8427196741104126,0.3200295865535736,-0.08769593387842178,-0.3139649629592896,0.9453758597373962],"rotationconfidence":1},"18":{"id":18,"position":[-72.78650999069214,-758.2818865776062,2449.687004089356],"positionconfidence":1,"rotation":[0.8250007033348083,-0.565131664276123,0,0.5315215587615967,0.7759353518486023,0.3397192656993866,-0.1919861137866974,-0.2802686393260956,0.9405269026756287],"rotationconfidence":1},"19":{"id":19,"position":[-258.6093842983246,-1029.553174972534,2330.91926574707],"positionconfidence":0.5,"rotation":[0.4990648627281189,-0.8665645718574524,0,0.8489378094673157,0.4889133870601654,-0.2006694823503494,0.173893079161644,0.1001470983028412,0.9796590209007263],"rotationconfidence":0.5},"20":{"id":20,"position":[-275.1668989658356,-1039.088845252991,2237.639427185059],"positionconfidence":0.5,"rotation":[0.4990648627281189,-0.8665645718574524,0,0.8489378094673157,0.4889133870601654,-0.2006694823503494,0.173893079161644,0.1001470983028412,0.9796590209007263],"rotationconfidence":0.5},"21":{"id":21,"position":[230.6043356657028,-480.2124500274658,2570.178985595703],"positionconfidence":1,"rotation":[0.9736685752868652,0.1539346575737,0.1681471318006516,-0.2094575464725494,0.8952220678329468,0.3933253288269043,-0.08998264372348785,-0.4181882739067078,0.9038925170898438],"rotationconfidence":1},"22":{"id":22,"position":[297.4792420864105,-766.0359740257263,2444.599390029907],"positionconfidence":1,"rotation":[0.8256640434265137,0.4539913237094879,0.3349190652370453,-0.5641086101531982,0.6561876535415649,0.501197874546051,0.007769730873405933,-0.6027517914772034,0.7978909611701965],"rotationconfidence":1},"23":{"id":23,"position":[504.0064454078674,-1006.274461746216,2261.104583740234],"positionconfidence":0.5,"rotation":[-0.2038815915584564,0.9789955615997314,0,-0.9176334738731384,-0.1911025643348694,-0.3484660685062408,-0.3411467373371124,-0.07104581594467163,0.9373213648796082],"rotationconfidence":0.5},"24":{"id":24,"position":[537.7106666564941,-999.255359172821,2168.500185012817],"positionconfidence":0.5,"rotation":[-0.2038815915584564,0.9789955615997314,0,-0.9176334738731384,-0.1911025643348694,-0.3484660685062408,-0.3411467373371124,-0.07104581594467163,0.9373213648796082],"rotationconfidence":0.5}},"skeletonTracked":true,"frameCount":2},{"position":[128.3201426267624,-455.2700817584992,2453.53889465332],"positionTracked":true,"id":4401,"skeleton":{"1":{"id":1,"position":[170.2458560466766,170.6399321556091,2682.671785354614],"positionconfidence":1,"rotation":[0.9998759627342224,0.01575388759374619,0,-0.01573353074491024,0.9985840320587158,-0.05081675946712494,-0.0008005615090951324,0.05081045627593994,0.9987080097198486],"rotationconfidence":1},"2":{"id":2,"position":[173.4292358160019,-31.40448406338692,2692.953586578369],"positionconfidence":1,"rotation":[0.9925917387008667,0.02172235772013664,0.1195398345589638,-0.01573353074491024,0.9985840320587158,-0.05081675946712494,-0.1204744353890419,0.0485595129430294,0.9915280938148499],"rotationconfidence":1},"3":{"id":3,"position":[154.4327288866043,-348.5594093799591,2648.2834815979],"positionconfidence":1,"rotation":[0.9911084771156311,-0.07485724240541458,0.1100006699562073,0.05920716002583504,0.9884891510009766,0.1392250657081604,-0.1191564872860909,-0.1314743310213089,0.9841321706771851],"rotationconfidence":1},"4":{"id":4,"position":[156.4866751432419,-395.0832486152649,2588.342189788818],"positionconfidence":1,"rotation":[0.994263231754303,-0.06527486443519592,0.08473291993141174,-0.02705925330519676,0.6129179000854492,0.7896831035614014,-0.1034807860851288,-0.7874457240104675,0.607635498046875],"rotationconfidence":1},"6":{"id":6,"position":[-12.49953173100948,-134.7246915102005,2678.850650787354],"positionconfidence":1,"rotation":[0.3854455351829529,0.9219112396240234,-0.03887922689318657,0.1482329517602921,-0.1034530028700829,-0.9835266470909119,-0.9107462763786316,0.3733327090740204,-0.1765330880880356],"rotationconfidence":1},"7":{"id":7,"position":[-95.32227367162704,-332.8206837177277,2687.204837799072],"positionconfidence":1,"rotation":[-0.230493038892746,-0.1048418432474136,0.9674095511436462,0.3426575660705566,0.9217543005943298,0.1815349161624908,-0.9107462763786316,0.3733327090740204,-0.1765330880880356],"rotationconfidence":1},"8":{"id":8,"position":[-33.55993330478668,-304.7275245189667,2427.980184555054],"positionconfidence":0.5,"rotation":[-0.4760169982910156,0.1705995202064514,0.8627303242683411,0,0.981003999710083,-0.1939873993396759,-0.8794360756874084,-0.09234129637479782,-0.4669745862483978],"rotationconfidence":0.5},"9":{"id":9,"position":[6.719444412738085,-319.1632330417633,2354.978084564209],"positionconfidence":0.5,"rotation":[-0.4760169982910156,0.1705995202064514,0.8627303242683411,0,0.981003999710083,-0.1939873993396759,-0.8794360756874084,-0.09234129637479782,-0.4669745862483978],"rotationconfidence":0.5},"12":{"id":12,"position":[356.9888770580292,-133.8623613119125,2723.702669143677],"positionconfidence":1,"rotation":[0.2745777666568756,-0.9600993990898132,0.05306899175047875,-0.2863368690013886,-0.1343262046575546,-0.9486663937568665,0.917942464351654,0.2452870607376099,-0.3117948174476624],"rotationconfidence":1},"13":{"id":13,"position":[422.180712223053,-361.8146777153015,2736.302614212036],"positionconfidence":1,"rotation":[-0.334441751241684,0.05573949590325356,-0.9407665729522705,-0.2133785784244537,0.9678468108177185,0.1331998854875565,0.917942464351654,0.2452870607376099,-0.3117948174476624],"rotationconfidence":1},"14":{"id":14,"position":[332.3370516300201,-346.8409478664398,2483.577251434326],"positionconfidence":0.5,"rotation":[-0.3440921008586884,0.1129612252116203,-0.9321161508560181,0,-0.9927366971969604,-0.1203077062964439,-0.9389359951019287,-0.04139693081378937,0.3415928483009338],"rotationconfidence":0.5},"15":{"id":15,"position":[301.4512360095978,-336.701512336731,2399.91021156311],"positionconfidence":0.5,"rotation":[-0.3440921008586884,0.1129612252116203,-0.9321161508560181,0,-0.9927366971969604,-0.1203077062964439,-0.9389359951019287,-0.04139693081378937,0.3415928483009338],"rotationconfidence":0.5},"17":{"id":17,"position":[74.69180971384048,-470.6917405128479,2553.135395050049],"positionconfidence":1,"rotation":[0.8946927189826965,-0.4453531205654144,-0.03443609550595284,0.4333974421024323,0.84683758020401,0.3082741796970367,-0.1081290617585182,-0.2907350957393646,0.9506741166114807],"rotationconfidence":1},"18":{"id":18,"position":[-72.31790572404861,-757.9416036605835,2448.567867279053],"positionconfidence":1,"rotation":[0.8231374621391296,-0.5678421854972839,0,0.5340703725814819,0.7741823196411133,0.3397213220596314,-0.1929080933332443,-0.279637336730957,0.9405261278152466],"rotationconfidence":1},"19":{"id":19,"position":[-259.9940001964569,-1029.99472618103,2329.187393188477],"positionconfidence":0.5,"rotation":[0.4924064576625824,-0.8703653216362,0,0.8531291484832764,0.4826551675796509,-0.1980262100696564,0.1723551601171494,0.09750939160585403,0.9801966547966003],"rotationconfidence":0.5},"20":{"id":20,"position":[-276.4223217964172,-1039.288997650147,2235.758304595947],"positionconfidence":0.5,"rotation":[0.4924064576625824,-0.8703653216362,0,0.8531291484832764,0.4826551675796509,-0.1980262100696564,0.1723551601171494,0.09750939160585403,0.9801966547966003],"rotationconfidence":0.5},"21":{"id":21,"position":[230.6849807500839,-479.6031713485718,2568.152666091919],"positionconfidence":1,"rotation":[0.9715310335159302,0.1448122709989548,0.1875014901161194,-0.2094415426254273,0.8949054479598999,0.3940537869930267,-0.1107322946190834,-0.4221061170101166,0.8997582197189331],"rotationconfidence":1},"22":{"id":22,"position":[297.7687418460846,-766.2398219108582,2441.937923431397],"positionconfidence":1,"rotation":[0.8246522545814514,0.4515654146671295,0.340642511844635,-0.565636396408081,0.6561827659606934,0.4994793236255646,0.002023842185735703,-0.6045765280723572,0.7965444326400757],"rotationconfidence":1},"23":{"id":23,"position":[505.0880312919617,-1006.746530532837,2258.866786956787],"positionconfidence":0.5,"rotation":[-0.2159168124198914,0.9764117002487183,0,-0.9135321378707886,-0.2020120769739151,-0.353057861328125,-0.344729870557785,-0.07623113691806793,0.9356014132499695],"rotationconfidence":0.5},"24":{"id":24,"position":[539.2578840255737,-999.1904497146606,2166.129350662231],"positionconfidence":0.5,"rotation":[-0.2159168124198914,0.9764117002487183,0,-0.9135321378707886,-0.2020120769739151,-0.353057861328125,-0.344729870557785,-0.07623113691806793,0.9356014132499695],"rotationconfidence":0.5}},"skeletonTracked":true,"frameCount":3},{"position":[131.9094747304916,-447.9747712612152,2455.645799636841],"positionTracked":true,"id":4401,"skeleton":{"1":{"id":1,"position":[171.1086183786392,171.1596995592117,2680.868148803711],"positionconfidence":1,"rotation":[0.9999274015426636,0.01204969082027674,0,-0.01203384157270193,0.998612105846405,-0.05127311125397682,-0.0006178251351229846,0.05126938968896866,0.9986845850944519],"rotationconfidence":1},"2":{"id":2,"position":[173.5424697399139,-30.81018105149269,2691.238164901733],"positionconfidence":1,"rotation":[0.9916895627975464,0.01848748698830605,0.1273180693387985,-0.01203384157270193,0.998612105846405,-0.05127311125397682,-0.1280892938375473,0.04931489005684853,0.9905357956886292],"rotationconfidence":1},"3":{"id":3,"position":[154.2748957872391,-347.8902280330658,2645.452260971069],"positionconfidence":1,"rotation":[0.99015212059021,-0.07704558223485947,0.1168872267007828,0.0600333958864212,0.9879496097564697,0.1426585018634796,-0.1264699101448059,-0.1342364996671677,0.9828458428382874],"rotationconfidence":1},"4":{"id":4,"position":[156.6452831029892,-394.2511677742004,2585.283041000366],"positionconfidence":1,"rotation":[0.9929772615432739,-0.07152869552373886,0.09423220157623291,-0.03119122236967087,0.610049843788147,0.7917488813400269,-0.1141191050410271,-0.7891278266906738,0.6035345792770386],"rotationconfidence":1},"6":{"id":6,"position":[-11.91851496696472,-134.7208470106125,2673.729419708252],"positionconfidence":1,"rotation":[0.3650544285774231,0.9308990836143494,0.01272821705788374,0.1663312911987305,-0.05176325887441635,-0.9847102761268616,-0.9160071611404419,0.3615899980068207,-0.1737340837717056],"rotationconfidence":1},"7":{"id":7,"position":[-89.44794535636902,-332.4230909347534,2671.026229858398],"positionconfidence":1,"rotation":[-0.2246866375207901,-0.1036626249551773,0.9689013957977295,0.3323353230953217,0.9265563488006592,0.1762001514434815,-0.9160071611404419,0.3615899980068207,-0.1737340837717056],"rotationconfidence":1},"8":{"id":8,"position":[-30.27419932186604,-305.1223754882813,2415.855169296265],"positionconfidence":0.5,"rotation":[-0.475675642490387,0.1719480305910111,0.8626508712768555,0,0.9807077646255493,-0.1954797506332398,-0.8796207904815674,-0.09298495948314667,-0.4664987921714783],"rotationconfidence":0.5},"9":{"id":9,"position":[10.41804812848568,-319.8318779468536,2342.058658599854],"positionconfidence":0.5,"rotation":[-0.475675642490387,0.1719480305910111,0.8626508712768555,0,0.9807077646255493,-0.1954797506332398,-0.8796207904815674,-0.09298495948314667,-0.4664987921714783],"rotationconfidence":0.5},"12":{"id":12,"position":[357.8498661518097,-133.459210395813,2721.482515335083],"positionconfidence":1,"rotation":[0.2723431587219238,-0.960350513458252,0.05963211879134178,-0.2760834395885468,-0.1373618543148041,-0.9512673616409302,0.9217413663864136,0.2426077425479889,-0.3025464713573456],"rotationconfidence":1},"13":{"id":13,"position":[422.5462079048157,-361.5947961807251,2735.648393630981],"positionconfidence":1,"rotation":[-0.3296095728874207,0.07905114442110062,-0.9408020973205566,-0.2043292224407196,0.9668984413146973,0.1528305411338806,0.9217413663864136,0.2426077425479889,-0.3025464713573456],"rotationconfidence":1},"14":{"id":14,"position":[333.3391845226288,-340.2000367641449,2481.025457382202],"positionconfidence":0.5,"rotation":[-0.3363338708877564,0.1331905275583267,-0.9322766065597534,0,-0.9899482727050781,-0.1414298415184021,-0.9417427182197571,-0.04756764695048332,0.3329531252384186],"rotationconfidence":0.5},"15":{"id":15,"position":[303.1451404094696,-328.2429873943329,2397.331237792969],"positionconfidence":0.5,"rotation":[-0.3363338708877564,0.1331905275583267,-0.9322766065597534,0,-0.9899482727050781,-0.1414298415184021,-0.9417427182197571,-0.04756764695048332,0.3329531252384186],"rotationconfidence":0.5},"17":{"id":17,"position":[75.13047009706497,-469.5840179920197,2548.938989639282],"positionconfidence":1,"rotation":[0.8929213285446167,-0.4499406814575195,-0.01564630307257175,0.4334789216518402,0.8498265147209167,0.2998180985450745,-0.1216037347912788,-0.2744963467121124,0.95386803150177],"rotationconfidence":1},"18":{"id":18,"position":[-71.75163924694061,-757.5433850288391,2447.347164154053],"positionconfidence":1,"rotation":[0.8217917084693909,-0.5697880387306213,0,0.5360121726989746,0.7730775475502014,0.3391783237457275,-0.1932597458362579,-0.2787339389324188,0.9407220482826233],"rotationconfidence":1},"19":{"id":19,"position":[-261.0427737236023,-1030.553460121155,2327.567338943481],"positionconfidence":0.5,"rotation":[0.4902754127979279,-0.8715675473213196,0,0.8547382354736328,0.4808085858821869,-0.1955643147230148,0.170447513461113,0.09588037431240082,0.9806907773017883],"rotationconfidence":0.5},"20":{"id":20,"position":[-277.3056924343109,-1039.701700210571,2233.996629714966],"positionconfidence":0.5,"rotation":[0.4902754127979279,-0.8715675473213196,0,0.8547382354736328,0.4808085858821869,-0.1955643147230148,0.170447513461113,0.09588037431240082,0.9806907773017883],"rotationconfidence":0.5},"21":{"id":21,"position":[230.7979464530945,-478.9874851703644,2566.078186035156],"positionconfidence":1,"rotation":[0.9698591828346252,0.1387366503477097,0.2003132700920105,-0.2095238715410233,0.8945030570030212,0.3949228525161743,-0.1243905499577522,-0.4249899387359619,0.8966106176376343],"rotationconfidence":1},"22":{"id":22,"position":[298.1238067150116,-766.4162516593933,2439.178466796875],"positionconfidence":1,"rotation":[0.8234506249427795,0.4493619799613953,0.3464142978191376,-0.5673732757568359,0.656536340713501,0.4970389902591705,-0.004083150532096624,-0.6058332920074463,0.7955812215805054],"rotationconfidence":1},"23":{"id":23,"position":[506.2611103057861,-1007.262468338013,2256.842851638794],"positionconfidence":0.5,"rotation":[-0.2245259433984757,0.9744680523872375,0,-0.9098580479621887,-0.209639236330986,-0.3580636978149414,-0.3489216864109039,-0.08039460331201553,0.9336971640586853],"rotationconfidence":0.5},"24":{"id":24,"position":[540.9567356109619,-999.2682933807373,2163.999080657959],"positionconfidence":0.5,"rotation":[-0.2245259433984757,0.9744680523872375,0,-0.9098580479621887,-0.209639236330986,-0.3580636978149414,-0.3489216864109039,-0.08039460331201553,0.9336971640586853],"rotationconfidence":0.5}},"skeletonTracked":true,"frameCount":4},{"position":[132.798507809639,-447.4824965000153,2453.574419021606],"positionTracked":true,"id":4401,"skeleton":{"1":{"id":1,"position":[172.5123673677445,172.1286475658417,2678.743600845337],"positionconfidence":1,"rotation":[0.9999780654907227,0.006628150586038828,0,-0.006619587540626526,0.9986861944198608,-0.05081486329436302,-0.0003368085599504411,0.05081374943256378,0.998708188533783],"rotationconfidence":1},"2":{"id":2,"position":[173.8516092300415,-29.9205482006073,2689.024209976196],"positionconfidence":1,"rotation":[0.9910562634468079,0.01332497783005238,0.1327778398990631,-0.006619587540626526,0.9986861944198608,-0.05081486329436302,-0.133280485868454,0.04948145151138306,0.9898423552513123],"rotationconfidence":1},"3":{"id":3,"position":[154.2578041553497,-347.1874892711639,2642.646789550781],"positionconfidence":1,"rotation":[0.989462673664093,-0.07885764539241791,0.1214294359087944,0.06099489331245422,0.9876418709754944,0.144371435046196,-0.1313135921955109,-0.1354435682296753,0.9820447564125061],"rotationconfidence":1},"4":{"id":4,"position":[156.8707078695297,-393.4949338436127,2582.3974609375],"positionconfidence":1,"rotation":[0.9922213554382324,-0.07413050532341003,0.1000073105096817,-0.03436488285660744,0.609035074710846,0.7923985719680786,-0.1196488440036774,-0.7896714210510254,0.6017500162124634],"rotationconfidence":1},"6":{"id":6,"position":[-11.31662912666798,-134.5463842153549,2669.594526290894],"positionconfidence":1,"rotation":[0.363296389579773,0.9315887689590454,0.01256840955466032,0.1655316650867462,-0.05126596242189407,-0.9848710894584656,-0.9168506264686584,0.3598806262016296,-0.1728322058916092],"rotationconfidence":1},"7":{"id":7,"position":[-88.38552981615067,-332.1715891361237,2666.928291320801],"positionconfidence":1,"rotation":[-0.2231632173061371,-0.1030269861221314,0.9693211913108826,0.3310335278511047,0.92729252576828,0.1747724711894989,-0.9168506264686584,0.3598806262016296,-0.1728322058916092],"rotationconfidence":1},"8":{"id":8,"position":[-29.64849025011063,-305.0546646118164,2411.800861358643],"positionconfidence":0.5,"rotation":[-0.4755471348762512,0.1727054119110107,0.8625704646110535,0,0.9805387854576111,-0.1963252425193787,-0.8796902298927307,-0.09336190670728683,-0.4662924110889435],"rotationconfidence":0.5},"9":{"id":9,"position":[11.21124718338251,-319.8937773704529,2337.687492370606],"positionconfidence":0.5,"rotation":[-0.4755471348762512,0.1727054119110107,0.8625704646110535,0,0.9805387854576111,-0.1963252425193787,-0.8796902298927307,-0.09336190670728683,-0.4662924110889435],"rotationconfidence":0.5},"12":{"id":12,"position":[358.7170243263245,-132.7077001333237,2719.326972961426],"positionconfidence":1,"rotation":[0.2707495987415314,-0.9602800011634827,0.06750499457120895,-0.2669016718864441,-0.1422574818134308,-0.9531664848327637,0.9249098300933838,0.2400522530078888,-0.2948164939880371],"rotationconfidence":1},"13":{"id":13,"position":[423.1817424297333,-361.3476753234863,2735.399723052979],"positionconfidence":1,"rotation":[-0.3249990344047546,0.096847303211689,-0.9407424330711365,-0.1972751617431641,0.9659169912338257,0.167591780424118,0.9249098300933838,0.2400522530078888,-0.2948164939880371],"rotationconfidence":1},"14":{"id":14,"position":[334.7582519054413,-334.9981307983398,2479.449033737183],"positionconfidence":0.5,"rotation":[-0.3301853537559509,0.1470567435026169,-0.9323905110359192,0,-0.9877895712852478,-0.1557942926883698,-0.9439162015914917,-0.05144099518656731,0.3261536359786987],"rotationconfidence":0.5},"15":{"id":15,"position":[305.1398992538452,-321.8068182468414,2395.811557769775],"positionconfidence":0.5,"rotation":[-0.3301853537559509,0.1470567435026169,-0.9323905110359192,0,-0.9877895712852478,-0.1557942926883698,-0.9439162015914917,-0.05144099518656731,0.3261536359786987],"rotationconfidence":0.5},"17":{"id":17,"position":[75.52788406610489,-468.709409236908,2545.69935798645],"positionconfidence":1,"rotation":[0.8921412229537964,-0.4517269730567932,-0.005153411999344826,0.4330781698226929,0.8519530892372131,0.2943111658096314,-0.1285578459501267,-0.2647989988327026,0.9556957483291626],"rotationconfidence":1},"18":{"id":18,"position":[-71.06461375951767,-757.0867538452148,2446.078062057495],"positionconfidence":1,"rotation":[0.8205626606941223,-0.5715565085411072,0,0.5377746820449829,0.7720633745193481,0.338698148727417,-0.1935851275920868,-0.277923047542572,0.9408950209617615],"rotationconfidence":1},"19":{"id":19,"position":[-261.9113922119141,-1031.078457832336,2325.88005065918],"positionconfidence":0.5,"rotation":[0.4893048107624054,-0.8721129298210144,0,0.8556923270225525,0.48009192943573,-0.1931384801864624,0.1684385389089584,0.09450357407331467,0.9811714887619019],"rotationconfidence":0.5},"20":{"id":20,"position":[-278.0023813247681,-1040.106415748596,2232.148408889771],"positionconfidence":0.5,"rotation":[0.4893048107624054,-0.8721129298210144,0,0.8556923270225525,0.48009192943573,-0.1931384801864624,0.1684385389089584,0.09450357407331467,0.9811714887619019],"rotationconfidence":0.5},"21":{"id":21,"position":[230.9368997812271,-478.3648550510407,2563.929319381714],"positionconfidence":1,"rotation":[0.9689233899116516,0.1356993019580841,0.2068168967962265,-0.2095334380865097,0.8946149349212646,0.3946642279624939,-0.1314658224582672,-0.4257344603538513,0.8952468633651733],"rotationconfidence":1},"22":{"id":22,"position":[298.4486818313599,-766.6102647781372,2436.768293380737],"positionconfidence":1,"rotation":[0.8222110867500305,0.4470051825046539,0.3523567616939545,-0.5690999031066895,0.6561837196350098,0.4955283403396606,-0.009707034565508366,-0.6079550981521606,0.7939121127128601],"rotationconfidence":1},"23":{"id":23,"position":[507.5039863586426,-1007.655262947083,2254.739046096802],"positionconfidence":0.5,"rotation":[-0.2338894158601761,0.9722632169723511,0,-0.9058765172958374,-0.2179193049669266,-0.3631789982318878,-0.3531055748462677,-0.08494371920824051,0.9317194223403931],"rotationconfidence":0.5},"24":{"id":24,"position":[542.7258610725403,-999.1822242736816,2161.801099777222],"positionconfidence":0.5,"rotation":[-0.2338894158601761,0.9722632169723511,0,-0.9058765172958374,-0.2179193049669266,-0.3631789982318878,-0.3531055748462677,-0.08494371920824051,0.9317194223403931],"rotationconfidence":0.5}},"skeletonTracked":true,"frameCount":5},{"position":[131.9422423839569,-448.1491446495056,2452.588081359863],"positionTracked":true,"id":4401,"skeleton":{"1":{"id":1,"position":[173.9023476839066,173.0091422796249,2676.707744598389],"positionconfidence":1,"rotation":[0.9999973773956299,0.002293625380843878,0,-0.002291051903739572,0.9988752603530884,-0.04735877737402916,-0.0001086232950910926,0.04735865443944931,0.9988778829574585],"rotationconfidence":1},"2":{"id":2,"position":[174.3652820587158,-28.82554195821285,2686.277151107788],"positionconfidence":1,"rotation":[0.9902705550193787,0.008855590596795082,0.138873279094696,-0.002291051903739572,0.9988752603530884,-0.04735877737402916,-0.1391364932060242,0.04657984152436256,0.9891771674156189],"rotationconfidence":1},"3":{"id":3,"position":[154.4255018234253,-346.3460803031921,2639.915227890015],"positionconfidence":1,"rotation":[0.98862224817276,-0.08062539249658585,0.1269858181476593,0.06201986968517304,0.9876027703285217,0.1442022174596787,-0.1370379030704498,-0.1346858888864517,0.9813664555549622],"rotationconfidence":1},"4":{"id":4,"position":[157.3044955730438,-392.6713764667511,2579.715967178345],"positionconfidence":1,"rotation":[0.9917227029800415,-0.07437533140182495,0.1046627908945084,-0.03787404671311379,0.6094234585762024,0.7919397354125977,-0.1226847469806671,-0.7893486618995667,0.6015622019767761],"rotationconfidence":1},"6":{"id":6,"position":[-10.49948763102293,-134.0440064668655,2665.690898895264],"positionconfidence":1,"rotation":[0.3621537685394287,0.9320550560951233,0.0108698308467865,0.164649561047554,-0.05248849838972092,-0.9849546551704407,-0.9174612760543823,0.3584946990013123,-0.1724713444709778],"rotationconfidence":1},"7":{"id":7,"position":[-87.30490505695343,-331.713855266571,2663.385629653931],"positionconfidence":1,"rotation":[-0.2222250998020172,-0.1022363528609276,0.969620406627655,0.3299709260463715,0.9279166460037231,0.1734644174575806,-0.9174612760543823,0.3584946990013123,-0.1724713444709778],"rotationconfidence":1},"8":{"id":8,"position":[-28.60661037266254,-304.709255695343,2407.271146774292],"positionconfidence":0.5,"rotation":[-0.4758220314979553,0.1736321002244949,0.8622327446937561,0,0.9803205728530884,-0.1974120289087296,-0.8795415759086609,-0.09393299371004105,-0.4664581120014191],"rotationconfidence":0.5},"9":{"id":9,"position":[12.38670106977224,-319.6681141853333,2332.987546920776],"positionconfidence":0.5,"rotation":[-0.4758220314979553,0.1736321002244949,0.8622327446937561,0,0.9803205728530884,-0.1974120289087296,-0.8795415759086609,-0.09393299371004105,-0.4664581120014191],"rotationconfidence":0.5},"12":{"id":12,"position":[359.5202267169952,-131.9986432790756,2717.641115188599],"positionconfidence":1,"rotation":[0.271089643239975,-0.9596899747848511,0.07419870793819427,-0.2614824771881104,-0.1476101130247116,-0.9538542628288269,0.9263569712638855,0.2391783744096756,-0.2909577190876007],"rotationconfidence":1},"13":{"id":13,"position":[424.0740239620209,-360.5268597602844,2735.309839248657],"positionconfidence":1,"rotation":[-0.322809636592865,0.1061722040176392,-0.9404900670051575,-0.1940532624721527,0.9651535153388977,0.1755624413490295,0.9263569712638855,0.2391783744096756,-0.2909577190876007],"rotationconfidence":1},"14":{"id":14,"position":[335.8564376831055,-331.512063741684,2478.292226791382],"positionconfidence":0.5,"rotation":[-0.3277821242809296,0.151830181479454,-0.9324733018875122,0,-0.9870018362998962,-0.1607088148593903,-0.9447532892227173,-0.05267747491598129,0.3235215544700623],"rotationconfidence":0.5},"15":{"id":15,"position":[306.4897954463959,-317.909300327301,2394.750118255615],"positionconfidence":0.5,"rotation":[-0.3277821242809296,0.151830181479454,-0.9324733018875122,0,-0.9870018362998962,-0.1607088148593903,-0.9447532892227173,-0.05267747491598129,0.3235215544700623],"rotationconfidence":0.5},"17":{"id":17,"position":[76.00779086351395,-467.8823947906494,2543.040275573731],"positionconfidence":1,"rotation":[0.8919944167137146,-0.4520450830459595,0.001119212945923209,0.432222455739975,0.853599488735199,0.2907777726650238,-0.1324000209569931,-0.2588883936405182,0.9567899703979492],"rotationconfidence":1},"18":{"id":18,"position":[-70.30478864908218,-756.8362355232239,2444.608449935913],"positionconfidence":1,"rotation":[0.8189477324485779,-0.5738681554794312,0,0.5401567220687866,0.7708392143249512,0.3376947343349457,-0.1937922537326813,-0.2765543460845947,0.9412557482719421],"rotationconfidence":1},"19":{"id":19,"position":[-262.7014815807343,-1031.399011611939,2324.326038360596],"positionconfidence":0.5,"rotation":[0.4904974699020386,-0.8714426159858704,0,0.8554221391677856,0.4814802408218384,-0.1908657997846603,0.1663285940885544,0.09361919015645981,0.9816161394119263],"rotationconfidence":0.5},"20":{"id":20,"position":[-278.6094844341278,-1040.352940559387,2230.44228553772],"positionconfidence":0.5,"rotation":[0.4904974699020386,-0.8714426159858704,0,0.8554221391677856,0.4814802408218384,-0.1908657997846603,0.1663285940885544,0.09361919015645981,0.9816161394119263],"rotationconfidence":0.5},"21":{"id":21,"position":[231.3182950019836,-477.6586592197418,2561.886787414551],"positionconfidence":1,"rotation":[0.9685395956039429,0.1335931420326233,0.2099619507789612,-0.2088266611099243,0.8952001333236694,0.3937108218669891,-0.1353608965873718,-0.4251701533794403,0.8949345350265503],"rotationconfidence":1},"22":{"id":22,"position":[298.7535297870636,-766.7406797409058,2434.747934341431],"positionconfidence":1,"rotation":[0.8212642073631287,0.4443314969539642,0.3579030930995941,-0.5703436732292175,0.6561464667320251,0.4941457211971283,-0.0152723416686058,-0.6099519729614258,0.7922912836074829],"rotationconfidence":1},"23":{"id":23,"position":[508.5415244102478,-1008.089303970337,2252.987623214722],"positionconfidence":0.5,"rotation":[-0.2401623427867889,0.9707328081130981,0,-0.9025618433952332,-0.2232966274023056,-0.3681317269802094,-0.3573575019836426,-0.0884113684296608,0.9297736883163452],"rotationconfidence":0.5},"24":{"id":24,"position":[544.2788004875183,-999.2477893829346,2160.006284713745],"positionconfidence":0.5,"rotation":[-0.2401623427867889,0.9707328081130981,0,-0.9025618433952332,-0.2232966274023056,-0.3681317269802094,-0.3573575019836426,-0.0884113684296608,0.9297736883163452],"rotationconfidence":0.5}},"skeletonTracked":true,"frameCount":6},{"position":[131.4347237348557,-448.6357271671295,2450.007915496826],"positionTracked":true,"id":4401,"skeleton":{"1":{"id":1,"position":[175.2571165561676,173.8356202840805,2675.042867660523],"positionconfidence":1,"rotation":[0.9999985694885254,-0.001681121764704585,0,0.00167968007735908,0.9991409778594971,-0.04140423983335495,0.00006960557220736519,0.04140418022871018,0.9991423487663269],"rotationconfidence":1},"2":{"id":2,"position":[174.9182343482971,-27.74509787559509,2683.396339416504],"positionconfidence":1,"rotation":[0.9896796345710754,0.004271829500794411,0.1432342529296875,0.00167968007735908,0.9991409778594971,-0.04140423983335495,-0.1432881057262421,0.04121752828359604,0.9888224601745605],"rotationconfidence":1},"3":{"id":3,"position":[154.6349823474884,-345.580518245697,2637.522220611572],"positionconfidence":1,"rotation":[0.987988293170929,-0.08195837587118149,0.131003275513649,0.0630367174744606,0.9877755641937256,0.1425685435533524,-0.1410865187644959,-0.1325980424880981,0.9810770750045776],"rotationconfidence":1},"4":{"id":4,"position":[157.7226221561432,-391.9788002967835,2577.44836807251],"positionconfidence":1,"rotation":[0.9914327263832092,-0.07367262989282608,0.107858419418335,-0.04064372926950455,0.6107574701309204,0.7907739877700806,-0.1241337209939957,-0.7883829474449158,0.6025305390357971],"rotationconfidence":1},"6":{"id":6,"position":[-9.777934290468693,-133.4512531757355,2662.612199783325],"positionconfidence":1,"rotation":[0.3619843125343323,0.9321566820144653,0.007164778653532267,0.1629772037267685,-0.05571755021810532,-0.9850553274154663,-0.9178266525268555,0.3577422797679901,-0.172089159488678],"rotationconfidence":1},"7":{"id":7,"position":[-86.6527110338211,-331.4138054847717,2661.090612411499],"positionconfidence":1,"rotation":[-0.2215446680784226,-0.1018753498792648,0.969814062