{"motiondata":[{"position":[347.8500843048096,-518.2056427001953,2741.976976394653],"positionTracked":true,"id":4425,"skeleton":{"1":{"id":1,"position":[386.33793592453,94.83218193054199,3011.164426803589],"positionconfidence":1,"rotation":[0.9999769926071167,0.006779430434107781,0,-0.006749862339347601,0.9956156015396118,0.09329579025506973,0.0006324923015199602,-0.09329364448785782,0.9956384301185608],"rotationconfidence":1},"2":{"id":2,"position":[387.5978291034699,-91.00411087274551,2993.750333786011],"positionconfidence":1,"rotation":[0.9771542549133301,0.02638624235987663,-0.2108873128890991,-0.006749862339347601,0.9956156015396118,0.09329579025506973,0.2124243974685669,-0.08974090963602066,0.9730480313301086],"rotationconfidence":1},"3":{"id":3,"position":[378.8886070251465,-398.9852070808411,2939.361572265625],"positionconfidence":1,"rotation":[0.9767076373100281,0.01023054402321577,-0.2143306434154511,0.02783673629164696,0.9843805432319641,0.1738393604755402,0.2127613723278046,-0.1757564693689346,0.9611671566963196],"rotationconfidence":1},"4":{"id":4,"position":[365.3670251369476,-441.6782259941101,2880.657196044922],"positionconfidence":1,"rotation":[0.9686411023139954,0.03201425820589066,-0.2463929653167725,0.1831303387880325,0.5782154202461243,0.7950661778450012,0.1679216623306274,-0.8152557611465454,0.55422043800354],"rotationconfidence":1},"6":{"id":6,"position":[207.2454392910004,-194.6641653776169,3009.745359420776],"positionconfidence":1,"rotation":[0.3780759274959564,0.8732882142066956,0.3072885870933533,0.5348525047302246,0.06488192826509476,-0.8424506783485413,-0.7556397318840027,0.4828644096851349,-0.4425500929355621],"rotationconfidence":1},"7":{"id":7,"position":[124.1231709718704,-386.6618275642395,2942.186117172241],"positionconfidence":1,"rotation":[-0.4037416279315949,0.1886507570743561,0.8952115178108215,0.5157532095909119,0.8551332950592041,0.05240045487880707,-0.7556397318840027,0.4828644096851349,-0.4425500929355621],"rotationconfidence":1},"8":{"id":8,"position":[212.126150727272,-427.7817606925964,2747.058153152466],"positionconfidence":1,"rotation":[0.2008001953363419,-0.5751999020576477,0.7929844856262207,0,0.8094715476036072,0.5871589779853821,-0.9796321392059326,-0.1179016381502152,0.1625420451164246],"rotationconfidence":1},"9":{"id":9,"position":[203.4053355455399,-402.8006494045258,2712.618589401245],"positionconfidence":1,"rotation":[0.2008001953363419,-0.5751999020576477,0.7929844856262207,0,0.8094715476036072,0.5871589779853821,-0.9796321392059326,-0.1179016381502152,0.1625420451164246],"rotationconfidence":1},"12":{"id":12,"position":[556.965172290802,-182.898536324501,2934.483766555786],"positionconfidence":1,"rotation":[0.3215945065021515,-0.8940860033035278,-0.3117485642433167,-0.687080442905426,0.006197554059326649,-0.7265548706054688,0.6515346169471741,0.4478524029254913,-0.6123158931732178],"rotationconfidence":1},"13":{"id":13,"position":[632.8941583633423,-393.9937055110931,2860.879421234131],"positionconfidence":1,"rotation":[-0.5901035666465759,-0.2080405652523041,-0.7800620198249817,-0.4767391979694367,0.8695672154426575,0.1287336647510529,0.6515346169471741,0.4478524029254913,-0.6123158931732178],"rotationconfidence":1},"14":{"id":14,"position":[501.6207098960877,-440.2740597724915,2687.348127365112],"positionconfidence":0.5,"rotation":[-0.3214613795280457,0.0920739471912384,-0.9424357414245605,0,-0.9952614903450012,-0.09723490476608276,-0.946922779083252,-0.0312572680413723,0.3199381232261658],"rotationconfidence":0.5},"15":{"id":15,"position":[485.2395951747894,-435.5821311473846,2639.323234558106],"positionconfidence":1,"rotation":[-0.3214613795280457,0.0920739471912384,-0.9424357414245605,0,-0.9952614903450012,-0.09723490476608276,-0.946922779083252,-0.0312572680413723,0.3199381232261658],"rotationconfidence":1},"17":{"id":17,"position":[284.4932079315186,-520.8881497383118,2872.531414031982],"positionconfidence":1,"rotation":[0.9271770119667053,-0.1534542590379715,-0.3417522311210632,0.2994355261325836,0.8517741560935974,0.4299060702323914,0.225124791264534,-0.5009317398071289,0.8356950283050537],"rotationconfidence":1},"18":{"id":18,"position":[179.8242628574371,-818.6293840408325,2722.255945205689],"positionconfidence":1,"rotation":[0.9187390208244324,-0.3948653638362885,0,0.3819499015808106,0.8886884450912476,0.2536673843860626,-0.1001644656062126,-0.233054131269455,0.967291533946991],"rotationconfidence":1},"19":{"id":19,"position":[84.01281386613846,-1041.555285453796,2658.623933792114],"positionconfidence":1,"rotation":[0.9517095685005188,0.3069998025894165,0,0.05034435167908669,-0.1560691595077515,-0.9864623546600342,-0.3028437197208405,0.9388256669044495,-0.1639882177114487],"rotationconfidence":1},"20":{"id":20,"position":[107.0984825491905,-1113.121628761292,2671.124696731567],"positionconfidence":1,"rotation":[0.9517095685005188,0.3069998025894165,0,0.05034435167908669,-0.1560691595077515,-0.9864623546600342,-0.3028437197208405,0.9388256669044495,-0.1639882177114487],"rotationconfidence":1},"21":{"id":21,"position":[435.3407919406891,-515.0727033615112,2835.381031036377],"positionconfidence":1,"rotation":[0.9613252282142639,0.2313996404409409,-0.1493588387966156,-0.1456345617771149,0.887374758720398,0.4374432265758514,0.2337614744901657,-0.3987734019756317,0.8867555856704712],"rotationconfidence":1},"22":{"id":22,"position":[485.2648675441742,-819.2681074142456,2685.423851013184],"positionconfidence":1,"rotation":[0.9212925434112549,0.3786268830299377,-0.08866584300994873,-0.3148724436759949,0.860133171081543,0.4012809097766876,0.2282001674175263,-0.3417786657810211,0.911653459072113],"rotationconfidence":1},"23":{"id":23,"position":[582.1499824523926,-1083.927989006043,2561.951160430908],"positionconfidence":0.5,"rotation":[0.9425704479217529,-0.3340074419975281,0,0.3310740888118744,0.9342925548553467,-0.1322404742240906,0.04416930302977562,0.1246459633111954,0.9912177324295044],"rotationconfidence":0.5},"24":{"id":24,"position":[577.9199600219727,-1095.8651304245,2467.023849487305],"positionconfidence":0.5,"rotation":[0.9425704479217529,-0.3340074419975281,0,0.3310740888118744,0.9342925548553467,-0.1322404742240906,0.04416930302977562,0.1246459633111954,0.9912177324295044],"rotationconfidence":0.5}},"skeletonTracked":true,"frameCount":1},{"position":[347.2824096679688,-519.5633769035339,2741.81342124939],"positionTracked":true,"id":4425,"skeleton":{"1":{"id":1,"position":[386.3561451435089,94.77169066667557,3011.390209197998],"positionconfidence":1,"rotation":[0.9999791979789734,0.006462776567786932,0,-0.006433991715312004,0.9955253005027771,0.0942758247256279,0.0006092835683375597,-0.09427386522293091,0.9955461621284485],"rotationconfidence":1},"2":{"id":2,"position":[387.5574171543121,-91.09997749328613,2993.788242340088],"positionconfidence":1,"rotation":[0.9772452712059021,0.02624843083322048,-0.210482269525528,-0.006433991715312004,0.9955253005027771,0.0942758247256279,0.2120150327682495,-0.09077636897563934,0.973041296005249],"rotationconfidence":1},"3":{"id":3,"position":[378.7478804588318,-399.0746438503265,2939.539194107056],"positionconfidence":1,"rotation":[0.976797878742218,0.009744311682879925,-0.2139417827129364,0.02815986797213554,0.9844474196434021,0.1734082102775574,0.2123041599988937,-0.1754093319177628,0.9613316655158997],"rotationconfidence":1},"4":{"id":4,"position":[365.2388155460358,-441.7860209941864,2880.870580673218],"positionconfidence":1,"rotation":[0.9685397148132324,0.03255904838442802,-0.2467197924852371,0.1830106377601624,0.5786215662956238,0.7947981953620911,0.1686352640390396,-0.8149459958076477,0.5544593334197998],"rotationconfidence":1},"6":{"id":6,"position":[207.2527259588242,-194.733053445816,3009.852409362793],"positionconfidence":1,"rotation":[0.379802405834198,0.8730242848396301,0.3059063851833344,0.5352272987365723,0.06233103573322296,-0.8424052000045776,-0.7545076608657837,0.4836769998073578,-0.4435929656028748],"rotationconfidence":1},"7":{"id":7,"position":[123.8842085003853,-386.366218328476,2942.704439163208],"positionconfidence":1,"rotation":[-0.4036165773868561,0.1909988671541214,0.8947697877883911,0.5175053477287292,0.8541521430015564,0.05110994726419449,-0.7545076608657837,0.4836769998073578,-0.4435929656028748],"rotationconfidence":1},"8":{"id":8,"position":[211.7559164762497,-427.9487431049347,2747.903347015381],"positionconfidence":1,"rotation":[0.1893337517976761,-0.5500656366348267,0.8133760690689087,0,0.8283587694168091,0.5601980686187744,-0.9819129109382629,-0.1060644015669823,0.1568362712860107],"rotationconfidence":1},"9":{"id":9,"position":[203.2547444105148,-403.2505452632904,2711.382389068604],"positionconfidence":1,"rotation":[0.1893337517976761,-0.5500656366348267,0.8133760690689087,0,0.8283587694168091,0.5601980686187744,-0.9819129109382629,-0.1060644015669823,0.1568362712860107],"rotationconfidence":1},"12":{"id":12,"position":[556.934654712677,-183.1462979316711,2934.741497039795],"positionconfidence":1,"rotation":[0.3597891926765442,-0.8825440406799316,-0.3027666807174683,-0.6621116399765015,-0.01287088077515364,-0.7492947578430176,0.6573888063430786,0.4700535237789154,-0.5889735221862793],"rotationconfidence":1},"13":{"id":13,"position":[645.3390121459961,-399.9975621700287,2860.348224639893],"positionconfidence":1,"rotation":[-0.6024542450904846,-0.1416485160589218,-0.7854836583137512,-0.4526465833187103,0.8711977601051331,0.1900675892829895,0.6573888063430786,0.4700535237789154,-0.5889735221862793],"rotationconfidence":1},"14":{"id":14,"position":[497.6008534431458,-434.7336292266846,2667.726278305054],"positionconfidence":1,"rotation":[-0.3900662660598755,0.05886567384004593,-0.9189031720161438,0,-0.9979543685913086,-0.06392975896596909,-0.9207866787910461,-0.02493684180080891,0.3892683386802673],"rotationconfidence":1},"15":{"id":15,"position":[476.4985740184784,-431.5490424633026,2618.014335632324],"positionconfidence":0.5,"rotation":[-0.3900662660598755,0.05886567384004593,-0.9189031720161438,0,-0.9979543685913086,-0.06392975896596909,-0.9207866787910461,-0.02493684180080891,0.3892683386802673],"rotationconfidence":0.5},"17":{"id":17,"position":[284.4193577766419,-521.0434198379517,2872.833251953125],"positionconfidence":1,"rotation":[0.926975429058075,-0.1526907235383987,-0.3426400125026703,0.2995370626449585,0.8511518836021423,0.4310661256313324,0.2258188873529434,-0.5022211074829102,0.8347334265708923],"rotationconfidence":1},"18":{"id":18,"position":[179.7309517860413,-818.5215592384338,2722.175359725952],"positionconfidence":1,"rotation":[0.9188184142112732,-0.3946805596351624,0,0.3817159533500671,0.8886367678642273,0.2542001307010651,-0.1003278493881226,-0.2335637658834457,0.9671517014503479],"rotationconfidence":1},"19":{"id":19,"position":[84.01130139827728,-1041.357398033142,2658.431768417358],"positionconfidence":1,"rotation":[0.9489651918411255,0.315380871295929,0,0.05888507142663002,-0.1771822273731232,-0.9824149012565613,-0.3098348379135132,0.932277500629425,-0.1867109835147858],"rotationconfidence":1},"20":{"id":20,"position":[108.2414984703064,-1114.264845848084,2673.033237457275],"positionconfidence":1,"rotation":[0.9489651918411255,0.315380871295929,0,0.05888507142663002,-0.1771822273731232,-0.9824149012565613,-0.3098348379135132,0.932277500629425,-0.1867109835147858],"rotationconfidence":1},"21":{"id":21,"position":[435.1718723773956,-515.2061581611633,2835.562467575073],"positionconfidence":1,"rotation":[0.9610775709152222,0.2321034967899323,-0.1498594731092453,-0.1459254920482636,0.8870452642440796,0.4380142688751221,0.2345967590808868,-0.399097353219986,0.8863890767097473],"rotationconfidence":1},"22":{"id":22,"position":[485.1890802383423,-819.2484974861145,2685.429334640503],"positionconfidence":1,"rotation":[0.9215041995048523,0.3783571124076843,-0.08761265873908997,-0.3150334358215332,0.8601567149162292,0.4011039137840271,0.2271211296319962,-0.3420180380344391,0.9118331670761108],"rotationconfidence":1},"23":{"id":23,"position":[582.0537805557251,-1083.724617958069,2562.100172042847],"positionconfidence":0.5,"rotation":[0.945405125617981,-0.3258975446224213,0,0.3230466842651367,0.9371349811553955,-0.131981834769249,0.04301255196332932,0.1247762888669968,0.9912522435188293],"rotationconfidence":0.5},"24":{"id":24,"position":[577.9344439506531,-1095.674514770508,2467.167377471924],"positionconfidence":0.5,"rotation":[0.945405125617981,-0.3258975446224213,0,0.3230466842651367,0.9371349811553955,-0.131981834769249,0.04301255196332932,0.1247762888669968,0.9912522435188293],"rotationconfidence":0.5}},"skeletonTracked":true,"frameCount":2},{"position":[348.5302627086639,-515.373945236206,2744.706630706787],"positionTracked":true,"id":4425,"skeleton":{"1":{"id":1,"position":[386.3670527935028,94.68796104192734,3011.629581451416],"positionconfidence":1,"rotation":[0.9999801516532898,0.006302995607256889,0,-0.006274270825088024,0.995422899723053,0.09536215662956238,0.0006010672659613192,-0.09536026418209076,0.9954426884651184],"rotationconfidence":1},"2":{"id":2,"position":[387.5387907028198,-91.21008962392807,2993.820428848267],"positionconfidence":1,"rotation":[0.9772985577583313,0.02630006894469261,-0.2102286219596863,-0.006274270825088024,0.995422899723053,0.09536215662956238,0.2117744088172913,-0.0918782651424408,0.9729903340339661],"rotationconfidence":1},"3":{"id":3,"position":[378.6259889602661,-399.1798162460327,2939.703941345215],"positionconfidence":1,"rotation":[0.9768402576446533,0.009293096140027046,-0.2137680351734161,0.02849222347140312,0.9845099449157715,0.1729982495307922,0.2120644450187683,-0.1750823706388474,0.9614441394805908],"rotationconfidence":1},"4":{"id":4,"position":[365.1207387447357,-441.9123530387878,2881.072521209717],"positionconfidence":1,"rotation":[0.9683504700660706,0.03334774449467659,-0.2473562657833099,0.1830035895109177,0.5790494084358215,0.7944880723953247,0.1697259098291397,-0.8146101236343384,0.554620087146759],"rotationconfidence":1},"6":{"id":6,"position":[207.261472940445,-194.9981451034546,3009.968280792236],"positionconfidence":1,"rotation":[0.3828281462192535,0.872446596622467,0.3037755787372589,0.5275564193725586,0.06347507238388062,-0.8471453189849854,-0.7583711743354797,0.484569787979126,-0.4359647333621979],"rotationconfidence":1},"7":{"id":7,"position":[123.5025823116303,-385.8805596828461,2943.50528717041],"positionconfidence":1,"rotation":[-0.3866247236728668,0.2040784060955048,0.8993738293647766,0.5247803926467896,0.8506139516830444,0.03257948160171509,-0.7583711743354797,0.484569787979126,-0.4359647333621979],"rotationconfidence":1},"8":{"id":8,"position":[204.5065313577652,-428.6381900310516,2755.072355270386],"positionconfidence":1,"rotation":[0.02744066715240479,-0.4866259694099426,0.8731794357299805,0,0.8735083341598511,0.4868092834949493,-0.9996235370635986,-0.01335837133228779,0.02396965213119984],"rotationconfidence":1},"9":{"id":9,"position":[203.1015306711197,-403.7222564220429,2710.36434173584],"positionconfidence":1,"rotation":[0.02744066715240479,-0.4866259694099426,0.8731794357299805,0,0.8735083341598511,0.4868092834949493,-0.9996235370635986,-0.01335837133228779,0.02396965213119984],"rotationconfidence":1},"12":{"id":12,"position":[556.9241642951965,-183.3705008029938,2934.961080551148],"positionconfidence":1,"rotation":[0.3447296023368835,-0.8851419687271118,-0.31254643201828,-0.6505709886550903,0.01473908498883247,-0.7593023777008057,0.6766970157623291,0.4650876224040985,-0.5707666277885437],"rotationconfidence":1},"13":{"id":13,"position":[641.6624188423157,-400.9479582309723,2858.133792877197],"positionconfidence":1,"rotation":[-0.5882000923156738,-0.1247680112719536,-0.7990329265594482,-0.4428337514400482,0.8764281868934631,0.1891344487667084,0.6766970157623291,0.4650876224040985,-0.5707666277885437],"rotationconfidence":1},"14":{"id":14,"position":[495.195746421814,-432.0162236690521,2659.168004989624],"positionconfidence":1,"rotation":[-0.4160436689853668,0.05205013230443001,-0.9078536629676819,0,-0.9983604550361633,-0.05723917111754417,-0.909344494342804,-0.0238139946013689,0.4153615534305573],"rotationconfidence":1},"15":{"id":15,"position":[470.8045423030853,-428.9647042751312,2605.94367980957],"positionconfidence":0.5,"rotation":[-0.4160436689853668,0.05205013230443001,-0.9078536629676819,0,-0.9983604550361633,-0.05723917111754417,-0.909344494342804,-0.0238139946013689,0.4153615534305573],"rotationconfidence":0.5},"17":{"id":17,"position":[284.3389511108398,-521.2529301643372,2873.156547546387],"positionconfidence":1,"rotation":[0.9266990423202515,-0.1516690701246262,-0.3438390195369721,0.2995918393135071,0.8505173325538635,0.4322787523269653,0.2268777638673782,-0.5036036968231201,0.8336125016212463],"rotationconfidence":1},"18":{"id":18,"position":[179.6579509973526,-818.433940410614,2722.113132476807],"positionconfidence":1,"rotation":[0.9189155101776123,-0.3944545388221741,0,0.3814465403556824,0.8886123299598694,0.2546894252300263,-0.1004633978009224,-0.2340380698442459,0.9670229554176331],"rotationconfidence":1},"19":{"id":19,"position":[84.035724401474,-1041.194081306458,2658.26678276062],"positionconfidence":1,"rotation":[0.9472273588180542,0.3205625712871552,0,0.06480851024389267,-0.1915020495653153,-0.979350209236145,-0.3139429986476898,0.9276672601699829,-0.2021711617708206],"rotationconfidence":1},"20":{"id":20,"position":[109.0477257966995,-1115.10181427002,2674.373865127564],"positionconfidence":1,"rotation":[0.9472273588180542,0.3205625712871552,0,0.06480851024389267,-0.1915020495653153,-0.979350209236145,-0.3139429986476898,0.9276672601699829,-0.2021711617708206],"rotationconfidence":1},"21":{"id":21,"position":[435.0243508815765,-515.3520703315735,2835.710525512695],"positionconfidence":1,"rotation":[0.9607495665550232,0.2328781634569168,-0.1507581621408463,-0.1461333781480789,0.8867624998092651,0.4385171830654144,0.2358077615499497,-0.3992744088172913,0.8859879374504089],"rotationconfidence":1},"22":{"id":22,"position":[485.1023256778717,-819.2338347434998,2685.436487197876],"positionconfidence":1,"rotation":[0.9216523170471191,0.3782014846801758,-0.08672160655260086,-0.3152384459972382,0.8601533770561218,0.4009499549865723,0.2262337505817413,-0.3421984612941742,0.9119859933853149],"rotationconfidence":1},"23":{"id":23,"position":[581.9761753082275,-1083.561897277832,2562.223196029663],"positionconfidence":0.5,"rotation":[0.9477495551109314,-0.319015234708786,0,0.3162341415882111,0.9394872784614563,-0.1317558139562607,0.04203211143612862,0.1248715221881867,0.9912822246551514],"rotationconfidence":0.5},"24":{"id":24,"position":[577.9507160186768,-1095.520973205566,2467.287063598633],"positionconfidence":0.5,"rotation":[0.9477495551109314,-0.319015234708786,0,0.3162341415882111,0.9394872784614563,-0.1317558139562607,0.04203211143612862,0.1248715221881867,0.9912822246551514],"rotationconfidence":0.5}},"skeletonTracked":true,"frameCount":3},{"position":[348.4973609447479,-518.2389616966248,2743.436813354492],"positionTracked":true,"id":4425,"skeleton":{"1":{"id":1,"position":[386.4025473594666,94.56828236579895,3011.947631835938],"positionconfidence":1,"rotation":[0.9999815225601196,0.006092009134590626,0,-0.006063334178179503,0.9952746033668518,0.0969112291932106,0.000590384064707905,-0.09690944105386734,0.995293140411377],"rotationconfidence":1},"2":{"id":2,"position":[387.535035610199,-91.32560342550278,2993.846893310547],"positionconfidence":1,"rotation":[0.9773362278938293,0.02640590444207192,-0.2100397497415543,-0.006063334178179503,0.9952746033668518,0.0969112291932106,0.2116062343120575,-0.09344130754470825,0.9728779792785645],"rotationconfidence":1},"3":{"id":3,"position":[378.5169124603272,-399.3159234523773,2939.856290817261],"positionconfidence":1,"rotation":[0.9768632054328918,0.0088552450761199,-0.2136816829442978,0.02882876805961132,0.9845708608627319,0.1725949496030808,0.2119131535291672,-0.1747618466615677,0.9615358710289001],"rotationconfidence":1},"4":{"id":4,"position":[365.0068938732147,-442.0831799507141,2881.262302398682],"positionconfidence":1,"rotation":[0.9681273102760315,0.03411881998181343,-0.2481241971254349,0.1830899119377136,0.5795886516571045,0.7940750122070312,0.1709028631448746,-0.8141946792602539,0.554868757724762],"rotationconfidence":1},"6":{"id":6,"position":[207.2793543338776,-195.3482329845429,3010.039567947388],"positionconfidence":1,"rotation":[0.3847247660160065,0.8716304302215576,0.3037219643592835,0.526113748550415,0.06328851729631424,-0.8480558395385742,-0.758413553237915,0.4860605001449585,-0.4342281818389893],"rotationconfidence":1},"7":{"id":7,"position":[123.2126578688622,-385.8093023300171,2943.672895431519],"positionconfidence":1,"rotation":[-0.3868071138858795,0.2005581706762314,0.9000870585441589,0.5245847702026367,0.8506007790565491,0.0359056256711483,-0.758413553237915,0.4860605001449585,-0.4342281818389893],"rotationconfidence":1},"8":{"id":8,"position":[205.5150866508484,-428.4828305244446,2752.157926559448],"positionconfidence":1,"rotation":[0.05167165771126747,-0.4948846995830536,0.86742103099823,0,0.8685812950134277,0.4955466687679291,-0.998664140701294,-0.02560571767389774,0.04488103464245796],"rotationconfidence":1},"9":{"id":9,"position":[202.9754370450974,-404.1593670845032,2709.524393081665],"positionconfidence":1,"rotation":[0.05167165771126747,-0.4948846995830536,0.86742103099823,0,0.8685812950134277,0.4955466687679291,-0.998664140701294,-0.02560571767389774,0.04488103464245796],"rotationconfidence":1},"12":{"id":12,"position":[556.9060444831848,-183.5799664258957,2935.124158859253],"positionconfidence":1,"rotation":[0.3275049030780792,-0.8884669542312622,-0.321507453918457,-0.6425755620002747,0.04002757370471954,-0.7651761174201965,0.6927028298377991,0.4571917653083801,-0.557797908782959],"rotationconfidence":1},"13":{"id":13,"position":[637.0890140533447,-401.1031687259674,2856.409549713135],"positionconfidence":1,"rotation":[-0.5751467943191528,-0.1164760738611221,-0.8097156286239624,-0.4351654350757599,0.8817079663276672,0.1822690665721893,0.6927028298377991,0.4571917653083801,-0.557797908782959],"rotationconfidence":1},"14":{"id":14,"position":[493.5525059700012,-430.1715195178986,2654.332876205444],"positionconfidence":1,"rotation":[-0.4304212033748627,0.05071054771542549,-0.9012024402618408,0,-0.9984205961227417,-0.05618099868297577,-0.9026280641555786,-0.02418149262666702,0.429741382598877],"rotationconfidence":1},"15":{"id":15,"position":[466.7646884918213,-427.015483379364,2598.24538230896],"positionconfidence":0.5,"rotation":[-0.4304212033748627,0.05071054771542549,-0.9012024402618408,0,-0.9984205961227417,-0.05618099868297577,-0.9026280641555786,-0.02418149262666702,0.429741382598877],"rotationconfidence":0.5},"17":{"id":17,"position":[284.2604517936707,-521.4980244636536,2873.474597930908],"positionconfidence":1,"rotation":[0.926403820514679,-0.1505776941776276,-0.345111608505249,0.2996261119842529,0.8498921394348145,0.4334828853607178,0.2280348241329193,-0.5049847364425659,0.8324604630470276],"rotationconfidence":1},"18":{"id":18,"position":[179.6021908521652,-818.3621168136597,2722.060680389404],"positionconfidence":1,"rotation":[0.9190173149108887,-0.3942171931266785,0,0.3811684846878052,0.8885976076126099,0.2551565766334534,-0.1005871072411537,-0.2344933152198792,0.9668997526168823],"rotationconfidence":1},"19":{"id":19,"position":[84.0778723359108,-1041.05281829834,2658.116102218628],"positionconfidence":1,"rotation":[0.9465158581733704,0.3226571977138519,0,0.06862684339284897,-0.2013170421123505,-0.9771190285682678,-0.3152745068073273,0.9248586893081665,-0.2126927375793457],"rotationconfidence":1},"20":{"id":20,"position":[109.5486879348755,-1115.771532058716,2675.299406051636],"positionconfidence":1,"rotation":[0.9465158581733704,0.3226571977138519,0,0.06862684339284897,-0.2013170421123505,-0.9771190285682678,-0.3152745068073273,0.9248586893081665,-0.2126927375793457],"rotationconfidence":1},"21":{"id":21,"position":[434.8820745944977,-515.5348777770996,2835.832357406616],"positionconfidence":1,"rotation":[0.9603925943374634,0.2336939126253128,-0.1517667770385742,-0.1463399976491928,0.8864936828613281,0.4389914870262146,0.2371299415826798,-0.3993946611881256,0.8855807781219482],"rotationconfidence":1},"22":{"id":22,"position":[485.0155413150787,-819.2317485809326,2685.441732406616],"positionconfidence":1,"rotation":[0.9217429161071777,0.3781488537788391,-0.08598494529724121,-0.3154608309268951,0.8600971698760986,0.4008955657482147,0.2255536019802094,-0.3423977792263031,0.9120796322822571],"rotationconfidence":1},"23":{"id":23,"position":[581.9183588027954,-1083.43517780304,2562.295198440552],"positionconfidence":0.5,"rotation":[0.9495107531547546,-0.3137346208095551,0,0.3110105395317078,0.9412663578987122,-0.1314921528100967,0.04125364124774933,0.1248532086610794,0.9913172125816345],"rotationconfidence":0.5},"24":{"id":24,"position":[577.9675841331482,-1095.392107963562,2467.358827590942],"positionconfidence":0.5,"rotation":[0.9495107531547546,-0.3137346208095551,0,0.3110105395317078,0.9412663578987122,-0.1314921528100967,0.04125364124774933,0.1248532086610794,0.9913172125816345],"rotationconfidence":0.5}},"skeletonTracked":true,"frameCount":4},{"position":[346.8034863471985,-519.1470384597778,2743.34716796875],"positionTracked":true,"id":4425,"skeleton":{"1":{"id":1,"position":[386.4419460296631,94.3804383277893,3012.42733001709],"positionconfidence":1,"rotation":[0.9999831318855286,0.005806694738566876,0,-0.005778099410235882,0.9950587153434753,0.09912004321813583,0.000575559854041785,-0.09911837428808212,0.9950754642486572],"rotationconfidence":1},"2":{"id":2,"position":[387.5214457511902,-91.52247756719589,2993.909120559692],"positionconfidence":1,"rotation":[0.9773924350738525,0.02656991221010685,-0.2097572982311249,-0.005778099410235882,0.9950587153434753,0.09912004321813583,0.2113544344902039,-0.09566719084978104,0.9727163910865784],"rotationconfidence":1},"3":{"id":3,"position":[378.4063160419464,-399.477481842041,2940.014362335205],"positionconfidence":1,"rotation":[0.9769046902656555,0.008450474590063095,-0.2135083079338074,0.02914339303970337,0.9846106171607971,0.1723152846097946,0.2116786986589432,-0.1745579689741135,0.9616245031356812],"rotationconfidence":1},"4":{"id":4,"position":[364.8959696292877,-442.2658979892731,2881.450653076172],"positionconfidence":1,"rotation":[0.967944324016571,0.03481907770037651,-0.2487396597862244,0.1831234246492386,0.5799674391746521,0.7937906384468079,0.1718999594449997,-0.8138952255249023,0.5550000071525574],"rotationconfidence":1},"6":{"id":6,"position":[207.2791308164597,-195.7673281431198,3010.083675384522],"positionconfidence":1,"rotation":[0.3876269459724426,0.8699374794960022,0.3048835396766663,0.5219768285751343,0.0654689222574234,-0.8504432439804077,-0.7597929835319519,0.4887969493865967,-0.4287097454071045],"rotationconfidence":1},"7":{"id":7,"position":[122.5999742746353,-385.8097791671753,2943.480253219605],"positionconfidence":1,"rotation":[-0.3813473582267761,0.1990098506212235,0.9027564525604248,0.5265820622444153,0.8493953347206116,0.03519513830542564,-0.7597929835319519,0.4887969493865967,-0.4287097454071045],"rotationconfidence":1},"8":{"id":8,"position":[202.859029173851,-427.6937544345856,2753.484487533569],"positionconfidence":1,"rotation":[-0.0004938343772664666,-0.4609732925891876,0.8874138593673706,0,0.8874140381813049,0.4609733819961548,-0.9999999403953552,0.0002276445011375472,-0.0004382355546113104],"rotationconfidence":1},"9":{"id":9,"position":[202.8837949037552,-404.5760035514832,2708.980798721314],"positionconfidence":1,"rotation":[-0.0004938343772664666,-0.4609732925891876,0.8874138593673706,0,0.8874140381813049,0.4609733819961548,-0.9999999403953552,0.0002276445011375472,-0.0004382355546113104],"rotationconfidence":1},"12":{"id":12,"position":[556.9097399711609,-183.8144212961197,2935.290575027466],"positionconfidence":1,"rotation":[0.3108376264572144,-0.891514778137207,-0.3295166492462158,-0.6368176341056824,0.06202014535665512,-0.7685158252716064,0.7055799961090088,0.4487257301807404,-0.548454225063324],"rotationconfidence":1},"13":{"id":13,"position":[632.4692368507385,-400.5269408226013,2855.190515518189],"positionconfidence":1,"rotation":[-0.5622103810310364,-0.1166604682803154,-0.8187245726585388,-0.4313656985759735,0.8860223293304443,0.1699649691581726,0.7055799961090088,0.4487257301807404,-0.548454225063324],"rotationconfidence":1},"14":{"id":14,"position":[492.7800893783569,-429.5128881931305,2651.766777038574],"positionconfidence":0.5,"rotation":[-0.4367091655731201,0.05294068530201912,-0.8980435729026794,0,-0.998266875743866,-0.05884896218776703,-0.8996026515960693,-0.02569988183677197,0.4359523057937622],"rotationconfidence":0.5},"15":{"id":15,"position":[464.7801220417023,-426.1185526847839,2594.18797492981],"positionconfidence":0.5,"rotation":[-0.4367091655731201,0.05294068530201912,-0.8980435729026794,0,-0.998266875743866,-0.05884896218776703,-0.8996026515960693,-0.02569988183677197,0.4359523057937622],"rotationconfidence":0.5},"17":{"id":17,"position":[284.1819226741791,-521.7515230178833,2873.775005340576],"positionconfidence":1,"rotation":[0.9261625409126282,-0.14958655834198,-0.346189022064209,0.2996262311935425,0.8493182063102722,0.4346064925193787,0.2290133386850357,-0.5062434673309326,0.8314266800880432],"rotationconfidence":1},"18":{"id":18,"position":[179.5601397752762,-818.3116316795349,2722.021579742432],"positionconfidence":1,"rotation":[0.9190633296966553,-0.3941097557544708,0,0.380997508764267,0.8884856104850769,0.2558009326457977,-0.1008136421442032,-0.2350972592830658,0.9667294025421143],"rotationconfidence":1},"19":{"id":19,"position":[84.10469442605972,-1040.913581848145,2657.932996749878],"positionconfidence":1,"rotation":[0.9464241862297058,0.3229261040687561,0,0.07061848044395447,-0.2069669663906097,-0.9757959246635437,-0.3151099681854248,0.9235168695449829,-0.2186830937862396],"rotationconfidence":1},"20":{"id":20,"position":[109.819583594799,-1116.278171539307,2675.778865814209],"positionconfidence":1,"rotation":[0.9464241862297058,0.3229261040687561,0,0.07061848044395447,-0.2069669663906097,-0.9757959246635437,-0.3151099681854248,0.9235168695449829,-0.2186830937862396],"rotationconfidence":1},"21":{"id":21,"position":[434.7414076328278,-515.7327055931091,2835.968732833862],"positionconfidence":1,"rotation":[0.9600903987884521,0.2343960255384445,-0.152594119310379,-0.1465053707361221,0.8862113952636719,0.4395059943199158,0.2382491081953049,-0.3996096253395081,0.8851833343505859],"rotationconfidence":1},"22":{"id":22,"position":[484.9155247211456,-819.2360997200012,2685.449838638306],"positionconfidence":1,"rotation":[0.9218153357505798,0.3781360685825348,-0.0852615237236023,-0.3157091736793518,0.8600189685821533,0.4008679091930389,0.2249091416597366,-0.3426083326339722,0.9121596813201904],"rotationconfidence":1},"23":{"id":23,"position":[581.8586945533752,-1083.317637443543,2562.357425689697],"positionconfidence":0.5,"rotation":[0.9511666297912598,-0.30867800116539,0,0.3060095608234406,0.9429440498352051,-0.1312054544687271,0.04050023853778839,0.1247982457280159,0.9913552403450012],"rotationconfidence":0.5},"24":{"id":24,"position":[577.9802203178406,-1095.268845558167,2467.421054840088],"positionconfidence":0.5,"rotation":[0.9511666297912598,-0.30867800116539,0,0.3060095608234406,0.9429440498352051,-0.1312054544687271,0.04050023853778839,0.1247982457280159,0.9913552403450012],"rotationconfidence":0.5}},"skeletonTracked":true,"frameCount":5},{"position":[348.6939370632172,-518.0752873420715,2744.21501159668],"positionTracked":true,"id":4425,"skeleton":{"1":{"id":1,"position":[386.4671885967255,94.19143199920654,3012.838840484619],"positionconfidence":1,"rotation":[0.999984085559845,0.005641975440084934,0,-0.005613331682980061,0.9949072599411011,0.1006387621164322,0.0005678014131262898,-0.1006371602416039,0.9949231147766113],"rotationconfidence":1},"2":{"id":2,"position":[387.5162899494171,-91.75135940313339,2994.029998779297],"positionconfidence":1,"rotation":[0.977433979511261,0.02671111188828945,-0.2095456868410111,-0.005613331682980061,0.9949072599411011,0.1006387621164322,0.2111666649580002,-0.09719149023294449,0.9726060032844543],"rotationconfidence":1},"3":{"id":3,"position":[378.2975077629089,-399.6589183807373,2940.183401107788],"positionconfidence":1,"rotation":[0.9769373536109924,0.008065005764365196,-0.2133737206459045,0.02947969548404217,0.9846225380897522,0.1721899211406708,0.2114812880754471,-0.1745089590549469,0.961676836013794],"rotationconfidence":1},"4":{"id":4,"position":[364.7852540016174,-442.4565732479096,2881.64234161377],"positionconfidence":1,"rotation":[0.9677921533584595,0.0353851430118084,-0.2492516189813614,0.1831797361373901,0.5801891684532166,0.7936156392097473,0.1726952791213989,-0.8137127757072449,0.5550206303596497],"rotationconfidence":1},"6":{"id":6,"position":[207.2646021842957,-196.0314214229584,3010.170459747315],"positionconfidence":1,"rotation":[0.3806401491165161,0.8711573481559753,0.3101579248905182,0.5237935781478882,0.07329315692186356,-0.848686158657074,-0.7620716691017151,0.4855027794837952,-0.4284083247184753],"rotationconfidence":1},"7":{"id":7,"position":[124.0212619304657,-386.5474462509155,2942.341089248657],"positionconfidence":1,"rotation":[-0.3856744170188904,0.1911033391952515,0.9026265740394592,0.5200979709625244,0.8530922532081604,0.04161155968904495,-0.7620716691017151,0.4855027794837952,-0.4284083247184753],"rotationconfidence":1},"8":{"id":8,"position":[206.6280692815781,-427.479475736618,2749.009370803833],"positionconfidence":1,"rotation":[0.08164967596530914,-0.4846904873847961,0.8708664774894714,0,0.8737839460372925,0.4863142371177673,-0.9966610074043274,-0.03970739990472794,0.07134417444467545],"rotationconfidence":1},"9":{"id":9,"position":[202.8403580188751,-404.9947857856751,2708.610057830811],"positionconfidence":1,"rotation":[0.08164967596530914,-0.4846904873847961,0.8708664774894714,0,0.8737839460372925,0.4863142371177673,-0.9966610074043274,-0.03970739990472794,0.07134417444467545],"rotationconfidence":1},"12":{"id":12,"position":[556.9286346435547,-184.0466111898422,2935.451030731201],"positionconfidence":1,"rotation":[0.3309367895126343,-0.8901510834693909,-0.313228189945221,-0.6577789783477783,0.02039780467748642,-0.7529347538948059,0.6766148805618286,0.4552087187767029,-0.5787723064422607],"rotationconfidence":1},"13":{"id":13,"position":[637.5384330749512,-400.8702039718628,2859.15470123291],"positionconfidence":1,"rotation":[-0.5949254035949707,-0.1252008825540543,-0.7939701080322266,-0.4338849186897278,0.8815383315086365,0.1861024498939514,0.6766148805618286,0.4552087187767029,-0.5787723064422607],"rotationconfidence":1},"14":{"id":14,"position":[511.1602544784546,-427.4662435054779,2690.494060516357],"positionconfidence":1,"rotation":[-0.4227429330348969,0.007487569469958544,-0.9062187075614929,0,-0.9999659657478333,-0.00826214998960495,-0.9062497019767761,-0.003492765594273806,0.4227285385131836],"rotationconfidence":1},"15":{"id":15,"position":[485.8789145946503,-427.0184636116028,2636.29937171936],"positionconfidence":1,"rotation":[-0.4227429330348969,0.007487569469958544,-0.9062187075614929,0,-0.9999659657478333,-0.00826214998960495,-0.9062497019767761,-0.003492765594273806,0.4227285385131836],"rotationconfidence":1},"17":{"id":17,"position":[284.0984463691711,-521.9932794570923,2874.053716659546],"positionconfidence":1,"rotation":[0.9259656071662903,-0.1486935913562775,-0.3470993340015411,0.2996035516262054,0.8487934470176697,0.4356459677219391,0.2298378646373749,-0.5073853731155396,0.8305026292800903],"rotationconfidence":1},"18":{"id":18,"position":[179.520383477211,-818.2687163352966,2721.989393234253],"positionconfidence":1,"rotation":[0.9190919399261475,-0.3940432071685791,0,0.3808541595935822,0.8883289694786072,0.2565573751926422,-0.1010946929454804,-0.2357998192310333,0.9665290117263794],"rotationconfidence":1},"19":{"id":19,"position":[84.12736654281616,-1040.769577026367,2657.729148864746],"positionconfidence":1,"rotation":[0.9473604559898376,0.3201691806316376,0,0.070928193628788,-0.2098720669746399,-0.9751527905464172,-0.3122138381004334,0.9238210916519165,-0.2215334922075272],"rotationconfidence":1},"20":{"id":20,"position":[109.7696721553803,-1116.64354801178,2675.923824310303],"positionconfidence":1,"rotation":[0.9473604559898376,0.3201691806316376,0,0.070928193628788,-0.2098720669746399,-0.9751527905464172,-0.3122138381004334,0.9238210916519165,-0.2215334922075272],"rotationconfidence":1},"21":{"id":21,"position":[434.6081912517548,-515.9378051757812,2836.100339889526],"positionconfidence":1,"rotation":[0.9598288536071777,0.2350174188613892,-0.1532820016145706,-0.1466573774814606,0.885938286781311,0.4400056302547455,0.23920738697052,-0.3998501598834992,0.8848161697387695],"rotationconfidence":1},"22":{"id":22,"position":[484.8178625106812,-819.2479610443115,2685.459852218628],"positionconfidence":1,"rotation":[0.9218745827674866,0.3781639933586121,-0.08449416607618332,-0.3160145282745361,0.8599264025688171,0.4008256494998932,0.2242365926504135,-0.3428095877170563,0.9122496247291565],"rotationconfidence":1},"23":{"id":23,"position":[581.8206667900085,-1083.208203315735,2562.423706054688],"positionconfidence":0.5,"rotation":[0.9527498483657837,-0.3037558794021606,0,0.3011453747749329,0.9445618391036987,-0.1308220028877258,0.03973795473575592,0.1246406510472298,0.9914059042930603],"rotationconfidence":0.5},"24":{"id":24,"position":[578.0156254768372,-1095.142960548401,2467.493295669556],"positionconfidence":0.5,"rotation":[0.9527498483657837,-0.3037558794021606,0,0.3011453747749329,0.9445618391036987,-0.1308220028877258,0.03973795473575592,0.1246406510472298,0.9914059042930603],"rotationconfidence":0.5}},"skeletonTracked":true,"frameCount":6},{"position":[347.0667898654938,-521.6843485832214,2744.08769607544],"positionTracked":true,"id":4425,"skeleton":{"1":{"id":1,"position":[386.5621685981751,93.71768683195114,3013.513088226318],"positionconfidence":1,"rotation":[0.9999869465827942,0.0051078493706882,0,-0.005080573726445437,0.9946470856666565,0.1032058522105217,0.0005271599511615932,-0.1032045036554337,0.9946600794792175],"rotationconfidence":1},"2":{"id":2,"position":[387.5110745429993,-92.05394983291626,2994.237184524536],"positionconfidence":1,"rotation":[0.977523922920227,0.02669253200292587,-0.2091283351182938,-0.005080573726445437,0.9946470856666565,0.1032058522105217,0.210763692855835,-0.09982369095087051,0.9724268317222595],"rotationconfidence":1},"3":{"id":3,"position":[378.2036900520325,-399.9109864234924,2940.400838851929],"positionconfidence":1,"rotation":[0.9770206212997437,0.007711200509220362,-0.2130057960748673,0.02976768277585506,0.9846150279045105,0.1721840649843216,0.2110564112663269,-0.1745680421590805,0.9617594480514526],"rotationconfidence":1},"4":{"id":4,"position":[364.7064864635468,-442.7110552787781,2881.871700286865],"positionconfidence":1,"rotation":[0.967896580696106,0.03511764481663704,-0.2488834708929062,0.1830025315284729,0.5803069472312927,0.793570339679718,0.1722971349954605,-0.8136403560638428,0.5552505254745483],"rotationconfidence":1},"6":{"id":6,"position":[207.3158472776413,-196.318730711937,3010.192632675171],"positionconfidence":1,"rotation":[0.3857240080833435,0.8682669997215271,0.3119765222072601,0.528377890586853,0.06930919736623764,-0.8461756110191345,-0.7563292384147644,0.491231769323349,-0.4320388734340668],"rotationconfidence":1},"7":{"id":7,"position":[122.8932440280914,-386.3545060157776,2941.910982131958],"positionconfidence":1,"rotation":[-0.3912303447723389,0.1896621137857437,0.9005370736122131,0.5243138074874878,0.850129246711731,0.04873777180910111,-0.7563292384147644,0.491231769323349,-0.4320388734340668],"rotationconfidence":1},"8":{"id":8,"position":[205.8549225330353,-426.5729784965515,2750.949144363403],