{"motiondata":[{"position":[329.0447592735291,-529.9554467201233,2663.544654846191],"positionTracked":true,"id":5007,"skeleton":{"1":{"id":1,"position":[377.698689699173,40.27195647358894,2895.96962928772],"positionconfidence":1,"rotation":[0.9999674558639526,0.008054378442466259,0,-0.008049375377595425,0.9993463158607483,0.03524225577712059,0.0002838544605765492,-0.03524110838770866,0.9993786215782166],"rotationconfidence":1},"2":{"id":2,"position":[379.2312741279602,-150.0015109777451,2889.259576797485],"positionconfidence":1,"rotation":[0.9878785014152527,0.01341073680669069,-0.1546486020088196,-0.008049375377595425,0.9993463158607483,0.03524225577712059,0.1550201624631882,-0.03357024863362312,0.9873408079147339],"rotationconfidence":1},"3":{"id":3,"position":[360.1078391075134,-460.343599319458,2838.585615158081],"positionconfidence":1,"rotation":[0.9862350225448608,-0.03436275944113731,-0.1617396920919418,0.06070296838879585,0.9851098656654358,0.1608528941869736,0.1538040190935135,-0.1684568524360657,0.9736357927322388],"rotationconfidence":1},"4":{"id":4,"position":[348.1999933719635,-505.0480961799622,2783.163547515869],"positionconfidence":1,"rotation":[0.9760605692863464,0.009400363080203533,-0.2172964215278626,0.1649435758590698,0.6192320585250854,0.7676883339881897,0.1417734324932098,-0.7851518988609314,0.6028573513031006],"rotationconfidence":1},"6":{"id":6,"position":[196.3373571634293,-246.5089112520218,2907.007932662964],"positionconfidence":1,"rotation":[0.3075636029243469,0.9498884677886963,0.05582476779818535,0.2881814241409302,-0.03707567602396011,-0.9568577408790588,-0.9068384766578674,0.3103823065757752,-0.2851433753967285],"rotationconfidence":1},"7":{"id":7,"position":[136.374905705452,-431.6987097263336,2896.124362945557],"positionconfidence":1,"rotation":[-0.2436520904302597,0.1659790128469467,0.9555545449256897,0.3439150452613831,0.936009407043457,-0.0748908594250679,-0.9068384766578674,0.3103823065757752,-0.2851433753967285],"rotationconfidence":1},"8":{"id":8,"position":[194.4552361965179,-471.2637960910797,2668.344974517822],"positionconfidence":1,"rotation":[-0.05759808048605919,-0.8718305826187134,0.4864092469215393,0,0.4872180819511414,0.8732802867889404,-0.998339831829071,0.0502992682158947,-0.02806282602250576],"rotationconfidence":1},"9":{"id":9,"position":[196.8654841184616,-434.7811937332153,2647.990703582764],"positionconfidence":0.5,"rotation":[-0.05759808048605919,-0.8718305826187134,0.4864092469215393,0,0.4872180819511414,0.8732802867889404,-0.998339831829071,0.0502992682158947,-0.02806282602250576],"rotationconfidence":0.5},"12":{"id":12,"position":[539.3168330192566,-244.1380023956299,2853.238105773926],"positionconfidence":1,"rotation":[0.325072854757309,-0.9454583525657654,0.02088379859924316,-0.4579331278800964,-0.1766938120126724,-0.8712499141693115,0.8274205327033997,0.2736563086509705,-0.4903950691223145],"rotationconfidence":1},"13":{"id":13,"position":[608.7825894355774,-446.1757242679596,2857.700824737549],"positionconfidence":1,"rotation":[-0.4208200573921204,-0.2761039435863495,-0.8641048073768616,-0.3718677461147308,0.921346127986908,-0.1132940053939819,0.8274205327033997,0.2736563086509705,-0.4903950691223145],"rotationconfidence":1},"14":{"id":14,"position":[524.0123271942139,-501.7942786216736,2683.634996414185],"positionconfidence":1,"rotation":[-0.3478852808475494,-0.02276252210140228,-0.9372607469558716,0,-0.9997051954269409,0.02427906170487404,-0.9375370740890503,0.008446328341960907,0.3477827310562134],"rotationconfidence":1},"15":{"id":15,"position":[505.7996511459351,-502.985954284668,2634.567022323608],"positionconfidence":1,"rotation":[-0.3478852808475494,-0.02276252210140228,-0.9372607469558716,0,-0.9997051954269409,0.02427906170487404,-0.9375370740890503,0.008446328341960907,0.3477827310562134],"rotationconfidence":1},"17":{"id":17,"position":[267.7978575229645,-580.2823901176453,2772.33099937439],"positionconfidence":1,"rotation":[0.9184774160385132,-0.2025612592697144,-0.3396589457988739,0.3501120805740356,0.8158758878707886,0.4601827263832092,0.1839043349027634,-0.5415861010551453,0.8202826380729675],"rotationconfidence":1},"18":{"id":18,"position":[158.168837428093,-835.7539176940918,2628.236055374146],"positionconfidence":1,"rotation":[0.868125319480896,-0.4963450729846954,0,0.4527322351932526,0.79184490442276,0.4098965525627136,-0.2034501284360886,-0.3558415770530701,0.9121320247650146],"rotationconfidence":1},"19":{"id":19,"position":[9.853226132690907,-1095.163226127625,2493.953466415405],"positionconfidence":0.5,"rotation":[0.08078569918870926,-0.9967314600944519,0,0.9489685893058777,0.07691448926925659,-0.3058473467826843,0.3048476874828339,0.02470809407532215,0.952080488204956],"rotationconfidence":0.5},"20":{"id":20,"position":[-18.14787276089191,-1097.432732582092,2406.50224685669],"positionconfidence":0.5,"rotation":[0.08078569918870926,-0.9967314600944519,0,0.9489685893058777,0.07691448926925659,-0.3058473467826843,0.3048476874828339,0.02470809407532215,0.952080488204956],"rotationconfidence":0.5},"21":{"id":21,"position":[415.6769812107086,-577.7554512023926,2740.845441818237],"positionconfidence":1,"rotation":[0.9718099236488342,0.2118771225214005,-0.1034097597002983,-0.1361817121505737,0.8624988198280334,0.4873913824558258,0.1924578696489334,-0.4595692157745361,0.8670386672019958],"rotationconfidence":1},"22":{"id":22,"position":[459.56751704216,-855.7335734367371,2583.762168884277],"positionconfidence":1,"rotation":[0.9142026305198669,0.4052507281303406,0.002310510957613587,-0.3376328051090241,0.758485734462738,0.5574077367782593,0.2241373956203461,-0.5103636980056763,0.8302356004714966],"rotationconfidence":1},"23":{"id":23,"position":[568.1902766227722,-1099.752545356751,2404.433727264404],"positionconfidence":0.5,"rotation":[0.1859880089759827,0.9825519919395447,0,-0.982548177242279,0.1859872937202454,-0.002807824173942208,-0.002758833346888423,0.0005222216132096946,0.9999961256980896],"rotationconfidence":0.5},"24":{"id":24,"position":[568.4440732002258,-1099.80058670044,2312.439918518066],"positionconfidence":0.5,"rotation":[0.1859880089759827,0.9825519919395447,0,-0.982548177242279,0.1859872937202454,-0.002807824173942208,-0.002758833346888423,0.0005222216132096946,0.9999961256980896],"rotationconfidence":0.5}},"skeletonTracked":true,"frameCount":1},{"position":[324.5415985584259,-535.1755619049072,2662.15443611145],"positionTracked":true,"id":5007,"skeleton":{"1":{"id":1,"position":[378.1075179576874,40.21082818508148,2896.242141723633],"positionconfidence":1,"rotation":[0.9999681711196899,0.007979587651789188,0,-0.007974445819854736,0.999323844909668,0.03588924184441567,0.0002863813424482942,-0.03588809818029404,0.999355673789978],"rotationconfidence":1},"2":{"id":2,"position":[379.6232044696808,-149.7285962104797,2889.420747756958],"positionconfidence":1,"rotation":[0.9876841306686401,0.01347971614450216,-0.1558786928653717,-0.007974445819854736,0.999323844909668,0.03588924184441567,0.1562571078538895,-0.03420419245958328,0.9871240258216858],"rotationconfidence":1},"3":{"id":3,"position":[360.252320766449,-459.8871767520905,2838.517427444458],"positionconfidence":1,"rotation":[0.9860182404518127,-0.03483724221587181,-0.1629554778337479,0.06151355430483818,0.984929621219635,0.1616469472646713,0.1548683345317841,-0.1694108098745346,0.9733015298843384],"rotationconfidence":1},"4":{"id":4,"position":[348.284125328064,-504.7057867050171,2783.06245803833],"positionconfidence":1,"rotation":[0.9757742285728455,0.009858524426817894,-0.2185575664043427,0.165536642074585,0.6199031472206116,0.7670186161994934,0.1430462151765823,-0.7846164107322693,0.6032536625862122],"rotationconfidence":1},"6":{"id":6,"position":[196.6488659381867,-246.0440397262573,2907.445907592773],"positionconfidence":1,"rotation":[0.3175936341285706,0.9436182379722595,0.09337508678436279,0.2990226149559021,-0.006217313464730978,-0.9542257785797119,-0.8998442888259888,0.3309772908687592,-0.2841377854347229],"rotationconfidence":1},"7":{"id":7,"position":[133.8435113430023,-432.6481521129608,2888.980627059937],"positionconfidence":1,"rotation":[-0.2562569081783295,0.1260331720113754,0.9583569765090942,0.3530051708221436,0.9351842999458313,-0.02859501354396343,-0.8998442888259888,0.3309772908687592,-0.2841377854347229],"rotationconfidence":1},"8":{"id":8,"position":[194.3040639162064,-462.3840749263763,2662.868499755859],"positionconfidence":1,"rotation":[-0.4142386913299561,-0.8901874423027039,0.1896642744541168,0,0.2083837538957596,0.9780471324920654,-0.9101682305335999,0.4051449596881867,-0.08632061630487442],"rotationconfidence":1},"9":{"id":9,"position":[212.786540389061,-422.6657450199127,2654.406070709229],"positionconfidence":0.5,"rotation":[-0.4142386913299561,-0.8901874423027039,0.1896642744541168,0,0.2083837538957596,0.9780471324920654,-0.9101682305335999,0.4051449596881867,-0.08632061630487442],"rotationconfidence":0.5},"12":{"id":12,"position":[539.5624041557312,-244.0241128206253,2853.23429107666],"positionconfidence":1,"rotation":[0.3143922984600067,-0.9492052793502808,0.01291309949010611,-0.4554080963134766,-0.1627460271120071,-0.8752811551094055,0.8329231142997742,0.2693009376525879,-0.4834418892860413],"rotationconfidence":1},"13":{"id":13,"position":[606.8043112754822,-447.0391869544983,2855.996131896973],"positionconfidence":1,"rotation":[-0.4146662950515747,-0.2747795283794403,-0.8674952387809753,-0.3664572238922119,0.9230238795280457,-0.1172001957893372,0.8329231142997742,0.2693009376525879,-0.4834418892860413],"rotationconfidence":1},"14":{"id":14,"position":[521.9752192497253,-503.2513737678528,2678.530931472778],"positionconfidence":1,"rotation":[-0.3390754461288452,0.02336921915411949,-0.9404689073562622,0,-0.999691367149353,-0.02484080567955971,-0.9407591819763184,-0.008422907441854477,0.338970810174942],"rotationconfidence":1},"15":{"id":15,"position":[506.1193704605103,-502.1585822105408,2634.552717208862],"positionconfidence":1,"rotation":[-0.3390754461288452,0.02336921915411949,-0.9404689073562622,0,-0.999691367149353,-0.02484080567955971,-0.9407591819763184,-0.008422907441854477,0.338970810174942],"rotationconfidence":1},"17":{"id":17,"position":[267.8216397762299,-580.0278782844543,2772.456645965576],"positionconfidence":1,"rotation":[0.9182083606719971,-0.2016218155622482,-0.3409430086612701,0.3500773310661316,0.8157753944396973,0.4603872299194336,0.1853088140487671,-0.5420877933502197,0.8196349740028381],"rotationconfidence":1},"18":{"id":18,"position":[158.1071615219116,-835.6924653053284,2628.170967102051],"positionconfidence":1,"rotation":[0.8679799437522888,-0.4965991377830505,0,0.4528151452541351,0.791452169418335,0.4105630218982697,-0.2038852423429489,-0.3563604652881622,0.9118322134017944],"rotationconfidence":1},"19":{"id":19,"position":[9.92209929972887,-1094.69747543335,2493.813037872315],"positionconfidence":0.5,"rotation":[0.07907623797655106,-0.9968684911727905,0,0.9488908052444458,0.07527042180299759,-0.3064968883991242,0.3055371344089508,0.02423662319779396,0.9518715739250183],"rotationconfidence":0.5},"20":{"id":20,"position":[-18.13823357224464,-1096.923351287842,2406.393766403198],"positionconfidence":0.5,"rotation":[0.07907623797655106,-0.9968684911727905,0,0.9488908052444458,0.07527042180299759,-0.3064968883991242,0.3055371344089508,0.02423662319779396,0.9518715739250183],"rotationconfidence":0.5},"21":{"id":21,"position":[415.7433211803436,-577.4738788604736,2740.702629089356],"positionconfidence":1,"rotation":[0.971568763256073,0.2121421098709106,-0.105117030441761,-0.1356637328863144,0.8627063035964966,0.4871684014797211,0.1940340846776962,-0.459057092666626,0.8669586181640625],"rotationconfidence":1},"22":{"id":22,"position":[459.4933688640595,-855.6870818138123,2583.596229553223],"positionconfidence":1,"rotation":[0.9151556491851807,0.4030974507331848,-0.001642188988626003,-0.3336172699928284,0.7596881985664368,0.5581876635551453,0.2262515723705292,-0.5102807283401489,0.8297132253646851],"rotationconfidence":1},"23":{"id":23,"position":[566.695511341095,-1099.799752235413,2404.232263565064],"positionconfidence":0.5,"rotation":[0.8264964818954468,-0.5629419088363647,0,0.5629408955574036,0.8264949321746826,-0.001935768406838179,0.001089725061319768,0.001599905779585242,0.999998152256012],"rotationconfidence":0.5},"24":{"id":24,"position":[566.5953159332275,-1099.946856498718,2312.286853790283],"positionconfidence":0.5,"rotation":[0.8264964818954468,-0.5629419088363647,0,0.5629408955574036,0.8264949321746826,-0.001935768406838179,0.001089725061319768,0.001599905779585242,0.999998152256012],"rotationconfidence":0.5}},"skeletonTracked":true,"frameCount":2},{"position":[323.6619234085083,-534.9857807159424,2662.665843963623],"positionTracked":true,"id":5007,"skeleton":{"1":{"id":1,"position":[378.8169920444489,39.11688178777695,2898.585319519043],"positionconfidence":1,"rotation":[0.9999806880950928,0.0062182885594666,0,-0.006211453583091497,0.9988815784454346,0.04687211290001869,0.0002914643264375627,-0.04687120765447617,0.9989008903503418],"rotationconfidence":1},"2":{"id":2,"position":[379.9909055233002,-149.6634930372238,2889.726877212524],"positionconfidence":1,"rotation":[0.9875752925872803,0.01348796579986811,-0.1565665006637573,-0.006211453583091497,0.9988815784454346,0.04687211290001869,0.1570236086845398,-0.04531723633408546,0.9865545630455017],"rotationconfidence":1},"3":{"id":3,"position":[360.354870557785,-459.553062915802,2838.47188949585],"positionconfidence":1,"rotation":[0.9858713746070862,-0.03539007157087326,-0.1637224107980728,0.06239349022507668,0.9846739172935486,0.162862703204155,0.1554494798183441,-0.170776903629303,0.9729700088500977],"rotationconfidence":1},"4":{"id":4,"position":[348.3418226242065,-504.4251084327698,2782.983064651489],"positionconfidence":1,"rotation":[0.9755622744560242,0.01024019345641136,-0.2194851934909821,0.1660042852163315,0.6200717687606812,0.7667814493179321,0.1439485251903534,-0.7844783663749695,0.6032185554504395],"rotationconfidence":1},"6":{"id":6,"position":[196.8703269958496,-245.7297742366791,2907.758712768555],"positionconfidence":1,"rotation":[0.3210572004318237,0.9402159452438354,0.1136495098471642,0.3070554137229919,0.0101793147623539,-0.9516372084617615,-0.8959013819694519,0.3404266834259033,-0.2854302525520325],"rotationconfidence":1},"7":{"id":7,"position":[132.9068243503571,-433.0468773841858,2885.116577148438],"positionconfidence":1,"rotation":[-0.2650759518146515,0.1059582680463791,0.9583880305290222,0.3565045595169067,0.9342818856239319,-0.004689231514930725,-0.8959013819694519,0.3404266834259033,-0.2854302525520325],"rotationconfidence":1},"8":{"id":8,"position":[194.915845990181,-457.8336179256439,2660.921573638916],"positionconfidence":1,"rotation":[-0.5662286281585693,-0.8239741325378418,0.0212569534778595,0,0.02578950300812721,0.9996673464775085,-0.8242482542991638,0.5660402774810791,-0.01460275519639254],"rotationconfidence":1},"9":{"id":9,"position":[224.1614460945129,-415.275514125824,2659.823656082153],"positionconfidence":0.5,"rotation":[-0.5662286281585693,-0.8239741325378418,0.0212569534778595,0,0.02578950300812721,0.9996673464775085,-0.8242482542991638,0.5660402774810791,-0.01460275519639254],"rotationconfidence":0.5},"12":{"id":12,"position":[539.90638256073,-244.1298961639404,2853.233337402344],"positionconfidence":1,"rotation":[0.3350242674350739,-0.941604733467102,-0.03375369682908058,-0.5133914947509766,-0.1523920595645905,-0.8445152640342712,0.7900557518005371,0.3002619445323944,-0.5344668626785278],"rotationconfidence":1},"13":{"id":13,"position":[615.0786280632019,-455.4057717323303,2845.659732818604],"positionconfidence":1,"rotation":[-0.5026459693908691,-0.1818101108074188,-0.8451581001281738,-0.3509402871131897,0.9363696575164795,0.007285332307219505,0.7900557518005371,0.3002619445323944,-0.5344668626785278],"rotationconfidence":1},"14":{"id":14,"position":[501.2074112892151,-496.5936839580536,2654.194593429565],"positionconfidence":1,"rotation":[0.2137437164783478,-0.1842509806156158,-0.9593565464019775,0,-0.9820520281791687,0.1886098086833954,-0.9768896102905273,-0.04031416028738022,-0.2099074572324753],"rotationconfidence":1},"15":{"id":15,"position":[505.8068633079529,-500.5584955215454,2633.550643920898],"positionconfidence":1,"rotation":[0.2137437164783478,-0.1842509806156158,-0.9593565464019775,0,-0.9820520281791687,0.1886098086833954,-0.9768896102905273,-0.04031416028738022,-0.2099074572324753],"rotationconfidence":1},"17":{"id":17,"position":[267.8193151950836,-579.8162817955017,2772.558927536011],"positionconfidence":1,"rotation":[0.9178803563117981,-0.2010497748851776,-0.3421614766120911,0.3503539562225342,0.8154869079589844,0.4606876373291016,0.1864070892333984,-0.5427337884902954,0.8189581036567688],"rotationconfidence":1},"18":{"id":18,"position":[157.918393611908,-835.6226086616516,2628.047943115234],"positionconfidence":1,"rotation":[0.8681400418281555,-0.4963194131851196,0,0.4524694979190826,0.7914397120475769,0.4109677374362946,-0.203971266746521,-0.356777548789978,0.9116498827934265],"rotationconfidence":1},"19":{"id":19,"position":[10.01327391713858,-1094.331741333008,2493.709087371826],"positionconfidence":0.5,"rotation":[0.07809591293334961,-0.996945858001709,0,0.9488139152526855,0.07432548701763153,-0.3069655299186707,0.3060280084609985,0.02397275157272816,0.9517205953598022],"rotationconfidence":0.5},"20":{"id":20,"position":[-18.08801293373108,-1096.533060073853,2406.316518783569],"positionconfidence":0.5,"rotation":[0.07809591293334961,-0.996945858001709,0,0.9488139152526855,0.07432548701763153,-0.3069655299186707,0.3060280084609985,0.02397275157272816,0.9517205953598022],"rotationconfidence":0.5},"21":{"id":21,"position":[415.779709815979,-577.25989818573,2740.575075149536],"positionconfidence":1,"rotation":[0.9714794158935547,0.211675763130188,-0.1068698167800903,-0.1344698369503021,0.863004744052887,0.4869710803031921,0.1953091025352478,-0.4587115347385407,0.8668552041053772],"rotationconfidence":1},"22":{"id":22,"position":[459.2182040214539,-856.0408353805542,2583.266258239746],"positionconfidence":1,"rotation":[0.9147883057594299,0.4039224982261658,-0.002999808173626661,-0.3335829079151154,0.7596321105957031,0.5582844018936157,0.2277823835611343,-0.5097113847732544,0.8296442031860352],"rotationconfidence":1},"23":{"id":23,"position":[566.2264823913574,-1099.719166755676,2404.177188873291],"positionconfidence":0.5,"rotation":[0.6366986036300659,-0.7711127996444702,0,0.7711091041564941,0.6366955041885376,-0.003116403939202428,0.002403098857030273,0.001984209986403585,0.9999951720237732],"rotationconfidence":0.5},"24":{"id":24,"position":[566.0055875778198,-1099.901556968689,2312.256813049316],"positionconfidence":0.5,"rotation":[0.6366986036300659,-0.7711127996444702,0,0.7711091041564941,0.6366955041885376,-0.003116403939202428,0.002403098857030273,0.001984209986403585,0.9999951720237732],"rotationconfidence":0.5}},"skeletonTracked":true,"frameCount":3},{"position":[326.8041610717773,-537.2097492218018,2662.986993789673],"positionTracked":true,"id":5007,"skeleton":{"1":{"id":1,"position":[379.5738220214844,38.35730999708176,2900.789737701416],"positionconfidence":1,"rotation":[0.9999917149543762,0.004057587124407291,0,-0.004051137715578079,0.9984022378921509,0.05636189505457878,0.0002286933013238013,-0.05636142939329147,0.9984104037284851],"rotationconfidence":1},"2":{"id":2,"position":[380.3370296955109,-149.7350931167603,2890.171527862549],"positionconfidence":1,"rotation":[0.9874765276908875,0.01288328785449266,-0.1572391986846924,-0.004051137715578079,0.9984022378921509,0.05636189505457878,0.1577140837907791,-0.05501904711127281,0.9859508872032166],"rotationconfidence":1},"3":{"id":3,"position":[360.4302108287811,-459.3092799186707,2838.43994140625],"positionconfidence":1,"rotation":[0.9857317805290222,-0.03590602055191994,-0.164449006319046,0.06329724192619324,0.9843456745147705,0.1644897013902664,0.1559685319662094,-0.1725519299507141,0.9725737571716309],"rotationconfidence":1},"4":{"id":4,"position":[348.3820259571075,-504.2051076889038,2782.919883728027],"positionconfidence":1,"rotation":[0.975398600101471,0.01054740976542234,-0.220196396112442,0.1663874089717865,0.6200187802314758,0.766741156578064,0.1446130275726318,-0.7845160961151123,0.6030104756355286],"rotationconfidence":1},"6":{"id":6,"position":[197.038546204567,-245.5085664987564,2907.99617767334],"positionconfidence":1,"rotation":[0.3240272998809815,0.9376094937324524,0.1260740160942078,0.311824768781662,0.01996750198304653,-0.9499297738075256,-0.8931806087493896,0.3471162021160126,-0.2858998775482178],"rotationconfidence":1},"7":{"id":7,"position":[132.2040110826492,-433.1145882606506,2882.77006149292],"positionconfidence":1,"rotation":[-0.270098477602005,0.09422146528959274,0.9582114815711975,0.3595486283302307,0.9330770373344421,0.009598772041499615,-0.8931806087493896,0.3471162021160126,-0.2858998775482178],"rotationconfidence":1},"8":{"id":8,"position":[195.1097398996353,-455.0586938858032,2659.603357315064],"positionconfidence":0.5,"rotation":[-0.6279274225234985,-0.7757660746574402,-0.06240342557430267,0,-0.0801820307970047,0.9967802166938782,-0.7782719135284424,0.6259056329727173,0.05034849420189858],"rotationconfidence":0.5},"9":{"id":9,"position":[230.8461368083954,-410.9085500240326,2663.15484046936],"positionconfidence":0.5,"rotation":[-0.6279274225234985,-0.7757660746574402,-0.06240342557430267,0,-0.0801820307970047,0.9967802166938782,-0.7782719135284424,0.6259056329727173,0.05034849420189858],"rotationconfidence":0.5},"12":{"id":12,"position":[540.1485562324524,-244.3648725748062,2853.175640106201],"positionconfidence":1,"rotation":[0.3408308327198029,-0.9392629265785217,-0.04024335741996765,-0.5237038135528564,-0.1541388630867004,-0.8378397822380066,0.7807487845420837,0.3066372275352478,-0.5444308519363403],"rotationconfidence":1},"13":{"id":13,"position":[617.5717115402222,-457.7279090881348,2844.03395652771],"positionconfidence":1,"rotation":[-0.5125942826271057,-0.1839458048343658,-0.8386959433555603,-0.357321172952652,0.9338829517364502,0.01356502622365952,0.7807487845420837,0.3066372275352478,-0.5444308519363403],"rotationconfidence":1},"14":{"id":14,"position":[504.1892528533936,-498.4154999256134,2658.519983291626],"positionconfidence":1,"rotation":[0.0649399533867836,-0.04164035245776177,-0.9970200061798096,0,-0.9991289973258972,0.0417284332215786,-0.9978891611099243,-0.002709842519834638,-0.06488338857889175],"rotationconfidence":1},"15":{"id":15,"position":[505.8440566062927,-499.4765818119049,2633.113861083984],"positionconfidence":1,"rotation":[0.0649399533867836,-0.04164035245776177,-0.9970200061798096,0,-0.9991289973258972,0.0417284332215786,-0.9978891611099243,-0.002709842519834638,-0.06488338857889175],"rotationconfidence":1},"17":{"id":17,"position":[267.8062319755554,-579.641580581665,2772.637128829956],"positionconfidence":1,"rotation":[0.9176214933395386,-0.2005887180566788,-0.34312504529953,0.3505518138408661,0.8153034448623657,0.4608617722988129,0.1873073726892471,-0.5431798696517944,0.8184568285942078],"rotationconfidence":1},"18":{"id":18,"position":[157.7669233083725,-835.5678915977478,2627.971172332764],"positionconfidence":1,"rotation":[0.8681797981262207,-0.4962497055530548,0,0.4522178173065186,0.7911468148231506,0.4118078052997589,-0.2043595016002655,-0.3575232028961182,0.9112706184387207],"rotationconfidence":1},"19":{"id":19,"position":[10.10240986943245,-1093.904256820679,2493.501901626587],"positionconfidence":0.5,"rotation":[0.07529392838478088,-0.9971614480018616,0,0.9489020109176636,0.0716499388217926,-0.3073295056819916,0.3064571022987366,0.02314004488289356,0.9516031742095947],"rotationconfidence":0.5},"20":{"id":20,"position":[-18.03737506270409,-1096.029043197632,2406.122922897339],"positionconfidence":0.5,"rotation":[0.07529392838478088,-0.9971614480018616,0,0.9489020109176636,0.0716499388217926,-0.3073295056819916,0.3064571022987366,0.02314004488289356,0.9516031742095947],"rotationconfidence":0.5},"21":{"id":21,"position":[415.79669713974,-577.0956873893738,2740.458488464356],"positionconfidence":1,"rotation":[0.9713672399520874,0.2115018665790558,-0.1082247123122215,-0.1337380707263947,0.8632669448852539,0.4867075681686401,0.1963663846254349,-0.4582980573177338,0.8668351173400879],"rotationconfidence":1},"22":{"id":22,"position":[459.0267837047577,-856.1419248580933,2583.132982254028],"positionconfidence":1,"rotation":[0.914879560470581,0.4037075638771057,-0.003960614092648029,-0.3328354358673096,0.7597494125366211,0.5585708618164062,0.2285083532333374,-0.5097068548202515,0.8294473886489868],"rotationconfidence":1},"23":{"id":23,"position":[565.7004714012146,-1099.641442298889,2404.11114692688],"positionconfidence":0.5,"rotation":[0.5442095994949341,-0.8389493823051453,0,0.8389426469802856,0.5442052483558655,-0.004011776298284531,0.00336567685008049,0.002183246891945601,0.9999919533729553],"rotationconfidence":0.5},"24":{"id":24,"position":[565.3911828994751,-1099.842071533203,2312.216997146606],"positionconfidence":0.5,"rotation":[0.5442095994949341,-0.8389493823051453,0,0.8389426469802856,0.5442052483558655,-0.004011776298284531,0.00336567685008049,0.002183246891945601,0.9999919533729553],"rotationconfidence":0.5}},"skeletonTracked":true,"frameCount":4},{"position":[326.0536789894104,-532.7354669570923,2665.39478302002],"positionTracked":true,"id":5007,"skeleton":{"1":{"id":1,"position":[380.1083266735077,37.41274774074554,2902.695178985596],"positionconfidence":1,"rotation":[0.9999966621398926,0.002580789616331458,0,-0.002575492486357689,0.9979441165924072,0.06403820961713791,0.0001652691425988451,-0.0640379935503006,0.9979474544525146],"rotationconfidence":1},"2":{"id":2,"position":[380.5918097496033,-149.9258279800415,2890.673637390137],"positionconfidence":1,"rotation":[0.9873833656311035,0.01267682481557131,-0.1578395962715149,-0.002575492486357689,0.9979441165924072,0.06403820961713791,0.1583268940448761,-0.06282375007867813,0.985386073589325],"rotationconfidence":1},"3":{"id":3,"position":[360.4851067066193,-459.1317176818848,2838.416337966919],"positionconfidence":1,"rotation":[0.9856113195419312,-0.03618704155087471,-0.165108934044838,0.06398627907037735,0.9839969873428345,0.1663002818822861,0.1564487665891647,-0.1744721382856369,0.9721539616584778],"rotationconfidence":1},"4":{"id":4,"position":[348.406970500946,-504.0395855903626,2782.870054244995],"positionconfidence":1,"rotation":[0.9752691984176636,0.01075327955186367,-0.2207589745521545,0.1667260676622391,0.6199063062667847,0.7667585015296936,0.1450950503349304,-0.7846022248268127,0.602782666683197],"rotationconfidence":1},"6":{"id":6,"position":[197.1661746501923,-245.356947183609,2908.177614212036],"positionconfidence":1,"rotation":[0.3051024675369263,0.939220666885376,0.1574068367481232,0.3116612732410431,0.05770972743630409,-0.9484390616416931,-0.8998776078224182,0.3384287357330322,-0.2751113772392273],"rotationconfidence":1},"7":{"id":7,"position":[135.0025683641434,-436.7200136184692,2876.10650062561],"positionconfidence":1,"rotation":[-0.2665589451789856,0.07249917834997177,0.9610880017280579,0.345205157995224,0.938194990158081,0.02497082017362118,-0.8998776078224182,0.3384287357330322,-0.2751113772392273],"rotationconfidence":1},"8":{"id":8,"position":[195.3136920928955,-453.123539686203,2658.652544021606],"positionconfidence":1,"rotation":[-0.6591569185256958,-0.7442980408668518,-0.1073895022273064,0,-0.1428041756153107,0.9897509813308716,-0.752005398273468,0.6524012088775635,0.09413035959005356],"rotationconfidence":1},"9":{"id":9,"position":[235.1024448871613,-408.1954061985016,2665.134906768799],"positionconfidence":0.5,"rotation":[-0.6591569185256958,-0.7442980408668518,-0.1073895022273064,0,-0.1428041756153107,0.9897509813308716,-0.752005398273468,0.6524012088775635,0.09413035959005356],"rotationconfidence":0.5},"12":{"id":12,"position":[540.2384996414185,-244.6007579565048,2853.102684020996],"positionconfidence":1,"rotation":[0.3691378533840179,-0.9292322397232056,-0.01627017185091972,-0.4933192729949951,-0.1810745000839233,-0.8507927656173706,0.7876379489898682,0.3220861852169037,-0.5252496004104614],"rotationconfidence":1},"13":{"id":13,"position":[625.5584955215454,-459.3771398067474,2849.342107772827],"positionconfidence":1,"rotation":[-0.4865268766880035,-0.1979376673698425,-0.8509478569030762,-0.3780452311038971,0.9257868528366089,0.0008003673865459859,0.7876379489898682,0.3220861852169037,-0.5252496004104614],"rotationconfidence":1},"14":{"id":14,"position":[526.2969732284546,-499.7605085372925,2675.731182098389],"positionconfidence":1,"rotation":[-0.4289675951004028,0.02380094490945339,-0.9030061960220337,0,-0.9996528029441833,-0.0263483040034771,-0.903319776058197,-0.01130256894975901,0.4288186728954315],"rotationconfidence":1},"15":{"id":15,"position":[505.9096217155457,-498.6293315887451,2632.814407348633],"positionconfidence":1,"rotation":[-0.4289675951004028,0.02380094490945339,-0.9030061960220337,0,-0.9996528029441833,-0.0263483040034771,-0.903319776058197,-0.01130256894975901,0.4288186728954315],"rotationconfidence":1},"17":{"id":17,"position":[267.7884697914124,-579.4986486434937,2772.694110870361],"positionconfidence":1,"rotation":[0.9173458814620972,-0.2003597170114517,-0.3439951837062836,0.3509041368961334,0.8150475025177002,0.4610465168952942,0.1879972666501999,-0.5436484217643738,0.8179875016212463],"rotationconfidence":1},"18":{"id":18,"position":[157.5636565685272,-835.5185985565186,2627.871751785278],"positionconfidence":1,"rotation":[0.8683415651321411,-0.4959665834903717,0,0.4517671167850494,0.7909568548202515,0.4126664698123932,-0.2046687752008438,-0.3583354353904724,0.9108821153640747],"rotationconfidence":1},"19":{"id":19,"position":[10.20736247301102,-1093.510985374451,2493.269205093384],"positionconfidence":0.5,"rotation":[0.07254903018474579,-0.9973648190498352,0,0.9489915370941162,0.06903032213449478,-0.3076518774032593,0.3068411648273468,0.0223198439925909,0.9514989256858826],"rotationconfidence":0.5},"20":{"id":20,"position":[-17.96731539070606,-1095.560431480408,2405.900955200195],"positionconfidence":0.5,"rotation":[0.07254903018474579,-0.9973648190498352,0,0.9489915370941162,0.06903032213449478,-0.3076518774032593,0.3068411648273468,0.0223198439925909,0.9514989256858826],"rotationconfidence":0.5},"21":{"id":21,"position":[415.7986342906952,-576.9707560539246,2740.357160568237],"positionconfidence":1,"rotation":[0.9712812900543213,0.2113382071256638,-0.1093109846115112,-0.1331309974193573,0.8634817600250244,0.4864930510520935,0.19720259308815,-0.4579688906669617,0.8668192625045776],"rotationconfidence":1},"22":{"id":22,"position":[458.8583111763001,-856.2539219856262,2583.006620407105],"positionconfidence":1,"rotation":[0.9149354696273804,0.4035733640193939,-0.004650884307920933,-0.3323076367378235,0.7598097324371338,0.5588030219078064,0.229051798582077,-0.5097231864929199,0.8292874097824097],"rotationconfidence":1},"23":{"id":23,"position":[565.2740597724915,-1099.569797515869,2404.059648513794],"positionconfidence":0.5,"rotation":[0.4874695837497711,-0.8731399178504944,0,0.8731303215026855,0.4874642491340637,-0.004671403206884861,0.0040787891484797,0.002277167048305273,0.9999890327453613],"rotationconfidence":0.5},"24":{"id":24,"position":[564.8993253707886,-1099.779009819031,2312.186717987061],"positionconfidence":0.5,"rotation":[0.4874695837497711,-0.8731399178504944,0,0.8731303215026855,0.4874642491340637,-0.004671403206884861,0.0040787891484797,0.002277167048305273,0.9999890327453613],"rotationconfidence":0.5}},"skeletonTracked":true,"frameCount":5},{"position":[326.6134560108185,-536.6892218589783,2662.563323974609],"positionTracked":true,"id":5007,"skeleton":{"1":{"id":1,"position":[380.5458545684815,36.61848232150078,2904.491186141968],"positionconfidence":1,"rotation":[0.9999991059303284,0.001337613095529378,0,-0.001334216794930399,0.9974600076675415,0.07121594995260239,0.00009525938367005438,-0.07121588289737701,0.9974609017372131],"rotationconfidence":1},"2":{"id":2,"position":[380.7956874370575,-150.1564830541611,2891.155958175659],"positionconfidence":1,"rotation":[0.9873199462890625,0.01261861249804497,-0.1582407057285309,-0.001334216794930399,0.9974600076675415,0.07121594995260239,0.1587374359369278,-0.07010180503129959,0.9848290085792542],"rotationconfidence":1},"3":{"id":3,"position":[360.5260848999023,-458.9990377426148,2838.398933410645],"positionconfidence":1,"rotation":[0.9855181574821472,-0.03638887032866478,-0.1656202226877213,0.06455881148576736,0.983665406703949,0.1680314540863037,0.1568004041910172,-0.176290288567543,0.9717692732810974],"rotationconfidence":1},"4":{"id":4,"position":[348.4236896038055,-503.9083957672119,2782.829761505127],"positionconfidence":1,"rotation":[0.9751643538475037,0.0109292333945632,-0.2212134599685669,0.1670090258121491,0.6197342276573181,0.7668361067771912,0.1454744637012482,-0.7847357392311096,0.6025173664093018],"rotationconfidence":1},"6":{"id":6,"position":[197.2658336162567,-245.2613115310669,2908.325433731079],"positionconfidence":1,"rotation":[0.3018029630184174,0.9386242628097534,0.1670312732458115,0.3128901720046997,0.06797871738672256,-0.9473534822463989,-0.9005635380744934,0.3381765186786652,-0.27317014336586],"rotationconfidence":1},"7":{"id":7,"position":[135.5620324611664,-437.1636211872101,2874.175786972046],"positionconfidence":1,"rotation":[-0.26690873503685,0.06587115675210953,0.961467981338501,0.3431399166584015,0.9387745261192322,0.03094110451638699,-0.9005635380744934,0.3381765186786652,-0.27317014336586],"rotationconfidence":1},"8":{"id":8,"position":[195.5537497997284,-451.9691467285156,2658.071517944336],"positionconfidence":1,"rotation":[-0.6754283905029297,-0.7251823544502258,-0.1338165551424027,0,-0.1814645081758499,0.9833975434303284,-0.7374255061149597,0.6642146110534668,0.122566282749176],"rotationconfidence":1},"9":{"id":9,"position":[238.0746454000473,-406.3160419464111,2666.495800018311],"positionconfidence":0.5,"rotation":[-0.6754283905029297,-0.7251823544502258,-0.1338165551424027,0,-0.1814645081758499,0.9833975434303284,-0.7374255061149597,0.6642146110534668,0.122566282749176],"rotationconfidence":0.5},"12":{"id":12,"position":[540.2889847755432,-244.7234094142914,2853.074312210083],"positionconfidence":1,"rotation":[0.3866444826126099,-0.9222187995910645,-0.004310630727559328,-0.4995955228805542,-0.205524280667305,-0.8415248394012451,0.7751840353012085,0.3275245130062103,-0.5402011871337891],"rotationconfidence":1},"13":{"id":13,"position":[630.6623816490173,-460.28071641922,2852.0667552948],"positionconfidence":1,"rotation":[-0.5226854085922241,-0.1477434486150742,-0.8396260142326355,-0.3548092842102051,0.9332199692726135,0.05666392296552658,0.7751840353012085,0.3275245130062103,-0.5402011871337891],"rotationconfidence":1},"14":{"id":14,"position":[509.7181797027588,-494.4670796394348,2657.785654067993],"positionconfidence":1,"rotation":[-0.5255879163742065,-0.04416834563016892,-0.8495920300483704,0,-0.998651385307312,0.05191760137677193,-0.8507393598556519,0.02728726342320442,0.5248790979385376],"rotationconfidence":1},"15":{"id":15,"position":[454.0603458881378,-499.1443455219269,2567.816972732544],"positionconfidence":0.5,"rotation":[-0.5255879163742065,-0.04416834563016892,-0.8495920300483704,0,-0.998651385307312,0.05191760137677193,-0.8507393598556519,0.02728726342320442,0.5248790979385376],"rotationconfidence":0.5},"17":{"id":17,"position":[267.7680850028992,-579.3790817260742,2772.736310958862],"positionconfidence":1,"rotation":[0.9171295166015625,-0.2001390159130096,-0.3446996808052063,0.3511545956134796,0.814865231513977,0.4611780345439911,0.1885840594768524,-0.5440028309822083,0.8176166415214539],"rotationconfidence":1},"18":{"id":18,"position":[157.4120074510574,-835.46382188797,2627.803564071655],"positionconfidence":1,"rotation":[0.8684360980987549,-0.4958011209964752,0,0.4514177441596985,0.7906949520111084,0.4135496914386749,-0.2050383985042572,-0.35914146900177,0.9104814529418945],"rotationconfidence":1},"19":{"id":19,"position":[10.30195783823729,-1093.139052391052,2493.03412437439],"positionconfidence":0.5,"rotation":[0.06961515545845032,-0.997573971748352,0,0.9490947127342224,0.06623205542564392,-0.3079489171504974,0.3072018027305603,0.02143791131675243,0.9514028429985046],"rotationconfidence":0.5},"20":{"id":20,"position":[-17.90637150406838,-1095.107555389404,2405.673027038574],"positionconfidence":0.5,"rotation":[0.06961515545845032,-0.997573971748352,0,0.9490947127342224,0.06623205542564392,-0.3079489171504974,0.3072018027305603,0.02143791131675243,0.9514028429985046],"rotationconfidence":0.5},"21":{"id":21,"position":[415.7890677452087,-576.8712759017944,2740.26370048523],"positionconfidence":1,"rotation":[0.9711910486221313,0.2112884819507599,-0.1102056726813316,-0.1327238827943802,0.8636858463287354,0.486242026090622,0.1979203820228577,-0.4576068818569183,0.8668468594551086],"rotationconfidence":1},"22":{"id":22,"position":[458.7305784225464,-856.3083410263062,2582.944869995117],"positionconfidence":1,"rotation":[0.9151462912559509,0.4030884504318237,-0.005188953131437302,-0.3315144777297974,0.7598481774330139,0.5592216849327087,0.2293586134910584,-0.5100494623184204,0.8290019035339355],"rotationconfidence":1},"23":{"id":23,"position":[564.825713634491,-1099.483847618103,2403.976202011108],"positionconfidence":0.5,"rotation":[0.4201045036315918,-0.9074757695198059,0,0.9074636101722717,0.4200988709926605,-0.005189857911318541,0.004709669854491949,0.002180282492190599,0.9999865889549255],"rotationconfidence":0.5},"24":{"id":24,"position":[564.3931031227112,-1099.684119224548,2312.121629714966],"positionconfidence":0.5,"rotation":[0.4201045036315918,-0.9074757695198059,0,0.9074636101722717,0.4200988709926605,-0.005189857911318541,0.004709669854491949,0.002180282492190599,0.9999865889549255],"rotationconfidence":0.5}},"skeletonTracked":true,"frameCount":6},{"position":[324.8730003833771,-532.8078866004944,2666.373252868652],"positionTracked":true,"id":5007,"skeleton":{"1":{"id":1,"position":[380.8446228504181,36.0003188252449,2905.894994735718],"positionconfidence":1,"rotation":[0.9999998211860657,0.0005767703987658024,0,-0.0005751006538048387,0.997104823589325,0.07603757828474045,0.00004385622378322296,-0.07603756338357925,0.9971050024032593],"rotationconfidence":1},"2":{"id":2,"position":[380.9521794319153,-150.4804193973541,2891.674280166626],"positionconfidence":1,"rotation":[0.9872998595237732,0.01264600548893213,-0.1583637595176697,-0.0005751006538048387,0.997104823589325,0.07603757828474045,0.158866822719574,-0.07498081028461456,0.9844486713409424],"rotationconfidence":1},"3":{"id":3,"position":[360.5508506298065,-458.9022099971771,2838.390350341797],"positionconfidence":1,"rotation":[0.9854754209518433,-0.03653548285365105,-0.1658411920070648,0.0650438740849495,0.9833157062530518,0.169880747795105,0.156867578625679,-0.1782002598047257,0.9714099168777466],"rotationconfidence":1},"4":{"id":4,"position":[348.4304547309876,-503.8052201271057,2782.801151275635],"positionconfidence":1,"rotation":[0.9750896096229553,0.01105773542076349,-0.2215358018875122,0.1672241240739822,0.6195231676101685,0.7669596672058105,0.1457273960113525,-0.7849005460739136,0.6022414565086365],"rotationconfidence":1},"6":{"id":6,"position":[197.3287910223007,-245.2203035354614,2908.447265625],"positionconfidence":1,"rotation":[0.3001864552497864,0.9381915330886841,0.172292560338974,0.3154828250408173,0.07280833274126053,-0.9461339116096497,-0.9001991748809814,0.3383719325065613,-0.2741272449493408],"rotationconfidence":1},"7":{"id":7,"position":[136.0434293746948,-436.7592930793762,2873.27241897583],"positionconfidence":1,"rotation":[-0.2672781348228455,0.06767284125089645,0.9612403512001038,0.343807727098465,0.9385759830474854,0.02952038310468197,-0.900199174