{"motiondata":[{"position":[316.1407113075256,-531.5355658531189,2684.393882751465],"positionTracked":true,"id":5007,"skeleton":{"1":{"id":1,"position":[372.5497722625732,34.31550413370132,2915.561199188232],"positionconfidence":1,"rotation":[0.9999997019767761,-0.0008379964274354279,0,0.0008375551551580429,0.9994730949401855,0.03244710713624954,-0.00002719055919442326,-0.03244709596037865,0.999473512172699],"rotationconfidence":1},"2":{"id":2,"position":[372.3921179771423,-153.8168489933014,2909.453630447388],"positionconfidence":1,"rotation":[0.990333080291748,0.003671626094728708,-0.1386610567569733,0.0008375551551580429,0.9994730949401855,0.03244710713624954,0.1387071311473846,-0.0322495810687542,0.989808201789856],"rotationconfidence":1},"3":{"id":3,"position":[356.7871749401093,-459.1682851314545,2867.646932601929],"positionconfidence":1,"rotation":[0.9892038106918335,-0.03094141185283661,-0.143241748213768,0.05056772381067276,0.9894894957542419,0.1354743540287018,0.1375444531440735,-0.1412551701068878,0.9803715348243713],"rotationconfidence":1},"4":{"id":4,"position":[347.0391929149628,-504.4739246368408,2812.202215194702],"positionconfidence":1,"rotation":[0.9860787987709045,-0.008970442228019238,-0.1660368591547012,0.1348984837532044,0.6269668936729431,0.7672775983810425,0.09721679240465164,-0.7789943218231201,0.6194488406181335],"rotationconfidence":1},"6":{"id":6,"position":[187.3888671398163,-243.0364042520523,2918.092489242554],"positionconfidence":1,"rotation":[0.4729684591293335,0.8653577566146851,0.1657006591558456,0.4960184991359711,-0.1060821712017059,-0.8618075251579285,-0.728193998336792,0.4897983968257904,-0.479407012462616],"rotationconfidence":1},"7":{"id":7,"position":[86.66820824146271,-427.3180365562439,2882.805824279785],"positionconfidence":1,"rotation":[-0.4914268851280212,0.1144358143210411,0.8633678555488586,0.4777375161647797,0.8642928004264832,0.1573686301708221,-0.728193998336792,0.4897983968257904,-0.479407012462616],"rotationconfidence":1},"8":{"id":8,"position":[208.7643146514893,-455.7498693466187,2668.300151824951],"positionconfidence":1,"rotation":[0.255788117647171,-0.5009446144104004,0.8268174529075623,0,0.855269730091095,0.5181829929351807,-0.966732919216156,-0.1325450539588928,0.218767836689949],"rotationconfidence":1},"9":{"id":9,"position":[205.7707607746124,-449.8871862888336,2658.623695373535],"positionconfidence":1,"rotation":[0.255788117647171,-0.5009446144104004,0.8268174529075623,0,0.855269730091095,0.5181829929351807,-0.966732919216156,-0.1325450539588928,0.218767836689949],"rotationconfidence":1},"12":{"id":12,"position":[537.9441380500793,-242.5241768360138,2868.98398399353],"positionconfidence":1,"rotation":[0.3421065211296082,-0.9346219301223755,-0.09718498587608337,-0.606078028678894,-0.1404377967119217,-0.782909095287323,0.7180755734443665,0.326740026473999,-0.6144985556602478],"rotationconfidence":1},"13":{"id":13,"position":[614.3220067024231,-451.1855840682983,2847.286701202393],"positionconfidence":1,"rotation":[-0.6140679717063904,-0.1180981397628784,-0.780367374420166,-0.3275483846664429,0.9377066493034363,0.1158371940255165,0.7180755734443665,0.326740026473999,-0.6144985556602478],"rotationconfidence":1},"14":{"id":14,"position":[485.3897988796234,-475.9819507598877,2683.437585830689],"positionconfidence":1,"rotation":[-0.2322255223989487,0.1217328906059265,-0.9650142192840576,0,-0.9921373128890991,-0.1251543760299683,-0.9726620316505432,-0.02906404063105583,0.2303996086120606],"rotationconfidence":1},"15":{"id":15,"position":[472.7946221828461,-469.3795442581177,2631.09827041626],"positionconfidence":1,"rotation":[-0.2322255223989487,0.1217328906059265,-0.9650142192840576,0,-0.9921373128890991,-0.1251543760299683,-0.9726620316505432,-0.02906404063105583,0.2303996086120606],"rotationconfidence":1},"17":{"id":17,"position":[265.964686870575,-580.9468626976013,2801.22447013855],"positionconfidence":1,"rotation":[0.9259072542190552,-0.2251733243465424,-0.3033033907413483,0.3553683161735535,0.7914968729019165,0.4972384870052338,0.1280988305807114,-0.5681810975074768,0.8128721117973328],"rotationconfidence":1},"18":{"id":18,"position":[153.987780213356,-830.3483128547668,2644.544124603272],"positionconfidence":1,"rotation":[0.8806449174880981,-0.4737768173217773,0,0.4324299991130829,0.8037904500961304,0.4085647761821747,-0.1935685127973557,-0.3598004877567291,0.9127292633056641],"rotationconfidence":1},"19":{"id":19,"position":[13.49005941301584,-1091.502070426941,2511.800289154053],"positionconfidence":0.5,"rotation":[0.1996139287948608,-0.9798746109008789,0,0.9412169456481934,0.1917388290166855,-0.2781129777431488,0.2725158631801605,0.05551522970199585,0.9605483412742615],"rotationconfidence":0.5},"20":{"id":20,"position":[-11.82074658572674,-1096.658229827881,2422.58620262146],"positionconfidence":0.5,"rotation":[0.1996139287948608,-0.9798746109008789,0,0.9412169456481934,0.1917388290166855,-0.2781129777431488,0.2725158631801605,0.05551522970199585,0.9605483412742615],"rotationconfidence":0.5},"21":{"id":21,"position":[417.0646071434021,-581.1219215393066,2777.29058265686],"positionconfidence":1,"rotation":[0.9828552603721619,0.1780206263065338,-0.04800067842006683,-0.1267019063234329,0.8412440419197083,0.5255998373031616,0.133947879076004,-0.5105067491531372,0.8493766188621521],"rotationconfidence":1},"22":{"id":22,"position":[457.8230679035187,-851.7398834228516,2608.211517333984],"positionconfidence":1,"rotation":[0.9155905842781067,0.4015744924545288,0.02077959291636944,-0.3549415767192841,0.7828212380409241,0.5110845565795898,0.1889718174934387,-0.4753197431564331,0.859279215335846],"rotationconfidence":1},"23":{"id":23,"position":[572.2524523735046,-1104.113101959229,2443.443298339844],"positionconfidence":0.5,"rotation":[0.7261262536048889,0.6875613927841187,0,-0.6862651705741882,0.7247573137283325,-0.0613747201859951,-0.04219888895750046,0.04456579685211182,0.9981147646903992],"rotationconfidence":0.5},"24":{"id":24,"position":[576.1482119560242,-1108.227372169495,2351.298332214356],"positionconfidence":0.5,"rotation":[0.7261262536048889,0.6875613927841187,0,-0.6862651705741882,0.7247573137283325,-0.0613747201859951,-0.04219888895750046,0.04456579685211182,0.9981147646903992],"rotationconfidence":0.5}},"skeletonTracked":true,"frameCount":1},{"position":[315.4973685741425,-529.9111008644104,2684.351444244385],"positionTracked":true,"id":5007,"skeleton":{"1":{"id":1,"position":[372.0952272415161,34.07511487603188,2915.612697601318],"positionconfidence":1,"rotation":[0.999997079372406,-0.002420458942651749,0,0.002419158583506942,0.9994599223136902,0.03277195617556572,-0.00007932317384984344,-0.03277185931801796,0.9994628429412842],"rotationconfidence":1},"2":{"id":2,"position":[371.6399967670441,-154.0004462003708,2909.445762634277],"positionconfidence":1,"rotation":[0.9902579188346863,0.002168384147807956,-0.1392289102077484,0.002419158583506942,0.9994599223136902,0.03277195617556572,0.1392247825860977,-0.03278950601816177,0.9897178411483765],"rotationconfidence":1},"3":{"id":3,"position":[356.4476072788239,-459.5710337162018,2868.088960647583],"positionconfidence":1,"rotation":[0.9891887903213501,-0.02974544279277325,-0.1435993015766144,0.04920921102166176,0.9897645711898804,0.1339575797319412,0.1381448656320572,-0.1395757347345352,0.9805276989936829],"rotationconfidence":1},"4":{"id":4,"position":[346.6296494007111,-504.9393773078919,2812.676906585693],"positionconfidence":1,"rotation":[0.9861181378364563,-0.01104573532938957,-0.1656776666641235,0.1358221918344498,0.6276282668113708,0.7665735483169556,0.0955166220664978,-0.7784348726272583,0.6204159259796143],"rotationconfidence":1},"6":{"id":6,"position":[187.0686709880829,-243.2805746793747,2918.214082717896],"positionconfidence":1,"rotation":[0.4815958440303803,0.8612056374549866,0.1624511182308197,0.4946376383304596,-0.1140853688120842,-0.8615790009498596,-0.7234633564949036,0.4952872693538666,-0.4809277355670929],"rotationconfidence":1},"7":{"id":7,"position":[85.02216637134552,-425.7635176181793,2883.791923522949],"positionconfidence":1,"rotation":[-0.4915867447853088,0.1195210218429565,0.8625874519348145,0.4847095608711243,0.8604680895805359,0.1570075750350952,-0.7234633564949036,0.4952872693538666,-0.4809277355670929],"rotationconfidence":1},"8":{"id":8,"position":[208.2401216030121,-455.7218849658966,2667.58131980896],"positionconfidence":1,"rotation":[0.2456549406051636,-0.536666750907898,0.8072437047958374,0,0.8327617049217224,0.5536314845085144,-0.9693572521209717,-0.1360023021697998,0.2045720219612122],"rotationconfidence":1},"9":{"id":9,"position":[205.539882183075,-449.8228430747986,2658.708095550537],"positionconfidence":1,"rotation":[0.2456549406051636,-0.536666750907898,0.8072437047958374,0,0.8327617049217224,0.5536314845085144,-0.9693572521209717,-0.1360023021697998,0.2045720219612122],"rotationconfidence":1},"12":{"id":12,"position":[537.5307202339172,-242.5839006900787,2868.937253952026],"positionconfidence":1,"rotation":[0.352082759141922,-0.9302251935005188,-0.1035321801900864,-0.6158211827278137,-0.1469315886497498,-0.7740641832351685,0.7048417925834656,0.3362919390201569,-0.6245843768119812],"rotationconfidence":1},"13":{"id":13,"position":[617.1918511390686,-453.0537128448486,2845.512390136719],"positionconfidence":1,"rotation":[-0.629426896572113,-0.1095612198114395,-0.7692971229553223,-0.3271386325359345,0.9353629946708679,0.1344478577375412,0.7048417925834656,0.3362919390201569,-0.6245843768119812],"rotationconfidence":1},"14":{"id":14,"position":[481.3157916069031,-476.7049849033356,2679.442167282105],"positionconfidence":1,"rotation":[-0.1763012260198593,0.1487860530614853,-0.9730265140533447,0,-0.988510251045227,-0.1511536687612534,-0.984336256980896,-0.02664857730269432,0.1742755621671677],"rotationconfidence":1},"15":{"id":15,"position":[472.5694358348846,-469.3236649036408,2631.170034408569],"positionconfidence":1,"rotation":[-0.1763012260198593,0.1487860530614853,-0.9730265140533447,0,-0.988510251045227,-0.1511536687612534,-0.984336256980896,-0.02664857730269432,0.1742755621671677],"rotationconfidence":1},"17":{"id":17,"position":[265.5700445175171,-581.2966823577881,2801.629781723023],"positionconfidence":1,"rotation":[0.9258165955543518,-0.2267386764287949,-0.3024124503135681,0.3562881350517273,0.7906216382980347,0.4979721605777741,0.1261842548847199,-0.5687768459320068,0.8127548694610596],"rotationconfidence":1},"18":{"id":18,"position":[153.4187197685242,-830.166220664978,2644.879579544067],"positionconfidence":1,"rotation":[0.88150554895401,-0.4721737802028656,0,0.4308478534221649,0.8043538331985474,0.4091272354125977,-0.1931791603565216,-0.3606479167938232,0.912477433681488],"rotationconfidence":1},"19":{"id":19,"position":[13.2207628339529,-1091.90309047699,2511.749505996704],"positionconfidence":0.5,"rotation":[0.2044274806976318,-0.9788815975189209,0,0.9396796822547913,0.1962406486272812,-0.2801631987094879,0.2742466628551483,0.05727307498455048,0.9599523544311523],"rotationconfidence":0.5},"20":{"id":20,"position":[-12.2459065169096,-1097.221493721008,2422.607898712158],"positionconfidence":0.5,"rotation":[0.2044274806976318,-0.9788815975189209,0,0.9396796822547913,0.1962406486272812,-0.2801631987094879,0.2742466628551483,0.05727307498455048,0.9599523544311523],"rotationconfidence":0.5},"21":{"id":21,"position":[416.6826009750366,-581.6504955291748,2777.921199798584],"positionconfidence":1,"rotation":[0.983031153678894,0.1776686459779739,-0.04564743861556053,-0.1274192482233048,0.8403612375259399,0.5268370509147644,0.131962776184082,-0.5120809078216553,0.8487396836280823],"rotationconfidence":1},"22":{"id":22,"position":[457.6801061630249,-852.039098739624,2608.409881591797],"positionconfidence":1,"rotation":[0.9132833480834961,0.4068202972412109,0.02026904001832008,-0.3597849309444428,0.7823624610900879,0.5083932280540466,0.1909669488668442,-0.4715995788574219,0.8608863949775696],"rotationconfidence":1},"23":{"id":23,"position":[573.731541633606,-1104.396224021912,2444.423675537109],"positionconfidence":0.5,"rotation":[0.7349758148193359,0.6780933141708374,0,-0.676739513874054,0.7335084676742554,-0.06315739452838898,-0.04282661154866219,0.04641915857791901,0.9980035424232483],"rotationconfidence":0.5},"24":{"id":24,"position":[577.6864290237427,-1108.682870864868,2352.261543273926],"positionconfidence":0.5,"rotation":[0.7349758148193359,0.6780933141708374,0,-0.676739513874054,0.7335084676742554,-0.06315739452838898,-0.04282661154866219,0.04641915857791901,0.9980035424232483],"rotationconfidence":0.5}},"skeletonTracked":true,"frameCount":2},{"position":[316.5001273155212,-529.3864607810974,2685.989856719971],"positionTracked":true,"id":5007,"skeleton":{"1":{"id":1,"position":[371.6220259666443,34.18317437171936,2915.611743927002],"positionconfidence":1,"rotation":[0.9999821186065674,-0.005993784405291081,0,0.005990350153297186,0.9994091391563416,0.03384596109390259,-0.0002028653980232775,-0.03384535759687424,0.9994271993637085],"rotationconfidence":1},"2":{"id":2,"position":[370.4942166805267,-153.9766043424606,2909.239530563355],"positionconfidence":1,"rotation":[0.9902777075767517,-0.001224850886501372,-0.1391002833843231,0.005990350153297186,0.9994091391563416,0.03384596109390259,0.1389766335487366,-0.03435015678405762,0.9896998405456543],"rotationconfidence":1},"3":{"id":3,"position":[356.0779988765717,-459.8416686058044,2868.443012237549],"positionconfidence":1,"rotation":[0.9893319010734558,-0.02754966542124748,-0.1430500447750092,0.04666796326637268,0.990141749382019,0.1320658773183823,0.1380014568567276,-0.1373328417539597,0.9808645248413086],"rotationconfidence":1},"4":{"id":4,"position":[346.2587594985962,-505.2690505981445,2813.050270080566],"positionconfidence":1,"rotation":[0.9862352609634399,-0.01209673099219799,-0.164905309677124,0.1357977539300919,0.6282499432563782,0.7660685181617737,0.09433482587337494,-0.7779175639152527,0.6212449669837952],"rotationconfidence":1},"6":{"id":6,"position":[186.5730136632919,-243.4774190187454,2918.075799942017],"positionconfidence":1,"rotation":[0.4895542562007904,0.8576207756996155,0.1575536578893662,0.493121862411499,-0.1232802197337151,-0.8611810207366943,-0.7191435694694519,0.499288022518158,-0.4832639396190643],"rotationconfidence":1},"7":{"id":7,"position":[83.39463174343109,-424.2294430732727,2884.869813919067],"positionconfidence":1,"rotation":[-0.4799034595489502,0.1460863202810288,0.8650731444358826,0.502518892288208,0.8540318012237549,0.1345530152320862,-0.7191435694694519,0.499288022518158,-0.4832639396190643],"rotationconfidence":1},"8":{"id":8,"position":[186.2804293632507,-455.5486738681793,2699.408054351807],"positionconfidence":1,"rotation":[-0.4212461113929749,-0.1287079751491547,0.8977672457695007,0,0.9898790717124939,0.1419135481119156,-0.9069464206695557,0.05978053063154221,-0.4169827103614807],"rotationconfidence":1},"9":{"id":9,"position":[205.3563296794891,-449.7202038764954,2658.753156661987],"positionconfidence":1,"rotation":[-0.4212461113929749,-0.1287079751491547,0.8977672457695007,0,0.9898790717124939,0.1419135481119156,-0.9069464206695557,0.05978053063154221,-0.4169827103614807],"rotationconfidence":1},"12":{"id":12,"position":[537.0794534683228,-242.5764501094818,2868.887901306152],"positionconfidence":1,"rotation":[0.2931487262248993,-0.9434055089950562,-0.1550803333520889,-0.6252187490463257,-0.06644990295171738,-0.7776155471801758,0.7233017086982727,0.3249161243438721,-0.609314501285553],"rotationconfidence":1},"13":{"id":13,"position":[600.6366014480591,-447.1148252487183,2835.265159606934],"positionconfidence":1,"rotation":[-0.5981003642082214,-0.1462312638759613,-0.7879672646522522,-0.3451240956783295,0.9343692660331726,0.08856312930583954,0.7233017086982727,0.3249161243438721,-0.609314501285553],"rotationconfidence":1},"14":{"id":14,"position":[473.8499224185944,-478.1132638454437,2668.230056762695],"positionconfidence":1,"rotation":[-0.03887936472892761,0.2327184528112412,-0.9717666506767273,0,-0.9725019931793213,-0.2328945398330689,-0.9992438554763794,-0.009054792113602161,0.03781025856733322],"rotationconfidence":1},"15":{"id":15,"position":[472.3686873912811,-469.2471027374268,2631.207466125488],"positionconfidence":1,"rotation":[-0.03887936472892761,0.2327184528112412,-0.9717666506767273,0,-0.9725019931793213,-0.2328945398330689,-0.9992438554763794,-0.009054792113602161,0.03781025856733322],"rotationconfidence":1},"17":{"id":17,"position":[265.2141153812408,-581.5463066101074,2801.954984664917],"positionconfidence":1,"rotation":[0.925666093826294,-0.2280592173337936,-0.3018794357776642,0.3571702539920807,0.7899237871170044,0.4984472990036011,0.1247862577438355,-0.5692181587219238,0.8126617074012756],"rotationconfidence":1},"18":{"id":18,"position":[152.8958827257156,-829.9512267112732,2645.209789276123],"positionconfidence":1,"rotation":[0.8821514844894409,-0.4709658324718475,0,0.4298463761806488,0.8051319122314453,0.4086498022079468,-0.1924600899219513,-0.3604910373687744,0.9126912951469421],"rotationconfidence":1},"19":{"id":19,"position":[12.77536060661078,-1092.406630516052,2511.998891830444],"positionconfidence":0.5,"rotation":[0.2116791158914566,-0.9773392081260681,0,0.9374207258224487,0.2030332833528519,-0.2828778028488159,0.2764675617218018,0.05987932533025742,0.9591559767723083],"rotationconfidence":0.5},"20":{"id":20,"position":[-12.88037374615669,-1097.963333129883,2422.990798950195],"positionconfidence":0.5,"rotation":[0.2116791158914566,-0.9773392081260681,0,0.9374207258224487,0.2030332833528519,-0.2828778028488159,0.2764675617218018,0.05987932533025742,0.9591559767723083],"rotationconfidence":0.5},"21":{"id":21,"position":[416.3850247859955,-582.0133090019226,2778.415203094482],"positionconfidence":1,"rotation":[0.9829209446907043,0.1787765622138977,-0.04365244507789612,-0.129554033279419,0.8406810164451599,0.5258052945137024,0.1306994408369064,-0.5111696720123291,0.8494841456413269],"rotationconfidence":1},"22":{"id":22,"position":[457.6938152313232,-850.0676155090332,2610.76021194458],"positionconfidence":1,"rotation":[0.9132822751998901,0.4068570137023926,0.01956929080188274,-0.3594255447387695,0.7823449969291687,0.5086742639541626,0.1916477531194687,-0.471596896648407,0.860736608505249],"rotationconfidence":1},"23":{"id":23,"position":[574.6951699256897,-1104.73906993866,2445.174932479858],"positionconfidence":0.5,"rotation":[0.7467352747917175,0.66512131690979,0,-0.6637441515922546,0.7451891303062439,-0.06431787461042404,-0.04277919232845306,0.04802842810750008,0.9979294538497925],"rotationconfidence":0.5},"24":{"id":24,"position":[578.6467790603638,-1109.175562858582,2352.993965148926],"positionconfidence":0.5,"rotation":[0.7467352747917175,0.66512131690979,0,-0.6637441515922546,0.7451891303062439,-0.06431787461042404,-0.04277919232845306,0.04802842810750008,0.9979294538497925],"rotationconfidence":0.5}},"skeletonTracked":true,"frameCount":3},{"position":[316.6572749614716,-527.5163650512695,2687.203645706177],"positionTracked":true,"id":5007,"skeleton":{"1":{"id":1,"position":[371.170699596405,34.56995636224747,2915.547132492065],"positionconfidence":1,"rotation":[0.9999553561210632,-0.009443124756217003,0,0.009437461383640766,0.999355673789978,0.03462779521942139,-0.0003269946028012782,-0.03462624922394753,0.9994001984596252],"rotationconfidence":1},"2":{"id":2,"position":[369.3916499614716,-153.8179069757462,2909.019470214844],"positionconfidence":1,"rotation":[0.990348219871521,-0.004552435129880905,-0.1385266184806824,0.009437461383640766,0.999355673789978,0.03462779521942139,0.1382797360420227,-0.03560091927647591,0.9897531867027283],"rotationconfidence":1},"3":{"id":3,"position":[355.7197451591492,-459.9581062793732,2868.739604949951],"positionconfidence":1,"rotation":[0.9895272850990295,-0.02549788542091847,-0.1420758366584778,0.0442340187728405,0.9904845356941223,0.1303212940692902,0.1374010145664215,-0.1352410763502121,0.9812394380569458],"rotationconfidence":1},"4":{"id":4,"position":[345.9495604038239,-505.4421424865723,2813.352108001709],"positionconfidence":1,"rotation":[0.98639976978302,-0.01229366008192301,-0.1639023870229721,0.135072723031044,0.6288164258003235,0.765731692314148,0.09365088492631912,-0.777456521987915,0.6219250559806824],"rotationconfidence":1},"6":{"id":6,"position":[186.0803514719009,-243.6054646968842,2917.819499969482],"positionconfidence":1,"rotation":[0.4950308203697205,0.8538560271263123,0.1608551442623138,0.5020269751548767,-0.1299785971641541,-0.8550290465354919,-0.7091639637947083,0.5040193796157837,-0.49300217628479],"rotationconfidence":1},"7":{"id":7,"position":[80.78543096780777,-425.2238571643829,2883.605003356934],"positionconfidence":1,"rotation":[-0.4887465834617615,0.1525362730026245,0.8589875102043152,0.5081470608711243,0.8501161336898804,0.1381645202636719,-0.7091639637947083,0.5040193796157837,-0.49300217628479],"rotationconfidence":1},"8":{"id":8,"position":[185.65733730793,-457.9540491104126,2699.289321899414],"positionconfidence":1,"rotation":[-0.426656186580658,-0.1834101229906082,0.8856213092803955,0,0.9792213439941406,0.2027944773435593,-0.9044138193130493,0.08652351796627045,-0.4177908301353455],"rotationconfidence":1},"9":{"id":9,"position":[205.2012830972672,-449.5525360107422,2658.721446990967],"positionconfidence":1,"rotation":[-0.426656186580658,-0.1834101229906082,0.8856213092803955,0,0.9792213439941406,0.2027944773435593,-0.9044138193130493,0.08652351796627045,-0.4177908301353455],"rotationconfidence":1},"12":{"id":12,"position":[536.7020964622498,-242.5153106451035,2868.872880935669],"positionconfidence":1,"rotation":[0.3363820314407349,-0.9346757531166077,-0.1150140315294266,-0.5997674465179443,-0.1184732168912888,-0.7913551926612854,0.7260345220565796,0.3351793885231018,-0.6004404425621033],"rotationconfidence":1},"13":{"id":13,"position":[611.0807061195374,-449.1847455501556,2843.441724777222],"positionconfidence":1,"rotation":[-0.5881392955780029,-0.1497777700424194,-0.7947696447372437,-0.3563230335712433,0.9301728010177612,0.0883883386850357,0.7260345220565796,0.3351793885231018,-0.6004404425621033],"rotationconfidence":1},"14":{"id":14,"position":[496.0864782333374,-478.4696102142334,2688.04669380188],"positionconfidence":1,"rotation":[-0.3835123181343079,0.1490754038095474,-0.9114246368408203,0,-0.9868860840797424,-0.1614180952310562,-0.9235357642173767,-0.06190582737326622,0.3784829676151276],"rotationconfidence":1},"15":{"id":15,"position":[472.1879363059998,-469.1799879074097,2631.251335144043],"positionconfidence":1,"rotation":[-0.3835123181343079,0.1490754038095474,-0.9114246368408203,0,-0.9868860840797424,-0.1614180952310562,-0.9235357642173767,-0.06190582737326622,0.3784829676151276],"rotationconfidence":1},"17":{"id":17,"position":[264.9190127849579,-581.682026386261,2802.228450775147],"positionconfidence":1,"rotation":[0.9254969358444214,-0.229001060128212,-0.3016849160194397,0.3579002618789673,0.7894169688224792,0.4987265765666962,0.1239462867379189,-0.5695430636405945,0.8125625848770142],"rotationconfidence":1},"18":{"id":18,"position":[152.4506658315659,-829.7523260116577,2645.506143569946],"positionconfidence":1,"rotation":[0.8825317025184631,-0.4702529013156891,0,0.4293676316738129,0.8058016896247864,0.4078322052955627,-0.1917842775583267,-0.359924852848053,0.9130569100379944],"rotationconfidence":1},"19":{"id":19,"position":[12.27213069796562,-1092.827796936035,2512.35842704773],"positionconfidence":0.5,"rotation":[0.2176187932491303,-0.9760338664054871,0,0.9354920983314514,0.208579495549202,-0.2852178514003754,0.278382271528244,0.06206876412034035,0.9584627151489258],"rotationconfidence":0.5},"20":{"id":20,"position":[-13.54451477527618,-1098.583936691284,2423.472404479981],"positionconfidence":0.5,"rotation":[0.2176187932491303,-0.9760338664054871,0,0.9354920983314514,0.208579495549202,-0.2852178514003754,0.278382271528244,0.06206876412034035,0.9584627151489258],"rotationconfidence":0.5},"21":{"id":21,"position":[416.168600320816,-582.2205543518066,2778.779745101929],"positionconfidence":1,"rotation":[0.9827579259872437,0.1799979507923126,-0.04228010028600693,-0.1314781755208969,0.8410897850990295,0.52467280626297,0.1300013810396195,-0.5100674033164978,0.8502533435821533],"rotationconfidence":1},"22":{"id":22,"position":[457.7689170837402,-848.3453392982483,2612.770795822144],"positionconfidence":1,"rotation":[0.9134373068809509,0.4065322875976563,0.01907392591238022,-0.3588472902774811,0.7824133634567261,0.5089772939682007,0.1919920146465302,-0.4717634618282318,0.8605685830116272],"rotationconfidence":1},"23":{"id":23,"position":[575.4761695861816,-1104.98857498169,2445.818662643433],"positionconfidence":0.5,"rotation":[0.7553404569625854,0.655332624912262,0,-0.6539345383644104,0.753728985786438,-0.0652862936258316,-0.04278423264622688,0.04931337758898735,0.9978665709495544],"rotationconfidence":0.5},"24":{"id":24,"position":[579.4292092323303,-1109.54487323761,2353.621006011963],"positionconfidence":0.5,"rotation":[0.7553404569625854,0.655332624912262,0,-0.6539345383644104,0.753728985786438,-0.0652862936258316,-0.04278423264622688,0.04931337758898735,0.9978665709495544],"rotationconfidence":0.5}},"skeletonTracked":true,"frameCount":4},{"position":[317.0580863952637,-527.4849534034729,2686.253309249878],"positionTracked":true,"id":5007,"skeleton":{"1":{"id":1,"position":[370.4756498336792,36.29645332694054,2914.90912437439],"positionconfidence":1,"rotation":[0.9999256730079651,-0.01218974217772484,0,0.01218296680599451,0.9993698596954346,0.03333581238985062,-0.0004063549567945302,-0.03333333507180214,0.9994440674781799],"rotationconfidence":1},"2":{"id":2,"position":[368.164449930191,-153.2914787530899,2908.585071563721],"positionconfidence":1,"rotation":[0.9905200004577637,-0.007499733008444309,-0.1371637582778931,0.01218296680599451,0.9993698596954346,0.03333581238985062,0.1368273347616196,-0.03469085693359375,0.9899873733520508],"rotationconfidence":1},"3":{"id":3,"position":[355.2816510200501,-459.7302377223969,2869.026899337769],"positionconfidence":1,"rotation":[0.9898229241371155,-0.0234945397824049,-0.1403516083955765,0.04165821149945259,0.9909096360206604,0.1279165148735046,0.1360704302787781,-0.1324615031480789,0.9818038940429688],"rotationconfidence":1},"4":{"id":4,"position":[345.6275165081024,-505.3204894065857,2813.659191131592],"positionconfidence":1,"rotation":[0.9866265058517456,-0.01146156713366509,-0.1625945866107941,0.1334017217159271,0.6299703121185303,0.7650761008262634,0.09366077929735184,-0.7765347361564636,0.6230743527412415],"rotationconfidence":1},"6":{"id":6,"position":[185.5127811431885,-243.5735017061234,2917.356252670288],"positionconfidence":1,"rotation":[0.4979988038539887,0.8524625897407532,0.1590746641159058,0.5033035278320312,-0.134748637676239,-0.8535388112068176,-0.7061747908592224,0.5051240921020508,-0.4961521029472351],"rotationconfidence":1},"7":{"id":7,"position":[79.81984317302704,-424.4961738586426,2883.594989776611],"positionconfidence":1,"rotation":[-0.4990040361881256,0.1420716494321823,0.8548746705055237,0.5023069381713867,0.8512728214263916,0.151731550693512,-0.7061747908592224,0.5051240921020508,-0.4961521029472351],"rotationconfidence":1},"8":{"id":8,"position":[191.8554157018662,-456.3938677310944,2691.659927368164],"positionconfidence":1,"rotation":[-0.3651480376720429,-0.1972330957651138,0.9098164439201355,0,0.9772995114326477,0.2118623107671738,-0.9309494495391846,0.0773611068725586,-0.3568589985370636],"rotationconfidence":1},"9":{"id":9,"position":[205.1081359386444,-449.2354691028595,2658.638954162598],"positionconfidence":1,"rotation":[-0.3651480376720429,-0.1972330957651138,0.9098164439201355,0,0.9772995114326477,0.2118623107671738,-0.9309494495391846,0.0773611068725586,-0.3568589985370636],"rotationconfidence":1},"12":{"id":12,"position":[536.3595485687256,-242.2347813844681,2868.912220001221],"positionconfidence":1,"rotation":[0.3521879315376282,-0.9287455081939697,-0.1157385185360909,-0.612622857093811,-0.1352697610855103,-0.7787138223648071,0.7075710892677307,0.3451576828956604,-0.616611123085022],"rotationconfidence":1},"13":{"id":13,"position":[615.2466535568237,-450.2658843994141,2842.987775802612],"positionconfidence":1,"rotation":[-0.6075474619865417,-0.1484766006469727,-0.7802824974060059,-0.3608728349208832,0.9267258644104004,0.1046419218182564,0.7075710892677307,0.3451576828956604,-0.616611123085022],"rotationconfidence":1},"14":{"id":14,"position":[489.88077044487,-480.9036552906036,2681.978464126587],"positionconfidence":1,"rotation":[-0.3255423605442047,0.2148431241512299,-0.9207955598831177,0,-0.9738433361053467,-0.2272204160690308,-0.9455273747444153,-0.07396987080574036,0.3170272707939148],"rotationconfidence":1},"15":{"id":15,"position":[471.9727635383606,-469.0851867198944,2631.325721740723],"positionconfidence":1,"rotation":[-0.3255423605442047,0.2148431241512299,-0.9207955598831177,0,-0.9738433361053467,-0.2272204160690308,-0.9455273747444153,-0.07396987080574036,0.3170272707939148],"rotationconfidence":1},"17":{"id":17,"position":[264.6523714065552,-581.6366672515869,2802.52742767334],"positionconfidence":1,"rotation":[0.9251996278762817,-0.2299394011497498,-0.3018835484981537,0.3587614893913269,0.7892661690711975,0.4983464479446411,0.1236769780516625,-0.5693740844726562,0.8127220869064331],"rotationconfidence":1},"18":{"id":18,"position":[151.989758014679,-829.4915556907654,2646.03066444397],"positionconfidence":1,"rotation":[0.8826888203620911,-0.4699578881263733,0,0.4295480251312256,0.8067898750305176,0.4056827127933502,-0.1906537860631943,-0.3580915927886963,0.9140138626098633],"rotationconfidence":1},"19":{"id":19,"position":[11.52326259762049,-1093.319892883301,2513.368368148804],"positionconfidence":0.5,"rotation":[0.2257968634366989,-0.9741743803024292,0,0.9330207705497742,0.21625816822052,-0.2875840365886688,0.2801570296287537,0.0649355798959732,0.9577553868293762],"rotationconfidence":0.5},"20":{"id":20,"position":[-14.43419978022575,-1099.336385726929,2424.629211425781],"positionconfidence":0.5,"rotation":[0.2257968634366989,-0.9741743803024292,0,0.9330207705497742,0.21625816822052,-0.2875840365886688,0.2801570296287537,0.0649355798959732,0.9577553868293762],"rotationconfidence":0.5},"21":{"id":21,"position":[415.9806370735169,-582.1512937545776,2779.138326644898],"positionconfidence":1,"rotation":[0.9817463159561157,0.1860947012901306,-0.03927604109048843,-0.1387811005115509,0.8421263098716736,0.5211170315742493,0.1300525218248367,-0.5061540007591248,0.8525809645652771],"rotationconfidence":1},"22":{"id":22,"position":[459.006130695343,-843.2307839393616,2617.579460144043],"positionconfidence":1,"rotation":[0.9173595905303955,0.3976229727268219,0.01863954961299896,-0.3504389524459839,0.7845189571380615,0.5115883350372314,0.188796192407608,-0.4758424758911133,0.8590285778045654],"rotationconfidence":1},"23":{"id":23,"position":[576.0883688926697,-1105.339884757996,2446.656942367554],"positionconfidence":0.5,"rotation":[0.769282877445221,0.6389082670211792,0,-0.6374994516372681,0.7675865888595581,-0.0663699060678482,-0.04240428656339645,0.05105723440647125,0.9977949857711792],"rotationconfidence":0.5},"24":{"id":24,"position":[580.0068378448486,-1110.057950019836,2354.453325271606],"positionconfidence":0.5,"rotation":[0.769282877445221,0.6389082670211792,0,-0.6374994516372681,0.7675865888595581,-0.0663699060678482,-0.04240428656339645,0.05105723440647125,0.9977949857711792],"rotationconfidence":0.5}},"skeletonTracked":true,"frameCount":5},{"position":[316.4758682250977,-526.1033177375793,2687.506437301636],"positionTracked":true,"id":5007,"skeleton":{"1":{"id":1,"position":[369.8830306529999,38.19182515144348,2914.320468902588],"positionconfidence":1,"rotation":[0.9998756647109985,-0.01576833985745907,0,0.01575973071157932,0.9993297457695007,0.03304112330079079,-0.0005210036761127412,-0.03303701430559158,0.9994540214538574],"rotationconfidence":1},"2":{"id":2,"position":[366.8760657310486,-152.4808257818222,2908.016204833984],"positionconfidence":1,"rotation":[0.9906795620918274,-0.01113471109420061,-0.1357579380273819,0.01575973071157932,0.9993297457695007,0.03304112330079079,0.1352990418672562,-0.03487267345190048,0.9901909828186035],"rotationconfidence":1},"3":{"id":3,"position":[354.8446595668793,-459.3411386013031,2869.270324707031],"positionconfidence":1,"rotation":[0.9901299476623535,-0.02133090235292912,-0.1385191977024078,0.03886982798576355,0.9913727641105652,0.1251762062311173,0.1346540451049805,-0.1293249577283859,0.982417106628418],"rotationconfidence":1},"4":{"id":4,"position":[345.3322947025299,-505.0764679908752,2813.927412033081],"positionconfidence":1,"rotation":[0.9868618249893188,-0.01013227365911007,-0.1612489372491837,0.1313451081514359,0.6315056681632996,0.7641655206680298,0.0940869003534317,-0.7753050923347473,0.6245397329330444],"rotationconfidence":1},"6":{"id":6,"position":[184.974804520607,-243.4373646974564,2916.868209838867],"positionconfidence":1,"rotation":[0.4998917579650879,0.8517029881477356,0.1571952402591705,0.5007879137992859,-0.1361629068851471,-0.8547930717468262,-0.7066255807876587,0.5060254335403442,-0.494589239358902],"rotationconfidence":1},"7":{"id":7,"position":[79.14773374795914,-423.7428605556488,2883.58998298645],"positionconfidence":1,"rotation":[-0.5040297508239746,0.130618616938591,0.8537521958351135,0.4966228902339935,0.8525708317756653,0.1627534180879593,-0.7066255807876587,0.5060254335403442,-0.494589239358902],"rotationconfidence":1},"8":{"id":8,"position":[197.5008994340897,-454.4139206409454,2683.117151260376],"positionconfidence":1,"rotation":[-0.2873176336288452,-0.2122651785612106,0.9340192675590515,0,0.9751355051994324,0.2216092497110367,-0.9578352570533752,0.06367224454879761,-0.2801736295223236],"rotationconfidence":1},"9":{"id":9,"position":[205.0712257623673,-448.821097612381,2658.507347106934],"positionconfidence":1,"rotation":[-0.2873176336288452,-0.2122651785612106,0.9340192675590515,0,0.9751355051994324,0.2216092497110367,-0.9578352570533752,0.06367224454879761,-0.2801736295223236],"rotationconfidence":1},"12":{"id":12,"position":[536.0373854637146,-241.8911457061768,2868.953704833984],"positionconfidence":1,"rotation":[0.3645745515823364,-0.9235805869102478,-0.1186773851513863,-0.6080657839775085,-0.1396056860685349,-0.7815154790878296,0.7052244544029236,0.3570843040943146,-0.6124944090843201],"rotationconfidence":1},"13":{"id":13,"position":[618.6708807945251,-451.2274563312531,2842.054605484009],"positionconfidence":1,"rotation":[-0.6107848882675171,-0.1326699703931809,-0.780602753162384,-0.3600006103515625,0.9246025085449219,0.1245395913720131,0.7052244544029236,0.3570843040943146,-0.6124944090843201],"rotationconfidence":1},"14":{"id":14,"position":[490.7882809638977,-479.0051281452179,2678.616523742676],"positionconfidence":0.5,"rotation":[-0.366760790348053,0.193287119269371,-0.9100146293640137,0,-0.9781787395477295,-0.2077651768922806,-0.9303153157234192,-0.07620012015104294,0.3587576150894165],"rotationconfidence":0.5},"15":{"id":15,"position":[471.7614650726318,-468.9777791500092,2631.406784057617],"positionconfidence":1,"rotation":[-0.366760790348053,0.193287119269371,-0.9100146293640137,0,-0.9781787395477295,-0.2077651768922806,-0.9303153157234192,-0.07620012015104294,0.3587576150894165],"rotationconfidence":1},"17":{"id":17,"position":[264.4277811050415,-581.5054774284363,2802.80327796936],"positionconfidence":1,"rotation":[0.9248269200325012,-0.2308597415685654,-0.3023228943347931,0.3597045838832855,0.7892708778381348,0.4976586997509003,0.1237252652645111,-0.5689950585365295,0.8129801750183105],"rotationconfidence":1},"18":{"id":18,"position":[151.5481323003769,-829.1882276535034,2646.631956100464],"positionconfidence":1,"rotation":[0.8828821778297424,-0.4695945978164673,0,0.4296228587627411,0.8077315092086792,0.4037249088287354,-0.1895870417356491,-0.3564415276050568,0.9148803353309631],"rotationconfidence":1},"19":{"id":19,"position":[10.83104498684406,-1093.749642372131,2514.397382736206],"positionconfidence":0.5,"rotation":[0.2334845215082169,-0.9723604321479797,0,0.9307711720466614,0.2234980463981628,-0.2893330752849579,0.2813360691070557,0.06755480170249939,0.9572285413742065],"rotationconfidence":0.5},"20":{"id":20,"position":[-15.2179142460227,-1100.004553794861,2425.767421722412],"positionconfidence":0.5,"rotation":[0.2334845215082169,-0.9723604321479797,0,0.9307711720466614,0.2234980463981628,-0.2893330752849579,0.2813360691070557,0.06755480170249939,0.9572285413742065],"rotationconfidence":0.5},"21":{"id":21,"position":[415.8272445201874,-581.9352865219116,2779.46138381958],"positionconfidence":1,"rotation":[0.9808768033981323,0.1910645961761475,-0.03708076849579811,-0.1445839554071426,0.8428560495376587,0.5183523893356323,0.130292534828186,-0.5030785202980042,0.8543627858161926],"rotationconfidence":1},"22":{"id":22,"position":[459.9839448928833,-839.3479585647583,2621.153831481934],"positionconfidence":1,"rotation":[0.9200380444526672,0.3914192616939545,0.01791221648454666,-0.3446282148361206,0.7866097688674927,0.5123243927955627,0.1864437162876129,-0.4775309860706329,0.8586050271987915],"rotationconfidence":1},"23":{"id":23,"position":[576.6869783401489,-1105.721235275269,2447.663068771362],"positionconfidence":0.5,"rotation":[0.7844672203063965,0.6201702356338501,0,-0.6187425255775452,0.7826613187789917,-0.06781520694494247,-0.04205697402358055,0.05319880694150925,0.9976978898048401],"rotationconfidence":0.5},"24":{"id":24,"position":[580.5734395980835,-1110.637307167053,2355.466365814209],"positionconfidence":0.5,"rotation":[0.7844672203063965,0.6201702356338501,0,-0.6187425255775452,0.7826613187789917,-0.06781520694494247,-0.04205697402358055,0.05319880694150925,0.9976978898048401],"rotationconfidence":0.5}},"skeletonTracked":true,"frameCount":6},{"position":[314.042329788208,-530.7274460792542,2684.072732925415],"positionTracked":true,"id":5007,"skeleton":{"1":{"id":1,"position":[369.2216277122498,39.03598338365555,2913.630962371826],"positionconfidence":1,"rotation":[0.9998341202735901,-0.0182135496288538,0,0.01820420473814011,0.9993211030960083,0.0320298857986927,-0.0005833778996020555,-0.0320245735347271,0.9994869232177734],"rotationconfidence":1},"2":{"id":2,"position":[365.7460510730743,-151.7560333013535,2907.51576423645],"positionconfidence":1,"rotation":[0.9908270835876465,-0.01374058797955513,-0.134435698390007,0.01820420473814011,0.9993211030960083,0.0320298857986927,0.1339043229818344,-0.03418337553739548,0.9904046058654785],"rotationconfidence":1},"3":{"id":3,"position":[354.4126152992249,-458.9014053344727,2869.461059570313],"positionconfidence":1,"rotation":[0.9903934597969055,-0.01958508603274822,-0.136884331703186,0.03659473732113838,0.9917472004890442,0.122875526547432,0.1333481073379517,-0.1267043501138687,0.9829365611076355],"rotationconfidence":1},"4":{"id":4,"position":[345.0382053852081,-504.7637820243835,2814.148664474487],"positionconfidence":1,"rotation":[0.9870384931564331,-0.008472145535051823,-0.1602597534656525,0.1293705403804779,0.6329188346862793,0.7633327841758728,0.09496435523033142,-0.774171769618988,0.6258113384246826],"rotationconfidence":1},"6":{"id":6,"position":[184.4714730978012,-243.2825416326523,2916.383266448975],"positionconfidence":1,"rotation":[0.5004465579986572,0.8513968586921692,0.1570877283811569,0.500464141368866,-0.1364286541938782,-0.8549402952194214,-0.7064622640609741,0.5064687132835388,-0.4943688809871674],"rotationconfidence":1},"7":{"id":7,"position":[78.26455682516098,-423.9696264266968,2883.045434951782],"positionconfidence":1,"rotation":[-0.5096346735954285,0.1206580847501755,0.8518885374069214,0.4911044836044312,0.8537746071815491,0.1728736311197281,-0.7064622640609741,0.5064687132835388,-0.4943688809871674],"rotationconfidence":1},"8":{"id":8,"position":[201.2968808412552,-453.0980288982391,2677.3